Face([23, 19, 44])
Face([0, 8, 4, 45])
Face([2, 53, 3, 58, 5, 54])
Face([23, 51, 43, 12])
Face([2, 26, 6, 11])
Face([47, 25, 17, 14, 20, 38])
Face([20, 33, 14])
Face([13, 32, 48, 44])
Face([26, 56, 40, 21])
Face([41, 40, 48])
Face([29, 9, 7, 21])
Face([55, 52, 37])
Face([5, 47, 39])
Face([26, 56, 6])
Face([2, 26, 21, 7, 46, 54])
Face([24, 34, 56, 6])
Face([1, 57, 16, 15])
Face([29, 40, 21])
Face([2, 11, 59, 54])
Face([8, 18, 4])
Face([58, 50, 39, 5])
Face([13, 17, 25, 58])
Face([3, 58, 50, 51])
Face([10, 27, 47, 25, 35, 52])
Face([13, 32, 14, 17])
Face([17, 35, 19, 44])
Face([45, 4, 55])
Face([35, 19, 36])
Face([51, 50, 36])
Face([11, 59, 31, 42])
Face([53, 43, 12])
Face([15, 27, 38, 28])
Face([2, 42, 43, 53])
Face([1, 57, 10])
Face([17, 44, 48, 14])
Face([41, 48, 14, 33])
Face([15, 59, 28])
Face([39, 16, 27, 47])
Face([0, 24, 34, 45])
Face([1, 10, 27, 15])
Face([30, 37, 57])
Face([26, 21, 29, 6])
Face([46, 28, 9, 7])
Face([11, 59, 28, 9, 29, 6])
Face([30, 45, 55, 37])
Face([30, 49, 42, 31, 16, 57])
Face([0, 24, 49, 30])
Face([55, 19, 35, 52])
Face([29, 9, 22])
Face([9, 20, 33, 22])
Face([4, 41, 33, 18])
Face([3, 58, 13])
Face([24, 49, 34])
Face([24, 49, 42, 11])
Face([4, 18, 52, 55])
Face([52, 35, 36, 37])
Face([23, 12, 56, 40, 48, 44])
Face([2, 42, 11])
Face([54, 5, 46])
Face([47, 27, 38])
Face([17, 25, 35])
Face([0, 8, 1])
Face([0, 1, 57, 30])
Face([7, 9, 20])
Face([6, 56, 40, 29])
Face([13, 17, 44])
Face([26, 56, 12, 53])
Face([53, 3, 23, 12])
Face([45, 34, 12, 23, 19, 55])
Face([15, 16, 31, 59])
Face([8, 18, 33, 22])
Face([1, 8, 22, 9, 28, 15])
Face([1, 8, 18, 10])
Face([58, 25, 50])
Face([2, 26, 53])
Face([5, 46, 38, 47])
Face([41, 33, 22])
Face([30, 49, 43, 51, 36, 37])
Face([0, 8, 22, 29, 6, 24])
Face([54, 59, 28, 46])
Face([42, 43, 51, 50, 39, 31])
Face([3, 51, 23])
Face([10, 18, 52])
Face([41, 40, 29, 22])
Face([0, 24, 11, 59, 15, 1])
Face([55, 19, 36, 37])
Face([12, 34, 49, 43])
Face([15, 16, 27])
Face([18, 33, 14, 17, 35, 52])
Face([9, 20, 38, 28])
Face([30, 49, 34, 45])
Face([53, 43, 51, 3])
Face([42, 49, 43])
Face([7, 32, 14, 20])
Face([8, 4, 41, 22])
Face([26, 21, 32, 13, 3, 53])
Face([21, 32, 48, 40])
Face([56, 34, 12])
Face([46, 28, 38])
Face([10, 57, 37, 52])
Face([46, 38, 20, 7])
Face([0, 45, 30])
Face([32, 48, 14])
Face([4, 41, 48, 44, 19, 55])
Face([57, 16, 39, 50, 36, 37])
Face([10, 18, 33, 20, 38, 27])
Face([7, 32, 21])
Face([3, 13, 44, 23])
Face([54, 5, 39, 31])
Face([23, 51, 36, 19])
Face([25, 50, 36, 35])
Face([58, 25, 47, 5])
Face([24, 11, 6])
Face([10, 27, 16, 57])
Face([54, 59, 31])
Face([2, 42, 31, 54])
Face([45, 34, 56, 40, 41, 4])
Face([39, 16, 31])
Face([13, 32, 7, 46, 5, 58])
Face([39, 50, 25, 47])
