Face([4, 24, 44, 23, 5, 55])
Face([41, 48, 29])
Face([15, 28, 57])
Face([4, 27, 16, 55])
Face([9, 10, 22, 21])
Face([11, 41, 29, 37, 38, 12])
Face([49, 40, 33, 37, 29, 51])
Face([0, 49, 51, 34, 10, 2])
Face([55, 16, 3, 41, 11, 5])
Face([1, 14, 28, 15])
Face([5, 25, 12, 11])
Face([1, 19, 57, 15])
Face([5, 25, 23])
Face([8, 21, 22])
Face([24, 44, 39])
Face([32, 26, 45, 20, 50, 42])
Face([1, 59, 30, 43, 47, 15])
Face([26, 40, 33, 53, 58, 45])
Face([0, 32, 42, 27, 9, 2])
Face([4, 50, 55])
Face([14, 19, 22, 21, 13, 35])
Face([2, 9, 10])
Face([59, 46, 7, 30])
Face([0, 49, 40, 6])
Face([34, 48, 29, 51])
Face([54, 58, 45])
Face([7, 54, 58, 53, 43, 30])
Face([1, 59, 46, 56, 35, 14])
Face([0, 32, 26, 6])
Face([18, 30, 7])
Face([14, 35, 44, 23, 17, 28])
Face([38, 37, 47])
Face([6, 40, 33, 43, 30, 18])
Face([4, 24, 13, 21, 9, 27])
Face([3, 41, 48, 34])
Face([23, 17, 12, 25])
Face([7, 54, 31, 39, 56, 46])
Face([47, 43, 33, 37])
Face([50, 42, 16, 55])
Face([13, 56, 35])
Face([15, 47, 37, 29, 48, 57])
Face([25, 12, 38, 53, 58, 36])
Face([11, 17, 28, 57, 48, 41])
Face([5, 11, 17, 23])
Face([27, 16, 3, 34, 10, 9])
Face([18, 52, 46, 7])
Face([11, 17, 12])
Face([32, 49, 51, 3, 16, 42])
Face([1, 19, 22, 8, 52, 59])
Face([24, 13, 35, 44])
Face([6, 40, 26])
Face([35, 56, 39, 44])
Face([6, 18, 7, 54, 45, 26])
Face([0, 2, 8, 52, 18, 6])
Face([38, 37, 33, 53])
Face([38, 53, 43, 47])
Face([20, 36, 31])
Face([3, 41, 29, 51])
Face([8, 52, 46, 56, 13, 21])
Face([59, 52, 46])
Face([0, 32, 49])
Face([4, 24, 39, 31, 20, 50])
Face([24, 13, 56, 39])
Face([14, 19, 57, 28])
Face([54, 58, 36, 31])
Face([3, 34, 51])
Face([50, 20, 36, 25, 5, 55])
Face([54, 45, 20, 31])
Face([59, 52, 18, 30])
Face([27, 16, 42])
Face([4, 50, 42, 27])
Face([23, 44, 39, 31, 36, 25])
Face([19, 22, 10, 34, 48, 57])
Face([20, 36, 58, 45])
Face([15, 28, 17, 12, 38, 47])
Face([2, 8, 21, 9])
Face([32, 49, 40, 26])
Face([1, 19, 14])
Face([43, 33, 53])
Face([2, 8, 22, 10])
