Face([13, 8, 7])
Face([0, 17, 7, 13])
Face([12, 4, 14, 13])
Face([4, 19, 14])
Face([4, 3, 7, 14])
Face([6, 16, 8, 7])
Face([5, 18, 19, 4])
Face([1, 17, 6, 11])
Face([14, 8, 7])
Face([1, 9, 16, 11])
Face([9, 8, 10])
Face([15, 19, 10])
Face([9, 16, 10])
Face([12, 3, 4])
Face([13, 8, 14])
Face([11, 16, 10, 18])
Face([2, 16, 8, 14])
Face([13, 14, 19, 15])
Face([9, 16, 6, 17])
Face([17, 3, 6])
Face([9, 8, 16])
Face([11, 16, 2])
Face([0, 12, 13])
Face([15, 19, 18])
Face([2, 4, 14])
Face([18, 10, 19])
Face([0, 9, 17])
Face([1, 9, 10, 18])
Face([11, 2, 6])
Face([17, 3, 7])
Face([1, 17, 3, 5])
Face([2, 4, 3, 6])
Face([12, 5, 18, 15])
Face([14, 8, 10, 19])
Face([5, 3, 4])
Face([2, 16, 6])
Face([0, 9, 10, 15])
Face([11, 2, 19, 18])
Face([0, 1, 9])
Face([1, 11, 5])
Face([5, 11, 2, 4])
Face([1, 18, 5])
Face([2, 19, 14])
Face([11, 16, 6])
Face([0, 1, 17])
Face([13, 8, 10, 15])
Face([16, 8, 10])
Face([13, 14, 7])
Face([0, 12, 3, 17])
Face([1, 18, 11])
Face([2, 6, 7, 14])
Face([1, 9, 17])
Face([12, 4, 19, 15])
Face([5, 11, 6, 3])
Face([9, 8, 7, 17])
Face([2, 16, 10, 19])
Face([0, 9, 8, 13])
Face([12, 3, 5])
Face([12, 3, 7, 13])
Face([0, 12, 15])
Face([0, 1, 5, 12])
Face([0, 13, 15])
Face([0, 1, 18, 15])
Face([12, 13, 15])
Face([6, 3, 7])
Face([17, 6, 7])
Face([12, 4, 5])
Face([5, 18, 11])
Face([15, 10, 18])
Face([2, 19, 4])
