(0, 8, 11, 4)->[(-10000+4000*r5), (7000-3000*r5), (-3000+1000*r5), 0]
(0, 1, 2, 3, 4, 6, 7, 8, 15, 16, 18, 19)->[0, (8000-4000*r5), (8000-4000*r5), 0]
(0, 3, 4, 5, 7, 9, 10, 11, 12, 13, 15, 19)->[(-10000+4000*r5), (-7000+3000*r5), (3000-1000*r5), 0]
(0, 5, 6, 8, 11, 12, 13, 14, 16, 17, 18, 19)->[0, (3000-1000*r5), (-7000+3000*r5), (10000-4000*r5)]
(9, 12, 5, 14)->[0, (-8000+4000*r5), (-8000+4000*r5), 0]
(16, 17, 2, 18)->[(10000-4000*r5), (7000-3000*r5), (-3000+1000*r5), 0]
(19, 3, 13, 6)->[0, (-3000+1000*r5), (7000-3000*r5), (10000-4000*r5)]
(1, 10, 15, 7)->[0, (-3000+1000*r5), (7000-3000*r5), (-10000+4000*r5)]
(1, 2, 4, 8, 9, 10, 11, 12, 14, 15, 16, 17)->[0, (3000-1000*r5), (-7000+3000*r5), (-10000+4000*r5)]
(1, 2, 3, 5, 6, 7, 9, 10, 13, 14, 17, 18)->[(10000-4000*r5), (-7000+3000*r5), (3000-1000*r5), 0]
