(0, 2, 4, 6, 7, 8, 9, 13, 18, 20, 21, 24, 26, 27, 31, 32, 39, 42, 45, 46, 50, 52, 54, 56)->[0, (8000-4000*r5), (8000-4000*r5), 0]
(0, 1, 2, 6, 8, 10, 15, 18, 19, 22, 29, 30, 33, 34, 37, 40, 43, 47, 48, 49, 51, 52, 57, 59)->[(-10000+4000*r5), (-7000+3000*r5), (3000-1000*r5), 0]
(0, 32, 2, 3, 34, 9, 10, 42, 16, 49, 51, 27)->[0, (-3000+1000*r5), (7000-3000*r5), (10000-4000*r5)]
(0, 32, 6, 40, 49, 26)->[(-10000+4000*r5), (4000-2000*r5), (4000-2000*r5), (10000-4000*r5)]
(3, 4, 5, 9, 10, 11, 13, 14, 16, 17, 19, 21, 22, 23, 24, 27, 28, 34, 35, 41, 44, 48, 55, 57)->[(10000-4000*r5), (-7000+3000*r5), (3000-1000*r5), 0]
(3, 5, 11, 12, 16, 20, 25, 26, 29, 32, 33, 36, 37, 38, 40, 41, 42, 45, 49, 50, 51, 53, 55, 58)->[0, (3000-1000*r5), (-7000+3000*r5), (10000-4000*r5)]
(1, 7, 12, 14, 15, 17, 23, 25, 28, 30, 31, 35, 36, 38, 39, 43, 44, 46, 47, 53, 54, 56, 58, 59)->[0, (3000-1000*r5), (-7000+3000*r5), (-10000+4000*r5)]
(4, 5, 36, 39, 44, 50, 20, 55, 23, 24, 25, 31)->[(10000-4000*r5), (7000-3000*r5), (-3000+1000*r5), 0]
(1, 35, 8, 13, 14, 46, 19, 52, 21, 22, 56, 59)->[0, (-3000+1000*r5), (7000-3000*r5), (-10000+4000*r5)]
(37, 38, 41, 11, 12, 15, 47, 17, 48, 57, 28, 29)->[0, (-8000+4000*r5), (-8000+4000*r5), 0]
(33, 58, 6, 7, 40, 43, 45, 18, 53, 54, 26, 30)->[(-10000+4000*r5), (7000-3000*r5), (-3000+1000*r5), 0]
(5, 11, 12, 17, 23, 25)->[(10000-4000*r5), (-1000+1000*r5), (-11000+5000*r5), 0]
(35, 39, 44, 13, 24, 56)->[(10000-4000*r5), (4000-2000*r5), (4000-2000*r5), (-10000+4000*r5)]
(4, 42, 16, 50, 55, 27)->[(10000-4000*r5), (4000-2000*r5), (4000-2000*r5), (10000-4000*r5)]
(34, 3, 41, 48, 51, 29)->[0, (-11000+5000*r5), (-1000+1000*r5), (10000-4000*r5)]
(7, 46, 18, 52, 59, 30)->[(-10000+4000*r5), (4000-2000*r5), (4000-2000*r5), (-10000+4000*r5)]
(1, 14, 15, 19, 57, 28)->[0, (-11000+5000*r5), (-1000+1000*r5), (-10000+4000*r5)]
(33, 37, 38, 43, 47, 53)->[(-10000+4000*r5), (-1000+1000*r5), (-11000+5000*r5), 0]
(2, 8, 9, 10, 21, 22)->[0, (-6000+2000*r5), (14000-6000*r5), 0]
(36, 45, 20, 54, 58, 31)->[0, (14000-6000*r5), (-6000+2000*r5), 0]
