[40, 83]
[40, 120]
[40, 155]
[40, 174]
[41, 53]
[41, 85]
[41, 134]
[42, 51]
[42, 54]
[42, 73]
[42, 122]
[43, 67]
[43, 86]
[43, 130]
[43, 161]
[44, 53]
[44, 85]
[44, 120]
[44, 149]
[45, 89]
[45, 116]
[45, 125]
[45, 166]
[45, 180]
[46, 57]
[46, 118]
[46, 156]
[47, 143]
[47, 158]
[0, 46]
[0, 66]
[0, 82]
[0, 125]
[0, 167]
[1, 6]
[1, 86]
[1, 132]
[1, 141]
[1, 164]
[2, 35]
[2, 66]
[2, 144]
[2, 167]
[2, 189]
[3, 41]
[3, 67]
[3, 157]
[3, 159]
[3, 190]
[4, 14]
[4, 30]
[4, 47]
[4, 124]
[4, 137]
[5, 13]
[5, 17]
[5, 140]
[5, 146]
[5, 163]
[6, 43]
[6, 97]
[6, 172]
[6, 191]
[7, 51]
[7, 54]
[7, 62]
[7, 109]
[7, 119]
[8, 138]
[8, 164]
[8, 168]
[8, 175]
[8, 188]
[9, 37]
[9, 46]
[9, 70]
[9, 118]
[9, 182]
[10, 34]
[10, 61]
[10, 96]
[10, 102]
[10, 163]
[11, 83]
[11, 91]
[11, 104]
[11, 158]
[11, 174]
[12, 14]
[12, 47]
[12, 143]
[12, 160]
[12, 169]
[13, 18]
[13, 79]
[13, 156]
[13, 182]
[14, 137]
[14, 162]
[14, 171]
[15, 41]
[15, 134]
[15, 148]
[15, 173]
[15, 177]
[32, 34]
[32, 61]
[32, 107]
[32, 154]
[32, 184]
[33, 35]
[33, 81]
[33, 93]
[33, 97]
[33, 185]
[34, 110]
[34, 114]
[34, 179]
[35, 84]
[35, 96]
[35, 144]
[36, 48]
[36, 72]
[36, 95]
[37, 89]
[37, 98]
[37, 186]
[38, 39]
[38, 63]
[38, 127]
[38, 148]
[39, 78]
[39, 117]
[39, 166]
[56, 99]
[56, 105]
[56, 121]
[56, 139]
[57, 66]
[57, 149]
[57, 189]
[58, 80]
[58, 86]
[58, 132]
[58, 150]
[58, 165]
[59, 71]
[59, 74]
[59, 88]
[59, 116]
[60, 67]
[60, 86]
[60, 90]
[60, 141]
[60, 190]
[61, 93]
[61, 100]
[61, 168]
[62, 69]
[62, 107]
[62, 109]
[62, 113]
[63, 87]
[63, 112]
[63, 134]
[63, 148]
[24, 80]
[24, 115]
[24, 128]
[24, 132]
[24, 143]
[25, 90]
[25, 91]
[25, 142]
[25, 165]
[25, 187]
[26, 28]
[26, 38]
[26, 83]
[26, 112]
[26, 122]
[27, 30]
[27, 47]
[27, 54]
[27, 113]
[28, 39]
[28, 40]
[28, 72]
[28, 155]
[29, 56]
[29, 74]
[29, 116]
[29, 121]
[29, 151]
[30, 64]
[30, 95]
[31, 68]
[31, 76]
[31, 102]
[31, 131]
[31, 144]
[64, 69]
[64, 94]
[64, 95]
[64, 113]
[65, 71]
[65, 79]
[65, 95]
[65, 186]
[66, 123]
[66, 159]
[67, 97]
[67, 157]
[68, 74]
[68, 102]
[68, 151]
[69, 110]
[69, 111]
[70, 98]
[70, 135]
[70, 187]
[71, 88]
[71, 180]
[72, 78]
[72, 122]
[73, 80]
[73, 115]
[73, 136]
[74, 114]
[74, 139]
[75, 106]
[75, 154]
[75, 176]
[75, 178]
[76, 100]
[76, 170]
[76, 185]
[77, 84]
[77, 101]
[77, 126]
[77, 189]
[78, 105]
[78, 127]
[79, 88]
[79, 186]
[16, 51]
[16, 73]
[16, 87]
[16, 119]
[16, 147]
[17, 79]
[17, 94]
[17, 171]
[17, 179]
[18, 55]
[18, 88]
[18, 163]
[18, 167]
[19, 36]
[19, 37]
[19, 65]
[19, 89]
[19, 180]
[20, 44]
[20, 118]
[20, 120]
[20, 155]
[20, 181]
[21, 23]
[21, 27]
[21, 42]
[21, 122]
[21, 158]
[22, 75]
[22, 76]
[22, 100]
[22, 108]
[22, 191]
[23, 30]
[23, 36]
[23, 72]
[23, 124]
[48, 50]
[48, 78]
[48, 105]
[48, 180]
[49, 57]
[49, 77]
[49, 90]
[49, 149]
[49, 187]
[50, 69]
[50, 71]
[50, 95]
[50, 111]
[51, 103]
[51, 127]
[52, 70]
[52, 91]
[52, 120]
[52, 174]
[52, 187]
[53, 159]
[53, 177]
[53, 181]
[54, 113]
[54, 115]
[55, 59]
[55, 68]
[55, 82]
[55, 167]
[88, 179]
[89, 118]
[89, 155]
[90, 126]
[90, 190]
[91, 152]
[91, 165]
[92, 94]
[92, 107]
[92, 113]
[92, 169]
[92, 175]
[93, 96]
[93, 138]
[93, 168]
[94, 110]
[94, 171]
[96, 140]
[96, 163]
[97, 141]
[97, 185]
[98, 124]
[98, 137]
[98, 174]
[99, 103]
[99, 153]
[99, 176]
[99, 178]
[100, 102]
[100, 154]
[101, 135]
[101, 142]
[101, 162]
[101, 187]
[102, 114]
[103, 105]
[103, 109]
[103, 127]
[80, 104]
[80, 136]
[81, 84]
[81, 126]
[81, 138]
[81, 141]
[82, 116]
[82, 125]
[82, 151]
[83, 112]
[83, 152]
[84, 140]
[84, 189]
[85, 129]
[85, 152]
[85, 190]
[86, 150]
[87, 136]
[87, 147]
[87, 161]
[112, 129]
[112, 136]
[114, 139]
[114, 154]
[115, 119]
[115, 128]
[116, 180]
[117, 121]
[117, 148]
[117, 166]
[117, 177]
[118, 125]
[119, 133]
[104, 143]
[104, 158]
[104, 165]
[105, 111]
[106, 119]
[106, 133]
[106, 147]
[106, 191]
[107, 110]
[107, 184]
[108, 130]
[108, 170]
[108, 173]
[108, 178]
[109, 111]
[109, 176]
[110, 179]
[111, 139]
[120, 152]
[121, 153]
[121, 183]
[122, 127]
[123, 131]
[123, 144]
[123, 157]
[123, 159]
[124, 158]
[124, 174]
[125, 181]
[126, 141]
[126, 142]
[128, 133]
[128, 164]
[128, 175]
[129, 134]
[129, 150]
[129, 152]
[130, 147]
[130, 161]
[130, 191]
[131, 151]
[131, 170]
[131, 183]
[132, 145]
[132, 164]
[133, 172]
[133, 184]
[134, 161]
[135, 137]
[135, 162]
[135, 182]
[136, 150]
[137, 186]
[138, 140]
[138, 188]
[139, 176]
[140, 146]
[142, 145]
[142, 160]
[143, 145]
[144, 185]
[145, 160]
[145, 165]
[146, 162]
[146, 171]
[146, 188]
[147, 178]
[148, 153]
[149, 159]
[149, 190]
[150, 161]
[151, 183]
[153, 173]
[153, 178]
[154, 176]
[155, 166]
[156, 167]
[156, 182]
[156, 189]
[157, 170]
[157, 185]
[160, 162]
[160, 188]
[163, 179]
[164, 172]
[166, 181]
[168, 172]
[168, 184]
[169, 171]
[169, 175]
[169, 188]
[170, 173]
[172, 191]
[173, 183]
[175, 184]
[177, 181]
[177, 183]
[182, 186]
