Face([162, 184, 147])
Face([10, 54, 7])
Face([172, 148, 39, 189, 34, 55, 5, 181])
Face([73, 161, 57, 110, 90, 52, 152, 61])
Face([164, 86, 154])
Face([12, 112, 114])
Face([8, 18, 127])
Face([142, 153, 149])
Face([177, 2, 186, 56, 157, 135, 51, 180])
Face([167, 101, 158])
Face([26, 170, 169, 130, 47, 30, 132, 66])
Face([67, 107, 159, 1, 87, 146, 153, 142])
Face([4, 148, 39])
Face([15, 128, 133, 104, 113, 4, 148, 172])
Face([70, 134, 58, 71, 184, 162, 60, 182])
Face([136, 42, 126])
Face([98, 82, 155, 109, 75, 145, 124, 106])
Face([9, 98, 106])
Face([28, 45, 37, 139, 47, 30, 115, 6])
Face([29, 163, 76])
Face([62, 78, 116, 141, 125, 102, 72, 38])
Face([112, 114, 93, 159, 107, 151, 175, 122])
Face([92, 146, 153, 149, 173, 103, 156, 111])
Face([13, 129, 52, 152, 85, 14, 51, 180])
Face([30, 115, 132])
Face([17, 187, 119])
Face([20, 122, 175])
Face([99, 16, 100])
Face([76, 163, 86, 164, 50, 89, 121, 94])
Face([42, 126, 53, 174, 0, 59, 79, 63])
Face([25, 137, 3])
Face([1, 93, 159])
Face([24, 96, 23])
Face([11, 70, 134])
Face([165, 56, 157])
Face([178, 62, 78])
Face([29, 136, 126, 53, 35, 154, 86, 163])
Face([24, 191, 155, 109, 108, 74, 176, 23])
Face([71, 184, 147, 100, 99, 69, 168, 150])
Face([58, 150, 71])
Face([67, 107, 151])
Face([87, 146, 92])
Face([96, 120, 31, 183, 65, 44, 176, 23])
Face([113, 104, 185])
Face([10, 179, 190, 185, 104, 133, 138, 7])
Face([67, 142, 149, 173, 97, 20, 175, 151])
Face([28, 131, 6])
Face([13, 177, 180])
Face([45, 171, 37])
Face([53, 35, 174])
Face([44, 65, 84, 123, 145, 75, 108, 74])
Face([191, 82, 155])
Face([129, 90, 52])
Face([40, 121, 94])
Face([186, 2, 22])
Face([14, 51, 135])
Face([48, 161, 57, 83, 22, 186, 56, 165])
Face([47, 130, 139])
Face([33, 27, 80])
Face([36, 72, 38])
Face([171, 19, 105, 81, 169, 130, 139, 37])
Face([118, 64, 68])
Face([123, 145, 124])
Face([60, 162, 147, 100, 16, 95, 144, 188])
Face([85, 152, 61])
Face([25, 137, 119, 17, 160, 125, 141, 117])
Face([11, 70, 182, 188, 144, 143, 101, 167])
Face([40, 121, 89, 166, 46, 59, 79, 140])
Face([170, 81, 169])
Face([43, 66, 132, 115, 6, 131, 64, 118])
Face([8, 33, 27, 178, 62, 38, 36, 18])
Face([28, 131, 64, 68, 21, 19, 171, 45])
Face([183, 65, 84])
Face([44, 176, 74])
Face([25, 3, 80, 27, 178, 78, 116, 117])
Face([29, 136, 42, 63, 140, 40, 94, 76])
Face([46, 0, 59])
Face([54, 49, 5, 181, 15, 128, 138, 7])
Face([69, 99, 16, 95, 143, 101, 158, 77])
Face([160, 125, 102])
Face([18, 36, 72, 102, 160, 17, 187, 127])
Face([46, 0, 174, 35, 154, 164, 50, 166])
Face([10, 179, 88, 41, 34, 55, 49, 54])
Face([32, 120, 31])
Face([26, 170, 81, 105, 21, 68, 118, 43])
Face([69, 168, 77])
Face([14, 85, 61, 73, 48, 165, 157, 135])
Face([128, 138, 133])
Face([140, 63, 79])
Face([41, 88, 190, 185, 113, 4, 39, 189])
Face([49, 5, 55])
Face([41, 34, 189])
Face([19, 105, 21])
Face([13, 129, 90, 110, 83, 22, 2, 177])
Face([91, 156, 111])
Face([26, 43, 66])
Face([12, 114, 93, 1, 87, 92, 111, 91])
Face([15, 172, 181])
Face([117, 116, 141])
Face([166, 89, 50])
Face([8, 33, 80, 3, 137, 119, 187, 127])
Face([9, 32, 31, 183, 84, 123, 124, 106])
Face([108, 75, 109])
Face([57, 83, 110])
Face([95, 144, 143])
Face([11, 134, 58, 150, 168, 77, 158, 167])
Face([60, 188, 182])
Face([12, 112, 122, 20, 97, 103, 156, 91])
Face([179, 88, 190])
Face([9, 32, 120, 96, 24, 191, 82, 98])
Face([48, 73, 161])
Face([97, 173, 103])
