(0, 65, 4, 36, 134, 8, 72, 75, 44, 17, 145, 23, 24, 58, 29, 31)->[2*r2, -2*r2, 0, 4]
(0, 33, 128, 36, 6, 8, 105, 111, 181, 23, 184, 191)->[0, -4, -2*r2, 2*r2]
(0, 134, 8, 181, 25, 58)->[2*r2, -2*r2, -4, 4]
(0, 33, 58, 6, 139, 109, 142, 16, 147, 116, 179, 181, 25, 26, 155, 190)->[2*r2, -2*r2, -4, 0]
(0, 130, 4, 11, 141, 16, 17, 150, 24, 152, 26, 155, 28, 160, 33, 36, 171, 179, 58, 189, 65, 75, 116, 119)->[2*r2, -2*r2, 0, 0]
(98, 99, 103, 12, 45, 46, 76, 143, 144, 18, 125, 22, 118, 153, 93, 158)->[-2*r2, 2*r2, 0, 4]
(1, 5, 70, 7, 165, 10, 127, 173, 80, 114, 19, 52, 146, 60, 157, 95)->[2*r2, 2*r2, 4, 0]
(160, 65, 100, 5, 155, 141, 175, 16, 178, 52, 150, 24, 57, 59, 189, 94)->[4*r2, 0, 0, 0]
(32, 1, 34, 163, 164, 40, 10, 172, 45, 46, 176, 50, 51, 180, 185, 91)->[0, 4*r2, 0, 0]
(128, 3, 68, 6, 39, 135, 105, 170, 110, 174, 85, 54, 182, 90, 190, 191)->[-2*r2, -2*r2, -4, 0]
(128, 33, 36, 11, 75, 77, 171, 174, 81, 113, 115, 183, 152, 26, 28, 184)->[0, -4*r2, 0, 0]
(69, 166, 137, 110, 113, 177, 115, 188, 21, 54, 30, 117, 122, 123, 120, 62)->[-2*r2, -2*r2, 0, -4]
(96, 2, 71, 167, 73, 137, 168, 48, 112, 19, 84, 117, 151, 89, 27, 60)->[0, 0, 4, -4]
(72, 9, 105, 12, 15, 79, 49, 111, 20, 184, 86, 23, 182, 153, 186, 183)->[-2*r2, -2*r2, 0, 4]
(96, 130, 67, 71, 11, 141, 14, 179, 116, 119, 189, 87, 88, 123, 120, 152)->[2*r2, -2*r2, 0, -4]
(133, 38, 42, 106, 138, 172, 144, 156, 18, 82, 148, 85, 180, 55, 90, 124)->[-2*r2, 2*r2, -4, 0]
(66, 37, 104, 41, 44, 13, 80, 145, 114, 20, 149, 86, 187, 125, 158, 63)->[0, 0, 4, 4]
(160, 66, 130, 4, 37, 132, 7, 168, 171, 17, 146, 150, 119, 151, 28, 126)->[2*r2, -2*r2, 4, 0]
(129, 2, 35, 162, 69, 133, 163, 136, 164, 47, 82, 83, 84, 53, 30, 159)->[-2*r2, 2*r2, 0, -4]
(161, 100, 38, 102, 40, 169, 42, 43, 108, 139, 50, 147, 121, 154, 92, 94)->[2*r2, 2*r2, -4, 0]
(129, 161, 3, 67, 101, 102, 170, 107, 109, 14, 142, 177, 53, 55, 124, 62)->[0, 0, -4, -4]
(64, 97, 131, 166, 39, 103, 9, 135, 140, 47, 143, 49, 83, 148, 122, 156)->[-4*r2, 0, 0, 0]
(32, 159, 34, 162, 101, 70, 73, 107, 108, 175, 112, 178, 87, 88, 92, 95)->[2*r2, 2*r2, 0, -4]
(68, 134, 8, 169, 106, 43, 76, 138, 111, 181, 118, 56, 25, 186, 61, 191)->[0, 0, -4, 4]
(121, 98, 99, 91, 13, 63, 51, 61, 157, 56, 57, 154, 59, 127, 29, 31)->[2*r2, 2*r2, 0, 4]
(131, 132, 104, 41, 74, 140, 77, 78, 15, 48, 79, 81, 21, 27, 188, 126)->[-2*r2, -2*r2, 4, 0]
(64, 97, 35, 185, 165, 167, 136, 74, 173, 78, 176, 149, 22, 89, 187, 93)->[-2*r2, 2*r2, 4, 0]
(67, 170, 109, 174, 177, 115, 116, 54, 152, 26, 123, 190)->[0, -4, -2*r2, -2*r2]
(129, 3, 133, 39, 110, 47, 148, 85, 30, 122, 124, 62)->[-4, 0, -2*r2, -2*r2]
(32, 1, 2, 35, 159, 163, 165, 73, 176, 89, 60, 95)->[0, 4, 2*r2, -2*r2]
(64, 104, 12, 140, 78, 79, 143, 49, 22, 86, 187, 158)->[-4, 0, 2*r2, 2*r2]
(96, 130, 70, 7, 168, 175, 112, 19, 52, 150, 87, 189)->[4, 0, 2*r2, -2*r2]
(121, 100, 134, 43, 155, 147, 24, 25, 58, 59, 61, 31)->[4, 0, -2*r2, 2*r2]
(98, 10, 45, 13, 173, 114, 125, 149, 157, 185, 91, 93)->[0, 4, 2*r2, 2*r2]
(160, 65, 66, 5, 44, 80, 17, 146, 57, 127, 29, 63)->[4, 0, 2*r2, 2*r2]
(161, 107, 108, 139, 14, 141, 16, 142, 178, 179, 88, 94)->[4, 0, -2*r2, -2*r2]
(97, 131, 69, 166, 167, 136, 137, 74, 48, 83, 84, 21)->[-4, 0, 2*r2, -2*r2]
(4, 37, 132, 72, 41, 75, 171, 15, 81, 145, 20, 183)->[0, -4, 2*r2, 2*r2]
(99, 169, 42, 106, 46, 144, 50, 51, 180, 118, 56, 154)->[0, 4, -2*r2, 2*r2]
(71, 11, 77, 113, 188, 117, 119, 120, 151, 27, 28, 126)->[0, -4, 2*r2, -2*r2]
(34, 162, 164, 101, 38, 102, 40, 172, 82, 53, 55, 92)->[0, 4, -2*r2, -2*r2]
(68, 103, 135, 9, 138, 186, 76, 18, 182, 153, 90, 156)->[-4, 0, -2*r2, 2*r2]
(36, 72, 75, 23, 183, 184)->[0, -4*r2, 0, 4]
(103, 9, 12, 143, 49, 153)->[-4*r2, 0, 0, 4]
(70, 73, 112, 19, 60, 95)->[2*r2, 2*r2, 4, -4]
(141, 175, 178, 87, 88, 189)->[4*r2, 0, 0, -4]
(38, 40, 42, 172, 50, 180)->[0, 4*r2, -4, 0]
(128, 33, 6, 174, 26, 190)->[0, -4*r2, -4, 0]
(160, 5, 7, 146, 52, 150)->[4*r2, 0, 4, 0]
(69, 166, 47, 83, 122, 30)->[-4*r2, 0, 0, -4]
(104, 41, 79, 15, 20, 86)->[-2*r2, -2*r2, 4, 4]
(129, 133, 82, 53, 55, 124)->[-2*r2, 2*r2, -4, -4]
(96, 130, 71, 168, 119, 151)->[2*r2, -2*r2, 4, -4]
(100, 139, 16, 147, 155, 94)->[4*r2, 0, -4, 0]
(13, 80, 114, 157, 63, 127)->[2*r2, 2*r2, 4, 4]
(98, 99, 45, 46, 51, 91)->[0, 4*r2, 0, 4]
(1, 165, 10, 173, 176, 185)->[0, 4*r2, 4, 0]
(66, 4, 37, 44, 17, 145)->[2*r2, -2*r2, 4, 4]
(67, 109, 142, 14, 179, 116)->[2*r2, -2*r2, -4, -4]
(137, 48, 117, 21, 27, 188)->[-2*r2, -2*r2, 4, -4]
(132, 171, 77, 81, 28, 126)->[0, -4*r2, 4, 0]
(2, 35, 167, 136, 84, 89)->[-2*r2, 2*r2, 4, -4]
(169, 43, 56, 121, 154, 61)->[2*r2, 2*r2, -4, 4]
(11, 113, 115, 120, 123, 152)->[0, -4*r2, 0, -4]
(3, 170, 110, 177, 54, 62)->[-2*r2, -2*r2, -4, -4]
(161, 101, 102, 107, 108, 92)->[2*r2, 2*r2, -4, -4]
(135, 39, 148, 85, 90, 156)->[-4*r2, 0, -4, 0]
(32, 162, 34, 163, 164, 159)->[0, 4*r2, 0, -4]
(93, 149, 22, 187, 125, 158)->[-2*r2, 2*r2, 4, 4]
(106, 138, 76, 144, 18, 118)->[-2*r2, 2*r2, -4, 4]
(68, 105, 111, 182, 186, 191)->[-2*r2, -2*r2, -4, 4]
(64, 97, 131, 74, 140, 78)->[-4*r2, 0, 4, 0]
(65, 24, 57, 59, 29, 31)->[4*r2, 0, 0, 4]
(133, 136, 143, 144, 18, 148, 22, 156, 35, 163, 164, 172, 45, 46, 47, 176, 180, 185, 64, 82, 83, 93, 97, 103)->[-2*r2, 2*r2, 0, 0]
(1, 5, 10, 154, 157, 32, 34, 40, 175, 50, 51, 52, 178, 57, 59, 70, 91, 92, 94, 95, 100, 108, 121, 127)->[2*r2, 2*r2, 0, 0]
(3, 6, 138, 139, 142, 147, 25, 161, 38, 169, 42, 43, 170, 181, 55, 190, 191, 68, 85, 90, 102, 106, 109, 124)->[0, 0, -4, 0]
(129, 2, 137, 14, 30, 159, 162, 177, 53, 62, 67, 69, 71, 73, 84, 87, 88, 96, 101, 107, 112, 117, 120, 123)->[0, 0, 0, -4]
(132, 7, 146, 19, 149, 151, 27, 37, 165, 167, 168, 41, 173, 48, 187, 60, 66, 74, 78, 80, 89, 104, 114, 126)->[0, 0, 4, 0]
(134, 8, 12, 13, 145, 20, 23, 153, 29, 158, 31, 44, 56, 186, 61, 63, 72, 76, 86, 98, 99, 111, 118, 125)->[0, 0, 0, 4]
(128, 131, 135, 9, 140, 15, 21, 166, 39, 174, 49, 54, 182, 183, 184, 188, 77, 79, 81, 105, 110, 113, 115, 122)->[-2*r2, -2*r2, 0, 0]
