(0, 4, 36, 7, 8, 71, 72, 11, 77, 15, 21, 63)->[0, -4, 2*r2, 2*r2]
(0, 4, 38, 70, 11, 21, 86, 61)->[0, -8, 0, 0]
(0, 35, 70, 71, 41, 42, 11, 13, 47, 17, 86, 26)->[0, -4, 2*r2, -2*r2]
(0, 35, 37, 69, 73, 44, 21, 86, 57, 27, 61, 63)->[-4, -4, 0, 0]
(0, 64, 35, 71, 8, 44, 47, 63)->[-4, -4, 4*r2, 0]
(34, 3, 36, 66, 72, 77, 16, 80, 19, 20, 58, 29)->[4, 0, 2*r2, 2*r2]
(34, 9, 76, 45, 14, 16, 20, 84, 87, 24, 92, 95)->[0, 4, 2*r2, 2*r2]
(89, 33, 5, 75, 80, 50, 19, 56, 25, 58, 91, 94)->[4, 0, -2*r2, 2*r2]
(32, 2, 68, 69, 6, 73, 43, 78, 51, 22, 57, 60)->[-4, 0, -2*r2, 2*r2]
(65, 37, 38, 70, 41, 74, 48, 49, 53, 86, 28, 61)->[0, -4, -2*r2, -2*r2]
(64, 35, 10, 12, 44, 47, 81, 52, 88, 26, 27, 93)->[-4, 0, 2*r2, -2*r2]
(33, 65, 67, 74, 75, 18, 50, 62, 90, 59, 28, 30)->[4, 0, -2*r2, -2*r2]
(64, 2, 8, 10, 44, 76, 15, 51, 87, 24, 57, 63)->[-4, 0, 2*r2, 2*r2]
(40, 9, 81, 82, 83, 52, 85, 54, 23, 88, 92, 95)->[0, 4, 2*r2, -2*r2]
(1, 68, 37, 39, 73, 43, 12, 46, 48, 53, 27, 93)->[-4, 0, -2*r2, -2*r2]
(1, 67, 39, 46, 79, 55, 54, 23, 85, 90, 62, 31)->[0, 4, -2*r2, -2*r2]
(66, 3, 40, 42, 13, 17, 18, 82, 83, 59, 29, 30)->[4, 0, 2*r2, -2*r2]
(32, 6, 45, 14, 79, 84, 55, 56, 25, 91, 60, 31)->[0, 4, -2*r2, 2*r2]
(4, 5, 38, 7, 69, 78, 49, 21, 22, 89, 61, 94)->[0, -4, -2*r2, 2*r2]
(3, 71, 72, 11, 13, 77, 17, 29)->[4, -4, 4*r2, 0]
(64, 9, 10, 52, 87, 24, 88, 95)->[-4, 4, 4*r2, 0]
(45, 14, 79, 85, 54, 92, 95, 31)->[0, 8, 0, 0]
(75, 50, 55, 25, 90, 91, 62, 31)->[4, 4, -4*r2, 0]
(32, 2, 6, 76, 45, 51, 84, 24)->[-4, 4, 0, 4*r2]
(32, 78, 22, 56, 89, 91, 60, 94)->[0, 0, -4*r2, 4*r2]
(34, 14, 80, 20, 84, 56, 25, 58)->[4, 4, 0, 4*r2]
(40, 42, 47, 17, 81, 82, 52, 26)->[0, 0, 4*r2, -4*r2]
(37, 69, 73, 43, 78, 48, 49, 61)->[-4, -4, -4*r2, 0]
(33, 66, 75, 19, 58, 59, 29, 30)->[8, 0, 0, 0]
(4, 5, 36, 7, 72, 80, 19, 89)->[4, -4, 0, 4*r2]
(70, 41, 42, 74, 13, 18, 59, 28)->[4, -4, 0, -4*r2]
(1, 65, 67, 39, 48, 53, 28, 62)->[0, 0, -4*r2, -4*r2]
(68, 73, 10, 44, 51, 57, 27, 93)->[-8, 0, 0, 0]
(33, 65, 5, 38, 74, 49, 50, 94)->[4, -4, -4*r2, 0]
(34, 36, 8, 76, 77, 15, 16, 87)->[0, 0, 4*r2, 4*r2]
(66, 3, 9, 16, 82, 83, 20, 92)->[4, 4, 4*r2, 0]
(39, 12, 46, 81, 85, 23, 88, 93)->[-4, 4, 0, -4*r2]
(1, 68, 6, 43, 46, 79, 55, 60)->[-4, 4, -4*r2, 0]
(2, 69, 7, 15, 21, 22, 57, 63)->[-4, -4, 0, 4*r2]
(67, 40, 18, 83, 54, 23, 90, 30)->[4, 4, 0, -4*r2]
(35, 37, 41, 12, 53, 86, 26, 27)->[-4, -4, 0, -4*r2]
(64, 3, 71, 8, 9, 77, 47, 16, 17, 82, 52, 87)->[0, 0, 4*r2, 0]
(68, 6, 10, 45, 46, 79, 51, 85, 24, 88, 93, 95)->[-4, 4, 0, 0]
(1, 65, 43, 78, 48, 49, 50, 55, 94, 91, 60, 62)->[0, 0, -4*r2, 0]
(32, 2, 34, 36, 7, 76, 15, 80, 84, 22, 56, 89)->[0, 0, 0, 4*r2]
(67, 39, 40, 41, 42, 12, 81, 18, 53, 23, 26, 28)->[0, 0, 0, -4*r2]
(66, 90, 75, 14, 83, 20, 54, 25, 58, 92, 30, 31)->[4, 4, 0, 0]
(33, 4, 5, 38, 70, 72, 74, 11, 13, 19, 59, 29)->[4, -4, 0, 0]
