(0, 32, 34, 164, 165, 39, 11, 44, 45, 172, 176, 49, 50, 180, 184, 90)->[0, 4*r2, 0, 0]
(0, 8, 11, 155, 158, 32, 34, 39, 175, 49, 50, 51, 178, 56, 58, 69, 90, 91, 93, 94, 99, 108, 122, 127)->[2*r2, 2*r2, 0, 0]
(0, 69, 166, 7, 8, 158, 11, 173, 78, 114, 51, 146, 21, 59, 94, 127)->[2*r2, 2*r2, 4, 0]
(0, 166, 11, 173, 176, 184)->[0, 4*r2, 4, 0]
(0, 32, 2, 35, 161, 164, 166, 72, 176, 87, 59, 94)->[0, 4, 2*r2, -2*r2]
(97, 98, 101, 75, 12, 45, 44, 143, 144, 18, 22, 118, 154, 123, 92, 159)->[-2*r2, 2*r2, 0, 4]
(65, 37, 102, 40, 43, 13, 78, 187, 145, 114, 20, 84, 149, 123, 62, 159)->[0, 0, 4, 4]
(1, 33, 6, 138, 109, 142, 16, 147, 116, 179, 181, 25, 26, 156, 190, 57)->[2*r2, -2*r2, -4, 0]
(66, 130, 70, 10, 141, 14, 152, 179, 116, 189, 86, 119, 88, 121, 125, 95)->[2*r2, -2*r2, 0, -4]
(67, 134, 9, 42, 75, 105, 106, 139, 111, 169, 181, 118, 55, 150, 25, 60)->[0, 0, -4, 4]
(96, 131, 5, 101, 135, 167, 140, 46, 143, 48, 82, 148, 120, 186, 157, 63)->[-4*r2, 0, 0, 0]
(68, 167, 137, 110, 113, 177, 19, 115, 53, 117, 125, 120, 121, 188, 61, 30)->[-2*r2, -2*r2, 0, -4]
(129, 2, 35, 68, 132, 161, 163, 136, 164, 165, 46, 80, 82, 83, 52, 30)->[-2*r2, 2*r2, 0, -4]
(64, 160, 99, 8, 141, 175, 16, 178, 51, 189, 151, 56, 24, 58, 156, 93)->[4*r2, 0, 0, 0]
(96, 35, 166, 136, 73, 168, 77, 173, 176, 149, 22, 87, 184, 187, 92, 63)->[-2*r2, 2*r2, 4, 0]
(64, 1, 4, 36, 134, 71, 9, 74, 43, 17, 145, 23, 24, 57, 29, 31)->[2*r2, -2*r2, 0, 4]
(132, 38, 41, 105, 139, 172, 80, 144, 18, 148, 85, 54, 180, 89, 124, 157)->[-2*r2, 2*r2, -4, 0]
(33, 36, 10, 74, 76, 171, 174, 81, 113, 115, 183, 152, 185, 26, 28, 126)->[0, -4*r2, 0, 0]
(128, 131, 133, 102, 40, 73, 76, 77, 140, 47, 15, 79, 81, 19, 27, 188)->[-2*r2, -2*r2, 4, 0]
(191, 2, 70, 27, 72, 137, 168, 47, 112, 83, 21, 117, 87, 153, 59, 95)->[0, 0, 4, -4]
(32, 161, 34, 163, 100, 69, 72, 107, 108, 175, 112, 178, 86, 88, 91, 94)->[2*r2, 2*r2, 0, -4]
(67, 3, 6, 135, 104, 170, 110, 174, 85, 53, 150, 182, 89, 186, 190, 126)->[-2*r2, -2*r2, -4, 0]
(162, 99, 38, 39, 103, 41, 42, 138, 108, 155, 169, 49, 147, 122, 91, 93)->[2*r2, 2*r2, -4, 0]
(129, 66, 3, 100, 162, 103, 170, 107, 109, 14, 142, 177, 52, 54, 124, 61)->[0, 0, -4, -4]
(97, 98, 90, 122, 158, 13, 127, 50, 55, 56, 58, 155, 60, 29, 62, 31)->[2*r2, 2*r2, 0, 4]
(128, 65, 130, 160, 4, 37, 133, 7, 171, 17, 146, 119, 151, 153, 28, 191)->[2*r2, -2*r2, 4, 0]
(185, 5, 71, 104, 106, 12, 15, 48, 79, 111, 20, 84, 182, 23, 183, 154)->[-2*r2, -2*r2, 0, 4]
(134, 9, 12, 13, 145, 20, 23, 154, 29, 31, 159, 43, 55, 60, 62, 71, 75, 84, 97, 98, 106, 111, 118, 123)->[0, 0, 0, 4]
(128, 133, 7, 146, 21, 149, 153, 27, 37, 166, 40, 168, 173, 47, 59, 187, 191, 65, 73, 77, 78, 87, 102, 114)->[0, 0, 4, 0]
(1, 130, 4, 10, 141, 16, 17, 151, 24, 152, 26, 28, 156, 160, 33, 36, 171, 179, 57, 189, 64, 74, 116, 119)->[2*r2, -2*r2, 0, 0]
(3, 6, 138, 139, 142, 147, 150, 25, 162, 38, 41, 42, 169, 170, 181, 54, 190, 67, 85, 89, 103, 105, 109, 124)->[0, 0, -4, 0]
(131, 5, 135, 140, 15, 19, 167, 174, 48, 53, 182, 183, 185, 186, 188, 76, 79, 81, 104, 110, 113, 115, 120, 126)->[-2*r2, -2*r2, 0, 0]
(129, 2, 137, 14, 30, 161, 163, 177, 52, 61, 66, 68, 70, 72, 83, 86, 88, 95, 100, 107, 112, 117, 121, 125)->[0, 0, 0, -4]
(132, 136, 143, 144, 18, 148, 22, 157, 35, 164, 165, 44, 45, 46, 172, 176, 180, 184, 63, 80, 82, 92, 96, 101)->[-2*r2, 2*r2, 0, 0]
(38, 39, 41, 172, 49, 180)->[0, 4*r2, -4, 0]
(99, 138, 16, 147, 156, 93)->[4*r2, 0, -4, 0]
(36, 71, 74, 23, 183, 185)->[0, -4*r2, 0, 4]
(102, 40, 79, 15, 20, 84)->[-2*r2, -2*r2, 4, 4]
(191, 130, 70, 119, 153, 95)->[2*r2, -2*r2, 4, -4]
(2, 35, 136, 168, 83, 87)->[-2*r2, 2*r2, 4, -4]
(3, 170, 110, 177, 53, 61)->[-2*r2, -2*r2, -4, -4]
(187, 149, 22, 123, 92, 159)->[-2*r2, 2*r2, 4, 4]
(65, 4, 37, 43, 17, 145)->[2*r2, -2*r2, 4, 4]
(33, 6, 174, 26, 190, 126)->[0, -4*r2, -4, 0]
(66, 109, 142, 14, 179, 116)->[2*r2, -2*r2, -4, -4]
(67, 104, 106, 111, 150, 182)->[-2*r2, -2*r2, -4, 4]
(13, 78, 114, 158, 62, 127)->[2*r2, 2*r2, 4, 4]
(135, 148, 85, 89, 186, 157)->[-4*r2, 0, -4, 0]
(137, 47, 19, 117, 27, 188)->[-2*r2, -2*r2, 4, -4]
(32, 161, 34, 163, 164, 165)->[0, 4*r2, 0, -4]
(64, 58, 24, 56, 29, 31)->[4*r2, 0, 0, 4]
(101, 5, 12, 143, 48, 154)->[-4*r2, 0, 0, 4]
(129, 132, 80, 52, 54, 124)->[-2*r2, 2*r2, -4, -4]
(128, 133, 171, 76, 81, 28)->[0, -4*r2, 4, 0]
(141, 175, 178, 86, 88, 189)->[4*r2, 0, 0, -4]
(97, 98, 44, 45, 50, 90)->[0, 4*r2, 0, 4]
(69, 72, 112, 21, 59, 94)->[2*r2, 2*r2, 4, -4]
(1, 134, 9, 181, 57, 25)->[2*r2, -2*r2, -4, 4]
(105, 75, 139, 144, 18, 118)->[-2*r2, 2*r2, -4, 4]
(68, 167, 46, 82, 120, 30)->[-4*r2, 0, 0, -4]
(162, 100, 103, 107, 108, 91)->[2*r2, 2*r2, -4, -4]
(169, 42, 55, 122, 155, 60)->[2*r2, 2*r2, -4, 4]
(10, 113, 115, 152, 121, 125)->[0, -4*r2, 0, -4]
(160, 7, 8, 146, 51, 151)->[4*r2, 0, 4, 0]
(96, 131, 73, 140, 77, 63)->[-4*r2, 0, 4, 0]
(97, 11, 44, 13, 173, 114, 149, 184, 90, 123, 92, 158)->[0, 4, 2*r2, 2*r2]
(64, 65, 160, 8, 43, 78, 17, 146, 56, 29, 62, 127)->[4, 0, 2*r2, 2*r2]
(1, 33, 36, 6, 104, 9, 111, 181, 150, 23, 185, 126)->[0, -4, -2*r2, 2*r2]
(162, 138, 107, 108, 141, 14, 142, 16, 178, 179, 88, 93)->[4, 0, -2*r2, -2*r2]
(67, 5, 101, 135, 106, 75, 139, 18, 182, 89, 154, 157)->[-4, 0, -2*r2, 2*r2]
(96, 131, 68, 167, 136, 73, 137, 168, 47, 82, 19, 83)->[-4, 0, 2*r2, -2*r2]
(66, 170, 109, 174, 177, 115, 116, 53, 152, 26, 125, 190)->[0, -4, -2*r2, -2*r2]
(129, 3, 132, 46, 110, 148, 85, 120, 186, 124, 61, 30)->[-4, 0, -2*r2, -2*r2]
(159, 102, 12, 77, 140, 79, 48, 143, 84, 22, 187, 63)->[-4, 0, 2*r2, 2*r2]
(99, 122, 134, 42, 60, 156, 147, 24, 25, 58, 31, 57)->[4, 0, -2*r2, 2*r2]
(34, 163, 100, 165, 38, 39, 103, 172, 80, 52, 54, 91)->[0, 4, -2*r2, -2*r2]
(98, 41, 105, 169, 45, 144, 49, 50, 180, 118, 55, 155)->[0, 4, -2*r2, 2*r2]
(128, 153, 70, 10, 76, 113, 188, 117, 119, 121, 27, 28)->[0, -4, 2*r2, -2*r2]
(4, 37, 133, 71, 40, 74, 171, 15, 81, 145, 20, 183)->[0, -4, 2*r2, 2*r2]
(191, 130, 69, 7, 175, 112, 51, 21, 86, 151, 189, 95)->[4, 0, 2*r2, -2*r2]
