Face([55, 50, 39, 44])
Face([25, 31, 60])
Face([24, 50, 3, 77])
Face([47, 32, 7, 53])
Face([72, 60, 25, 46])
Face([46, 29, 95])
Face([22, 65, 76])
Face([41, 56, 57])
Face([15, 35, 68, 92])
Face([81, 9, 41])
Face([8, 43, 19, 85])
Face([11, 72, 28, 66])
Face([34, 59, 9, 88])
Face([54, 74, 86, 67])
Face([11, 72, 60, 89])
Face([73, 75, 16, 38])
Face([93, 80, 13])
Face([3, 81, 14, 77])
Face([93, 8, 80])
Face([48, 38, 16, 49])
Face([49, 19, 53, 54])
Face([22, 65, 66, 94])
Face([57, 58, 31, 29])
Face([39, 44, 36, 30])
Face([26, 80, 8, 61])
Face([5, 64, 89])
Face([89, 91, 83, 60])
Face([79, 40, 62, 21])
Face([93, 40, 26, 80])
Face([2, 26, 61])
Face([25, 46, 29, 31])
Face([77, 4, 84])
Face([42, 50, 30])
Face([0, 93, 13, 45])
Face([53, 54, 7])
Face([71, 64, 16, 33])
Face([0, 34, 90])
Face([73, 75, 70, 69])
Face([34, 59, 42, 45])
Face([81, 56, 23])
Face([15, 35, 33, 71])
Face([2, 61, 63, 5])
Face([0, 45, 47])
Face([55, 36, 44])
Face([15, 83, 92])
Face([89, 64, 71])
Face([39, 59, 9, 23])
Face([66, 6, 94])
Face([5, 64, 82, 94])
Face([9, 57, 23])
Face([9, 88, 21, 41])
Face([5, 91, 63])
Face([78, 58, 20])
Face([79, 40, 17, 78])
Face([12, 52, 82, 38])
Face([2, 17, 62])
Face([55, 74, 36])
Face([25, 31, 92])
Face([72, 18, 28])
Face([72, 18, 46])
Face([1, 24, 69, 73])
Face([71, 64, 63])
Face([90, 32, 7, 68])
Face([0, 90, 20, 79])
Face([22, 65, 27])
Face([85, 33, 71, 63])
Face([89, 60, 15, 71])
Face([3, 59, 39])
Face([3, 42, 59])
Face([15, 83, 91, 71])
Face([25, 67, 68, 92])
Face([93, 8, 43])
Face([45, 32, 30, 42])
Face([8, 80, 70])
Face([42, 59, 30])
Face([55, 37, 44])
Face([81, 56, 65, 14])
Face([81, 56, 41])
Face([43, 19, 75, 70])
Face([85, 16, 75])
Face([11, 82, 94])
Face([69, 4, 84])
Face([16, 49, 75])
Face([1, 48, 12])
Face([47, 90, 68, 53])
Face([73, 69, 84, 87])
Face([85, 16, 64, 63])
Face([36, 44, 86])
Face([48, 73, 38])
Face([14, 27, 65])
Face([7, 36, 74, 54])
Face([52, 66, 6])
Face([61, 8, 85, 63])
Face([26, 51, 76, 62])
Face([9, 88, 58, 57])
Face([15, 25, 60])
Face([88, 58, 20])
Face([7, 32, 30, 36])
Face([24, 77, 84])
Face([78, 58, 21])
Face([7, 67, 86, 36])
Face([72, 60, 31, 29])
Face([70, 80, 13])
Face([1, 12, 37, 55])
Face([79, 20, 78])
Face([24, 10, 42, 50])
Face([52, 18, 28, 66])
Face([1, 48, 73])
Face([34, 32, 30, 59])
Face([0, 90, 47])
Face([2, 26, 51, 22])
Face([46, 86, 44, 95])
Face([24, 10, 69])
Face([16, 33, 49])
Face([2, 17, 61])
Face([7, 67, 54])
Face([72, 29, 46])
Face([77, 4, 51, 14])
Face([35, 33, 19, 53])
Face([23, 56, 28, 95])
Face([41, 21, 58, 57])
Face([89, 91, 71])
Face([23, 56, 57])
Face([39, 50, 30])
Face([47, 32, 90])
Face([66, 65, 56, 28])
Face([81, 41, 76, 14])
Face([35, 53, 54])
Face([12, 52, 18, 37])
Face([1, 24, 84, 87])
Face([34, 32, 45])
Face([5, 89, 91])
Face([48, 73, 75, 49])
Face([52, 82, 6])
Face([79, 21, 78])
Face([24, 69, 84])
Face([66, 65, 27, 6])
Face([2, 62, 26])
Face([15, 25, 67, 35])
Face([22, 51, 76])
Face([5, 64, 63])
Face([93, 8, 61, 40])
Face([35, 67, 54])
Face([82, 94, 6])
Face([48, 74, 54, 49])
Face([70, 80, 4, 69])
Face([3, 81, 9, 59])
Face([83, 78, 58, 31])
Face([39, 59, 30])
Face([9, 41, 57])
Face([14, 51, 76])
Face([37, 18, 46, 86])
Face([77, 84, 27, 14])
Face([0, 93, 43, 47])
Face([18, 46, 95])
Face([2, 5, 94, 22])
Face([45, 42, 10, 13])
Face([14, 27, 51])
Face([3, 42, 10, 77])
Face([45, 13, 43, 47])
Face([11, 72, 18, 52])
Face([28, 29, 95])
Face([70, 13, 10, 69])
Face([87, 38, 82, 6])
Face([39, 44, 95, 23])
Face([1, 48, 74, 55])
Face([80, 4, 10, 13])
Face([11, 66, 52])
Face([35, 33, 49, 54])
Face([77, 10, 4])
Face([83, 31, 92])
Face([22, 27, 51])
Face([3, 42, 50])
Face([85, 16, 33])
Face([5, 89, 11, 94])
Face([49, 75, 19])
Face([35, 67, 68])
Face([1, 24, 50, 55])
Face([71, 91, 63])
Face([72, 28, 29])
Face([12, 48, 74, 37])
Face([53, 68, 7])
Face([34, 32, 90])
Face([15, 83, 60])
Face([45, 32, 47])
Face([33, 19, 49])
Face([25, 67, 86, 46])
Face([41, 56, 65, 76])
Face([92, 20, 58, 31])
Face([17, 91, 83, 78])
Face([11, 66, 94])
Face([17, 40, 62])
Face([0, 34, 88, 79])
Face([1, 73, 87])
Face([10, 4, 69])
Face([55, 50, 30, 36])
Face([43, 13, 70])
Face([34, 90, 20, 88])
Face([15, 25, 92])
Face([37, 18, 95, 44])
Face([36, 74, 86])
Face([79, 88, 21])
Face([93, 43, 13])
Face([17, 62, 21, 78])
Face([57, 56, 28, 29])
Face([11, 89, 64, 82])
Face([26, 51, 4, 80])
Face([35, 68, 53])
Face([12, 38, 87])
Face([85, 19, 75])
Face([22, 27, 6, 94])
Face([85, 33, 19])
Face([62, 76, 41, 21])
Face([83, 92, 20, 78])
Face([3, 81, 23, 39])
Face([2, 17, 91, 5])
Face([7, 67, 68])
Face([37, 44, 86])
Face([23, 57, 29, 95])
Face([87, 6, 27, 84])
Face([1, 12, 87])
Face([26, 40, 62])
Face([26, 40, 61])
Face([17, 40, 61])
Face([88, 58, 21])
Face([60, 83, 31])
Face([14, 65, 76])
Face([47, 53, 19, 43])
Face([81, 9, 23])
Face([12, 48, 38])
Face([11, 52, 82])
Face([3, 50, 39])
Face([55, 74, 37])
Face([82, 64, 16, 38])
Face([2, 62, 76, 22])
Face([17, 91, 63, 61])
Face([18, 28, 95])
Face([12, 52, 6, 87])
Face([8, 43, 70])
Face([8, 85, 75, 70])
Face([0, 34, 45])
Face([37, 74, 86])
Face([90, 68, 92, 20])
Face([79, 88, 20])
Face([24, 10, 77])
Face([27, 51, 4, 84])
Face([73, 38, 87])
Face([0, 93, 40, 79])
