Face([20, 80, 52])
Face([6, 2, 43, 46])
Face([57, 88, 39, 21])
Face([25, 68, 46])
Face([12, 40, 44])
Face([7, 24, 81, 20, 52, 66])
Face([7, 24, 14, 56])
Face([56, 72, 69, 9, 93, 14])
Face([8, 48, 31])
Face([2, 32, 28, 89, 74, 43])
Face([40, 61, 49, 30])
Face([2, 32, 17])
Face([43, 36, 92, 5, 25, 46])
Face([42, 89, 94, 71, 86, 66])
Face([17, 32, 38, 75, 3, 13])
Face([6, 2, 32, 38, 87, 50])
Face([17, 73, 22, 13])
Face([5, 91, 92])
Face([5, 59, 47, 15, 63, 92])
Face([67, 16, 18, 59, 39, 21])
Face([0, 57, 21, 30, 40, 12])
Face([8, 16, 18, 25, 68, 48])
Face([22, 33, 82])
Face([15, 82, 83, 47])
Face([62, 16, 67, 30, 49, 55])
Face([5, 25, 68, 37, 34, 91])
Face([84, 41, 27])
Face([47, 83, 49, 30, 21, 39])
Face([91, 34, 54, 74, 36, 92])
Face([19, 3, 13])
Face([52, 80, 65, 29, 41, 27])
Face([42, 66, 52, 80, 34, 54])
Face([0, 57, 10])
Face([15, 26, 63])
Face([26, 90, 41, 29])
Face([71, 60, 90, 41, 27, 86])
Face([58, 85, 45, 76, 69, 95])
Face([7, 24, 78, 37, 54, 42])
Face([58, 61, 40, 44, 9, 95])
Face([0, 10, 20, 52, 27, 84])
Face([7, 42, 89, 28, 70, 56])
Face([24, 81, 78])
Face([15, 26, 90, 51, 33, 82])
Face([59, 39, 47])
Face([55, 49, 83])
Face([15, 26, 29, 88, 39, 47])
Face([1, 50, 31, 8, 16, 62])
Face([19, 3, 58, 61, 49, 55])
Face([93, 64, 14])
Face([34, 37, 54])
Face([10, 57, 88, 65, 80, 20])
Face([71, 60, 53, 94])
Face([62, 18, 59, 47, 83, 55])
Face([4, 8, 16, 67])
Face([69, 72, 11, 76])
Face([66, 52, 27, 86])
Face([10, 57, 21, 67, 4, 77])
Face([82, 33, 85, 61, 49, 83])
Face([1, 50, 87, 75, 3, 19])
Face([92, 36, 23, 63])
Face([84, 27, 86, 11, 76, 35])
Face([1, 19, 13, 17, 2, 6])
Face([48, 68, 37, 78])
Face([12, 40, 61, 85, 45, 35])
Face([73, 53, 23])
Face([91, 65, 80, 34])
Face([90, 51, 60])
Face([7, 42, 66])
Face([56, 70, 38, 87, 64, 14])
Face([0, 12, 35, 84])
Face([0, 57, 88, 29, 41, 84])
Face([43, 74, 54, 37, 68, 46])
Face([75, 87, 38])
Face([11, 76, 45, 51, 60, 71])
Face([0, 10, 77, 79, 44, 12])
Face([11, 72, 70, 28, 94, 71])
Face([43, 36, 74])
Face([22, 73, 53, 60, 51, 33])
Face([76, 45, 35])
Face([23, 36, 74, 89, 94, 53])
Face([62, 16, 18])
Face([29, 88, 65])
Face([20, 80, 34, 37, 78, 81])
Face([4, 8, 31, 64, 93, 79])
Face([58, 61, 85])
Face([91, 65, 29, 26, 63, 92])
Face([67, 21, 30])
Face([12, 35, 76, 69, 9, 44])
Face([1, 62, 18, 25, 46, 6])
Face([22, 73, 23, 63, 15, 82])
Face([19, 13, 22, 82, 83, 55])
Face([2, 17, 73, 23, 36, 43])
Face([75, 38, 70, 72, 69, 95])
Face([3, 58, 95, 75])
Face([42, 89, 74, 54])
Face([4, 8, 48, 78, 81, 77])
Face([9, 69, 95])
Face([11, 86, 71])
Face([84, 41, 90, 51, 45, 35])
Face([32, 28, 70, 38])
Face([24, 78, 48, 31, 64, 14])
Face([10, 20, 81, 77])
Face([77, 81, 24, 14, 93, 79])
Face([4, 77, 79])
Face([28, 89, 94])
Face([79, 93, 9, 44])
Face([6, 50, 31, 48, 68, 46])
Face([50, 31, 64, 87])
Face([7, 56, 72, 11, 86, 66])
Face([4, 67, 30, 40, 44, 79])
Face([5, 59, 39, 88, 65, 91])
Face([1, 50, 6])
Face([1, 19, 55, 62])
Face([26, 90, 60, 53, 23, 63])
Face([5, 25, 18, 59])
Face([56, 72, 70])
Face([17, 32, 28, 94, 53, 73])
Face([75, 87, 64, 93, 9, 95])
Face([3, 58, 85, 33, 22, 13])
Face([33, 51, 45, 85])
