(0, 2, 39, 12, 19, 21, 26, 30)->[0, 0, 0, 8]
(0, 2, 42, 17, 19, 21, 23, 28)->[-4, 4, 0, 4*r2]
(0, 2, 40, 17, 27, 28)->[-4*r2, 0, 0, 4]
(0, 2, 4, 39, 8, 40, 26, 27)->[-4, -4, 0, 4*r2]
(0, 35, 17, 19, 23, 59)->[-2*r2, 2*r2, 4, 4]
(0, 17, 27, 59)->[-4, 0, 2*r2, 2*r2]
(0, 35, 38, 12, 19, 26, 59, 31)->[0, 0, 4*r2, 4*r2]
(0, 4, 38, 59, 26, 27)->[-2*r2, -2*r2, 4, 4]
(32, 35, 38, 11, 49, 25, 59, 31)->[0, 0, 8, 0]
(34, 37, 7, 43, 44, 50, 51, 22)->[4*r2, -4*r2, 0, 0]
(41, 46, 48, 52, 53, 55, 57, 62)->[4*r2, 4*r2, 0, 0]
(33, 4, 8, 40, 18, 54, 27, 63)->[-4*r2, -4*r2, 0, 0]
(1, 3, 10, 45, 47, 16, 58, 60)->[0, 0, 0, -8]
(5, 42, 13, 15, 17, 23, 28, 29)->[-4*r2, 4*r2, 0, 0]
(36, 6, 9, 14, 20, 24, 56, 61)->[0, 0, -8, 0]
(34, 7, 39, 43, 12, 50, 26, 30)->[4, -4, 0, 4*r2]
(32, 4, 38, 59, 49, 18, 54, 27)->[-4, -4, 4*r2, 0]
(4, 7, 8, 44, 50, 51, 54, 63)->[0, -8, 0, 0]
(34, 37, 41, 43, 22, 55, 57, 62)->[8, 0, 0, 0]
(33, 5, 40, 15, 17, 18, 27, 28)->[-8, 0, 0, 0]
(3, 6, 9, 10, 47, 16, 24, 56)->[0, 0, -4*r2, -4*r2]
(1, 33, 10, 45, 47, 18, 54, 63)->[-4, -4, 0, -4*r2]
(35, 5, 13, 17, 49, 23, 25, 59)->[-4, 4, 4*r2, 0]
(5, 13, 45, 15, 16, 47, 60, 29)->[-4, 4, 0, -4*r2]
(2, 36, 39, 14, 20, 21, 61, 30)->[0, 0, -4*r2, 4*r2]
(6, 9, 14, 48, 20, 53, 57, 62)->[4, 4, -4*r2, 0]
(6, 42, 14, 15, 61, 56, 28, 29)->[-4, 4, -4*r2, 0]
(42, 13, 46, 48, 52, 53, 23, 29)->[0, 8, 0, 0]
(1, 3, 37, 10, 44, 51, 22, 58)->[4, -4, 0, -4*r2]
(35, 41, 11, 46, 52, 55, 25, 31)->[4, 4, 4*r2, 0]
(36, 37, 7, 9, 43, 51, 20, 24)->[4, -4, -4*r2, 0]
(32, 1, 11, 45, 49, 25, 58, 60)->[0, 0, 4*r2, -4*r2]
(33, 36, 8, 40, 24, 56, 61, 63)->[-4, -4, -4*r2, 0]
(32, 34, 38, 11, 44, 50, 22, 31)->[4, -4, 4*r2, 0]
(3, 46, 16, 48, 55, 57, 58, 60)->[4, 4, 0, -4*r2]
(34, 38, 12, 50, 26, 31)->[2*r2, -2*r2, 4, 4]
(5, 59, 17, 18, 49, 27)->[-4*r2, 0, 4, 0]
(36, 7, 8, 51, 24, 63)->[0, -4*r2, -4, 0]
(34, 41, 43, 12, 62, 30)->[4*r2, 0, 0, 4]
(33, 5, 45, 15, 47, 18)->[-4*r2, 0, 0, -4]
(2, 36, 39, 8, 40, 61)->[-2*r2, -2*r2, -4, 4]
(6, 47, 16, 15, 56, 29)->[-2*r2, 2*r2, -4, -4]
(13, 46, 16, 48, 60, 29)->[0, 4*r2, 0, -4]
(2, 42, 14, 21, 28, 61)->[-2*r2, 2*r2, -4, 4]
(14, 20, 53, 21, 62, 30)->[2*r2, 2*r2, -4, 4]
(42, 19, 52, 21, 53, 23)->[0, 4*r2, 0, 4]
(6, 42, 14, 48, 53, 29)->[0, 4*r2, -4, 0]
(1, 10, 44, 51, 54, 63)->[0, -4*r2, 0, -4]
(34, 41, 11, 22, 55, 31)->[4*r2, 0, 4, 0]
(35, 13, 46, 52, 23, 25)->[0, 4*r2, 4, 0]
(37, 9, 43, 20, 57, 62)->[4*r2, 0, -4, 0]
(36, 39, 7, 43, 20, 30)->[2*r2, -2*r2, -4, 4]
(5, 13, 45, 49, 25, 60)->[-2*r2, 2*r2, 4, -4]
(33, 10, 47, 24, 56, 63)->[-2*r2, -2*r2, -4, -4]
(32, 1, 45, 49, 18, 54)->[-2*r2, -2*r2, 4, -4]
(32, 4, 38, 44, 50, 54)->[0, -4*r2, 4, 0]
(3, 6, 9, 16, 48, 57)->[2*r2, 2*r2, -4, -4]
(11, 46, 55, 25, 58, 60)->[2*r2, 2*r2, 4, -4]
(33, 40, 15, 56, 28, 61)->[-4*r2, 0, -4, 0]
(32, 1, 11, 44, 22, 58)->[2*r2, -2*r2, 4, -4]
(41, 12, 19, 52, 21, 53, 62, 30)->[4, 4, 0, 4*r2]
(4, 39, 8, 7, 50, 26)->[0, -4*r2, 0, 4]
(3, 37, 9, 10, 51, 24)->[2*r2, -2*r2, -4, -4]
(35, 41, 12, 19, 52, 31)->[2*r2, 2*r2, 4, 4]
(3, 37, 22, 55, 57, 58)->[4*r2, 0, 0, -4]
(35, 19, 52, 23)->[0, 4, 2*r2, 2*r2]
(41, 34, 12, 31)->[4, 0, 2*r2, 2*r2]
(8, 36, 39, 7)->[0, -4, -2*r2, 2*r2]
(56, 33, 47, 15)->[-4, 0, -2*r2, -2*r2]
(49, 18, 45, 5)->[-4, 0, 2*r2, -2*r2]
(26, 4, 50, 38)->[0, -4, 2*r2, 2*r2]
(16, 48, 29, 6)->[0, 4, -2*r2, -2*r2]
(40, 2, 28, 61)->[-4, 0, -2*r2, 2*r2]
(62, 43, 20, 30)->[4, 0, -2*r2, 2*r2]
(42, 53, 21, 14)->[0, 4, -2*r2, 2*r2]
(24, 10, 51, 63)->[0, -4, -2*r2, -2*r2]
(58, 11, 22, 55)->[4, 0, 2*r2, -2*r2]
(9, 3, 37, 57)->[4, 0, -2*r2, -2*r2]
(32, 1, 44, 54)->[0, -4, 2*r2, -2*r2]
(25, 60, 13, 46)->[0, 4, 2*r2, -2*r2]
