Face([14, 128, 24, 97, 139, 20, 85, 65])
Face([74, 184, 116])
Face([82, 100, 186, 98, 188, 180, 148, 174])
Face([178, 150, 158])
Face([91, 156, 78])
Face([44, 82, 100])
Face([27, 55, 36, 77, 185, 147, 170, 191])
Face([4, 89, 173])
Face([160, 161, 101, 50, 187, 94, 86, 79])
Face([127, 22, 151])
Face([10, 84, 148, 180, 60, 40, 17, 190])
Face([8, 53, 126])
Face([6, 152, 49])
Face([28, 179, 154, 79, 160, 35, 52, 111])
Face([182, 81, 62])
Face([112, 153, 181])
Face([5, 182, 62, 114, 24, 97, 120, 70])
Face([27, 146, 55])
Face([139, 120, 97])
Face([59, 88, 109, 68, 181, 112, 89, 173])
Face([15, 32, 132])
Face([17, 40, 26])
Face([18, 34, 124])
Face([80, 56, 87])
Face([143, 137, 171])
Face([94, 51, 187])
Face([61, 186, 98])
Face([0, 80, 56, 171, 143, 4, 173, 59])
Face([115, 136, 11])
Face([77, 185, 145, 129, 38, 106, 125, 138])
Face([172, 107, 103])
Face([119, 131, 113])
Face([0, 80, 87, 108, 29, 7, 109, 88])
Face([63, 25, 142, 123, 30, 164, 169, 117])
Face([49, 152, 64, 9, 54, 69, 162, 99])
Face([111, 110, 52])
Face([10, 84, 174, 82, 44, 22, 127, 13])
Face([14, 128, 114, 62, 81, 172, 103, 165])
Face([19, 91, 78, 45, 47, 21, 189, 118])
Face([54, 69, 41])
Face([177, 168, 12])
Face([149, 42, 183])
Face([11, 136, 146, 55, 36, 138, 125, 90])
Face([33, 70, 120, 139, 20, 167, 113, 119])
Face([21, 155, 189])
Face([18, 105, 30, 164, 23, 140, 102, 34])
Face([90, 106, 125])
Face([12, 168, 32, 15, 93, 37, 121, 83])
Face([95, 73, 129, 145, 147, 170, 96, 141])
Face([3, 177, 12, 83, 133, 156, 91, 19])
Face([93, 37, 135])
Face([13, 190, 17, 26, 149, 183, 151, 127])
Face([7, 29, 67, 178, 150, 153, 181, 68])
Face([1, 115, 136, 146, 27, 191, 96, 141])
Face([25, 134, 142])
Face([41, 176, 159, 43, 175, 39, 162, 69])
Face([43, 57, 175])
Face([47, 45, 157])
Face([67, 178, 158, 137, 171, 56, 87, 108])
Face([16, 117, 63])
Face([60, 180, 188])
Face([5, 33, 70])
Face([5, 33, 119, 131, 107, 172, 81, 182])
Face([16, 130, 75, 122, 140, 23, 169, 117])
Face([84, 148, 174])
Face([3, 177, 168, 32, 132, 155, 189, 118])
Face([15, 132, 155, 21, 47, 157, 135, 93])
Face([176, 58, 159])
Face([20, 85, 167])
Face([1, 115, 11, 90, 106, 38, 73, 95])
Face([45, 157, 135, 37, 121, 133, 156, 78])
Face([79, 154, 86])
Face([16, 130, 72, 31, 46, 134, 25, 63])
Face([7, 68, 109])
Face([39, 162, 99])
Face([4, 89, 112, 153, 150, 158, 137, 143])
Face([140, 122, 102])
Face([31, 144, 46])
Face([191, 96, 170])
Face([185, 145, 147])
Face([6, 152, 64, 163, 116, 184, 66, 166])
Face([26, 40, 60, 188, 98, 61, 42, 149])
Face([2, 8, 53, 110, 111, 28, 92, 48])
Face([22, 44, 100, 186, 61, 42, 183, 151])
Face([3, 19, 118])
Face([130, 72, 75])
Face([38, 73, 129])
Face([166, 66, 71])
Face([65, 85, 167, 113, 131, 107, 103, 165])
Face([2, 48, 76])
Face([18, 105, 123, 142, 134, 46, 144, 124])
Face([0, 59, 88])
Face([10, 13, 190])
Face([128, 24, 114])
Face([6, 49, 99, 39, 175, 57, 71, 166])
Face([43, 159, 58, 74, 184, 66, 71, 57])
Face([29, 67, 108])
Face([83, 121, 133])
Face([9, 163, 116, 74, 58, 176, 41, 54])
Face([35, 160, 161])
Face([23, 169, 164])
Face([14, 65, 165])
Face([36, 138, 77])
Face([34, 124, 144, 31, 72, 75, 122, 102])
Face([28, 179, 92])
Face([50, 104, 101])
Face([53, 110, 52, 35, 161, 101, 104, 126])
Face([1, 141, 95])
Face([105, 123, 30])
Face([48, 76, 51, 94, 86, 154, 179, 92])
Face([2, 8, 126, 104, 50, 187, 51, 76])
Face([9, 64, 163])
