Face([46, 178, 137, 100])
Face([8, 55, 105, 141, 21, 171, 173, 95])
Face([95, 160, 54, 94, 36, 173])
Face([73, 65, 102, 127])
Face([88, 189, 14])
Face([146, 147, 68])
Face([84, 105, 106])
Face([21, 171, 33, 97, 56, 181])
Face([3, 112, 102, 128, 151, 39])
Face([74, 101, 130, 149])
Face([103, 133, 121, 142])
Face([62, 124, 77, 146, 147, 156])
Face([63, 112, 102, 127, 100, 131])
Face([44, 187, 35, 169, 114, 167])
Face([71, 81, 161, 153])
Face([95, 129, 182, 157, 42, 173])
Face([25, 28, 90, 175])
Face([26, 93, 83, 181])
Face([179, 48, 122, 1, 165, 134, 99, 79])
Face([179, 48, 45, 80, 13, 183])
Face([1, 122, 116, 133, 103, 53])
Face([73, 65, 123, 180, 69, 107])
Face([168, 184, 145, 5, 190, 81])
Face([125, 73, 127, 128])
Face([9, 186, 159, 61, 113, 31])
Face([3, 112, 63])
Face([27, 162, 104, 2, 103, 53])
Face([47, 176, 118, 174, 142, 121])
Face([46, 131, 100])
Face([88, 43, 16, 14])
Face([87, 140, 148, 37])
Face([20, 48, 45])
Face([22, 158, 129, 160])
Face([12, 120, 162, 58])
Face([109, 61, 159, 151])
Face([17, 34, 23, 187, 35, 70])
Face([10, 88, 189, 20, 48, 179])
Face([52, 178, 137, 89, 72, 140])
Face([44, 187, 23])
Face([92, 57, 51])
Face([62, 124, 108, 163, 29, 119])
Face([141, 105, 84, 4, 143, 83])
Face([101, 134, 130])
Face([49, 121, 142])
Face([32, 186, 159, 185, 75, 50])
Face([136, 163, 176, 155])
Face([39, 185, 61, 109])
Face([16, 161, 81, 190, 132, 191])
Face([157, 172, 182])
Face([55, 91, 111])
Face([49, 121, 47, 155, 117, 28])
Face([31, 67, 64, 76])
Face([94, 54, 51, 92])
Face([71, 153, 150, 69, 180, 177])
Face([15, 168, 161, 153])
Face([87, 37, 6, 52])
Face([47, 176, 155])
Face([1, 27, 110, 165])
Face([80, 164, 14, 189, 20, 45])
Face([49, 28, 25, 96, 174, 142])
Face([188, 78, 190, 132])
Face([29, 136, 155, 47])
Face([9, 32, 50, 144, 67, 31])
Face([31, 113, 59, 76])
Face([84, 106, 111, 91])
Face([10, 88, 14, 164, 13, 183])
Face([66, 82, 175, 93, 83, 143])
Face([107, 69, 150])
Face([66, 82, 117, 155, 136, 68, 69, 180])
Face([100, 137, 89, 77, 146, 107, 73, 127])
Face([21, 26, 181])
Face([124, 108, 77])
Face([63, 112, 56, 41])
Face([1, 53, 135, 165])
Face([71, 81, 190, 78, 91, 84, 4, 177])
Face([15, 168, 81, 71])
Face([141, 105, 106, 90, 175, 93])
Face([124, 72, 89, 77])
Face([29, 163, 176, 47])
Face([181, 56, 112, 102, 65, 123, 143, 83])
Face([6, 59, 113, 61, 109, 46, 178, 52])
Face([11, 44, 167, 170, 41, 63, 131, 126])
Face([88, 43, 191, 189])
Face([11, 154, 139, 89, 137, 126])
Face([85, 171, 173, 36])
Face([130, 134, 99, 149])
Face([2, 49, 142, 103])
Face([145, 184, 7])
Face([177, 123, 180])
Face([97, 56, 41])
Face([45, 48, 122, 116])
Face([15, 153, 71])
Face([87, 140, 52])
Face([34, 40, 101, 74, 37, 87, 0, 23])
Face([188, 78, 86])
Face([29, 136, 163])
Face([5, 86, 78, 190])
Face([50, 75, 157, 182])
Face([67, 64, 149, 130, 57, 60, 172, 144])
Face([19, 115, 26, 21, 171, 85])
Face([62, 156, 119])
Face([38, 40, 101, 130, 57, 92])
Face([165, 110, 51, 57, 130, 134])
Face([17, 70, 169, 114, 18, 30])
Face([11, 0, 23, 44])
Face([55, 105, 106, 111])
Face([30, 34, 40, 38])
Face([6, 148, 37])
Face([3, 112, 56, 97])
Face([125, 73, 65])
Face([10, 166, 138, 183])
Face([1, 27, 53])
Face([150, 147, 68, 69])
Face([70, 35, 118, 174])
Face([183, 138, 148, 140, 72, 124, 62, 13])
Face([24, 40, 38])
Face([13, 80, 119, 62])
Face([9, 186, 184, 7])
Face([96, 169, 35, 118])
Face([10, 179, 79, 166])
Face([11, 154, 187, 44])
Face([107, 146, 68, 69])
Face([24, 40, 101, 134, 165, 135])
Face([157, 75, 144, 172])
Face([15, 153, 150, 107, 73, 125])
Face([17, 24, 40, 34])
Face([39, 185, 159, 151])
Face([154, 0, 87, 140, 72, 139])
Face([25, 28, 117])
Face([19, 115, 170])
Face([30, 18, 19, 85, 36, 94, 92, 38])
Face([124, 72, 139, 108])
Face([3, 97, 41, 63])
Face([4, 66, 82, 90, 106, 84])
Face([96, 118, 174])
Face([158, 129, 182, 50, 32, 145, 5, 86])
Face([43, 7, 145, 5, 132, 191])
Face([8, 158, 129, 95])
Face([58, 162, 27, 1, 122, 98])
Face([67, 144, 75, 185, 61, 113])
Face([16, 161, 168, 184, 7, 43])
Face([12, 58, 98, 20, 189, 191, 132, 188])
Face([66, 180, 123, 143])
Face([57, 51, 54, 60])
Face([126, 178, 46, 131])
Face([98, 122, 116])
Face([70, 169, 96, 174])
Face([22, 120, 162, 27, 110, 51, 54, 160])
Face([166, 138, 148, 6, 59, 76])
Face([186, 184, 168, 15, 125, 128, 151, 159])
Face([9, 32, 145, 7])
Face([21, 26, 93, 141])
Face([95, 129, 160])
Face([3, 97, 33, 42, 157, 75, 185, 39])
Face([114, 115, 170, 167])
Face([8, 55, 91, 78, 86, 158])
Face([59, 64, 76])
Face([12, 120, 152])
Face([74, 99, 149])
Face([80, 164, 156, 119])
Face([179, 79, 138, 183])
Face([29, 136, 68, 147, 156, 119])
Face([80, 45, 116, 133, 121, 47, 29, 119])
Face([126, 137, 178])
Face([6, 59, 64, 149, 74, 37])
Face([115, 170, 41, 56, 181, 26])
Face([11, 0, 87, 52, 178, 126])
Face([94, 60, 57, 92])
Face([89, 139, 108, 77])
Face([85, 33, 42, 36])
Face([165, 110, 135])
Face([21, 141, 83, 181])
Face([11, 0, 154])
Face([39, 109, 151])
Face([50, 144, 172, 182])
Face([18, 114, 115, 19])
Face([17, 24, 135, 53, 103, 142, 174, 70])
Face([154, 139, 108, 163, 176, 118, 35, 187])
Face([160, 129, 182, 172, 60, 54])
Face([8, 158, 22])
Face([109, 46, 100, 127, 128, 151])
Face([168, 81, 161])
Face([188, 132, 5, 86])
Face([18, 114, 167])
Face([12, 188, 78, 91, 111, 152])
Face([152, 104, 2, 49, 28, 90, 106, 111])
Face([125, 65, 102, 128])
Face([44, 23, 34, 30, 18, 167])
Face([58, 104, 162])
Face([4, 177, 123, 143])
Face([17, 24, 38, 30])
Face([31, 67, 113])
Face([37, 74, 99, 79, 138, 148])
Face([13, 164, 156, 62])
Face([25, 117, 82, 175])
Face([25, 96, 118, 176, 155, 117])
Face([14, 16, 191, 189])
Face([16, 43, 191])
Face([171, 33, 42, 173])
Face([42, 36, 173])
Face([24, 38, 92, 51, 110, 135])
Face([70, 169, 35])
Face([17, 34, 30])
Face([18, 19, 170, 167])
Face([126, 137, 100, 131])
Face([50, 144, 75])
Face([72, 89, 139])
Face([154, 0, 23, 187])
Face([166, 79, 138])
Face([28, 90, 82, 117])
Face([9, 32, 186])
Face([8, 22, 160, 95])
Face([59, 64, 67, 113])
Face([164, 156, 147, 150, 153, 161, 16, 14])
Face([6, 148, 140, 52])
Face([120, 152, 104, 162])
Face([141, 83, 93])
Face([22, 120, 12, 188, 86, 158])
Face([15, 125, 65, 123, 177, 71])
Face([9, 31, 76, 166, 10, 88, 43, 7])
Face([12, 58, 104, 152])
Face([20, 98, 116, 45])
Face([10, 179, 183])
Face([19, 170, 41, 97, 33, 85])
Face([166, 76, 64, 149, 99, 79])
Face([3, 39, 109, 46, 131, 63])
Face([58, 104, 2, 133, 116, 98])
Face([55, 105, 84, 91])
Face([127, 128, 102])
Face([32, 186, 184, 145])
Face([13, 80, 164])
Face([74, 99, 134, 101])
Face([107, 146, 147, 150])
Face([136, 163, 108, 77, 146, 68])
Face([2, 133, 103])
Face([8, 55, 111, 152, 120, 22])
Face([20, 48, 122, 98])
Face([42, 36, 94, 60, 172, 157])
Face([2, 49, 121, 133])
Face([94, 60, 54])
Face([85, 33, 171])
Face([4, 177, 180, 66])
Face([175, 90, 82])
Face([114, 169, 96, 25, 175, 93, 26, 115])
Face([27, 53, 135, 110])
Face([5, 132, 190])
Face([185, 61, 159])
Face([4, 66, 143])
