(0, 1, 129, 13, 149, 152, 155, 37, 165, 168, 42, 47, 177, 51, 180, 58, 188, 190, 67, 79, 110, 114, 121, 125)->[4, 0, -2*r2, -2*r2]
(0, 129, 4, 139, 12, 13, 141, 143, 18, 19, 148, 152, 172, 46, 47, 176, 66, 76, 99, 104, 107, 114, 123, 126)->[0, 0, -4*r2, 0]
(0, 5, 133, 135, 141, 144, 28, 159, 160, 162, 36, 37, 40, 47, 184, 188, 61, 66, 75, 79, 82, 99, 125, 126)->[0, 4, -2*r2, -2*r2]
(0, 172, 141, 114, 61, 146, 180, 125)->[0, 0, -4*r2, -4*r2]
(138, 14, 147, 151, 154, 27, 161, 35, 163, 166, 45, 181, 54, 55, 59, 60, 187, 63, 65, 81, 85, 88, 103, 119)->[-4, 0, 2*r2, -2*r2]
(3, 132, 147, 29, 31, 44, 54, 55, 56, 182, 185, 186, 64, 65, 72, 80, 85, 86, 88, 89, 90, 112, 113, 117)->[0, -4, 2*r2, -2*r2]
(2, 130, 134, 20, 21, 153, 29, 44, 173, 175, 52, 182, 183, 186, 62, 69, 72, 90, 93, 97, 98, 101, 111, 115)->[0, -4, 2*r2, 2*r2]
(1, 129, 137, 11, 140, 13, 19, 22, 150, 41, 42, 46, 176, 51, 67, 70, 74, 83, 87, 95, 100, 107, 109, 124)->[4, 0, -2*r2, 2*r2]
(128, 132, 139, 146, 148, 149, 152, 31, 34, 165, 43, 172, 178, 180, 56, 185, 189, 190, 191, 76, 89, 102, 113, 114)->[0, -4, -2*r2, -2*r2]
(4, 6, 7, 9, 12, 142, 143, 17, 18, 145, 25, 156, 30, 158, 32, 164, 171, 48, 53, 78, 94, 104, 108, 123)->[-4, 0, -2*r2, 2*r2]
(131, 8, 136, 10, 16, 23, 24, 26, 170, 174, 49, 50, 179, 68, 71, 73, 77, 84, 92, 96, 105, 116, 122, 127)->[0, 4, 2*r2, 2*r2]
(2, 7, 136, 9, 138, 142, 145, 20, 21, 151, 154, 164, 166, 171, 173, 174, 52, 60, 68, 77, 96, 111, 116, 119)->[-4, 0, 2*r2, 2*r2]
(133, 10, 14, 24, 28, 157, 33, 161, 35, 162, 163, 167, 40, 169, 170, 49, 184, 59, 187, 73, 82, 84, 106, 118)->[0, 4, 2*r2, -2*r2]
(131, 5, 135, 8, 137, 140, 17, 18, 23, 156, 160, 48, 176, 50, 66, 71, 75, 78, 83, 105, 107, 123, 124, 126)->[0, 4, -2*r2, 2*r2]
(130, 11, 15, 16, 22, 26, 38, 39, 41, 175, 179, 183, 57, 69, 74, 91, 92, 95, 97, 101, 109, 120, 122, 127)->[4, 0, 2*r2, 2*r2]
(128, 6, 139, 12, 141, 143, 144, 146, 25, 27, 159, 36, 43, 172, 45, 181, 61, 63, 81, 94, 99, 102, 103, 108)->[-4, 0, -2*r2, -2*r2]
(4, 134, 19, 148, 150, 153, 30, 158, 32, 34, 46, 178, 53, 189, 62, 191, 70, 76, 87, 93, 98, 100, 104, 115)->[0, -4, -2*r2, 2*r2]
(3, 15, 155, 157, 33, 38, 39, 167, 168, 169, 177, 57, 58, 64, 80, 86, 91, 106, 110, 112, 117, 118, 120, 121)->[4, 0, 2*r2, -2*r2]
(5, 135, 8, 142, 17, 25, 154, 159, 163, 36, 164, 166, 49, 181, 184, 59, 73, 78, 81, 82, 96, 105, 108, 116)->[-4, 4, 0, 0]
(1, 133, 10, 140, 15, 16, 23, 24, 160, 33, 40, 41, 177, 50, 179, 57, 188, 67, 75, 79, 109, 118, 121, 124)->[4, 4, 0, 0]
(130, 14, 20, 26, 157, 39, 170, 174, 182, 55, 186, 187, 60, 64, 77, 84, 88, 92, 101, 106, 111, 117, 119, 120)->[0, 0, 4*r2, 0]
(128, 144, 146, 147, 28, 31, 161, 162, 35, 37, 167, 168, 169, 45, 180, 185, 58, 61, 190, 65, 80, 86, 103, 125)->[0, 0, 0, -4*r2]
(3, 132, 149, 22, 150, 155, 165, 38, 42, 44, 51, 56, 189, 62, 191, 69, 70, 90, 91, 95, 97, 110, 112, 115)->[4, -4, 0, 0]
(2, 6, 9, 138, 151, 153, 27, 29, 158, 32, 34, 43, 171, 173, 178, 54, 63, 72, 85, 89, 94, 98, 102, 113)->[-4, -4, 0, 0]
(131, 134, 7, 136, 137, 11, 145, 21, 156, 30, 175, 48, 52, 53, 183, 68, 71, 74, 83, 87, 93, 100, 122, 127)->[0, 0, 0, 4*r2]
(128, 65, 102, 103, 113, 54, 27, 31)->[-4, -4, 0, -4*r2]
(35, 36, 163, 45, 144, 82, 181, 28)->[-4, 4, 0, -4*r2]
(4, 43, 12, 76, 139, 178, 158, 94)->[-4, -4, -4*r2, 0]
(67, 38, 41, 15, 51, 22, 121, 155)->[8, 0, 0, 0]
(77, 14, 49, 84, 116, 154, 59, 60)->[-4, 4, 4*r2, 0]
(160, 1, 66, 107, 140, 13, 79, 47)->[4, 4, -4*r2, 0]
(133, 135, 73, 105, 75, 50, 24, 184)->[0, 8, 0, 0]
(71, 137, 11, 109, 16, 23, 124, 127)->[4, 4, 0, 4*r2]
(10, 170, 179, 118, 120, 57, 26, 157)->[4, 4, 4*r2, 0]
(132, 165, 168, 110, 80, 112, 185, 190)->[4, -4, 0, -4*r2]
(68, 101, 174, 20, 52, 183, 122, 92)->[0, 0, 4*r2, 4*r2]
(99, 5, 108, 78, 143, 18, 126, 159)->[-4, 4, -4*r2, 0]
(33, 162, 37, 40, 169, 177, 58, 188)->[4, 4, 0, -4*r2]
(6, 166, 171, 142, 81, 151, 25, 63)->[-8, 0, 0, 0]
(161, 167, 106, 147, 117, 86, 88, 187)->[0, 0, 4*r2, -4*r2]
(97, 100, 74, 175, 150, 93, 62, 95)->[4, -4, 0, 4*r2]
(104, 46, 176, 83, 53, 87, 123, 156)->[0, 0, -4*r2, 4*r2]
(32, 98, 134, 7, 9, 173, 21, 30)->[-4, -4, 0, 4*r2]
(2, 138, 111, 119, 85, 182, 55, 29)->[-4, -4, 4*r2, 0]
(129, 70, 42, 19, 148, 149, 152, 191)->[4, -4, -4*r2, 0]
(96, 131, 164, 8, 136, 48, 17, 145)->[-4, 4, 0, 4*r2]
(64, 130, 3, 69, 39, 44, 186, 91)->[4, -4, 4*r2, 0]
(34, 153, 72, 115, 56, 89, 90, 189)->[0, -8, 0, 0]
