Face([162, 184, 147])
Face([141, 63, 79])
Face([12, 112, 114])
Face([80, 34, 28])
Face([138, 130, 47])
Face([27, 131, 64, 68, 20, 19, 171, 46])
Face([142, 152, 149])
Face([85, 153, 60])
Face([36, 154, 86, 163, 29, 135, 126, 53])
Face([167, 101, 158])
Face([10, 179, 88, 41, 33, 55, 49, 54])
Face([172, 148, 39, 189, 33, 55, 5, 181])
Face([3, 80, 28, 178, 78, 116, 117, 25])
Face([66, 26, 170, 169, 130, 47, 30, 132])
Face([120, 96, 23, 177, 43, 65, 183, 31])
Face([1, 87, 146, 152, 142, 67, 107, 159])
Face([4, 148, 39])
Face([9, 98, 106])
Face([8, 10, 179, 190, 185, 104, 133, 139])
Face([59, 162, 147, 100, 16, 95, 144, 188])
Face([29, 163, 76])
Face([21, 122, 175])
Face([75, 177, 23, 24, 191, 155, 109, 108])
Face([7, 128, 18])
Face([112, 114, 93, 159, 107, 151, 175, 122])
Face([59, 188, 182])
Face([19, 105, 20])
Face([37, 138, 130, 169, 81, 105, 19, 171])
Face([115, 132, 30])
Face([17, 187, 119])
Face([16, 99, 100])
Face([42, 126, 135])
Face([154, 165, 86])
Face([3, 80, 34, 7, 128, 187, 119, 137])
Face([3, 25, 137])
Face([1, 93, 159])
Face([21, 97, 173, 149, 142, 67, 151, 175])
Face([24, 96, 23])
Face([11, 70, 134])
Face([33, 41, 189])
Face([0, 45, 164, 50, 165, 154, 36, 174])
Face([35, 72, 38])
Face([43, 177, 75])
Face([71, 184, 147, 100, 99, 69, 168, 150])
Face([58, 150, 71])
Face([67, 107, 151])
Face([87, 146, 92])
Face([113, 104, 185])
Face([44, 26, 170, 81, 105, 20, 68, 118])
Face([160, 48, 73])
Face([18, 128, 187, 17, 161, 102, 72, 35])
Face([44, 66, 26])
Face([56, 156, 166])
Face([61, 178, 78])
Face([38, 72, 102, 125, 140, 116, 78, 61])
Face([191, 82, 155])
Face([174, 36, 53])
Face([129, 90, 52])
Face([6, 27, 131])
Face([0, 62, 79, 63, 42, 126, 53, 174])
Face([40, 121, 94])
Face([40, 141, 63, 42, 135, 29, 76, 94])
Face([2, 186, 22])
Face([117, 116, 140])
Face([98, 82, 155, 109, 74, 145, 124, 106])
Face([70, 134, 58, 71, 184, 162, 59, 182])
Face([8, 139, 127, 14, 181, 5, 49, 54])
Face([7, 18, 35, 38, 61, 178, 28, 34])
Face([37, 171, 46])
Face([57, 160, 73, 60, 153, 52, 90, 110])
Face([118, 64, 68])
Face([94, 121, 89, 50, 165, 86, 163, 76])
Face([123, 145, 124])
Face([6, 115, 132, 66, 44, 118, 64, 131])
Face([92, 146, 152, 149, 173, 103, 157, 111])
Face([170, 81, 169])
Face([45, 164, 89, 121, 40, 141, 79, 62])
Face([0, 62, 45])
Face([65, 84, 183])
Face([13, 129, 52, 153, 85, 15, 51, 180])
Face([22, 83, 57, 160, 48, 166, 56, 186])
Face([16, 99, 69, 77, 158, 101, 143, 95])
Face([15, 136, 156, 166, 48, 73, 60, 85])
Face([139, 133, 127])
Face([14, 172, 181])
Face([13, 176, 180])
Face([25, 137, 119, 17, 161, 125, 140, 117])
Face([32, 120, 31])
Face([69, 168, 77])
Face([91, 157, 111])
Face([8, 10, 54])
Face([43, 65, 84, 123, 145, 74, 108, 75])
Face([4, 113, 185, 190, 88, 41, 189, 39])
Face([5, 49, 55])
Face([176, 2, 186, 56, 156, 136, 51, 180])
Face([12, 114, 93, 1, 87, 92, 111, 91])
Face([15, 136, 51])
Face([14, 172, 148, 4, 113, 104, 133, 127])
Face([12, 112, 122, 21, 97, 103, 157, 91])
Face([9, 32, 31, 183, 84, 123, 124, 106])
Face([108, 74, 109])
Face([95, 144, 143])
Face([164, 89, 50])
Face([11, 70, 182, 188, 144, 143, 101, 167])
Face([57, 83, 110])
Face([11, 134, 58, 150, 168, 77, 158, 167])
Face([179, 88, 190])
Face([161, 125, 102])
Face([9, 32, 120, 96, 24, 191, 82, 98])
Face([6, 27, 46, 37, 138, 47, 30, 115])
Face([13, 176, 2, 22, 83, 110, 90, 129])
Face([97, 173, 103])
