(0, 129, 3, 4, 11, 146, 19, 24, 29, 32, 161, 163, 164, 178, 52, 68, 80, 90, 102, 108, 115, 117, 124, 125)->[-4, 0, 4, 0]
(0, 129, 3, 131, 142, 17, 19, 27, 162, 164, 170, 52, 53, 55, 58, 60, 188, 95, 106, 110, 111, 113, 116, 118)->[0, 0, 4, -4]
(0, 2, 3, 131, 17, 18, 146, 161, 36, 43, 44, 46, 59, 189, 66, 69, 80, 89, 90, 95, 98, 105, 118, 119)->[0, -4, 4, 0]
(0, 142, 80, 18, 178, 52, 118, 156)->[-4, -4, 4, -4]
(7, 136, 10, 139, 143, 23, 155, 39, 169, 46, 177, 189, 66, 69, 70, 71, 77, 79, 81, 98, 103, 107, 112, 119)->[0, -4, 0, 4]
(9, 13, 141, 16, 25, 153, 30, 34, 168, 175, 49, 181, 183, 74, 83, 85, 88, 92, 99, 100, 109, 114, 121, 127)->[-4, 0, -4, 0]
(2, 15, 17, 150, 26, 159, 31, 165, 170, 43, 44, 176, 179, 53, 55, 57, 186, 75, 78, 95, 97, 105, 116, 123)->[4, 0, 4, 0]
(131, 14, 142, 18, 27, 28, 156, 158, 36, 42, 171, 54, 59, 61, 191, 76, 86, 89, 91, 111, 113, 118, 122, 126)->[0, -4, 0, -4]
(5, 12, 145, 147, 20, 148, 151, 162, 38, 40, 50, 51, 182, 184, 58, 60, 188, 62, 190, 65, 82, 96, 106, 110)->[0, 4, 0, -4]
(128, 130, 6, 135, 140, 21, 149, 152, 154, 160, 33, 166, 167, 172, 45, 56, 185, 64, 72, 84, 93, 94, 101, 120)->[4, 0, -4, 0]
(1, 132, 133, 134, 8, 137, 138, 144, 22, 157, 35, 37, 41, 173, 174, 47, 48, 180, 187, 63, 67, 73, 87, 104)->[0, 4, 0, 4]
(1, 132, 135, 136, 138, 140, 13, 143, 16, 37, 166, 168, 169, 48, 177, 63, 64, 72, 81, 83, 84, 88, 112, 121)->[0, 0, -4, 4]
(128, 2, 10, 149, 150, 23, 152, 26, 159, 160, 33, 42, 44, 45, 57, 59, 61, 66, 69, 70, 71, 86, 89, 91)->[4, -4, 0, 0]
(7, 11, 139, 18, 153, 25, 156, 36, 46, 175, 178, 183, 189, 191, 74, 76, 80, 85, 90, 103, 107, 117, 122, 124)->[-4, -4, 0, 0]
(6, 12, 141, 14, 147, 20, 151, 154, 28, 158, 34, 171, 51, 181, 54, 56, 185, 65, 94, 99, 101, 114, 126, 127)->[0, 0, -4, -4]
(130, 5, 133, 134, 137, 15, 145, 148, 21, 165, 167, 172, 173, 174, 176, 182, 184, 186, 62, 75, 87, 93, 120, 123)->[4, 4, 0, 0]
(4, 144, 146, 155, 29, 31, 161, 35, 163, 39, 41, 43, 179, 180, 187, 77, 78, 79, 97, 98, 104, 105, 115, 119)->[0, 0, 4, 4]
(8, 9, 22, 24, 157, 30, 32, 38, 40, 47, 49, 50, 190, 67, 68, 73, 82, 92, 96, 100, 102, 108, 109, 125)->[-4, 4, 0, 0]
(128, 5, 14, 148, 150, 151, 152, 26, 154, 42, 171, 172, 53, 186, 60, 65, 86, 93, 101, 106, 111, 113, 116, 123)->[4, 0, 0, -4]
(138, 11, 139, 16, 22, 153, 29, 30, 32, 41, 48, 49, 177, 187, 67, 77, 79, 81, 83, 85, 103, 115, 124, 125)->[-4, 0, 0, 4]
(1, 132, 8, 137, 140, 141, 147, 20, 21, 167, 168, 50, 184, 185, 62, 72, 73, 87, 88, 94, 96, 100, 109, 127)->[0, 4, -4, 0]
(129, 9, 12, 142, 24, 27, 28, 156, 34, 40, 178, 51, 52, 54, 183, 188, 74, 82, 92, 99, 102, 110, 117, 122)->[-4, 0, 0, -4]
(4, 134, 144, 145, 19, 157, 162, 35, 163, 164, 38, 165, 170, 173, 47, 176, 179, 182, 55, 58, 190, 68, 78, 108)->[0, 4, 4, 0]
(130, 133, 135, 136, 10, 15, 149, 23, 155, 31, 159, 160, 37, 39, 169, 174, 180, 57, 63, 75, 84, 97, 104, 120)->[4, 0, 0, 4]
(6, 7, 13, 143, 25, 158, 33, 166, 45, 175, 181, 56, 61, 191, 64, 70, 71, 76, 91, 107, 112, 114, 121, 126)->[0, -4, -4, 0]
(36, 69, 7, 71, 46, 59, 61, 191)->[0, -8, 0, 0]
(67, 4, 68, 41, 144, 115, 157, 125)->[-4, 4, 4, 4]
(97, 2, 66, 39, 10, 43, 119, 57)->[4, -4, 4, 4]
(99, 76, 181, 54, 183, 25, 122, 158)->[-4, -4, -4, -4]
(129, 162, 164, 102, 108, 110, 82, 190)->[-4, 4, 4, -4]
(104, 169, 187, 79, 48, 81, 155, 63)->[0, 0, 0, 8]
(70, 135, 136, 166, 45, 112, 149, 23)->[4, -4, -4, 4]
(32, 74, 124, 49, 85, 117, 24, 92)->[-8, 0, 0, 0]
(103, 107, 13, 143, 175, 177, 83, 153)->[-4, -4, -4, 4]
(64, 185, 140, 114, 56, 121, 88, 127)->[0, 0, -8, 0]
(3, 163, 105, 170, 146, 19, 179, 95)->[0, 0, 8, 0]
(1, 168, 73, 138, 109, 16, 22, 30)->[-4, 4, -4, 4]
(101, 147, 148, 21, 151, 62, 93, 94)->[4, 4, -4, -4]
(131, 44, 111, 17, 116, 86, 89, 26)->[4, -4, 4, -4]
(96, 34, 100, 40, 9, 12, 141, 20)->[-4, 4, -4, -4]
(35, 173, 78, 15, 174, 176, 180, 31)->[4, 4, 4, 4]
(65, 106, 171, 113, 188, 51, 27, 28)->[0, 0, 0, -8]
(5, 165, 186, 145, 53, 55, 58, 60)->[4, 4, 4, -4]
(161, 98, 11, 139, 77, 189, 90, 29)->[-4, -4, 4, 4]
(132, 37, 133, 167, 72, 84, 87, 120)->[4, 4, -4, 4]
(160, 130, 75, 172, 150, 152, 123, 159)->[8, 0, 0, 0]
(134, 38, 8, 137, 47, 50, 182, 184)->[0, 8, 0, 0]
(128, 33, 6, 42, 14, 154, 91, 126)->[4, -4, -4, -4]
