(0, 35, 9, 11, 75, 18, 19, 20, 22, 57, 26, 60)->[4, 4, 0, 0]
(0, 65, 2, 34, 69, 11, 15, 79, 17, 19, 23, 91)->[0, 4, 4, 0]
(0, 40, 11, 13, 17, 20, 91, 60)->[4, 4, 4, 4]
(0, 2, 69, 75, 48, 19, 53, 26)->[4, 4, 4, -4]
(0, 69, 90, 40, 72, 42, 20, 53, 85, 26, 91, 92)->[4, 0, 4, 0]
(5, 70, 10, 74, 77, 78, 82, 84, 86, 55, 89, 28)->[0, 0, -4, -4]
(3, 4, 39, 8, 42, 47, 50, 85, 87, 56, 90, 59)->[4, -4, 0, 0]
(64, 33, 34, 41, 43, 14, 15, 46, 21, 23, 24, 25)->[-4, 4, 0, 0]
(2, 69, 71, 72, 76, 45, 79, 48, 81, 52, 53, 27)->[0, 0, 4, -4]
(66, 36, 68, 38, 73, 44, 80, 95, 30, 93, 62, 63)->[0, 0, -4, 4]
(32, 1, 37, 6, 7, 49, 51, 83, 54, 88, 29, 31)->[-4, -4, 0, 0]
(65, 67, 40, 12, 13, 16, 17, 58, 91, 92, 61, 94)->[0, 0, 4, 4]
(3, 68, 7, 8, 73, 74, 50, 82, 55, 88, 93, 31)->[0, -4, -4, 0]
(32, 67, 72, 42, 76, 47, 81, 83, 54, 59, 92, 61)->[0, -4, 4, 0]
(89, 66, 70, 9, 14, 78, 80, 18, 21, 24, 57, 62)->[0, 4, -4, 0]
(33, 6, 71, 43, 46, 51, 52, 84, 86, 27, 28, 29)->[-4, 0, 0, -4]
(64, 1, 36, 37, 38, 41, 44, 16, 49, 25, 58, 94)->[-4, 0, 0, 4]
(5, 90, 39, 10, 75, 45, 77, 48, 53, 22, 87, 26)->[4, 0, 0, -4]
(35, 4, 40, 12, 13, 20, 85, 95, 56, 60, 30, 63)->[4, 0, 0, 4]
(5, 39, 8, 10, 74, 50, 87, 55)->[4, -4, -4, -4]
(39, 72, 42, 76, 45, 53, 90, 59)->[4, -4, 4, -4]
(9, 11, 14, 15, 18, 19, 21, 23)->[0, 8, 0, 0]
(89, 70, 10, 75, 77, 18, 22, 57)->[4, 4, -4, -4]
(65, 34, 41, 15, 17, 25, 58, 94)->[-4, 4, 4, 4]
(32, 6, 71, 76, 81, 51, 52, 83)->[-4, -4, 4, -4]
(64, 1, 6, 41, 43, 46, 49, 29)->[-8, 0, 0, 0]
(33, 2, 34, 71, 46, 79, 23, 27)->[-4, 4, 4, -4]
(35, 9, 80, 62, 57, 60, 30, 95)->[4, 4, -4, 4]
(64, 66, 36, 44, 14, 80, 24, 25)->[-4, 4, -4, 4]
(35, 4, 90, 20, 85, 22, 87, 26)->[8, 0, 0, 0]
(66, 68, 70, 74, 78, 82, 93, 62)->[0, 0, -8, 0]
(40, 42, 12, 47, 85, 56, 92, 61)->[4, -4, 4, 4]
(82, 51, 86, 55, 88, 28, 29, 31)->[-4, -4, -4, -4]
(32, 3, 7, 8, 47, 54, 88, 59)->[0, -8, 0, 0]
(5, 45, 77, 48, 52, 84, 86, 27)->[0, 0, 0, -8]
(68, 37, 38, 7, 73, 44, 49, 31)->[-4, -4, -4, 4]
(3, 4, 73, 50, 56, 93, 95, 63)->[4, -4, -4, 4]
(36, 38, 12, 13, 16, 94, 30, 63)->[0, 0, 0, 8]
(65, 67, 69, 72, 79, 81, 91, 92)->[0, 0, 8, 0]
(1, 67, 37, 16, 83, 54, 58, 61)->[-4, -4, 4, 4]
(33, 43, 78, 84, 21, 24, 89, 28)->[-4, 4, -4, -4]
(32, 5, 39, 8, 76, 45, 51, 52, 86, 55, 88, 59)->[0, -4, 0, -4]
(33, 2, 75, 77, 48, 18, 19, 84, 21, 23, 89, 27)->[0, 4, 0, -4]
(36, 9, 11, 13, 14, 15, 80, 17, 94, 25, 60, 30)->[0, 4, 0, 4]
(1, 34, 65, 67, 6, 71, 41, 46, 79, 81, 83, 58)->[-4, 0, 4, 0]
(35, 4, 70, 10, 74, 50, 22, 87, 57, 93, 62, 95)->[4, 0, -4, 0]
(64, 66, 68, 43, 44, 78, 49, 82, 24, 28, 29, 31)->[-4, 0, -4, 0]
(3, 37, 38, 7, 73, 12, 47, 16, 54, 56, 61, 63)->[0, -4, 0, 4]
