(0, 1, 33, 70, 10, 42, 83, 84, 21, 23, 25, 59)->[4, 0, 0, -4]
(0, 33, 35, 70, 80, 81, 21, 58)->[0, 0, 0, -8]
(0, 35, 67, 75, 12, 77, 80, 21, 86, 55, 90, 59)->[0, 0, 4, -4]
(0, 35, 6, 70, 40, 9, 41, 42, 75, 76, 82, 58)->[0, 4, 0, -4]
(0, 38, 40, 42, 75, 77, 23, 59)->[4, 4, 4, -4]
(32, 2, 3, 68, 6, 41, 73, 13, 49, 82, 20, 62)->[0, 4, -4, 0]
(34, 66, 37, 8, 43, 47, 48, 19, 54, 57, 92, 61)->[0, -4, -4, 0]
(35, 5, 9, 80, 81, 22, 86, 24, 58, 88, 93, 94)->[-4, 0, 0, -4]
(36, 11, 14, 78, 16, 18, 50, 52, 85, 56, 28, 30)->[4, 0, 0, 4]
(64, 69, 71, 72, 74, 45, 17, 87, 26, 27, 29, 63)->[-4, 0, 0, 4]
(65, 67, 38, 39, 40, 75, 44, 76, 77, 79, 53, 31)->[0, 4, 4, 0]
(4, 7, 12, 46, 15, 51, 55, 89, 90, 91, 60, 95)->[0, -4, 4, 0]
(32, 3, 36, 73, 11, 13, 56, 30)->[4, 4, -4, 4]
(1, 33, 10, 43, 19, 84, 92, 61)->[4, -4, -4, -4]
(37, 8, 72, 74, 54, 87, 57, 29)->[-4, -4, -4, 4]
(64, 68, 74, 45, 13, 17, 49, 20)->[-4, 4, -4, 4]
(1, 2, 3, 6, 70, 41, 42, 25)->[4, 4, -4, -4]
(5, 46, 80, 22, 55, 86, 90, 91)->[-4, -4, 4, -4]
(71, 72, 45, 14, 16, 85, 56, 26)->[0, 0, 0, 8]
(66, 46, 47, 51, 54, 89, 61, 95)->[0, -8, 0, 0]
(34, 66, 8, 11, 16, 18, 19, 52)->[4, -4, -4, 4]
(64, 93, 22, 24, 27, 29, 94, 63)->[-8, 0, 0, 0]
(32, 40, 41, 76, 79, 49, 82, 31)->[0, 8, 0, 0]
(37, 5, 47, 48, 81, 24, 88, 92)->[-4, -4, -4, -4]
(69, 7, 71, 91, 51, 87, 27, 60)->[-4, -4, 4, 4]
(2, 34, 68, 73, 43, 48, 57, 62)->[0, 0, -8, 0]
(4, 7, 14, 15, 78, 18, 50, 95)->[4, -4, 4, 4]
(4, 10, 12, 83, 21, 89, 90, 59)->[4, -4, 4, -4]
(6, 9, 82, 20, 88, 94, 58, 62)->[-4, 4, -4, -4]
(67, 39, 12, 44, 77, 15, 55, 60)->[0, 0, 8, 0]
(65, 67, 35, 9, 75, 76, 86, 93)->[-4, 4, 4, -4]
(36, 38, 44, 78, 53, 85, 28, 31)->[4, 4, 4, 4]
(65, 69, 39, 79, 17, 53, 26, 63)->[-4, 4, 4, 4]
(50, 83, 52, 84, 23, 25, 28, 30)->[8, 0, 0, 0]
(34, 68, 8, 72, 73, 11, 74, 13, 45, 16, 56, 57)->[0, 0, -4, 4]
(66, 4, 10, 18, 19, 50, 52, 83, 84, 89, 61, 95)->[4, -4, 0, 0]
(5, 37, 91, 46, 47, 51, 22, 54, 24, 87, 27, 29)->[-4, -4, 0, 0]
(1, 2, 33, 6, 70, 43, 48, 81, 88, 58, 92, 62)->[0, 0, -4, -4]
(64, 65, 9, 76, 79, 17, 49, 82, 20, 93, 94, 63)->[-4, 4, 0, 0]
(69, 39, 7, 71, 44, 14, 15, 78, 53, 85, 26, 60)->[0, 0, 4, 4]
(32, 3, 36, 38, 40, 41, 42, 23, 25, 28, 30, 31)->[4, 4, 0, 0]
(1, 2, 3, 34, 73, 11, 43, 19, 52, 84, 25, 30)->[4, 0, -4, 0]
(33, 5, 10, 46, 47, 80, 81, 21, 89, 90, 92, 61)->[0, -4, 0, -4]
(66, 7, 8, 71, 72, 14, 16, 18, 51, 54, 87, 95)->[0, -4, 0, 4]
(32, 36, 13, 45, 79, 17, 49, 53, 85, 56, 26, 31)->[0, 4, 0, 4]
(65, 67, 69, 39, 91, 22, 55, 86, 27, 60, 93, 63)->[-4, 0, 4, 0]
(64, 68, 37, 74, 48, 20, 94, 24, 57, 88, 29, 62)->[-4, 0, -4, 0]
(4, 38, 12, 44, 77, 15, 78, 50, 83, 23, 59, 28)->[4, 0, 4, 0]
