Face([12, 8, 69])
Face([13, 24, 83])
Face([54, 67, 72, 92, 65, 52])
Face([40, 80, 90, 25, 94, 84])
Face([83, 36, 8, 78])
Face([11, 34, 85, 55, 17, 20])
Face([1, 21, 37])
Face([21, 20, 17, 3, 68, 37])
Face([62, 73, 29, 59, 81, 42])
Face([22, 72, 67, 44])
Face([51, 9, 31, 73, 29, 41])
Face([5, 58, 47, 31, 73, 82])
Face([19, 40, 32, 87, 63, 74])
Face([88, 18, 76, 69, 8, 78])
Face([65, 60, 86, 92])
Face([57, 16, 51, 41])
Face([26, 27, 35, 6])
Face([62, 73, 31])
Face([21, 13, 24, 84, 94, 37])
Face([14, 16, 51, 9, 28, 55])
Face([14, 16, 39])
Face([59, 81, 56, 66])
Face([1, 37, 68, 26, 27, 71])
Face([46, 51, 41, 59, 81, 49])
Face([61, 72, 92])
Face([49, 81, 42])
Face([88, 18, 22, 72, 92, 86])
Face([5, 82, 75, 35, 27, 95])
Face([1, 88, 18, 71])
Face([0, 48, 93, 79])
Face([17, 77, 58, 47, 28, 55])
Face([12, 61, 72, 22, 76, 69])
Face([18, 76, 22])
Face([82, 73, 29, 75])
Face([91, 69, 76, 70])
Face([33, 80, 90, 39])
Face([61, 72, 67, 66, 56, 50])
Face([3, 26, 68])
Face([24, 32, 87, 89, 36, 83])
Face([26, 68, 25, 30, 15, 6])
Face([30, 25, 90])
Face([54, 66, 67])
Face([61, 50, 43, 45, 65, 92])
Face([9, 28, 47, 31])
Face([15, 57, 16, 39, 90, 30])
Face([24, 32, 40, 84])
Face([19, 40, 80])
Face([17, 20, 77])
Face([1, 88, 86, 60, 94, 37])
Face([19, 40, 84, 60, 65, 45])
Face([54, 66, 56, 43, 45, 52])
Face([3, 17, 55, 14])
Face([30, 90, 80, 19, 45, 52])
Face([4, 53, 87, 63, 23, 7])
Face([12, 8, 78, 86, 92, 61])
Face([11, 20, 21, 13])
Face([45, 65, 52])
Face([34, 53, 4, 85])
Face([79, 58, 5, 70, 91, 93])
Face([53, 32, 87])
Face([7, 33, 80, 19, 74, 23])
Face([2, 91, 70, 82, 73, 62])
Face([29, 59, 41])
Face([5, 82, 70])
Face([4, 33, 80, 40, 32, 53])
Face([15, 57, 41, 59, 66, 54])
Face([71, 27, 95])
Face([11, 34, 53, 32, 24, 13])
Face([5, 58, 77, 95])
Face([2, 38, 42, 62])
Face([48, 89, 36])
Face([79, 93, 2, 62, 31, 47])
Face([71, 18, 22, 44, 35, 27])
Face([3, 26, 6, 57, 16, 14])
Face([24, 83, 78, 86, 60, 84])
Face([70, 82, 75, 44, 22, 76])
Face([30, 25, 94, 60, 65, 52])
Face([37, 68, 25, 94])
Face([4, 33, 7])
Face([84, 60, 94])
Face([2, 91, 93])
Face([23, 49, 81, 56, 43, 74])
Face([79, 58, 47])
Face([2, 91, 69, 12, 10, 38])
Face([14, 39, 33, 4, 85, 55])
Face([6, 57, 41, 29, 75, 35])
Face([48, 89, 64, 38, 2, 93])
Face([44, 67, 66, 59, 29, 75])
Face([12, 10, 50, 61])
Face([3, 68, 25, 90, 39, 14])
Face([63, 64, 89, 87])
Face([1, 21, 20, 77, 95, 71])
Face([85, 28, 55])
Face([48, 36, 8, 69, 91, 93])
Face([0, 34, 85, 28, 47, 79])
Face([0, 48, 36, 83, 13, 11])
Face([6, 57, 15])
Face([23, 74, 63])
Face([88, 78, 86])
Face([0, 11, 20, 77, 58, 79])
Face([38, 10, 50, 56, 81, 42])
Face([74, 43, 50, 10, 64, 63])
Face([15, 30, 52, 54])
Face([19, 74, 43, 45])
Face([7, 46, 49, 23])
Face([0, 48, 89, 87, 53, 34])
Face([38, 64, 63, 23, 49, 42])
Face([46, 9, 51])
Face([1, 88, 78, 83, 13, 21])
Face([6, 35, 44, 67, 54, 15])
Face([3, 17, 77, 95, 27, 26])
Face([50, 56, 43])
Face([0, 34, 11])
Face([38, 64, 10])
Face([71, 18, 76, 70, 5, 95])
Face([62, 42, 49, 46, 9, 31])
Face([12, 8, 36, 89, 64, 10])
Face([7, 33, 39, 16, 51, 46])
Face([35, 75, 44])
Face([4, 85, 28, 9, 46, 7])
