Face([4, 33, 54, 94, 24, 6])
Face([7, 16, 10])
Face([45, 80, 90, 57])
Face([91, 84, 9])
Face([64, 72, 63])
Face([11, 29, 3, 37, 14, 13])
Face([8, 78, 79])
Face([66, 42, 89, 88, 83, 95])
Face([73, 34, 35])
Face([6, 24, 51, 0, 75, 41])
Face([44, 70, 28, 66, 42, 39])
Face([5, 48, 88, 83, 61, 23])
Face([44, 58, 87, 31, 69, 70])
Face([92, 1, 55, 47, 39, 42])
Face([55, 26, 62, 87, 58, 47])
Face([15, 1, 55, 71, 17, 74])
Face([13, 91, 9, 17, 74, 20])
Face([92, 8, 66, 42])
Face([7, 16, 22, 90, 80, 36])
Face([33, 82, 58, 44, 12, 27])
Face([21, 32, 49, 69, 60, 65])
Face([66, 28, 95])
Face([1, 30, 26, 55])
Face([5, 48, 67, 74, 20, 11])
Face([77, 83, 61, 50, 0, 93])
Face([30, 90, 22])
Face([92, 8, 78, 22, 30, 1])
Face([2, 25, 57])
Face([16, 56, 78, 22])
Face([0, 75, 93])
Face([39, 89, 42])
Face([37, 3, 59, 35])
Face([38, 48, 88, 77, 93, 75])
Face([33, 82, 87, 31, 60, 54])
Face([41, 75, 38, 84])
Face([8, 66, 95, 68, 76, 79])
Face([38, 48, 67, 17, 9, 84])
Face([27, 93, 0, 51, 94, 54])
Face([7, 10, 62, 19, 18, 36])
Face([10, 16, 22, 30, 26, 62])
Face([51, 85, 43, 21, 65, 94])
Face([56, 32, 49])
Face([36, 80, 45, 37, 35, 34])
Face([11, 29, 86, 25, 2, 20])
Face([23, 61, 68, 76, 86, 29])
Face([5, 48, 38])
Face([74, 17, 67])
Face([91, 81, 53, 72, 63, 9])
Face([6, 24, 73, 46])
Face([61, 83, 95, 68])
Face([23, 50, 61])
Face([36, 80, 18])
Face([15, 1, 30, 90, 57, 2])
Face([15, 74, 67, 89, 42, 92])
Face([3, 29, 86])
Face([12, 44, 70])
Face([52, 68, 76])
Face([32, 49, 28, 95, 68, 52])
Face([15, 2, 25, 79, 8, 92])
Face([4, 33, 27, 93, 75, 41])
Face([13, 20, 2, 57, 45, 14])
Face([33, 27, 54])
Face([55, 47, 71])
Face([18, 19, 72, 53])
Face([12, 77, 83, 95, 28, 70])
Face([7, 10, 31, 60, 65, 40])
Face([4, 64, 72, 53, 46, 6])
Face([4, 64, 63, 9, 84, 41])
Face([24, 51, 94])
Face([11, 20, 13])
Face([31, 60, 69])
Face([23, 50, 85, 59, 3, 29])
Face([14, 81, 53, 18, 80, 45])
Face([55, 26, 19, 72, 63, 71])
Face([12, 27, 93, 77])
Face([3, 59, 43, 52, 76, 86])
Face([24, 73, 35, 59, 85, 51])
Face([17, 67, 89, 39, 47, 71])
Face([7, 16, 56, 32, 21, 40])
Face([13, 91, 81, 14])
Face([25, 86, 76, 79])
Face([40, 34, 35, 59, 43, 21])
Face([6, 41, 84, 91, 81, 46])
Face([24, 73, 34, 40, 65, 94])
Face([4, 6, 41])
Face([30, 26, 19, 18, 80, 90])
Face([4, 64, 82, 33])
Face([5, 11, 29, 23])
Face([7, 40, 34, 36])
Face([25, 57, 90, 22, 78, 79])
Face([21, 32, 52, 43])
Face([12, 27, 54, 60, 69, 70])
Face([87, 58, 82])
Face([56, 32, 52, 76, 79, 78])
Face([15, 1, 92])
Face([50, 61, 68, 52, 43, 85])
Face([19, 26, 62])
Face([46, 73, 35, 37, 14, 81])
Face([94, 65, 60, 54])
Face([14, 37, 45])
Face([5, 11, 13, 91, 84, 38])
Face([46, 73, 34, 36, 18, 53])
Face([64, 82, 58, 47, 71, 63])
Face([10, 62, 87, 31])
Face([40, 65, 21])
Face([12, 44, 39, 89, 88, 77])
Face([64, 72, 19, 62, 87, 82])
Face([44, 58, 47, 39])
Face([20, 74, 15, 2])
Face([5, 38, 75, 0, 50, 23])
Face([0, 51, 85, 50])
Face([70, 28, 49, 69])
Face([48, 88, 89, 67])
Face([77, 88, 83])
Face([46, 81, 53])
Face([56, 49, 28, 66, 8, 78])
Face([17, 9, 63, 71])
Face([59, 43, 85])
Face([10, 16, 56, 49, 69, 31])
Face([37, 3, 86, 25, 57, 45])
