[0, 741]
[0, 1372]
[0, 2116]
[1, 1153]
[1, 1471]
[1, 1583]
[2, 209]
[2, 1458]
[2, 1938]
[3, 1042]
[3, 1654]
[3, 1677]
[4, 276]
[4, 1279]
[4, 2272]
[5, 223]
[5, 786]
[5, 1331]
[6, 162]
[6, 674]
[6, 1401]
[7, 1607]
[7, 1651]
[7, 2137]
[8, 524]
[8, 1789]
[8, 2303]
[9, 302]
[9, 567]
[9, 1700]
[10, 472]
[10, 561]
[10, 1146]
[11, 141]
[11, 148]
[11, 1729]
[12, 545]
[12, 698]
[12, 1288]
[13, 125]
[13, 983]
[13, 1409]
[14, 955]
[14, 1027]
[14, 1476]
[15, 854]
[15, 1747]
[15, 1796]
[16, 664]
[16, 753]
[16, 1910]
[17, 166]
[17, 208]
[17, 1340]
[18, 842]
[18, 914]
[18, 1517]
[19, 543]
[19, 1124]
[19, 1338]
[20, 155]
[20, 415]
[20, 589]
[21, 180]
[21, 1159]
[21, 2369]
[22, 774]
[22, 1474]
[22, 1602]
[23, 693]
[23, 750]
[23, 1131]
[24, 1570]
[24, 1806]
[24, 1921]
[25, 278]
[25, 742]
[25, 1151]
[26, 1828]
[26, 2275]
[26, 2280]
[27, 111]
[27, 506]
[27, 1556]
[28, 40]
[28, 204]
[28, 2209]
[29, 455]
[29, 675]
[29, 1055]
[30, 257]
[30, 1129]
[30, 1968]
[31, 1553]
[31, 1825]
[31, 2231]
[32, 541]
[32, 1839]
[32, 1852]
[33, 1206]
[33, 1224]
[33, 1371]
[34, 74]
[34, 486]
[34, 1848]
[35, 89]
[35, 308]
[35, 1363]
[36, 331]
[36, 419]
[36, 1344]
[37, 845]
[37, 1037]
[37, 1660]
[38, 176]
[38, 1247]
[38, 2163]
[39, 1404]
[39, 1743]
[39, 2216]
[40, 328]
[40, 1035]
[41, 1123]
[41, 1680]
[41, 2080]
[42, 607]
[42, 1967]
[42, 2191]
[43, 1243]
[43, 1369]
[43, 2163]
[44, 163]
[44, 600]
[44, 2340]
[45, 460]
[45, 488]
[45, 844]
[46, 662]
[46, 840]
[46, 1977]
[47, 596]
[47, 1965]
[47, 2060]
[48, 213]
[48, 1017]
[48, 1574]
[49, 406]
[49, 1304]
[49, 1881]
[50, 342]
[50, 1125]
[50, 1414]
[51, 280]
[51, 722]
[51, 2359]
[52, 95]
[52, 700]
[52, 2348]
[53, 914]
[53, 1135]
[53, 1627]
[54, 267]
[54, 1280]
[54, 1771]
[55, 597]
[55, 2159]
[55, 2179]
[56, 570]
[56, 1482]
[56, 2019]
[57, 1218]
[57, 1840]
[57, 2074]
[58, 512]
[58, 1067]
[58, 1327]
[59, 478]
[59, 1416]
[59, 2093]
[60, 975]
[60, 1540]
[60, 2041]
[61, 152]
[61, 667]
[61, 2193]
[62, 168]
[62, 1843]
[62, 2253]
[63, 81]
[63, 620]
[63, 1454]
[64, 109]
[64, 1319]
[64, 1925]
[65, 326]
[65, 1216]
[65, 1975]
[66, 327]
[66, 333]
[66, 2149]
[67, 552]
[67, 1172]
[67, 2221]
[68, 471]
[68, 981]
[68, 2022]
[69, 864]
[69, 1079]
[69, 1531]
[70, 865]
[70, 1283]
[70, 1715]
[71, 349]
[71, 814]
[71, 1854]
[72, 1080]
[72, 1337]
[72, 1516]
[73, 578]
[73, 975]
[73, 1663]
[74, 937]
[74, 1728]
[75, 201]
[75, 309]
[75, 574]
[76, 1096]
[76, 1162]
[76, 1376]
[77, 728]
[77, 949]
[77, 2230]
[78, 1310]
[78, 1740]
[78, 2366]
[79, 1267]
[79, 2105]
[79, 2194]
[80, 1046]
[80, 1357]
[80, 2223]
[81, 284]
[81, 1212]
[82, 724]
[82, 774]
[82, 1978]
[83, 597]
[83, 651]
[83, 2090]
[84, 138]
[84, 1366]
[84, 1404]
[85, 810]
[85, 943]
[85, 1876]
[86, 1291]
[86, 1628]
[86, 2111]
[87, 1638]
[87, 2036]
[87, 2183]
[88, 441]
[88, 1028]
[88, 2161]
[89, 581]
[89, 1628]
[90, 250]
[90, 1655]
[90, 1978]
[91, 481]
[91, 1330]
[91, 1398]
[92, 187]
[92, 383]
[92, 511]
[93, 1046]
[93, 2085]
[93, 2170]
[94, 469]
[94, 1256]
[94, 1689]
[95, 740]
[95, 1020]
[96, 673]
[96, 1546]
[96, 1846]
[97, 235]
[97, 377]
[97, 1586]
[98, 907]
[98, 1251]
[98, 1493]
[99, 341]
[99, 595]
[99, 2308]
[100, 1064]
[100, 1244]
[100, 1795]
[101, 475]
[101, 477]
[101, 1204]
[102, 514]
[102, 1231]
[102, 1506]
[103, 508]
[103, 528]
[103, 1985]
[104, 1646]
[104, 1687]
[104, 2287]
[105, 216]
[105, 1108]
[105, 1219]
[106, 1489]
[106, 1777]
[106, 2388]
[107, 697]
[107, 1226]
[107, 1438]
[108, 353]
[108, 1233]
[108, 1372]
[109, 114]
[109, 193]
[110, 200]
[110, 645]
[110, 994]
[111, 1614]
[111, 1784]
[112, 953]
[112, 1464]
[112, 1742]
[113, 1497]
[113, 1808]
[113, 2118]
[114, 1609]
[114, 1737]
[115, 451]
[115, 1284]
[115, 1560]
[116, 1216]
[116, 1992]
[116, 2184]
[117, 434]
[117, 2078]
[117, 2286]
[118, 173]
[118, 1045]
[118, 2117]
[119, 205]
[119, 224]
[119, 2029]
[120, 315]
[120, 817]
[120, 2290]
[121, 215]
[121, 1657]
[121, 2120]
[122, 2129]
[122, 2222]
[122, 2353]
[123, 1140]
[123, 1814]
[123, 2227]
[124, 952]
[124, 1686]
[124, 2282]
[125, 754]
[125, 1162]
[126, 147]
[126, 1793]
[126, 2254]
[127, 348]
[127, 456]
[127, 1698]
[128, 638]
[128, 1678]
[128, 1830]
[129, 566]
[129, 610]
[129, 1232]
[130, 964]
[130, 969]
[130, 1559]
[131, 1872]
[131, 1967]
[131, 2123]
[132, 311]
[132, 1459]
[132, 2357]
[133, 931]
[133, 1012]
[133, 2215]
[134, 381]
[134, 2020]
[134, 2196]
[135, 164]
[135, 1055]
[135, 1107]
[136, 406]
[136, 725]
[136, 1829]
[137, 945]
[137, 1810]
[137, 2017]
[138, 1097]
[138, 1349]
[139, 254]
[139, 382]
[139, 1501]
[140, 1460]
[140, 1520]
[140, 1982]
[141, 198]
[141, 1023]
[142, 1684]
[142, 1769]
[142, 1994]
[143, 603]
[143, 2099]
[143, 2122]
[144, 1309]
[144, 1896]
[144, 2300]
[145, 1496]
[145, 1686]
[145, 2115]
[146, 1048]
[146, 2036]
[146, 2069]
[147, 1344]
[147, 1690]
[148, 306]
[148, 1823]
[149, 1256]
[149, 1390]
[149, 1927]
[150, 771]
[150, 1044]
[150, 2010]
[151, 1043]
[151, 1167]
[151, 1383]
[152, 540]
[152, 1436]
[153, 1627]
[153, 2190]
[153, 2206]
[154, 170]
[154, 1127]
[154, 2142]
[155, 1882]
[155, 2108]
[156, 175]
[156, 1274]
[156, 1469]
[157, 394]
[157, 553]
[157, 2117]
[158, 512]
[158, 905]
[158, 1516]
[159, 1831]
[159, 1996]
[159, 2229]
[160, 246]
[160, 1403]
[160, 1493]
[161, 500]
[161, 558]
[161, 1040]
[162, 1269]
[162, 1987]
[163, 1290]
[163, 1594]
[164, 675]
[164, 1831]
[165, 948]
[165, 1064]
[165, 2165]
[166, 1175]
[166, 2016]
[167, 1393]
[167, 1755]
[167, 2134]
[168, 1049]
[168, 1184]
[169, 488]
[169, 1741]
[169, 2256]
[170, 635]
[170, 985]
[171, 575]
[171, 1352]
[171, 1750]
[172, 624]
[172, 1481]
[172, 2391]
[173, 394]
[173, 572]
[174, 609]
[174, 1347]
[174, 1838]
[175, 769]
[175, 1530]
[176, 1369]
[176, 2305]
[177, 757]
[177, 984]
[177, 1623]
[178, 739]
[178, 1527]
[178, 2371]
[179, 494]
[179, 1266]
[179, 1479]
[180, 366]
[180, 1005]
[181, 941]
[181, 1054]
[181, 1179]
[182, 591]
[182, 790]
[182, 2049]
[183, 482]
[183, 1255]
[183, 1378]
[184, 465]
[184, 1360]
[184, 2367]
[185, 746]
[185, 764]
[185, 1765]
[186, 744]
[186, 2019]
[186, 2174]
[187, 2032]
[187, 2320]
[188, 1323]
[188, 2047]
[188, 2173]
[189, 1332]
[189, 1494]
[189, 1819]
[190, 364]
[190, 1824]
[190, 1958]
[191, 637]
[191, 656]
[191, 1332]
[192, 569]
[192, 1797]
[192, 2318]
[193, 576]
[193, 1061]
[194, 893]
[194, 1003]
[194, 1668]
[195, 874]
[195, 1562]
[195, 1745]
[196, 314]
[196, 1078]
[196, 1688]
[197, 487]
[197, 631]
[197, 2231]
[198, 775]
[198, 1163]
[199, 219]
[199, 1697]
[199, 1984]
[200, 357]
[200, 731]
[201, 1554]
[201, 1877]
[202, 1174]
[202, 1301]
[202, 1633]
[203, 440]
[203, 937]
[203, 1283]
[204, 1018]
[204, 2277]
[205, 369]
[205, 447]
[206, 356]
[206, 1560]
[206, 1781]
[207, 305]
[207, 1022]
[207, 1902]
[208, 253]
[208, 433]
[209, 465]
[209, 679]
[210, 268]
[210, 1436]
[210, 1529]
[211, 1004]
[211, 1927]
[211, 2243]
[212, 587]
[212, 1276]
[212, 1403]
[213, 660]
[213, 1942]
[214, 397]
[214, 681]
[214, 1691]
[215, 929]
[215, 1995]
[216, 1804]
[216, 1934]
[217, 245]
[217, 1572]
[217, 2005]
[218, 1385]
[218, 1503]
[218, 2042]
[219, 647]
[219, 2251]
[220, 373]
[220, 1816]
[220, 2388]
[221, 1053]
[221, 1431]
[221, 1953]
[222, 322]
[222, 571]
[222, 2226]
[223, 283]
[223, 1321]
[224, 338]
[224, 498]
[225, 436]
[225, 1280]
[225, 1361]
[226, 737]
[226, 1766]
[226, 1899]
[227, 420]
[227, 1025]
[227, 2043]
[228, 935]
[228, 1536]
[228, 2166]
[229, 359]
[229, 747]
[229, 801]
[230, 328]
[230, 851]
[230, 991]
[231, 744]
[231, 1381]
[231, 1455]
[232, 618]
[232, 1849]
[232, 2056]
[233, 1346]
[233, 1692]
[233, 2105]
[234, 1724]
[234, 1792]
[234, 1980]
[235, 526]
[235, 1738]
[236, 788]
[236, 1117]
[236, 2102]
[237, 1059]
[237, 1061]
[237, 1522]
[238, 1621]
[238, 1732]
[238, 2052]
[239, 301]
[239, 1648]
[239, 1858]
[240, 1538]
[240, 1929]
[240, 2237]
[241, 331]
[241, 1011]
[241, 1759]
[242, 346]
[242, 385]
[242, 567]
[243, 296]
[243, 554]
[243, 1480]
[244, 777]
[244, 1209]
[244, 2010]
[245, 351]
[245, 1524]
[246, 907]
[246, 1276]
[247, 631]
[247, 768]
[247, 1198]
[248, 455]
[248, 502]
[248, 2229]
[249, 792]
[249, 2184]
[249, 2298]
[250, 724]
[250, 922]
[251, 262]
[251, 470]
[251, 1130]
[252, 1264]
[252, 1345]
[252, 1387]
[253, 626]
[253, 2016]
[254, 1425]
[254, 1548]
[255, 386]
[255, 1253]
[255, 1595]
[256, 681]
[256, 1336]
[256, 1581]
[257, 1187]
[257, 1220]
[258, 929]
[258, 1388]
[258, 1451]
[259, 412]
[259, 1687]
[259, 1781]
[260, 434]
[260, 882]
[260, 2104]
[261, 664]
[261, 1017]
[261, 2107]
[262, 1710]
[262, 1764]
[263, 987]
[263, 1558]
[263, 1593]
[264, 583]
[264, 1055]
[264, 2071]
[265, 1491]
[265, 1827]
[265, 1914]
[266, 364]
[266, 770]
[266, 1600]
[267, 1361]
[267, 2189]
[268, 540]
[268, 577]
[269, 1504]
[269, 2216]
[269, 2376]
[270, 743]
[270, 803]
[270, 2052]
[271, 276]
[271, 1500]
[271, 2129]
[272, 921]
[272, 1472]
[272, 2149]
[273, 429]
[273, 545]
[273, 2227]
[274, 336]
[274, 2042]
[274, 2313]
[275, 852]
[275, 1049]
[275, 1775]
[276, 1956]
[277, 544]
[277, 1837]
[277, 2392]
[278, 1543]
[278, 1969]
[279, 361]
[279, 1041]
[279, 1676]
[280, 298]
[280, 1702]
[281, 538]
[281, 932]
[281, 1926]
[282, 413]
[282, 1197]
[282, 1486]
[283, 579]
[283, 1211]
[284, 992]
[284, 1460]
[285, 472]
[285, 490]
[285, 1674]
[286, 873]
[286, 1552]
[286, 1720]
[287, 1666]
[287, 1703]
[287, 2179]
[288, 515]
[288, 730]
[288, 1526]
[289, 353]
[289, 653]
[289, 1933]
[290, 685]
[290, 1468]
[290, 1536]
[291, 953]
[291, 1185]
[291, 1861]
[292, 809]
[292, 1144]
[292, 1997]
[293, 1658]
[293, 1829]
[293, 2068]
[294, 887]
[294, 963]
[294, 1725]
[295, 301]
[295, 1008]
[295, 1352]
[296, 1661]
[296, 2219]
[297, 441]
[297, 778]
[297, 1754]
[298, 1200]
[298, 1450]
[299, 1203]
[299, 1313]
[299, 1996]
[300, 459]
[300, 1043]
[300, 1962]
[301, 923]
[302, 428]
[302, 1891]
[303, 950]
[303, 1080]
[303, 2264]
[304, 1725]
[304, 1818]
[304, 2228]
[305, 1971]
[305, 2334]
[306, 936]
[306, 1023]
[307, 642]
[307, 1021]
[307, 1442]
[308, 889]
[308, 938]
[309, 676]
[309, 1615]
[310, 549]
[310, 1902]
[310, 1971]
[311, 1466]
[311, 1900]
[312, 456]
[312, 1561]
[312, 1618]
[313, 1087]
[313, 1188]
[313, 1582]
[314, 415]
[314, 1882]
[315, 565]
[315, 663]
[316, 1878]
[316, 2264]
[316, 2379]
[317, 1863]
[317, 1913]
[317, 2086]
[318, 421]
[318, 898]
[318, 1924]
[319, 1661]
[319, 1797]
[319, 2151]
[320, 428]
[320, 1579]
[320, 2192]
[321, 402]
[321, 437]
[321, 619]
[322, 2000]
[322, 2045]
[323, 1444]
[323, 1665]
[323, 2391]
[324, 1067]
[324, 1878]
[324, 2285]
[325, 534]
[325, 712]
[325, 1748]
[326, 467]
[326, 516]
[327, 616]
[327, 1472]
[328, 2277]
[329, 493]
[329, 1605]
[329, 1707]
[330, 1006]
[330, 2139]
[330, 2303]
[331, 1844]
[332, 427]
[332, 1025]
[332, 1422]
[333, 959]
[333, 1930]
[334, 673]
[334, 1268]
[334, 1809]
[335, 1350]
[335, 1539]
[335, 2345]
[336, 1150]
[336, 1385]
[337, 923]
[337, 1648]
[337, 2361]
[338, 369]
[338, 584]
[339, 741]
[339, 858]
[339, 1112]
[340, 591]
[340, 873]
[340, 1705]
[341, 988]
[341, 1578]
[342, 1660]
[342, 1963]
[343, 582]
[343, 666]
[343, 888]
[344, 1028]
[344, 1564]
[344, 1798]
[345, 674]
[345, 1787]
[345, 1883]
[346, 902]
[346, 1700]
[347, 765]
[347, 789]
[347, 2324]
[348, 452]
[348, 1428]
[349, 1429]
[349, 2394]
[350, 657]
[350, 1016]
[350, 2345]
[351, 979]
[351, 1577]
[352, 830]
[352, 1410]
[352, 1734]
[353, 687]
[354, 513]
[354, 916]
[354, 2147]
[355, 575]
[355, 2110]
[355, 2361]
[356, 1063]
[356, 1284]
[357, 891]
[357, 1582]
[358, 1223]
[358, 1977]
[358, 2344]
[359, 633]
[359, 2342]
[360, 577]
[360, 1529]
[360, 1952]
[361, 623]
[361, 911]
[362, 730]
[362, 1786]
[362, 1801]
[363, 751]
[363, 944]
[363, 1863]
[364, 2370]
[365, 694]
[365, 747]
[365, 2234]
[366, 563]
[366, 650]
[367, 569]
[367, 934]
[367, 1722]
[368, 371]
[368, 812]
[368, 1088]
[369, 689]
[370, 592]
[370, 1355]
[370, 1624]
[371, 1763]
[371, 2083]
[372, 416]
[372, 756]
[372, 1326]
[373, 1147]
[373, 1521]
[374, 613]
[374, 1311]
[374, 1425]
[375, 1312]
[375, 1571]
[375, 2351]
[376, 924]
[376, 1034]
[376, 1456]
[377, 762]
[377, 1026]
[378, 461]
[378, 1669]
[378, 2132]
[379, 404]
[379, 573]
[379, 699]
[380, 649]
[380, 986]
[380, 2327]
[381, 941]
[381, 1945]
[382, 563]
[382, 1005]
[383, 1110]
[383, 1513]
[384, 1652]
[384, 1767]
[384, 2304]
[385, 580]
[385, 2067]
[386, 1175]
[386, 1340]
[387, 741]
[387, 1086]
[387, 1933]
[388, 965]
[388, 1797]
[388, 1905]
[389, 677]
[389, 1304]
[389, 1400]
[390, 973]
[390, 1393]
[390, 2217]
[391, 425]
[391, 1194]
[391, 2398]
[392, 544]
[392, 1608]
[392, 1637]
[393, 1316]
[393, 1360]
[393, 2023]
[394, 686]
[395, 605]
[395, 1410]
[395, 2382]
[396, 972]
[396, 1146]
[396, 1210]
[397, 772]
[397, 1336]
[398, 800]
[398, 937]
[398, 1848]
[399, 723]
[399, 793]
[399, 1002]
[400, 868]
[400, 1006]
[400, 1507]
[401, 611]
[401, 1060]
[401, 2040]
[402, 1249]
[402, 1675]
[403, 710]
[403, 1770]
[403, 2074]
[404, 987]
[404, 1132]
[405, 892]
[405, 906]
[405, 1727]
[406, 1658]
[407, 1070]
[407, 1730]
[407, 2013]
[408, 613]
[408, 880]
[408, 2369]
[409, 896]
[409, 2330]
[409, 2378]
[410, 1075]
[410, 1264]
[410, 1863]
[411, 1424]
[411, 1647]
[411, 1741]
[412, 1427]
[412, 1560]
[413, 2028]
[413, 2399]
[414, 952]
[414, 1164]
[414, 1383]
[415, 2252]
[416, 458]
[416, 1298]
[417, 1398]
[417, 2170]
[417, 2387]
[418, 857]
[418, 1562]
[418, 2230]
[419, 1098]
[419, 1690]
[420, 1193]
[420, 2232]
[421, 1227]
[421, 2284]
[422, 881]
[422, 1851]
[422, 2169]
[423, 809]
[423, 1068]
[423, 2095]
[424, 1333]
[424, 1587]
[424, 1985]
[425, 791]
[425, 1222]
[426, 909]
[426, 1748]
[426, 2121]
[427, 2014]
[427, 2043]
[428, 1917]
[429, 986]
[429, 1140]
[430, 542]
[430, 1551]
[430, 2131]
[431, 1009]
[431, 1114]
[431, 1598]
[432, 1888]
[432, 2040]
[432, 2391]
[433, 1122]
[433, 2201]
[434, 525]
[435, 805]
[435, 1306]
[435, 2286]
[436, 1016]
[436, 1106]
[437, 760]
[437, 1537]
[438, 832]
[438, 1588]
[438, 1783]
[439, 604]
[439, 1114]
[439, 2092]
[440, 865]
[440, 1728]
[441, 1798]
[442, 1019]
[442, 2101]
[442, 2114]
[443, 755]
[443, 941]
[443, 2196]
[444, 1860]
[444, 1879]
[444, 1911]
[445, 1232]
[445, 1405]
[445, 2249]
[446, 709]
[446, 1084]
[446, 2056]
[447, 1664]
[447, 1895]
[448, 903]
[448, 974]
[448, 2347]
[449, 934]
[449, 1480]
[449, 2219]
[450, 536]
[450, 1396]
[450, 1871]
[451, 1427]
[451, 2133]
[452, 1229]
[452, 2371]
[453, 681]
[453, 1597]
[453, 1973]
[454, 1113]
[454, 1624]
[454, 2124]
[455, 583]
[456, 1229]
[457, 513]
[457, 1212]
[457, 1454]
[458, 1941]
[458, 2332]
[459, 1285]
[459, 1496]
[460, 920]
[460, 1131]
[461, 1354]
[461, 1642]
[462, 621]
[462, 1428]
[462, 1698]
[463, 642]
[463, 1890]
[463, 2301]
[464, 1026]
[464, 1032]
[464, 1586]
[465, 1316]
[466, 1111]
[466, 1171]
[466, 2018]
[467, 1392]
[467, 1704]
[468, 1139]
[468, 1237]
[468, 2056]
[469, 943]
[469, 1399]
[470, 781]
[470, 1312]
[471, 1639]
[471, 2241]
[472, 1210]
[473, 1445]
[473, 2001]
[473, 2233]
[474, 854]
[474, 1818]
[474, 2247]
[475, 1420]
[475, 2050]
[476, 867]
[476, 872]
[476, 2278]
[477, 1168]
[477, 1935]
[478, 833]
[478, 1508]
[479, 967]
[479, 1536]
[479, 2334]
[480, 717]
[480, 1154]
[480, 1319]
[481, 2177]
[481, 2387]
[482, 2022]
[482, 2241]
[483, 584]
[483, 689]
[483, 1599]
[484, 1038]
[484, 1066]
[484, 1833]
[485, 1145]
[485, 1238]
[485, 1505]
[486, 1568]
[486, 2106]
[487, 1052]
[487, 1825]
[488, 1870]
[489, 658]
[489, 1395]
[489, 1879]
[490, 561]
[490, 1894]
[491, 707]
[491, 1790]
[491, 2258]
[492, 571]
[492, 1430]
[492, 2000]
[493, 1073]
[493, 2076]
[494, 1943]
[494, 2399]
[495, 775]
[495, 841]
[495, 1023]
[496, 627]
[496, 1172]
[496, 2007]
[497, 990]
[497, 1988]
[497, 2234]
[498, 1790]
[498, 2021]
[499, 648]
[499, 915]
[499, 1062]
[500, 1554]
[500, 1636]
[501, 897]
[501, 945]
[501, 1293]
[502, 1292]
[502, 1996]
[503, 869]
[503, 1942]
[503, 2118]
[504, 942]
[504, 2089]
[504, 2131]
[505, 1105]
[505, 1484]
[505, 2173]
[506, 911]
[506, 1676]
[507, 873]
[507, 1275]
[507, 2112]
[508, 1333]
[508, 1433]
[509, 703]
[509, 1163]
[509, 1228]
[510, 783]
[510, 1257]
[510, 1627]
[511, 534]
[511, 1180]
[512, 1337]
[513, 1515]
[514, 1711]
[514, 2292]
[515, 1096]
[515, 1694]
[516, 517]
[516, 807]
[517, 1216]
[517, 1265]
[518, 1221]
[518, 1717]
[518, 2380]
[519, 575]
[519, 1699]
[519, 2310]
[520, 688]
[520, 1412]
[520, 1981]
[521, 615]
[521, 1486]
[521, 2299]
[522, 1602]
[522, 1961]
[522, 2386]
[523, 645]
[523, 1087]
[523, 2012]
[524, 861]
[524, 1006]
[525, 1670]
[525, 2033]
[526, 762]
[526, 1580]
[527, 608]
[527, 1485]
[527, 1837]
[528, 1136]
[528, 1534]
[529, 1070]
[529, 1294]
[529, 1652]
[530, 533]
[530, 1860]
[530, 2214]
[531, 1657]
[531, 1995]
[531, 2072]
[532, 738]
[532, 2053]
[532, 2263]
[533, 1591]
[533, 1911]
[534, 2320]
[535, 1391]
[535, 1552]
[535, 2064]
[536, 1207]
[536, 2167]
[537, 1129]
[537, 1220]
[537, 2331]
[538, 946]
[538, 1662]
[539, 738]
[539, 766]
[539, 1192]
[540, 1487]
[541, 600]
[541, 1594]
[542, 942]
[542, 1375]
[543, 796]
[543, 835]
[544, 1033]
[545, 839]
[546, 638]
[546, 1500]
[546, 1956]
[547, 608]
[547, 1544]
[547, 2244]
[548, 964]
[548, 1845]
[548, 2270]
[549, 685]
[549, 1177]
[550, 823]
[550, 1431]
[550, 2230]
[551, 1124]
[551, 1307]
[551, 1712]
[552, 1341]
[552, 1721]
[553, 2146]
[553, 2164]
[554, 670]
[554, 1905]
[555, 1057]
[555, 1568]
[555, 1848]
[556, 975]
[556, 996]
[556, 2396]
[557, 656]
[557, 766]
[557, 1874]
[558, 1073]
[558, 1605]
[559, 1654]
[559, 1866]
[559, 2146]
[560, 1458]
[560, 2015]
[560, 2158]
[561, 2329]
[562, 572]
[562, 686]
[562, 1654]
[563, 1548]
[564, 1434]
[564, 1993]
[564, 2137]
[565, 1782]
[565, 2341]
[566, 2232]
[566, 2249]
[567, 1157]
[568, 932]
[568, 1071]
[568, 1662]
[569, 965]
[570, 1920]
[570, 2060]
[571, 1128]
[572, 1677]
[573, 1302]
[573, 1826]
[574, 1707]
[574, 2076]
[576, 1522]
[576, 1737]
[577, 1453]
[578, 1765]
[578, 2041]
[579, 1118]
[579, 1331]
[580, 1085]
[580, 1157]
[581, 773]
[581, 2111]
[582, 1617]
[582, 2003]
[583, 1292]
[584, 2021]
[585, 1170]
[585, 1428]
[585, 2371]
[586, 757]
[586, 1187]
[586, 1968]
[587, 824]
[587, 2176]
[588, 623]
[588, 1614]
[588, 2113]
[589, 1267]
[589, 2054]
[590, 1108]
[590, 1774]
[590, 1884]
[591, 2112]
[592, 1113]
[592, 1134]
[593, 827]
[593, 1102]
[593, 1384]
[594, 767]
[594, 1697]
[594, 1959]
[595, 1052]
[595, 1483]
[596, 904]
[596, 1381]
[597, 1408]
[598, 651]
[598, 1039]
[598, 1666]
[599, 621]
[599, 1618]
[599, 2395]
[600, 1465]
[601, 1105]
[601, 1886]
[601, 2200]
[602, 1095]
[602, 1563]
[602, 2244]
[603, 1600]
[603, 1841]
[604, 1214]
[604, 1868]
[605, 1734]
[605, 2123]
[606, 1111]
[606, 1206]
[606, 2061]
[607, 830]
[607, 1872]
[608, 1095]
[609, 1505]
[609, 1776]
[610, 2014]
[610, 2098]
[611, 995]
[611, 1932]
[612, 673]
[612, 794]
[612, 931]
[613, 1159]
[614, 691]
[614, 738]
[614, 1467]
[615, 957]
[615, 1479]
[616, 959]
[616, 1420]
[617, 728]
[617, 1149]
[617, 1745]
[618, 1139]
[618, 2096]
[619, 1469]
[619, 2261]
[620, 1460]
[620, 1462]
[621, 1170]
[622, 1230]
[622, 1811]
[622, 2104]
[623, 1629]
[624, 995]
[624, 2040]
[625, 1027]
[625, 1643]
[625, 1980]
[626, 2201]
[626, 2365]
[627, 1151]
[627, 1969]
[628, 726]
[628, 1028]
[628, 1612]
[629, 654]
[629, 755]
[629, 815]
[630, 692]
[630, 786]
[630, 820]
[631, 1370]
[632, 1402]
[632, 1748]
[632, 2320]
[633, 811]
[633, 1914]
[634, 785]
[634, 1010]
[634, 1451]
[635, 1153]
[635, 2197]
[636, 706]
[636, 928]
[636, 2183]
[637, 691]
[637, 1494]
[638, 2208]
[639, 1335]
[639, 1373]
[639, 2341]
[640, 1222]
[640, 1584]
[640, 2132]
[641, 1796]
[641, 2203]
[641, 2311]
[642, 2220]
[643, 1759]
[643, 1844]
[643, 2081]
[644, 850]
[644, 875]
[644, 1682]
[645, 1582]
[646, 1207]
[646, 1371]
[646, 1716]
[647, 1377]
[647, 1682]
[648, 787]
[648, 853]
[649, 1533]
[649, 1610]
[650, 1159]
[650, 1311]
[651, 2179]
[652, 1859]
[652, 2265]
[652, 2386]
[653, 695]
[653, 1086]
[654, 1802]
[654, 2390]
[655, 785]
[655, 1862]
[655, 2072]
[656, 1192]
[657, 1106]
[657, 1539]
[658, 795]
[658, 1911]
[659, 735]
[659, 2216]
[659, 2245]
[660, 753]
[660, 869]
[661, 816]
[661, 918]
[661, 1510]
[662, 819]
[662, 1223]
[663, 668]
[663, 960]
[664, 2044]
[665, 1703]
[665, 1714]
[665, 2039]
[666, 749]
[666, 1650]
[667, 721]
[667, 1299]
[668, 804]
[668, 817]
[669, 1461]
[669, 1513]
[669, 2121]
[670, 965]
[670, 1722]
[671, 992]
[671, 1212]
[671, 1515]
[672, 802]
[672, 1287]
[672, 2165]
[674, 2333]
[675, 2229]
[676, 847]
[676, 1707]
[677, 1881]
[677, 2141]
[678, 901]
[678, 1433]
[678, 2255]
[679, 704]
[679, 2367]
[680, 1764]
[680, 1964]
[680, 1991]
[682, 819]
[682, 840]
[682, 1755]
[683, 1419]
[683, 2168]
[683, 2356]
[684, 898]
[684, 1417]
[684, 2143]
[685, 967]
[686, 2146]
[687, 695]
[687, 1758]
[688, 1191]
[688, 1979]
[689, 1664]
[690, 1225]
[690, 1343]
[690, 1737]
[691, 1192]
[692, 1248]
[692, 1331]
[693, 920]
[693, 2185]
[694, 801]
[694, 1827]
[695, 1261]
[696, 1282]
[696, 1901]
[696, 2097]
[697, 894]
[697, 1489]
[698, 1452]
[698, 1533]
[699, 2080]
[699, 2314]
[700, 1904]
[700, 2088]
[701, 1047]
[701, 2157]
[701, 2328]
[702, 1015]
[702, 1586]
[702, 1738]
[703, 976]
[703, 2202]
[704, 1458]
[704, 1955]
[705, 810]
[705, 1252]
[705, 2243]
[706, 1439]
[706, 1638]
[707, 1895]
[707, 2059]
[708, 1271]
[708, 1940]
[708, 2298]
[709, 1358]
[709, 1849]
[710, 1218]
[710, 1954]
[711, 893]
[711, 977]
[711, 2171]
[712, 909]
[712, 1180]
[713, 1191]
[713, 1289]
[713, 2347]
[714, 843]
[714, 1269]
[714, 1806]
[715, 1047]
[715, 1166]
[715, 1466]
[716, 1146]
[716, 2329]
[716, 2366]
[717, 1225]
[717, 1566]
[718, 868]
[718, 1791]
[718, 2393]
[719, 1223]
[719, 1356]
[719, 2134]
[720, 954]
[720, 1015]
[720, 2373]
[721, 1436]
[721, 1542]
[722, 1286]
[722, 2045]
[723, 1273]
[723, 2259]
[724, 1474]
[725, 1304]
[725, 2375]
[726, 1564]
[726, 2300]
[727, 1354]
[727, 1368]
[727, 1669]
[728, 1562]
[729, 841]
[729, 976]
[729, 1228]
[730, 838]
[731, 1384]
[731, 1937]
[732, 816]
[732, 900]
[732, 1093]
[733, 1515]
[733, 1520]
[733, 2147]
[734, 1432]
[734, 1757]
[734, 1860]
[735, 1097]
[735, 1404]
[736, 1530]
[736, 1537]
[736, 2337]
[737, 875]
[737, 1389]
[739, 1170]
[739, 2395]
[740, 1502]
[740, 2088]
[742, 752]
[742, 2260]
[743, 1066]
[743, 1732]
[744, 1138]
[745, 940]
[745, 1964]
[745, 2364]
[746, 1272]
[746, 2041]
[747, 1988]
[748, 1094]
[748, 2126]
[748, 2176]
[749, 813]
[749, 1617]
[750, 1300]
[750, 1424]
[751, 1075]
[751, 1713]
[752, 2148]
[752, 2269]
[753, 1017]
[754, 1376]
[754, 1622]
[755, 1054]
[756, 1020]
[756, 1502]
[757, 1181]
[758, 907]
[758, 2126]
[758, 2135]
[759, 1101]
[759, 1749]
[759, 2114]
[760, 1469]
[760, 1530]
[761, 1850]
[761, 2051]
[761, 2144]
[762, 1089]
[763, 928]
[763, 1199]
[763, 1439]
[764, 798]
[764, 1576]
[765, 2101]
[765, 2296]
[766, 2263]
[767, 850]
[767, 1625]
[768, 1578]
[768, 2308]
[769, 1329]
[769, 2337]
[770, 1841]
[770, 1957]
[771, 1209]
[771, 1668]
[772, 896]
[772, 1606]
[773, 1363]
[773, 1769]
[774, 1418]
[775, 1228]
[776, 808]
[776, 837]
[776, 2335]
[777, 1630]
[777, 1641]
[778, 1896]
[778, 2336]
[779, 972]
[779, 1310]
[779, 1723]
[780, 797]
[780, 1908]
[780, 2124]
[781, 1571]
[781, 1764]
[782, 1247]
[782, 1334]
[782, 2305]
[783, 1135]
[783, 2352]
[784, 985]
[784, 1807]
[784, 2197]
[785, 1411]
[786, 961]
[787, 1415]
[787, 2350]
[788, 1419]
[788, 1922]
[789, 2182]
[789, 2319]
[790, 1391]
[790, 1705]
[791, 1368]
[791, 1584]
[792, 1392]
[792, 1940]
[793, 1681]
[793, 2188]
[794, 1809]
[794, 2215]
[795, 1591]
[795, 2006]
[796, 1423]
[796, 1442]
[797, 878]
[797, 1569]
[798, 962]
[798, 1272]
[799, 1512]
[799, 1946]
[799, 2089]
[800, 1057]
[800, 1283]
[801, 1914]
[802, 864]
[802, 1495]
[803, 980]
[803, 1083]
[804, 1799]
[804, 2383]
[805, 849]
[805, 1640]
[806, 1237]
[806, 1317]
[806, 2035]
[807, 1271]
[807, 1704]
[808, 956]
[808, 1030]
[809, 1069]
[810, 1056]
[811, 1491]
[811, 2384]
[812, 1440]
[812, 1946]
[813, 1653]
[813, 1954]
[814, 981]
[814, 1525]
[815, 1176]
[815, 2196]
[816, 2073]
[817, 2178]
[818, 1289]
[818, 1374]
[818, 1573]
[819, 2134]
[820, 1567]
[820, 1947]
[821, 1435]
[821, 1681]
[821, 2267]
[822, 826]
[822, 991]
[822, 998]
[823, 949]
[823, 1953]
[824, 1094]
[824, 1575]
[825, 1166]
[825, 2283]
[825, 2326]
[826, 851]
[826, 863]
[827, 1188]
[827, 1893]
[828, 1315]
[828, 1649]
[828, 1744]
[829, 1800]
[829, 2024]
[829, 2198]
[830, 1511]
[831, 881]
[831, 1577]
[831, 1783]
[832, 881]
[832, 1613]
[833, 1990]
[833, 2200]
[834, 1910]
[834, 2044]
[834, 2118]
[835, 1970]
[835, 2301]
[836, 1342]
[836, 1446]
[836, 2064]
[837, 1037]
[837, 1983]
[838, 1096]
[838, 1565]
[839, 986]
[839, 1533]
[840, 1014]
[841, 936]
[842, 1135]
[842, 1760]
[843, 1921]
[843, 1987]
[844, 1308]
[844, 1741]
[845, 1963]
[845, 1983]
[846, 1616]
[846, 1980]
[846, 2346]
[847, 1040]
[847, 1605]
[848, 1232]
[848, 1422]
[848, 2014]
[849, 1250]
[849, 1670]
[850, 1377]
[851, 1035]
[852, 1184]
[852, 1499]
[853, 1407]
[853, 1845]
[854, 2311]
[855, 913]
[855, 1642]
[855, 2398]
[856, 1754]
[856, 1896]
[856, 2325]
[857, 874]
[857, 1431]
[858, 1086]
[858, 1261]
[859, 1359]
[859, 1665]
[859, 1753]
[860, 1069]
[860, 2095]
[860, 2271]
[861, 1507]
[861, 2225]
[862, 1465]
[862, 1626]
[862, 2340]
[863, 1785]
[863, 2026]
[864, 2004]
[865, 1141]
[866, 1298]
[866, 1941]
[866, 2088]
[867, 1475]
[867, 2274]
[868, 2139]
[869, 1910]
[870, 892]
[870, 1505]
[870, 1838]
[871, 1074]
[871, 1219]
[871, 1934]
[872, 1413]
[872, 2271]
[874, 1053]
[875, 1625]
[876, 1549]
[876, 2085]
[876, 2177]
[877, 1449]
[877, 2109]
[877, 2279]
[878, 1245]
[878, 1397]
[879, 1002]
[879, 1898]
[879, 2188]
[880, 1425]
[880, 1501]
[882, 1230]
[882, 2078]
[883, 1038]
[883, 1065]
[883, 1083]
[884, 1523]
[884, 2006]
[884, 2349]
[885, 1186]
[885, 2187]
[885, 2280]
[886, 1020]
[886, 1326]
[886, 2348]
[887, 2228]
[887, 2362]
[888, 1169]
[888, 1840]
[889, 1994]
[889, 2125]
[890, 1693]
[890, 1945]
[890, 2020]
[891, 1188]
[891, 1384]
[892, 1145]
[893, 1362]
[894, 1777]
[894, 2207]
[895, 1063]
[895, 1646]
[895, 1773]
[896, 1691]
[897, 1810]
[897, 2013]
[898, 1589]
[899, 1426]
[899, 1596]
[899, 1717]
[900, 1437]
[900, 2343]
[901, 1779]
[901, 2250]
[902, 2067]
[902, 2288]
[903, 1191]
[903, 1412]
[904, 1455]
[904, 2354]
[905, 1067]
[905, 2360]
[906, 1838]
[906, 2062]
[908, 910]
[908, 1685]
[908, 2057]
[909, 1461]
[910, 1598]
[910, 1949]
[911, 1614]
[912, 1127]
[912, 1812]
[912, 2205]
[913, 1194]
[913, 1354]
[914, 2206]
[915, 1328]
[915, 2350]
[916, 1454]
[916, 1462]
[917, 1330]
[917, 2177]
[917, 2374]
[918, 1093]
[918, 1221]
[919, 1103]
[919, 1632]
[919, 1869]
[920, 1870]
[921, 1204]
[921, 1935]
[922, 1709]
[922, 1961]
[923, 2110]
[924, 1278]
[924, 1651]
[925, 1761]
[925, 1885]
[925, 1913]
[926, 1062]
[926, 1328]
[926, 1559]
[927, 1293]
[927, 1767]
[927, 2013]
[928, 2235]
[929, 1903]
[930, 1137]
[930, 1463]
[930, 2162]
[931, 1846]
[932, 1998]
[933, 1546]
[933, 2273]
[933, 2381]
[934, 2318]
[935, 1022]
[935, 2334]
[936, 2150]
[938, 1029]
[938, 1628]
[939, 1639]
[939, 2066]
[939, 2394]
[940, 1160]
[940, 1380]
[942, 1976]
[943, 993]
[944, 1913]
[944, 2368]
[945, 1077]
[946, 1463]
[946, 2210]
[947, 1004]
[947, 1399]
[947, 1689]
[948, 1244]
[948, 1287]
[949, 1149]
[950, 1327]
[950, 1337]
[951, 1198]
[951, 1553]
[951, 1578]
[952, 2115]
[953, 1441]
[954, 1580]
[954, 1738]
[955, 1535]
[955, 1643]
[956, 1983]
[956, 2385]
[957, 971]
[957, 1266]
[958, 1792]
[958, 1857]
[958, 2323]
[959, 2050]
[960, 1782]
[960, 2383]
[961, 1321]
[961, 1567]
[962, 996]
[962, 1443]
[963, 1601]
[963, 2203]
[964, 1091]
[966, 1631]
[966, 1923]
[966, 2358]
[967, 1971]
[968, 1475]
[968, 1997]
[968, 2278]
[969, 1328]
[969, 1909]
[970, 1317]
[970, 2096]
[970, 2309]
[971, 1788]
[971, 2299]
[972, 2366]
[973, 1014]
[973, 1755]
[974, 1076]
[974, 1679]
[976, 2150]
[977, 1044]
[977, 1668]
[978, 1268]
[978, 1873]
[978, 2273]
[979, 1783]
[979, 2005]
[980, 1065]
[980, 1634]
[981, 1429]
[982, 1078]
[982, 1346]
[982, 1882]
[983, 1622]
[983, 1786]
[984, 1187]
[984, 1912]
[985, 1339]
[987, 1826]
[988, 1483]
[988, 1553]
[989, 1426]
[989, 1510]
[989, 2073]
[990, 2145]
[990, 2384]
[991, 1058]
[992, 1520]
[993, 1056]
[993, 1256]
[994, 1937]
[994, 2012]
[995, 2204]
[996, 1540]
[997, 1416]
[997, 2173]
[997, 2315]
[998, 1853]
[998, 2026]
[999, 1134]
[999, 1355]
[999, 2063]
[1000, 1367]
[1000, 1386]
[1000, 1499]
[1001, 1395]
[1001, 1432]
[1001, 2349]
[1002, 2103]
[1003, 1209]
[1003, 1641]
[1004, 1252]
[1005, 1262]
[1007, 1254]
[1007, 1817]
[1007, 2319]
[1008, 1750]
[1008, 1858]
[1009, 1619]
[1009, 1949]
[1010, 1388]
[1010, 2072]
[1011, 1344]
[1011, 2254]
[1012, 1348]
[1012, 2381]
[1013, 1322]
[1013, 1744]
[1013, 1805]
[1014, 1165]
[1015, 1032]
[1016, 2297]
[1018, 1099]
[1018, 1853]
[1019, 1611]
[1019, 2296]
[1021, 1126]
[1021, 1423]
[1022, 1897]
[1024, 1524]
[1024, 1572]
[1024, 1851]
[1025, 2302]
[1026, 2242]
[1027, 1724]
[1029, 1291]
[1029, 2125]
[1030, 1125]
[1030, 1235]
[1031, 1263]
[1031, 2123]
[1031, 2382]
[1032, 1972]
[1033, 1544]
[1033, 1706]
[1034, 1506]
[1034, 1711]
[1035, 1785]
[1036, 1386]
[1036, 1631]
[1036, 1843]
[1037, 1488]
[1038, 1780]
[1039, 1726]
[1039, 2090]
[1040, 1615]
[1041, 1629]
[1041, 1901]
[1042, 1842]
[1042, 1866]
[1043, 1528]
[1044, 1701]
[1045, 1677]
[1045, 1842]
[1046, 1549]
[1047, 1900]
[1048, 1638]
[1048, 2140]
[1049, 2213]
[1050, 1082]
[1050, 1360]
[1050, 1907]
[1051, 1076]
[1051, 1259]
[1051, 1374]
[1052, 1370]
[1053, 1620]
[1054, 1802]
[1056, 1390]
[1057, 1715]
[1058, 1853]
[1058, 2277]
[1059, 1154]
[1059, 1566]
[1060, 1359]
[1060, 1888]
[1061, 1925]
[1062, 1407]
[1063, 2287]
[1064, 1295]
[1065, 1718]
[1066, 1083]
[1068, 1314]
[1068, 1997]
[1069, 1492]
[1070, 1767]
[1071, 1673]
[1071, 1708]
[1072, 1234]
[1072, 1678]
[1072, 2272]
[1073, 1636]
[1074, 1951]
[1074, 2136]
[1075, 1387]
[1076, 1573]
[1077, 1178]
[1077, 2304]
[1078, 1692]
[1079, 1545]
[1079, 1795]
[1080, 2379]
[1081, 1129]
[1081, 1189]
[1081, 1813]
[1082, 1955]
[1082, 2367]
[1084, 1237]
[1084, 2317]
[1085, 1236]
[1085, 2192]
[1087, 1893]
[1088, 1375]
[1088, 1551]
[1089, 1928]
[1089, 2242]
[1090, 1493]
[1090, 1575]
[1090, 2295]
[1091, 1415]
[1091, 1909]
[1092, 1195]
[1092, 1318]
[1092, 1518]
[1093, 2380]
[1094, 2295]
[1095, 1143]
[1097, 2155]
[1098, 1844]
[1098, 2195]
[1099, 2026]
[1099, 2209]
[1100, 1769]
[1100, 2037]
[1100, 2111]
[1101, 1509]
[1101, 1817]
[1102, 1490]
[1102, 1937]
[1103, 1241]
[1103, 2198]
[1104, 1583]
[1104, 2008]
[1104, 2205]
[1105, 2315]
[1106, 1635]
[1107, 1203]
[1107, 2071]
[1108, 1394]
[1109, 1373]
[1109, 2178]
[1109, 2290]
[1110, 1180]
[1110, 1461]
[1111, 1821]
[1112, 1590]
[1112, 2116]
[1113, 2082]
[1114, 2248]
[1115, 1322]
[1115, 2024]
[1115, 2293]
[1116, 1123]
[1116, 1558]
[1116, 1944]
[1117, 1417]
[1117, 2180]
[1118, 1248]
[1118, 2175]
[1119, 1324]
[1119, 1768]
[1119, 2376]
[1120, 1556]
[1120, 1676]
[1120, 1901]
[1121, 1421]
[1121, 1850]
[1121, 2268]
[1122, 1253]
[1122, 1340]
[1123, 1258]
[1124, 1970]
[1125, 2385]
[1126, 1307]
[1126, 2220]
[1127, 1339]
[1128, 1200]
[1128, 1406]
[1130, 1160]
[1130, 1855]
[1131, 1308]
[1132, 1593]
[1132, 2314]
[1133, 1152]
[1133, 1435]
[1133, 2259]
[1134, 2087]
[1136, 1433]
[1136, 1779]
[1137, 1673]
[1137, 2218]
[1138, 1667]
[1138, 2338]
[1139, 1317]
[1140, 2327]
[1141, 2106]
[1141, 2152]
[1142, 1499]
[1142, 1775]
[1142, 2358]
[1143, 1485]
[1143, 2236]
[1144, 1475]
[1144, 1492]
[1145, 1297]
[1147, 1205]
[1147, 2058]
[1148, 1373]
[1148, 1751]
[1148, 1799]
[1149, 1239]
[1150, 2084]
[1150, 2187]
[1151, 2269]
[1152, 1273]
[1152, 1604]
[1153, 2142]
[1154, 1925]
[1155, 1355]
[1155, 1569]
[1155, 1908]
[1156, 1604]
[1156, 1898]
[1156, 2103]
[1157, 1891]
[1158, 1295]
[1158, 1531]
[1158, 1795]
[1160, 1710]
[1161, 1421]
[1161, 1603]
[1161, 1861]
[1162, 1694]
[1163, 1729]
[1164, 1167]
[1164, 1778]
[1165, 1977]
[1165, 2217]
[1166, 2328]
[1167, 1962]
[1168, 1930]
[1168, 2050]
[1169, 2003]
[1169, 2074]
[1171, 1716]
[1171, 2061]
[1172, 1183]
[1173, 1295]
[1173, 1495]
[1173, 2165]
[1174, 1727]
[1174, 2062]
[1175, 2172]
[1176, 2020]
[1176, 2390]
[1177, 1468]
[1177, 1498]
[1178, 1652]
[1178, 2017]
[1179, 1945]
[1179, 2224]
[1181, 1813]
[1181, 2130]
[1182, 1479]
[1182, 1486]
[1182, 2399]
[1183, 1721]
[1183, 1969]
[1184, 1367]
[1185, 1215]
[1185, 1421]
[1186, 2084]
[1186, 2275]
[1189, 2130]
[1189, 2331]
[1190, 1226]
[1190, 1489]
[1190, 2038]
[1193, 2249]
[1193, 2302]
[1194, 1368]
[1195, 1394]
[1195, 1774]
[1196, 1672]
[1196, 1828]
[1196, 2042]
[1197, 1208]
[1197, 2299]
[1198, 2231]
[1199, 1735]
[1199, 1867]
[1200, 1430]
[1201, 2045]
[1201, 2226]
[1201, 2359]
[1202, 1690]
[1202, 1793]
[1202, 2195]
[1203, 1831]
[1204, 1880]
[1205, 1438]
[1205, 1519]
[1206, 2025]
[1207, 1224]
[1208, 1788]
[1208, 2028]
[1210, 1723]
[1211, 2175]
[1211, 2294]
[1213, 1610]
[1213, 1814]
[1213, 2327]
[1214, 2002]
[1214, 2057]
[1215, 1441]
[1215, 2268]
[1217, 1819]
[1217, 1874]
[1217, 2263]
[1218, 1653]
[1219, 1884]
[1220, 1912]
[1221, 1596]
[1222, 1864]
[1224, 1396]
[1225, 1609]
[1226, 1519]
[1227, 1589]
[1227, 2168]
[1229, 1527]
[1230, 1382]
[1231, 1607]
[1231, 2257]
[1233, 1758]
[1233, 2116]
[1234, 1279]
[1234, 2222]
[1235, 1414]
[1235, 2335]
[1236, 1579]
[1236, 2067]
[1238, 1301]
[1238, 1776]
[1239, 1620]
[1239, 1953]
[1240, 1496]
[1240, 1778]
[1240, 1962]
[1241, 1960]
[1241, 2024]
[1242, 1626]
[1242, 1839]
[1242, 1929]
[1243, 2109]
[1243, 2128]
[1244, 1545]
[1245, 2063]
[1245, 2087]
[1246, 1277]
[1246, 1408]
[1246, 2090]
[1247, 2276]
[1248, 1947]
[1249, 1756]
[1249, 2261]
[1250, 1811]
[1250, 2033]
[1251, 2126]
[1251, 2295]
[1252, 1876]
[1253, 2377]
[1254, 1611]
[1254, 2182]
[1255, 1525]
[1255, 1854]
[1257, 1473]
[1257, 2190]
[1258, 1302]
[1258, 1986]
[1259, 1679]
[1259, 1981]
[1260, 1357]
[1260, 1398]
[1260, 1477]
[1261, 1590]
[1262, 1501]
[1262, 2369]
[1263, 1967]
[1263, 2156]
[1264, 2086]
[1265, 1271]
[1265, 1992]
[1266, 2154]
[1267, 2252]
[1268, 1546]
[1269, 2333]
[1270, 1535]
[1270, 1696]
[1270, 2346]
[1272, 1540]
[1273, 2103]
[1274, 1329]
[1274, 2261]
[1275, 1342]
[1275, 1720]
[1276, 2135]
[1277, 1726]
[1277, 2039]
[1278, 1506]
[1278, 1607]
[1279, 2129]
[1280, 2297]
[1281, 1595]
[1281, 2365]
[1281, 2377]
[1282, 1556]
[1282, 1784]
[1284, 1773]
[1285, 1528]
[1285, 1686]
[1286, 1702]
[1286, 2000]
[1287, 2004]
[1288, 2227]
[1288, 2363]
[1289, 1979]
[1290, 1538]
[1290, 1936]
[1291, 2037]
[1292, 1313]
[1293, 2304]
[1294, 1730]
[1294, 2017]
[1296, 2289]
[1296, 2303]
[1296, 2389]
[1297, 1301]
[1297, 1727]
[1298, 1502]
[1299, 1772]
[1299, 2316]
[1300, 1647]
[1300, 2185]
[1302, 2080]
[1303, 1463]
[1303, 1662]
[1303, 1673]
[1305, 1630]
[1305, 1701]
[1305, 2010]
[1306, 1382]
[1306, 2078]
[1307, 1338]
[1308, 1424]
[1309, 1564]
[1309, 2336]
[1310, 1470]
[1311, 1548]
[1312, 1855]
[1313, 2071]
[1314, 1413]
[1314, 2278]
[1315, 1800]
[1315, 1916]
[1316, 1938]
[1318, 1951]
[1318, 2266]
[1319, 1609]
[1320, 1325]
[1320, 1401]
[1320, 1987]
[1321, 2294]
[1322, 1960]
[1323, 1416]
[1323, 1508]
[1324, 1504]
[1324, 2127]
[1325, 1921]
[1325, 2397]
[1326, 2332]
[1327, 2285]
[1329, 1756]
[1330, 1477]
[1332, 1874]
[1333, 2255]
[1334, 1449]
[1334, 1847]
[1335, 1751]
[1335, 1782]
[1336, 1448]
[1338, 1423]
[1339, 1939]
[1341, 2148]
[1341, 2260]
[1342, 2031]
[1343, 1522]
[1343, 1566]
[1345, 1761]
[1345, 2246]
[1346, 2108]
[1347, 1633]
[1347, 2062]
[1348, 1966]
[1348, 2273]
[1349, 1768]
[1349, 2127]
[1350, 1771]
[1350, 2189]
[1351, 2128]
[1351, 2163]
[1351, 2276]
[1352, 2110]
[1353, 2181]
[1353, 2289]
[1353, 2393]
[1356, 1393]
[1356, 2344]
[1357, 2170]
[1358, 1457]
[1358, 2317]
[1359, 1932]
[1361, 1635]
[1362, 1641]
[1362, 1731]
[1363, 1994]
[1364, 2068]
[1364, 2100]
[1364, 2141]
[1365, 2016]
[1365, 2172]
[1365, 2365]
[1366, 1743]
[1366, 1768]
[1367, 1843]
[1369, 1585]
[1370, 2308]
[1371, 2061]
[1372, 1933]
[1374, 1547]
[1375, 1763]
[1376, 1565]
[1377, 1697]
[1378, 1557]
[1378, 2066]
[1379, 1441]
[1379, 1464]
[1379, 2051]
[1380, 1855]
[1380, 2351]
[1381, 2338]
[1382, 1640]
[1383, 2282]
[1385, 1659]
[1386, 2358]
[1387, 1656]
[1388, 1995]
[1389, 1682]
[1389, 2251]
[1390, 2243]
[1391, 1446]
[1392, 1975]
[1394, 1804]
[1395, 2006]
[1396, 2025]
[1397, 2082]
[1397, 2124]
[1399, 1876]
[1400, 2339]
[1400, 2375]
[1401, 1883]
[1402, 2032]
[1402, 2121]
[1403, 1575]
[1405, 1422]
[1405, 2302]
[1406, 1450]
[1406, 2226]
[1407, 2270]
[1408, 1736]
[1409, 1526]
[1409, 1694]
[1410, 1541]
[1411, 1822]
[1411, 1856]
[1412, 1679]
[1413, 2095]
[1414, 2077]
[1415, 1845]
[1417, 1924]
[1418, 2030]
[1418, 2265]
[1419, 2180]
[1420, 1880]
[1426, 1919]
[1427, 1644]
[1429, 1639]
[1430, 1702]
[1432, 1879]
[1434, 2239]
[1434, 2292]
[1435, 1918]
[1437, 1919]
[1437, 2073]
[1438, 2207]
[1439, 2140]
[1440, 1512]
[1440, 1551]
[1442, 2301]
[1443, 1576]
[1443, 2396]
[1444, 1481]
[1444, 1753]
[1445, 1957]
[1445, 2262]
[1446, 2049]
[1447, 1541]
[1447, 2156]
[1447, 2382]
[1448, 1606]
[1448, 1887]
[1449, 2240]
[1450, 2359]
[1451, 1822]
[1452, 1610]
[1452, 2363]
[1453, 1487]
[1453, 1645]
[1455, 2174]
[1456, 1993]
[1456, 2239]
[1457, 1820]
[1457, 2309]
[1459, 1931]
[1459, 2091]
[1462, 1982]
[1464, 2144]
[1465, 1839]
[1466, 2326]
[1467, 1494]
[1467, 2053]
[1468, 2166]
[1470, 1674]
[1470, 1894]
[1471, 2008]
[1471, 2197]
[1472, 1880]
[1473, 2238]
[1473, 2352]
[1474, 1961]
[1476, 1857]
[1476, 2199]
[1477, 2223]
[1478, 1601]
[1478, 1725]
[1478, 1747]
[1480, 1722]
[1481, 2204]
[1482, 2174]
[1482, 2354]
[1483, 1825]
[1484, 1886]
[1484, 2047]
[1485, 2392]
[1487, 2193]
[1488, 2077]
[1488, 2335]
[1490, 1893]
[1490, 2012]
[1491, 2145]
[1492, 2274]
[1495, 1531]
[1497, 2044]
[1497, 2107]
[1498, 1897]
[1498, 1902]
[1500, 2353]
[1503, 1828]
[1503, 2065]
[1504, 2245]
[1507, 1791]
[1508, 1532]
[1509, 2319]
[1509, 2324]
[1510, 1596]
[1511, 1541]
[1511, 2191]
[1512, 2131]
[1513, 2032]
[1514, 1534]
[1514, 1671]
[1514, 1779]
[1516, 2027]
[1517, 1906]
[1517, 2011]
[1518, 1762]
[1518, 1804]
[1519, 1521]
[1521, 2038]
[1523, 1591]
[1523, 2214]
[1524, 2169]
[1525, 2022]
[1526, 1786]
[1527, 1561]
[1528, 2282]
[1529, 1542]
[1532, 1990]
[1532, 2047]
[1534, 2079]
[1535, 2199]
[1537, 1675]
[1538, 2321]
[1539, 1695]
[1542, 1772]
[1543, 1721]
[1543, 2260]
[1544, 1837]
[1545, 2004]
[1547, 1979]
[1547, 1981]
[1549, 2374]
[1550, 1931]
[1550, 2283]
[1550, 2357]
[1552, 1705]
[1554, 1615]
[1555, 1576]
[1555, 1663]
[1555, 1765]
[1557, 1854]
[1557, 2394]
[1558, 1986]
[1559, 2270]
[1561, 2395]
[1563, 1608]
[1563, 2236]
[1565, 1801]
[1567, 1865]
[1568, 2152]
[1569, 2063]
[1570, 1787]
[1570, 2397]
[1571, 1991]
[1572, 2186]
[1573, 2347]
[1574, 1808]
[1574, 2107]
[1577, 2169]
[1579, 2288]
[1580, 1928]
[1581, 1887]
[1581, 1973]
[1583, 1812]
[1584, 1669]
[1585, 2109]
[1585, 2240]
[1587, 1892]
[1587, 2291]
[1588, 2005]
[1588, 2186]
[1589, 2356]
[1590, 1758]
[1592, 1611]
[1592, 1817]
[1592, 2114]
[1593, 1944]
[1594, 2321]
[1595, 2172]
[1597, 1691]
[1597, 2330]
[1598, 2092]
[1599, 2059]
[1599, 2258]
[1600, 1824]
[1601, 1796]
[1602, 2265]
[1603, 1832]
[1603, 1850]
[1604, 1918]
[1606, 2378]
[1608, 1706]
[1612, 2161]
[1612, 2325]
[1613, 1851]
[1613, 2186]
[1616, 1696]
[1616, 1792]
[1617, 2211]
[1618, 1698]
[1619, 2138]
[1619, 2248]
[1620, 1745]
[1621, 1733]
[1621, 2306]
[1622, 1801]
[1623, 1746]
[1623, 2130]
[1624, 1908]
[1625, 1899]
[1626, 2237]
[1629, 2097]
[1630, 1731]
[1631, 2253]
[1632, 1805]
[1632, 1960]
[1633, 1776]
[1634, 1733]
[1634, 2052]
[1635, 1695]
[1636, 1877]
[1637, 2236]
[1637, 2392]
[1640, 1811]
[1642, 1836]
[1643, 2346]
[1644, 1687]
[1644, 1950]
[1645, 1952]
[1645, 2316]
[1646, 1950]
[1647, 2256]
[1648, 1803]
[1649, 1805]
[1649, 1869]
[1650, 1653]
[1650, 1840]
[1651, 1993]
[1655, 1709]
[1655, 1859]
[1656, 1713]
[1656, 2246]
[1657, 1862]
[1658, 2100]
[1659, 2065]
[1659, 2187]
[1660, 2077]
[1661, 1905]
[1663, 2396]
[1664, 2059]
[1665, 1888]
[1666, 1714]
[1667, 1920]
[1667, 2019]
[1670, 2286]
[1671, 1892]
[1671, 2250]
[1672, 2275]
[1672, 2313]
[1674, 1723]
[1675, 1752]
[1678, 2322]
[1680, 1944]
[1680, 2314]
[1681, 2259]
[1683, 1973]
[1683, 2307]
[1683, 2330]
[1684, 2037]
[1684, 2125]
[1685, 2002]
[1685, 2055]
[1688, 2194]
[1688, 2252]
[1689, 1927]
[1692, 2194]
[1693, 2224]
[1693, 2390]
[1695, 2189]
[1696, 2323]
[1699, 1803]
[1699, 2361]
[1700, 1917]
[1701, 2171]
[1703, 2159]
[1704, 1940]
[1706, 2244]
[1708, 1998]
[1708, 2218]
[1709, 2386]
[1710, 1964]
[1711, 2239]
[1712, 1890]
[1712, 2220]
[1713, 2368]
[1714, 1726]
[1715, 2152]
[1716, 2167]
[1717, 2160]
[1718, 1733]
[1718, 1780]
[1719, 1976]
[1719, 2083]
[1719, 2089]
[1720, 2064]
[1724, 1857]
[1728, 2106]
[1729, 2202]
[1730, 1810]
[1731, 2171]
[1732, 1833]
[1734, 1872]
[1735, 2034]
[1735, 2235]
[1736, 2039]
[1736, 2159]
[1739, 1870]
[1739, 2185]
[1739, 2256]
[1740, 1894]
[1740, 2329]
[1742, 1832]
[1742, 1861]
[1743, 2376]
[1744, 2293]
[1746, 1912]
[1746, 2331]
[1747, 1818]
[1749, 2101]
[1749, 2324]
[1750, 2310]
[1751, 2383]
[1752, 1756]
[1752, 2337]
[1753, 1835]
[1754, 2161]
[1757, 2214]
[1757, 2349]
[1759, 1974]
[1760, 2011]
[1760, 2352]
[1761, 2086]
[1762, 1934]
[1762, 1951]
[1763, 1976]
[1766, 1984]
[1766, 2251]
[1770, 2003]
[1770, 2211]
[1771, 2355]
[1772, 1952]
[1773, 2133]
[1774, 2266]
[1775, 1923]
[1777, 1816]
[1778, 2115]
[1780, 2306]
[1781, 2287]
[1784, 2113]
[1785, 2209]
[1787, 1999]
[1788, 2154]
[1789, 2225]
[1789, 2289]
[1790, 2029]
[1791, 2181]
[1793, 2281]
[1794, 1868]
[1794, 2002]
[1794, 2138]
[1798, 2336]
[1799, 2178]
[1800, 2293]
[1802, 2224]
[1803, 1948]
[1806, 1999]
[1807, 1939]
[1807, 2008]
[1808, 1942]
[1809, 1873]
[1812, 2142]
[1813, 1968]
[1814, 2363]
[1815, 1906]
[1815, 2190]
[1815, 2238]
[1816, 2058]
[1819, 2053]
[1820, 1849]
[1820, 2096]
[1821, 1871]
[1821, 2025]
[1822, 1903]
[1823, 2150]
[1823, 2202]
[1824, 2122]
[1826, 1986]
[1827, 1875]
[1829, 1834]
[1830, 1956]
[1830, 2272]
[1832, 2144]
[1833, 2306]
[1834, 2312]
[1834, 2375]
[1835, 1932]
[1835, 2204]
[1836, 1864]
[1836, 2132]
[1841, 2262]
[1842, 2212]
[1846, 2381]
[1847, 2276]
[1847, 2279]
[1852, 1929]
[1852, 2321]
[1856, 1862]
[1856, 2120]
[1858, 1948]
[1859, 2030]
[1864, 2398]
[1865, 2070]
[1865, 2294]
[1866, 2164]
[1867, 2069]
[1867, 2140]
[1868, 2248]
[1869, 1916]
[1871, 2018]
[1873, 1966]
[1875, 2145]
[1875, 2234]
[1877, 2076]
[1878, 2360]
[1881, 2100]
[1883, 2397]
[1884, 2136]
[1885, 2246]
[1885, 2368]
[1886, 1990]
[1887, 2307]
[1889, 1926]
[1889, 1998]
[1889, 2009]
[1890, 1970]
[1891, 2192]
[1892, 2079]
[1895, 2029]
[1897, 2166]
[1898, 1989]
[1899, 1959]
[1900, 2091]
[1903, 2120]
[1904, 1941]
[1904, 2046]
[1906, 2206]
[1907, 2015]
[1907, 2023]
[1909, 2350]
[1915, 2034]
[1915, 2036]
[1915, 2153]
[1916, 2198]
[1917, 2288]
[1918, 1989]
[1919, 2160]
[1920, 1965]
[1922, 2168]
[1922, 2284]
[1923, 2213]
[1924, 2102]
[1926, 2210]
[1928, 2373]
[1930, 2372]
[1931, 2094]
[1935, 2372]
[1936, 2237]
[1936, 2340]
[1938, 2158]
[1939, 2205]
[1943, 2028]
[1943, 2154]
[1946, 2083]
[1947, 2070]
[1948, 2310]
[1949, 2055]
[1950, 2133]
[1954, 2211]
[1955, 2015]
[1957, 2370]
[1958, 2001]
[1958, 2119]
[1959, 1984]
[1963, 2385]
[1965, 2338]
[1966, 2215]
[1972, 2242]
[1972, 2373]
[1974, 2254]
[1974, 2281]
[1975, 2184]
[1978, 2030]
[1982, 2147]
[1985, 2079]
[1988, 2342]
[1989, 2267]
[1991, 2364]
[1992, 2298]
[1999, 2333]
[2001, 2370]
[2007, 2221]
[2007, 2269]
[2009, 2162]
[2009, 2218]
[2011, 2238]
[2018, 2167]
[2021, 2258]
[2023, 2158]
[2027, 2360]
[2027, 2379]
[2031, 2049]
[2031, 2112]
[2033, 2104]
[2034, 2069]
[2035, 2309]
[2035, 2317]
[2038, 2388]
[2043, 2098]
[2046, 2332]
[2046, 2348]
[2048, 2094]
[2048, 2283]
[2048, 2328]
[2051, 2268]
[2054, 2105]
[2054, 2108]
[2055, 2138]
[2057, 2092]
[2058, 2207]
[2060, 2354]
[2065, 2280]
[2066, 2241]
[2068, 2312]
[2070, 2175]
[2075, 2247]
[2075, 2311]
[2075, 2362]
[2081, 2195]
[2081, 2281]
[2082, 2087]
[2084, 2313]
[2085, 2387]
[2091, 2157]
[2093, 2200]
[2093, 2315]
[2094, 2157]
[2097, 2113]
[2098, 2232]
[2099, 2233]
[2099, 2262]
[2102, 2284]
[2117, 2212]
[2119, 2122]
[2119, 2233]
[2127, 2155]
[2128, 2279]
[2135, 2176]
[2136, 2266]
[2137, 2257]
[2139, 2389]
[2141, 2339]
[2143, 2180]
[2143, 2356]
[2148, 2221]
[2149, 2372]
[2151, 2219]
[2151, 2318]
[2153, 2183]
[2153, 2235]
[2155, 2245]
[2156, 2191]
[2160, 2343]
[2162, 2210]
[2164, 2212]
[2181, 2225]
[2182, 2296]
[2188, 2267]
[2193, 2316]
[2199, 2323]
[2201, 2377]
[2203, 2362]
[2208, 2322]
[2208, 2353]
[2213, 2253]
[2217, 2344]
[2222, 2322]
[2223, 2374]
[2228, 2247]
[2240, 2305]
[2250, 2291]
[2255, 2291]
[2257, 2292]
[2264, 2285]
[2271, 2274]
[2290, 2341]
[2297, 2355]
[2300, 2325]
[2307, 2378]
[2312, 2339]
[2326, 2357]
[2342, 2384]
[2343, 2380]
[2345, 2355]
[2351, 2364]
[2389, 2393]
