[0, 486]
[0, 1897]
[0, 2046]
[1, 731]
[1, 1015]
[1, 1208]
[2, 654]
[2, 1124]
[2, 1435]
[3, 564]
[3, 644]
[3, 1303]
[4, 496]
[4, 1493]
[4, 1656]
[5, 827]
[5, 980]
[5, 1257]
[6, 1077]
[6, 2223]
[6, 2388]
[7, 452]
[7, 1373]
[7, 1797]
[8, 509]
[8, 576]
[8, 1097]
[9, 642]
[9, 1576]
[9, 1798]
[10, 716]
[10, 751]
[10, 2319]
[11, 467]
[11, 649]
[11, 2205]
[12, 111]
[12, 638]
[12, 2255]
[13, 1672]
[13, 1899]
[13, 2114]
[14, 1541]
[14, 1899]
[14, 2068]
[15, 770]
[15, 1066]
[15, 2349]
[16, 566]
[16, 690]
[16, 1841]
[17, 973]
[17, 1211]
[17, 2052]
[18, 957]
[18, 994]
[18, 1720]
[19, 402]
[19, 684]
[19, 1596]
[20, 847]
[20, 1118]
[20, 1247]
[21, 711]
[21, 1274]
[21, 1726]
[22, 491]
[22, 804]
[22, 1518]
[23, 398]
[23, 1031]
[23, 2158]
[24, 51]
[24, 1410]
[24, 1955]
[25, 755]
[25, 1140]
[25, 2377]
[26, 54]
[26, 2241]
[26, 2313]
[27, 32]
[27, 993]
[27, 2177]
[28, 178]
[28, 430]
[28, 2139]
[29, 174]
[29, 1297]
[29, 2192]
[30, 460]
[30, 537]
[30, 579]
[31, 698]
[31, 706]
[31, 1902]
[32, 1381]
[32, 2055]
[33, 719]
[33, 1129]
[33, 1217]
[34, 795]
[34, 1540]
[34, 2146]
[35, 748]
[35, 781]
[35, 2332]
[36, 407]
[36, 467]
[36, 1044]
[37, 297]
[37, 691]
[37, 1352]
[38, 216]
[38, 789]
[38, 997]
[39, 226]
[39, 1699]
[39, 2272]
[40, 1156]
[40, 1323]
[40, 2151]
[41, 1707]
[41, 1733]
[41, 2172]
[42, 194]
[42, 408]
[42, 1972]
[43, 452]
[43, 2121]
[43, 2269]
[44, 526]
[44, 559]
[44, 2114]
[45, 530]
[45, 1163]
[45, 1814]
[46, 176]
[46, 744]
[46, 1361]
[47, 1107]
[47, 1422]
[47, 2236]
[48, 572]
[48, 991]
[48, 1072]
[49, 193]
[49, 1514]
[49, 1793]
[50, 443]
[50, 1312]
[50, 1617]
[51, 489]
[51, 1049]
[52, 931]
[52, 1317]
[52, 1539]
[53, 814]
[53, 925]
[53, 2237]
[54, 1350]
[54, 1453]
[55, 94]
[55, 1317]
[55, 2081]
[56, 1280]
[56, 1387]
[56, 1564]
[57, 371]
[57, 771]
[57, 1814]
[58, 378]
[58, 801]
[58, 2044]
[59, 823]
[59, 1183]
[59, 1223]
[60, 1852]
[60, 1857]
[60, 2329]
[61, 348]
[61, 415]
[61, 1956]
[62, 527]
[62, 700]
[62, 1077]
[63, 345]
[63, 1451]
[63, 1681]
[64, 944]
[64, 1534]
[64, 2256]
[65, 220]
[65, 983]
[65, 1974]
[66, 1327]
[66, 2095]
[66, 2141]
[67, 1822]
[67, 1930]
[67, 1971]
[68, 392]
[68, 2278]
[68, 2367]
[69, 1106]
[69, 1592]
[69, 2229]
[70, 608]
[70, 1222]
[70, 2050]
[71, 858]
[71, 1005]
[71, 1564]
[72, 415]
[72, 682]
[72, 1667]
[73, 345]
[73, 776]
[73, 1715]
[74, 830]
[74, 1592]
[74, 2287]
[75, 322]
[75, 1095]
[75, 1313]
[76, 493]
[76, 601]
[76, 812]
[77, 834]
[77, 1007]
[77, 1182]
[78, 849]
[78, 1173]
[78, 1931]
[79, 89]
[79, 232]
[79, 495]
[80, 227]
[80, 343]
[80, 1741]
[81, 523]
[81, 746]
[81, 920]
[82, 940]
[82, 1176]
[82, 1413]
[83, 609]
[83, 1057]
[83, 1337]
[84, 417]
[84, 591]
[84, 1716]
[85, 975]
[85, 1223]
[85, 1251]
[86, 1549]
[86, 1737]
[86, 1749]
[87, 225]
[87, 2190]
[87, 2274]
[88, 349]
[88, 964]
[88, 2188]
[89, 2009]
[89, 2163]
[90, 848]
[90, 946]
[90, 1394]
[91, 116]
[91, 1175]
[91, 2326]
[92, 809]
[92, 1130]
[92, 1371]
[93, 516]
[93, 1092]
[93, 2210]
[94, 1539]
[94, 2100]
[95, 328]
[95, 984]
[95, 1467]
[96, 777]
[96, 1824]
[96, 2143]
[97, 211]
[97, 791]
[97, 1797]
[98, 905]
[98, 2124]
[98, 2228]
[99, 800]
[99, 1261]
[99, 1566]
[100, 1255]
[100, 1278]
[100, 1457]
[101, 242]
[101, 250]
[101, 321]
[102, 336]
[102, 380]
[102, 1703]
[103, 341]
[103, 949]
[103, 1735]
[104, 674]
[104, 2156]
[104, 2164]
[105, 1469]
[105, 1870]
[105, 2260]
[106, 224]
[106, 1427]
[106, 2102]
[107, 299]
[107, 1685]
[107, 1998]
[108, 902]
[108, 1668]
[108, 2224]
[109, 470]
[109, 728]
[109, 2381]
[110, 848]
[110, 1985]
[110, 2137]
[111, 437]
[111, 1248]
[112, 1221]
[112, 1738]
[112, 2025]
[113, 794]
[113, 881]
[113, 1096]
[114, 424]
[114, 1325]
[114, 1388]
[115, 425]
[115, 723]
[115, 986]
[116, 1464]
[116, 1887]
[117, 250]
[117, 1328]
[117, 1747]
[118, 128]
[118, 1549]
[118, 2126]
[119, 454]
[119, 1647]
[119, 1664]
[360, 368]
[360, 1301]
[360, 2300]
[361, 545]
[361, 2015]
[361, 2159]
[362, 511]
[362, 2012]
[362, 2040]
[363, 1094]
[363, 1937]
[363, 1965]
[364, 669]
[364, 1551]
[364, 1595]
[365, 565]
[365, 1740]
[366, 373]
[366, 1723]
[367, 1038]
[367, 1712]
[368, 709]
[368, 815]
[369, 1230]
[369, 1265]
[369, 1795]
[370, 596]
[370, 838]
[370, 1891]
[371, 1163]
[372, 569]
[372, 2214]
[372, 2287]
[373, 1361]
[373, 1476]
[374, 391]
[374, 1851]
[374, 1982]
[375, 1078]
[375, 1088]
[375, 1514]
[376, 1690]
[376, 1864]
[377, 684]
[377, 747]
[377, 1236]
[378, 1369]
[378, 1940]
[379, 438]
[379, 1924]
[379, 2105]
[380, 1082]
[380, 1606]
[381, 788]
[381, 905]
[381, 1407]
[382, 733]
[382, 1129]
[382, 1503]
[383, 1258]
[383, 2135]
[384, 869]
[384, 2225]
[384, 2290]
[385, 688]
[385, 711]
[386, 861]
[386, 2063]
[387, 1191]
[388, 932]
[388, 1162]
[389, 850]
[389, 993]
[389, 1381]
[390, 746]
[390, 1243]
[390, 2086]
[391, 490]
[392, 1054]
[392, 1847]
[393, 1744]
[393, 1798]
[393, 1989]
[394, 678]
[394, 1019]
[395, 542]
[395, 1629]
[395, 1842]
[396, 1458]
[396, 1837]
[396, 2243]
[397, 794]
[397, 1774]
[398, 889]
[398, 2132]
[399, 618]
[399, 1102]
[399, 1884]
[400, 1120]
[400, 1815]
[400, 2267]
[401, 1148]
[401, 1237]
[401, 2097]
[402, 1588]
[402, 1604]
[403, 1051]
[403, 1475]
[403, 1547]
[404, 1086]
[404, 2294]
[404, 2327]
[405, 1158]
[405, 1367]
[405, 2030]
[406, 743]
[406, 892]
[406, 1247]
[407, 1299]
[407, 1869]
[408, 849]
[408, 2039]
[409, 1165]
[409, 1342]
[410, 1382]
[410, 1426]
[410, 1609]
[411, 654]
[411, 746]
[411, 802]
[412, 572]
[412, 1159]
[412, 2004]
[413, 635]
[413, 657]
[413, 984]
[414, 1584]
[414, 2075]
[415, 1180]
[416, 658]
[416, 1378]
[416, 1486]
[417, 419]
[417, 426]
[418, 442]
[418, 2294]
[418, 2305]
[419, 547]
[419, 2357]
[420, 1667]
[420, 2080]
[421, 739]
[421, 1108]
[421, 1583]
[422, 860]
[422, 1027]
[423, 993]
[423, 1858]
[423, 1922]
[424, 1016]
[424, 2057]
[425, 1527]
[425, 2288]
[426, 1607]
[426, 1675]
[427, 888]
[427, 1177]
[428, 577]
[428, 1013]
[428, 1283]
[429, 998]
[429, 1176]
[429, 1784]
[430, 1410]
[431, 1195]
[431, 1444]
[431, 2078]
[432, 600]
[432, 1519]
[432, 2046]
[433, 834]
[433, 1152]
[434, 726]
[434, 1546]
[435, 556]
[435, 2093]
[436, 890]
[436, 1264]
[436, 1629]
[437, 1326]
[437, 2152]
[438, 603]
[438, 621]
[439, 900]
[439, 1341]
[439, 2160]
[440, 771]
[440, 1238]
[441, 911]
[441, 1826]
[442, 816]
[442, 2391]
[443, 1292]
[444, 1387]
[444, 1872]
[445, 555]
[445, 1067]
[445, 2034]
[446, 517]
[446, 1266]
[446, 1819]
[447, 646]
[447, 2016]
[448, 539]
[448, 1103]
[449, 745]
[449, 1392]
[449, 1394]
[450, 1331]
[450, 1619]
[450, 1799]
[451, 1900]
[451, 2137]
[451, 2215]
[452, 1411]
[453, 1705]
[453, 1967]
[454, 890]
[454, 1603]
[455, 1271]
[455, 1327]
[455, 2148]
[456, 1223]
[456, 1983]
[456, 2024]
[457, 783]
[457, 1093]
[457, 1959]
[458, 1078]
[458, 1263]
[458, 2265]
[459, 1023]
[459, 2341]
[460, 1139]
[460, 2120]
[461, 1113]
[461, 1537]
[462, 1298]
[462, 2385]
[463, 1660]
[463, 2371]
[464, 1031]
[464, 1582]
[464, 2132]
[465, 872]
[465, 1011]
[465, 1287]
[466, 680]
[466, 784]
[466, 1273]
[467, 1661]
[468, 1121]
[468, 1459]
[468, 2347]
[469, 1466]
[469, 2103]
[470, 1974]
[470, 2065]
[471, 1569]
[471, 1746]
[471, 1971]
[472, 1287]
[472, 1310]
[472, 1861]
[473, 1284]
[473, 1830]
[473, 2136]
[474, 487]
[474, 739]
[475, 1339]
[475, 1805]
[475, 2204]
[476, 574]
[476, 1073]
[476, 1676]
[477, 510]
[477, 973]
[477, 2240]
[478, 545]
[478, 988]
[479, 1570]
[479, 2258]
[720, 2193]
[720, 2392]
[721, 2090]
[722, 1087]
[722, 1903]
[723, 860]
[723, 1953]
[724, 1133]
[724, 1209]
[724, 1969]
[725, 852]
[725, 1682]
[725, 1894]
[726, 1022]
[726, 1560]
[727, 989]
[727, 2352]
[728, 1823]
[728, 2118]
[729, 1290]
[729, 1317]
[729, 2090]
[730, 784]
[730, 1554]
[730, 1565]
[731, 2155]
[732, 2389]
[733, 1400]
[734, 871]
[734, 1459]
[734, 1917]
[735, 1494]
[735, 2197]
[736, 1768]
[736, 1808]
[737, 793]
[737, 1250]
[737, 1890]
[738, 1131]
[738, 2249]
[738, 2317]
[739, 1820]
[740, 1219]
[740, 2102]
[741, 1627]
[742, 2010]
[742, 2028]
[742, 2329]
[743, 2112]
[743, 2366]
[744, 1735]
[745, 946]
[747, 1596]
[748, 1188]
[748, 1198]
[749, 1281]
[749, 1620]
[749, 1664]
[750, 1293]
[750, 2149]
[751, 859]
[751, 1396]
[752, 1082]
[752, 1703]
[753, 2120]
[753, 2341]
[754, 1100]
[754, 1390]
[755, 885]
[755, 2155]
[756, 1171]
[756, 1871]
[757, 812]
[757, 1739]
[758, 1518]
[758, 1575]
[758, 2093]
[759, 2112]
[760, 844]
[760, 2234]
[760, 2387]
[762, 1718]
[762, 1740]
[762, 1804]
[763, 1163]
[763, 1906]
[764, 829]
[764, 1323]
[765, 1696]
[765, 1995]
[765, 2222]
[766, 1200]
[766, 2380]
[767, 1352]
[767, 1694]
[768, 1132]
[768, 1275]
[768, 1579]
[769, 793]
[769, 1673]
[770, 1048]
[770, 2328]
[771, 1988]
[772, 1465]
[773, 997]
[773, 2033]
[774, 1763]
[774, 1789]
[775, 1016]
[775, 1890]
[776, 1451]
[777, 1960]
[778, 1175]
[778, 1860]
[778, 2350]
[779, 1279]
[779, 2082]
[780, 1589]
[780, 2012]
[780, 2089]
[781, 979]
[782, 1156]
[782, 1308]
[782, 1737]
[783, 1159]
[784, 2011]
[785, 809]
[785, 1635]
[786, 1154]
[786, 2271]
[787, 1188]
[787, 1257]
[787, 2332]
[788, 813]
[788, 2218]
[789, 1904]
[789, 2033]
[790, 1402]
[790, 2373]
[791, 1373]
[792, 868]
[792, 2103]
[793, 1816]
[794, 828]
[795, 825]
[796, 1707]
[796, 1908]
[797, 929]
[797, 1588]
[798, 944]
[798, 1943]
[799, 1367]
[799, 1950]
[800, 886]
[800, 2145]
[801, 1581]
[801, 2259]
[802, 1124]
[802, 1243]
[803, 1370]
[803, 1440]
[803, 2302]
[804, 867]
[804, 990]
[805, 1316]
[805, 1541]
[806, 922]
[806, 1905]
[806, 2286]
[807, 1306]
[807, 1891]
[807, 2138]
[808, 960]
[808, 1214]
[809, 2003]
[810, 1048]
[810, 1076]
[811, 1110]
[811, 1539]
[812, 1059]
[813, 1760]
[814, 1033]
[815, 1221]
[815, 2054]
[816, 1613]
[816, 1878]
[817, 2063]
[817, 2234]
[817, 2285]
[818, 1961]
[819, 1443]
[819, 1682]
[820, 1652]
[821, 1659]
[821, 2106]
[822, 843]
[822, 953]
[822, 2340]
[823, 1131]
[823, 1251]
[824, 1321]
[824, 1962]
[824, 2268]
[825, 1611]
[825, 1762]
[826, 1019]
[826, 1865]
[827, 979]
[827, 2332]
[828, 1653]
[828, 1936]
[829, 1530]
[829, 2151]
[830, 1106]
[830, 2214]
[831, 1456]
[831, 1496]
[832, 1334]
[832, 1522]
[832, 2050]
[833, 1520]
[833, 1979]
[833, 2052]
[834, 1921]
[835, 1192]
[835, 1263]
[835, 1793]
[836, 925]
[836, 1444]
[837, 1706]
[837, 1947]
[837, 2150]
[838, 1116]
[838, 1306]
[839, 1298]
[839, 1398]
[480, 564]
[480, 1036]
[480, 2036]
[481, 1047]
[481, 1068]
[481, 1490]
[482, 1083]
[482, 1710]
[482, 1728]
[483, 831]
[483, 1777]
[483, 1933]
[484, 2071]
[485, 953]
[485, 1800]
[485, 2252]
[486, 667]
[486, 1519]
[487, 1583]
[488, 514]
[488, 557]
[488, 1451]
[489, 1220]
[489, 1349]
[490, 945]
[490, 2309]
[491, 1575]
[492, 1127]
[492, 1531]
[492, 1644]
[493, 604]
[493, 2392]
[494, 805]
[494, 2363]
[494, 2368]
[495, 1637]
[496, 1757]
[496, 2115]
[497, 1274]
[497, 1372]
[497, 2029]
[498, 998]
[498, 999]
[498, 1454]
[499, 1019]
[499, 1877]
[499, 2304]
[500, 1515]
[500, 2038]
[500, 2092]
[501, 836]
[501, 1830]
[501, 2078]
[502, 1029]
[502, 1542]
[502, 1981]
[503, 1462]
[503, 1593]
[503, 1840]
[504, 507]
[504, 2160]
[505, 1242]
[505, 1441]
[505, 2166]
[506, 2224]
[506, 2323]
[507, 1341]
[507, 1927]
[508, 1359]
[508, 1706]
[508, 2073]
[509, 536]
[509, 1796]
[510, 1348]
[510, 1730]
[511, 866]
[512, 1143]
[512, 1279]
[512, 1322]
[513, 1265]
[513, 2295]
[513, 2315]
[514, 1174]
[514, 1681]
[515, 1081]
[515, 1571]
[515, 1595]
[516, 821]
[516, 1213]
[517, 2109]
[517, 2157]
[518, 537]
[518, 1177]
[518, 1632]
[519, 1197]
[520, 1145]
[520, 1322]
[520, 2330]
[521, 718]
[521, 1911]
[521, 1976]
[522, 1354]
[522, 1569]
[522, 1641]
[523, 2086]
[523, 2096]
[524, 558]
[524, 2180]
[525, 741]
[525, 756]
[525, 808]
[526, 1063]
[526, 2154]
[527, 2325]
[527, 2356]
[528, 875]
[528, 1173]
[528, 1671]
[529, 1494]
[529, 1835]
[529, 2101]
[530, 1906]
[530, 2279]
[531, 914]
[531, 1348]
[531, 2370]
[532, 1621]
[532, 1743]
[533, 1741]
[534, 562]
[534, 948]
[534, 1062]
[535, 1002]
[535, 1037]
[535, 1416]
[536, 874]
[536, 1552]
[537, 2196]
[538, 964]
[539, 708]
[539, 1633]
[540, 648]
[540, 1300]
[540, 2228]
[541, 764]
[541, 2289]
[542, 1620]
[542, 1945]
[543, 658]
[543, 1888]
[544, 632]
[544, 873]
[544, 1101]
[545, 820]
[546, 1798]
[546, 2051]
[546, 2311]
[547, 1157]
[547, 1716]
[548, 709]
[548, 1727]
[548, 2300]
[549, 1225]
[549, 1731]
[549, 2354]
[550, 851]
[550, 1364]
[550, 2377]
[551, 1080]
[551, 1245]
[551, 1529]
[552, 582]
[552, 2077]
[552, 2335]
[553, 735]
[553, 1835]
[553, 2283]
[554, 1943]
[554, 2043]
[555, 1090]
[556, 990]
[556, 1518]
[557, 563]
[557, 2231]
[558, 1558]
[558, 1972]
[559, 1447]
[559, 1672]
[560, 796]
[560, 1658]
[560, 1733]
[561, 761]
[561, 1191]
[561, 2107]
[562, 1507]
[562, 2399]
[563, 776]
[563, 1203]
[564, 2219]
[565, 957]
[565, 1804]
[566, 961]
[566, 1641]
[567, 666]
[567, 991]
[567, 1093]
[568, 672]
[568, 2200]
[569, 1120]
[569, 1423]
[570, 1227]
[570, 1399]
[570, 2179]
[571, 1343]
[571, 1832]
[572, 666]
[573, 716]
[573, 2386]
[574, 1666]
[575, 1524]
[575, 1784]
[576, 1150]
[576, 1584]
[577, 1369]
[578, 1089]
[578, 1789]
[578, 2338]
[579, 1023]
[579, 1632]
[580, 1189]
[580, 2058]
[580, 2321]
[581, 692]
[581, 1101]
[581, 1717]
[582, 645]
[582, 1197]
[583, 841]
[583, 1359]
[583, 1839]
[584, 1995]
[584, 2060]
[584, 2301]
[585, 766]
[585, 1734]
[585, 2255]
[586, 1013]
[586, 1228]
[586, 2259]
[587, 687]
[587, 1294]
[587, 1579]
[588, 592]
[588, 1424]
[589, 1305]
[589, 2158]
[589, 2176]
[590, 1362]
[590, 1825]
[591, 1383]
[591, 1675]
[592, 1785]
[593, 882]
[593, 1253]
[593, 1416]
[594, 625]
[594, 844]
[594, 1345]
[595, 686]
[595, 1164]
[595, 1523]
[596, 900]
[596, 933]
[597, 740]
[597, 1775]
[598, 1151]
[598, 1365]
[598, 2061]
[599, 696]
[599, 912]
[599, 2131]
[600, 1436]
[600, 2263]
[601, 942]
[602, 1380]
[602, 1440]
[603, 1571]
[603, 1678]
[604, 757]
[604, 2193]
[605, 879]
[605, 1651]
[605, 2122]
[606, 663]
[606, 1494]
[606, 1901]
[607, 999]
[607, 1111]
[607, 2220]
[608, 1307]
[608, 1351]
[609, 1561]
[610, 1010]
[610, 1821]
[611, 1186]
[611, 1231]
[612, 1846]
[612, 2076]
[613, 754]
[613, 1845]
[613, 2247]
[614, 1425]
[614, 1445]
[614, 2142]
[615, 662]
[615, 852]
[616, 1464]
[616, 1843]
[616, 2326]
[617, 656]
[617, 1255]
[618, 1550]
[618, 2167]
[619, 1687]
[619, 2127]
[620, 1471]
[620, 1662]
[621, 1125]
[621, 2170]
[622, 1421]
[622, 1555]
[622, 1800]
[623, 781]
[623, 1198]
[623, 2074]
[624, 810]
[624, 1559]
[624, 2342]
[625, 939]
[625, 1691]
[626, 1090]
[626, 2034]
[627, 919]
[627, 1608]
[627, 2171]
[628, 643]
[628, 1915]
[629, 819]
[629, 1379]
[629, 1418]
[630, 1446]
[630, 1745]
[630, 2364]
[631, 750]
[631, 1612]
[631, 1724]
[632, 1098]
[632, 1717]
[633, 1414]
[633, 1874]
[633, 2235]
[634, 928]
[634, 2356]
[635, 2085]
[636, 733]
[636, 1631]
[636, 2232]
[637, 2036]
[637, 2219]
[637, 2352]
[638, 1326]
[638, 1734]
[639, 900]
[639, 1434]
[639, 1891]
[640, 1164]
[640, 1266]
[640, 1794]
[641, 1277]
[641, 1540]
[641, 1949]
[642, 1989]
[642, 2179]
[643, 1004]
[643, 1844]
[644, 989]
[644, 1335]
[645, 2307]
[646, 1883]
[646, 2318]
[647, 795]
[647, 854]
[647, 1338]
[648, 813]
[648, 905]
[649, 1044]
[650, 721]
[650, 894]
[650, 1766]
[651, 999]
[651, 1524]
[651, 1898]
[652, 767]
[653, 753]
[653, 1139]
[653, 1725]
[654, 920]
[655, 880]
[655, 883]
[656, 972]
[656, 1457]
[657, 1781]
[658, 1958]
[659, 1693]
[659, 1853]
[660, 1122]
[660, 1757]
[660, 2281]
[661, 1508]
[661, 2075]
[661, 2292]
[662, 1650]
[662, 1894]
[663, 1838]
[663, 2101]
[664, 1314]
[664, 1651]
[665, 1862]
[665, 1913]
[666, 783]
[667, 1087]
[668, 1345]
[668, 1691]
[668, 1692]
[669, 1772]
[669, 2105]
[670, 1193]
[670, 1217]
[671, 1442]
[671, 2056]
[671, 2306]
[672, 1521]
[673, 1761]
[673, 2192]
[674, 1642]
[674, 1745]
[675, 923]
[675, 954]
[675, 2153]
[676, 890]
[676, 1647]
[677, 683]
[677, 927]
[678, 839]
[679, 1204]
[679, 1238]
[680, 1240]
[680, 2147]
[681, 1368]
[681, 1856]
[682, 2306]
[683, 1027]
[683, 1879]
[684, 797]
[685, 818]
[685, 1272]
[685, 1849]
[686, 1336]
[686, 1511]
[687, 1275]
[687, 1391]
[688, 1274]
[689, 1194]
[689, 1602]
[689, 1893]
[690, 2250]
[690, 2314]
[691, 1279]
[691, 2175]
[692, 1141]
[692, 1318]
[693, 1306]
[693, 1927]
[694, 1808]
[694, 1846]
[694, 2002]
[695, 1098]
[695, 1134]
[695, 1179]
[696, 714]
[697, 1375]
[697, 2162]
[697, 2355]
[698, 1934]
[699, 910]
[699, 2173]
[699, 2228]
[700, 1258]
[700, 2388]
[701, 870]
[701, 2021]
[701, 2249]
[702, 1336]
[702, 2109]
[703, 1209]
[703, 2210]
[704, 1905]
[704, 2346]
[705, 1289]
[705, 1625]
[705, 1704]
[706, 2345]
[707, 1500]
[707, 1516]
[707, 1684]
[708, 1408]
[709, 899]
[710, 1121]
[710, 2142]
[710, 2320]
[711, 909]
[712, 1054]
[712, 1114]
[712, 2097]
[713, 967]
[713, 1594]
[713, 2264]
[714, 1853]
[714, 2127]
[715, 1303]
[715, 1335]
[715, 1832]
[716, 2018]
[717, 992]
[717, 1747]
[717, 2162]
[718, 1003]
[718, 2361]
[120, 519]
[120, 645]
[120, 1070]
[121, 124]
[121, 1197]
[121, 2077]
[122, 703]
[122, 952]
[122, 1092]
[123, 463]
[123, 1051]
[123, 2217]
[124, 273]
[124, 1205]
[125, 365]
[125, 376]
[125, 1020]
[126, 1142]
[126, 1463]
[126, 1881]
[127, 387]
[127, 487]
[127, 761]
[128, 541]
[128, 2005]
[129, 1079]
[129, 1166]
[129, 1215]
[130, 1075]
[130, 2239]
[130, 2316]
[131, 2037]
[131, 2150]
[131, 2329]
[132, 1418]
[132, 1504]
[132, 1682]
[133, 775]
[133, 1250]
[133, 1711]
[134, 141]
[134, 371]
[134, 440]
[135, 792]
[135, 1320]
[135, 1466]
[136, 427]
[136, 459]
[136, 1632]
[137, 555]
[137, 1099]
[137, 1585]
[138, 1882]
[138, 2061]
[138, 2184]
[139, 652]
[139, 2082]
[139, 2244]
[140, 1776]
[140, 2060]
[140, 2083]
[141, 679]
[141, 763]
[142, 434]
[142, 1340]
[142, 1625]
[143, 772]
[143, 1018]
[143, 1732]
[144, 267]
[144, 820]
[144, 2174]
[145, 397]
[145, 1433]
[145, 1936]
[146, 504]
[146, 693]
[146, 1116]
[147, 2131]
[147, 2181]
[147, 2277]
[148, 1085]
[148, 1977]
[148, 2148]
[149, 320]
[149, 1006]
[149, 1567]
[150, 271]
[150, 341]
[150, 366]
[151, 799]
[151, 1239]
[151, 2030]
[152, 2185]
[152, 2246]
[152, 2254]
[153, 387]
[153, 474]
[153, 935]
[154, 1639]
[154, 1954]
[154, 2271]
[155, 602]
[155, 1658]
[155, 1908]
[156, 332]
[156, 1355]
[156, 2122]
[157, 278]
[157, 321]
[157, 620]
[158, 495]
[158, 752]
[158, 1499]
[159, 1198]
[159, 1753]
[159, 2133]
[160, 981]
[160, 2275]
[160, 2303]
[161, 1938]
[161, 2044]
[161, 2259]
[162, 673]
[162, 1811]
[162, 1851]
[163, 774]
[163, 2273]
[163, 2295]
[164, 722]
[164, 1137]
[164, 1601]
[165, 1141]
[165, 1430]
[165, 2209]
[166, 592]
[166, 1926]
[166, 2026]
[167, 276]
[167, 626]
[167, 1491]
[168, 230]
[168, 1108]
[168, 2107]
[169, 681]
[169, 960]
[169, 2248]
[170, 340]
[170, 928]
[170, 1406]
[171, 1289]
[171, 1293]
[171, 1724]
[172, 731]
[172, 885]
[172, 1448]
[173, 772]
[173, 1602]
[173, 1966]
[174, 198]
[174, 2309]
[175, 433]
[175, 1182]
[175, 1252]
[176, 295]
[176, 1476]
[177, 1452]
[177, 1557]
[177, 1996]
[178, 1669]
[178, 1859]
[179, 430]
[179, 1669]
[179, 1955]
[180, 759]
[180, 908]
[180, 1915]
[181, 484]
[181, 574]
[181, 918]
[182, 670]
[182, 719]
[182, 2183]
[183, 968]
[183, 2108]
[183, 2262]
[184, 343]
[184, 533]
[184, 1055]
[185, 301]
[185, 310]
[185, 448]
[186, 1230]
[186, 1763]
[186, 2273]
[187, 1152]
[187, 1415]
[187, 1921]
[188, 811]
[188, 931]
[188, 1645]
[189, 678]
[189, 826]
[189, 1311]
[190, 1713]
[190, 1917]
[190, 2017]
[191, 1319]
[191, 1690]
[191, 2111]
[192, 1485]
[192, 2208]
[192, 2350]
[193, 1088]
[193, 2022]
[194, 524]
[194, 1987]
[195, 1073]
[195, 1961]
[195, 2242]
[196, 1103]
[196, 1486]
[196, 1633]
[197, 956]
[197, 1008]
[197, 1485]
[198, 347]
[198, 391]
[199, 435]
[199, 1382]
[199, 1432]
[200, 248]
[200, 1507]
[200, 2076]
[201, 1662]
[201, 1867]
[201, 2162]
[202, 860]
[202, 986]
[202, 2198]
[203, 226]
[203, 917]
[203, 1950]
[204, 210]
[204, 664]
[204, 2122]
[205, 221]
[205, 554]
[205, 958]
[206, 667]
[206, 1903]
[206, 2233]
[207, 913]
[207, 1385]
[207, 1468]
[208, 1295]
[208, 1504]
[208, 1650]
[209, 617]
[209, 635]
[209, 1512]
[210, 1355]
[210, 1787]
[211, 1331]
[211, 1999]
[212, 609]
[212, 747]
[212, 1495]
[213, 239]
[213, 1205]
[213, 1968]
[214, 1526]
[214, 1550]
[214, 1884]
[215, 285]
[215, 1582]
[215, 2337]
[216, 538]
[216, 2188]
[217, 702]
[217, 1511]
[217, 2157]
[218, 577]
[218, 1914]
[218, 1940]
[219, 720]
[219, 1342]
[219, 2117]
[220, 947]
[220, 1975]
[221, 532]
[221, 798]
[222, 1292]
[222, 1312]
[222, 1751]
[223, 1080]
[223, 1948]
[223, 2373]
[224, 316]
[224, 597]
[225, 234]
[225, 2397]
[226, 1042]
[227, 538]
[227, 997]
[228, 335]
[228, 1190]
[228, 1573]
[229, 698]
[229, 1510]
[229, 2035]
[230, 761]
[230, 1583]
[231, 346]
[231, 354]
[231, 611]
[232, 1056]
[232, 1499]
[233, 1144]
[233, 1481]
[233, 2226]
[234, 1037]
[234, 1615]
[235, 1592]
[235, 1765]
[235, 1815]
[236, 704]
[236, 732]
[236, 988]
[237, 409]
[237, 601]
[237, 1059]
[238, 1453]
[238, 1936]
[238, 2006]
[239, 273]
[239, 1070]
[240, 394]
[240, 1298]
[240, 1877]
[241, 573]
[241, 1962]
[241, 2319]
[242, 278]
[242, 1375]
[243, 777]
[243, 1334]
[243, 1721]
[244, 295]
[244, 744]
[244, 949]
[245, 1309]
[245, 1384]
[245, 1663]
[246, 745]
[246, 1984]
[246, 2042]
[247, 865]
[247, 1287]
[247, 2334]
[248, 736]
[248, 2399]
[249, 447]
[249, 898]
[249, 1907]
[250, 992]
[251, 950]
[251, 1275]
[251, 2204]
[252, 414]
[252, 1150]
[252, 1809]
[253, 331]
[253, 2059]
[253, 2222]
[254, 484]
[254, 1666]
[254, 1849]
[255, 791]
[255, 1409]
[255, 1999]
[256, 1406]
[256, 2135]
[256, 2223]
[257, 444]
[257, 786]
[257, 1280]
[258, 491]
[258, 867]
[258, 1426]
[259, 443]
[259, 590]
[259, 1329]
[260, 506]
[260, 902]
[260, 1578]
[261, 655]
[261, 741]
[261, 1214]
[262, 265]
[262, 941]
[262, 2040]
[263, 462]
[263, 1877]
[263, 2113]
[264, 1709]
[264, 1767]
[264, 1967]
[265, 469]
[265, 511]
[266, 1177]
[266, 1725]
[266, 2196]
[267, 478]
[267, 732]
[268, 769]
[268, 1155]
[268, 1388]
[269, 1233]
[269, 1895]
[269, 2206]
[270, 665]
[270, 1353]
[270, 1360]
[271, 1361]
[271, 1735]
[272, 1199]
[272, 1238]
[272, 1988]
[273, 519]
[274, 612]
[274, 1062]
[274, 1507]
[275, 301]
[275, 353]
[275, 1103]
[276, 1065]
[276, 1834]
[277, 719]
[277, 1631]
[277, 2079]
[278, 2355]
[279, 896]
[279, 2017]
[279, 2347]
[280, 1067]
[280, 1980]
[280, 2291]
[281, 1931]
[281, 1987]
[281, 2180]
[282, 914]
[282, 1543]
[282, 2070]
[283, 575]
[283, 1202]
[283, 1898]
[284, 1295]
[284, 1344]
[284, 1379]
[285, 2132]
[285, 2201]
[286, 929]
[286, 1014]
[286, 1337]
[287, 628]
[287, 759]
[287, 2366]
[288, 306]
[288, 1963]
[288, 2246]
[289, 649]
[289, 1480]
[289, 1810]
[290, 688]
[290, 1372]
[290, 1614]
[291, 952]
[291, 1209]
[291, 2186]
[292, 588]
[292, 1926]
[292, 2239]
[293, 846]
[293, 1551]
[293, 1772]
[294, 453]
[294, 1566]
[294, 2375]
[295, 1021]
[296, 659]
[296, 696]
[296, 1855]
[297, 652]
[297, 779]
[298, 615]
[298, 1344]
[298, 2019]
[299, 1623]
[299, 1935]
[300, 386]
[300, 1692]
[300, 2144]
[301, 1888]
[302, 903]
[302, 1761]
[302, 1811]
[303, 907]
[303, 1439]
[303, 2094]
[304, 1487]
[304, 1829]
[304, 2251]
[305, 1928]
[305, 2184]
[305, 2331]
[306, 1764]
[306, 2185]
[307, 1105]
[307, 1106]
[307, 2333]
[308, 1002]
[308, 1994]
[308, 2190]
[309, 1386]
[309, 1670]
[309, 1959]
[310, 708]
[310, 2372]
[311, 818]
[311, 2242]
[311, 2339]
[312, 790]
[312, 1729]
[312, 1948]
[313, 330]
[313, 864]
[313, 1624]
[314, 846]
[314, 1081]
[314, 2170]
[315, 1305]
[315, 2337]
[315, 2390]
[316, 1429]
[316, 1981]
[317, 571]
[317, 727]
[317, 1335]
[318, 979]
[318, 980]
[318, 2074]
[319, 619]
[319, 1035]
[319, 1853]
[320, 367]
[320, 2297]
[321, 1328]
[322, 1545]
[322, 1684]
[323, 1044]
[323, 1299]
[323, 1810]
[324, 422]
[324, 677]
[324, 2198]
[325, 706]
[325, 1597]
[325, 2032]
[326, 906]
[326, 1008]
[326, 1464]
[327, 1036]
[327, 1285]
[327, 1832]
[328, 657]
[328, 1912]
[329, 420]
[329, 682]
[329, 2056]
[330, 1240]
[330, 1932]
[331, 1696]
[331, 2083]
[332, 879]
[332, 2108]
[333, 610]
[333, 1332]
[333, 1893]
[334, 721]
[334, 1290]
[334, 1645]
[335, 1488]
[335, 1714]
[336, 976]
[336, 2009]
[337, 814]
[337, 1024]
[337, 1489]
[338, 1048]
[338, 1066]
[338, 1559]
[339, 1419]
[339, 1557]
[339, 1614]
[340, 963]
[340, 2223]
[341, 1599]
[342, 388]
[342, 785]
[342, 1130]
[343, 773]
[344, 1079]
[344, 1157]
[344, 2357]
[345, 1405]
[346, 672]
[346, 1136]
[347, 1851]
[347, 2192]
[348, 1667]
[348, 2382]
[349, 533]
[349, 1282]
[350, 461]
[350, 1556]
[350, 1803]
[351, 676]
[351, 1264]
[351, 1288]
[352, 1384]
[352, 1785]
[352, 2026]
[353, 543]
[353, 1486]
[354, 568]
[354, 1773]
[355, 1040]
[355, 1928]
[355, 2359]
[356, 441]
[356, 1039]
[356, 2098]
[357, 385]
[357, 1614]
[357, 1646]
[358, 479]
[358, 1040]
[358, 1918]
[359, 383]
[359, 634]
[359, 1406]
[1200, 1431]
[1200, 2336]
[1201, 1307]
[1201, 1824]
[1201, 1960]
[1202, 2296]
[1203, 1377]
[1203, 1715]
[1204, 1906]
[1205, 2045]
[1206, 1755]
[1206, 2007]
[1206, 2185]
[1207, 1218]
[1207, 1358]
[1208, 1448]
[1210, 1773]
[1210, 2200]
[1210, 2298]
[1211, 1520]
[1211, 2070]
[1212, 1442]
[1212, 1956]
[1213, 1969]
[1213, 2276]
[1214, 2248]
[1215, 1863]
[1216, 1268]
[1216, 1587]
[1216, 1836]
[1217, 1503]
[1218, 1482]
[1218, 1759]
[1219, 1628]
[1220, 1410]
[1220, 2139]
[1222, 1522]
[1222, 2379]
[1224, 2172]
[1224, 2302]
[1225, 1474]
[1225, 1547]
[1226, 1803]
[1226, 2206]
[1227, 1254]
[1227, 1989]
[1228, 1283]
[1228, 1938]
[1229, 1253]
[1229, 1497]
[1230, 2048]
[1231, 1600]
[1231, 1773]
[1232, 1954]
[1232, 2396]
[1233, 2247]
[1234, 1670]
[1234, 1951]
[1234, 2004]
[1235, 1386]
[1235, 1449]
[1236, 1495]
[1237, 2367]
[1239, 1697]
[1239, 1790]
[1240, 1654]
[1241, 1417]
[1241, 1675]
[1242, 1428]
[1242, 2053]
[1243, 1686]
[1244, 1544]
[1245, 2373]
[1246, 1505]
[1246, 1585]
[1246, 2291]
[1247, 2013]
[1248, 1431]
[1248, 1580]
[1249, 1355]
[1249, 2108]
[1250, 1673]
[1251, 2317]
[1252, 2067]
[1253, 2087]
[1254, 1744]
[1254, 1771]
[1255, 2085]
[1256, 1358]
[1256, 1910]
[1257, 1779]
[1258, 2356]
[1259, 1624]
[1259, 1932]
[1259, 2041]
[1260, 1697]
[1260, 1941]
[1260, 2030]
[1261, 1515]
[1261, 2375]
[1262, 1508]
[1262, 1801]
[1263, 1514]
[1264, 1842]
[1265, 2273]
[1266, 1333]
[1268, 1838]
[1268, 1901]
[1269, 1393]
[1269, 1461]
[1269, 2249]
[1270, 1751]
[1270, 1825]
[1271, 1977]
[1271, 2141]
[1272, 1666]
[1272, 1676]
[1273, 1554]
[1273, 1654]
[1276, 1884]
[1277, 1389]
[1277, 2146]
[1278, 1781]
[1278, 1912]
[1281, 1288]
[1281, 1647]
[1282, 1904]
[1283, 1914]
[1284, 2078]
[1285, 1343]
[1285, 2036]
[1286, 1370]
[1286, 1707]
[1286, 2119]
[1291, 1312]
[1291, 1937]
[1292, 1825]
[1293, 1704]
[1294, 1792]
[1294, 2238]
[1295, 1418]
[1296, 1665]
[1296, 2367]
[1297, 1761]
[1297, 2088]
[1300, 1760]
[1300, 2173]
[1301, 1866]
[1301, 2054]
[1302, 1685]
[1302, 1858]
[1302, 1935]
[1304, 1731]
[1304, 2324]
[1304, 2371]
[1305, 1812]
[1307, 2379]
[1308, 1749]
[1308, 2151]
[1311, 1398]
[1311, 2091]
[1313, 1870]
[1314, 1477]
[1314, 1787]
[1315, 1573]
[1315, 1714]
[1315, 1909]
[1316, 1813]
[1316, 1899]
[1318, 1430]
[1319, 1718]
[1319, 1864]
[1800, 2340]
[1801, 1809]
[1801, 2075]
[1802, 1854]
[1802, 2095]
[1806, 2134]
[1806, 2169]
[1807, 2336]
[1807, 2380]
[1808, 2076]
[1810, 1828]
[1811, 1982]
[1812, 2270]
[1812, 2369]
[1813, 2368]
[1815, 2229]
[1816, 2057]
[1818, 1821]
[1818, 1893]
[1823, 1997]
[1823, 2353]
[1826, 2257]
[1827, 2184]
[1830, 2362]
[1831, 2216]
[1831, 2226]
[1833, 2003]
[1837, 2256]
[1837, 2395]
[1839, 2010]
[1840, 2205]
[1841, 1930]
[1843, 1925]
[1844, 2366]
[1846, 2047]
[1847, 2303]
[1848, 2106]
[1848, 2186]
[1849, 2339]
[1850, 2099]
[1850, 2327]
[1852, 2010]
[1854, 2128]
[1854, 2141]
[1855, 1944]
[1855, 2131]
[1856, 1990]
[1857, 2037]
[1857, 2073]
[1858, 2177]
[1859, 2384]
[1860, 1925]
[1860, 2326]
[1861, 2123]
[1862, 1963]
[1865, 2091]
[1865, 2304]
[1866, 2031]
[1871, 2351]
[1872, 2271]
[1872, 2374]
[1875, 2056]
[1875, 2080]
[1879, 2288]
[1880, 2344]
[1882, 1928]
[1886, 2308]
[1886, 2358]
[1887, 2208]
[1888, 2372]
[1889, 2257]
[1890, 2057]
[1896, 2209]
[1898, 2220]
[1900, 1985]
[1901, 2197]
[1902, 2035]
[1904, 2188]
[1905, 2389]
[1908, 2119]
[1909, 2221]
[1911, 2297]
[1913, 2007]
[1914, 2194]
[1915, 2129]
[1916, 2384]
[1917, 1919]
[1918, 2359]
[1919, 2161]
[1440, 2119]
[1441, 1758]
[1441, 1892]
[1442, 1626]
[1443, 2019]
[1444, 2237]
[1445, 2320]
[1446, 1642]
[1447, 2154]
[1447, 2368]
[1448, 1786]
[1449, 1670]
[1452, 1726]
[1455, 1502]
[1455, 1836]
[1455, 2283]
[1456, 2164]
[1456, 2165]
[1457, 1562]
[1458, 1513]
[1458, 1621]
[1459, 2017]
[1460, 1569]
[1460, 2314]
[1461, 1983]
[1462, 1480]
[1462, 1828]
[1463, 1722]
[1463, 2318]
[1467, 1562]
[1468, 1750]
[1469, 1548]
[1469, 1992]
[1470, 1656]
[1470, 1757]
[1470, 1778]
[1471, 1867]
[1472, 1499]
[1472, 1946]
[1473, 1517]
[1473, 2125]
[1474, 1475]
[1474, 1700]
[1475, 2217]
[1476, 1572]
[1477, 2262]
[1478, 2183]
[1478, 2284]
[1479, 1984]
[1479, 2215]
[1479, 2348]
[1480, 2205]
[1481, 1493]
[1481, 2203]
[1482, 2020]
[1482, 2066]
[1483, 2167]
[1484, 1567]
[1487, 1729]
[1488, 2062]
[1489, 2237]
[1490, 2062]
[1491, 1980]
[1492, 1839]
[1492, 1947]
[1492, 2028]
[1493, 1568]
[1497, 2274]
[1497, 2397]
[1498, 1511]
[1498, 1523]
[1500, 1992]
[1501, 1805]
[1502, 1835]
[1503, 1610]
[1504, 1894]
[1505, 1834]
[1506, 2378]
[1508, 1552]
[1509, 1537]
[1509, 1895]
[1510, 2207]
[1513, 1743]
[1513, 2256]
[1515, 2145]
[1516, 1545]
[1516, 1791]
[1519, 2233]
[1520, 1543]
[1521, 2023]
[1521, 2312]
[1522, 1721]
[1523, 1794]
[1525, 2096]
[1525, 2182]
[1526, 2125]
[1527, 1702]
[1527, 1986]
[1528, 1709]
[1528, 2038]
[1528, 2145]
[1529, 2251]
[1530, 1749]
[1530, 2289]
[1531, 1634]
[1532, 1762]
[1532, 2264]
[1533, 1591]
[1533, 2334]
[1534, 1943]
[1534, 2395]
[1535, 1555]
[1536, 1623]
[1536, 1998]
[1538, 2046]
[1541, 1640]
[1542, 1868]
[1543, 2370]
[1544, 2153]
[1546, 1612]
[1546, 2149]
[1547, 1939]
[1549, 2289]
[1553, 1558]
[1553, 2180]
[1554, 2001]
[1555, 2252]
[1556, 1845]
[1557, 1646]
[1558, 1671]
[1081, 1551]
[1082, 1472]
[1083, 1363]
[1083, 1643]
[1084, 1660]
[1084, 1939]
[1085, 1356]
[1085, 2171]
[1086, 1680]
[1086, 2305]
[1087, 1897]
[1088, 2308]
[1089, 1763]
[1089, 2048]
[1091, 1156]
[1091, 2005]
[1091, 2126]
[1092, 1659]
[1093, 1386]
[1094, 1270]
[1094, 1362]
[1095, 1126]
[1095, 1160]
[1096, 1774]
[1096, 2241]
[1097, 1552]
[1097, 2292]
[1098, 1506]
[1099, 1505]
[1100, 1233]
[1100, 1509]
[1101, 1769]
[1104, 1289]
[1104, 2140]
[1105, 1423]
[1105, 2214]
[1107, 1776]
[1107, 2376]
[1109, 1310]
[1109, 2123]
[1110, 2100]
[1111, 1413]
[1111, 1454]
[1112, 1822]
[1112, 1841]
[1113, 1226]
[1113, 1895]
[1114, 1847]
[1115, 1229]
[1115, 1994]
[1117, 1796]
[1117, 1809]
[1119, 1349]
[1119, 2384]
[1120, 1765]
[1122, 1831]
[1122, 2115]
[1123, 1288]
[1123, 1620]
[1123, 1842]
[1124, 1754]
[1125, 1924]
[1126, 1548]
[1126, 1870]
[1127, 1267]
[1128, 1817]
[1128, 1952]
[1129, 1631]
[1130, 1135]
[1131, 1393]
[1132, 1501]
[1132, 2204]
[1133, 2186]
[1133, 2276]
[1134, 1318]
[1134, 1717]
[1136, 1186]
[1136, 2312]
[1137, 1538]
[1137, 1897]
[1138, 1427]
[1138, 2383]
[1139, 2196]
[1140, 1364]
[1140, 2293]
[1141, 1769]
[1142, 1643]
[1142, 1728]
[1143, 1145]
[1143, 2082]
[1144, 2212]
[1144, 2216]
[1145, 2244]
[1146, 1909]
[1146, 2310]
[1147, 1487]
[1147, 1948]
[1148, 1296]
[1148, 2008]
[1149, 1866]
[1149, 2178]
[1149, 2300]
[1150, 1796]
[1151, 1882]
[1151, 2359]
[1152, 2067]
[1153, 1313]
[1153, 1545]
[1153, 2260]
[1154, 1639]
[1155, 1325]
[1155, 1788]
[1157, 1215]
[1158, 1699]
[1158, 1941]
[1159, 1951]
[1160, 1684]
[1161, 1401]
[1161, 1422]
[1161, 1995]
[1162, 1635]
[1162, 1952]
[1164, 2253]
[1165, 2117]
[1166, 1241]
[1166, 1383]
[1167, 1366]
[1167, 1701]
[1168, 2064]
[1168, 2315]
[1168, 2338]
[1169, 2091]
[1169, 2113]
[1169, 2385]
[1170, 1657]
[1170, 2027]
[1170, 2173]
[1171, 1368]
[1172, 1252]
[1172, 1267]
[1172, 1644]
[1173, 2039]
[1174, 2231]
[1175, 2208]
[1176, 1454]
[1178, 1826]
[1179, 1430]
[1179, 2378]
[1180, 1212]
[1180, 2306]
[1181, 2002]
[1181, 2047]
[1182, 1267]
[1183, 1393]
[1183, 1983]
[1184, 1477]
[1184, 1651]
[1185, 1510]
[1185, 1655]
[1185, 1934]
[1186, 2104]
[1187, 1636]
[1187, 1817]
[1187, 1991]
[1188, 2133]
[1189, 1892]
[1189, 2166]
[1192, 1806]
[1192, 2265]
[1193, 1478]
[1193, 1610]
[1194, 1701]
[1194, 1966]
[1195, 1489]
[1196, 1730]
[1196, 2070]
[1199, 1204]
[1199, 2279]
[1680, 1850]
[1680, 2195]
[1681, 1873]
[1683, 1718]
[1683, 1720]
[1683, 2111]
[1685, 1922]
[1686, 1754]
[1687, 2202]
[1687, 2277]
[1688, 1805]
[1688, 2238]
[1689, 2207]
[1690, 2110]
[1691, 2144]
[1692, 1973]
[1693, 1944]
[1694, 2244]
[1694, 2330]
[1695, 1708]
[1695, 2093]
[1696, 2060]
[1698, 1768]
[1698, 2399]
[1700, 1731]
[1700, 2191]
[1701, 1818]
[1702, 1879]
[1705, 1767]
[1705, 2092]
[1706, 2037]
[1710, 1907]
[1710, 2016]
[1711, 1788]
[1712, 1911]
[1714, 2310]
[1715, 2344]
[1716, 1863]
[1719, 1979]
[1719, 2240]
[1720, 1804]
[1721, 1964]
[1722, 1883]
[1724, 2140]
[1726, 2029]
[1727, 2178]
[1728, 1748]
[1734, 2049]
[1736, 2179]
[1737, 2126]
[1740, 1864]
[1742, 2096]
[1744, 2311]
[1745, 1780]
[1746, 1822]
[1747, 1867]
[1748, 1881]
[1748, 1907]
[1751, 1937]
[1752, 1903]
[1752, 2263]
[1753, 2074]
[1753, 2168]
[1754, 2182]
[1755, 1782]
[1755, 2254]
[1756, 2340]
[1758, 2053]
[1758, 2360]
[1759, 2130]
[1760, 2027]
[1762, 2146]
[1764, 1862]
[1764, 2007]
[1765, 2287]
[1766, 2081]
[1766, 2100]
[1767, 2038]
[1768, 2002]
[1769, 1896]
[1770, 1878]
[1770, 2391]
[1772, 1924]
[1774, 2313]
[1775, 1981]
[1776, 2301]
[1777, 2165]
[1778, 2212]
[1778, 2281]
[1779, 2133]
[1779, 2168]
[1780, 2156]
[1781, 2085]
[1782, 1913]
[1786, 1885]
[1786, 2293]
[1789, 2064]
[1790, 1950]
[1791, 1992]
[1791, 2260]
[1793, 2134]
[1794, 1819]
[1795, 2315]
[1795, 2394]
[1799, 2121]
[2042, 2215]
[2043, 2243]
[2043, 2395]
[2044, 2245]
[2045, 2077]
[2048, 2394]
[2049, 2380]
[2051, 2199]
[2052, 2240]
[2058, 2116]
[2059, 2236]
[2059, 2376]
[2062, 2310]
[2063, 2365]
[2064, 2295]
[2065, 2118]
[2068, 2114]
[2071, 2266]
[2071, 2339]
[2079, 2183]
[2079, 2232]
[2080, 2382]
[2081, 2090]
[2083, 2376]
[2084, 2198]
[2087, 2397]
[2088, 2309]
[2092, 2375]
[2094, 2342]
[2098, 2343]
[2102, 2383]
[2106, 2276]
[2113, 2304]
[2116, 2211]
[2121, 2261]
[2123, 2153]
[2130, 2224]
[2135, 2388]
[2137, 2348]
[2142, 2161]
[2144, 2365]
[2154, 2363]
[2156, 2165]
[2158, 2369]
[2159, 2346]
[2169, 2358]
[2174, 2286]
[2174, 2389]
[2176, 2390]
[2181, 2202]
[2187, 2230]
[2187, 2246]
[2189, 2211]
[2189, 2360]
[2191, 2217]
[2191, 2371]
[2194, 2245]
[2201, 2270]
[2203, 2212]
[2209, 2378]
[2211, 2321]
[2216, 2281]
[2220, 2296]
[2225, 2386]
[2227, 2374]
[2227, 2396]
[2229, 2333]
[2230, 2254]
[2232, 2284]
[2233, 2263]
[2235, 2343]
[2242, 2266]
[2265, 2358]
[2267, 2333]
[2268, 2319]
[2270, 2337]
[2278, 2303]
[1920, 1942]
[1926, 2316]
[1927, 2138]
[1930, 2250]
[1932, 2147]
[1933, 2364]
[1934, 2345]
[1938, 2194]
[1939, 2354]
[1940, 2245]
[1941, 2272]
[1942, 2349]
[1944, 2181]
[1951, 1959]
[1953, 2288]
[1954, 2374]
[1957, 2066]
[1957, 2323]
[1958, 2372]
[1960, 1964]
[1964, 2379]
[1965, 1970]
[1967, 2299]
[1968, 2393]
[1969, 2210]
[1973, 2387]
[1974, 2322]
[1975, 2322]
[1977, 2128]
[1978, 2012]
[1979, 2370]
[1980, 2034]
[1984, 2072]
[1986, 2084]
[1990, 2351]
[1991, 2003]
[1993, 2148]
[1993, 2171]
[1994, 2274]
[1996, 2029]
[2000, 2032]
[2000, 2345]
[2008, 2275]
[2011, 2041]
[2011, 2147]
[2013, 2112]
[2014, 2221]
[2018, 2225]
[2020, 2130]
[2020, 2323]
[2021, 2317]
[2022, 2134]
[2023, 2200]
[2025, 2031]
[2025, 2054]
[2027, 2218]
[2028, 2150]
[2282, 2342]
[2294, 2398]
[2307, 2335]
[2307, 2393]
[2320, 2347]
[2322, 2381]
[2324, 2354]
[2338, 2394]
[2353, 2381]
[2391, 2398]
[1560, 1612]
[1560, 2140]
[1561, 1596]
[1561, 1604]
[1562, 1912]
[1563, 1677]
[1563, 2053]
[1563, 2189]
[1564, 2396]
[1565, 2041]
[1566, 2299]
[1567, 1586]
[1568, 2115]
[1568, 2226]
[1570, 1827]
[1570, 2331]
[1571, 2170]
[1572, 1723]
[1573, 1649]
[1574, 1859]
[1574, 2139]
[1575, 1708]
[1576, 1736]
[1576, 2051]
[1577, 2241]
[1578, 1910]
[1578, 1957]
[1580, 2152]
[1580, 2336]
[1582, 2390]
[1584, 2292]
[1586, 1976]
[1586, 2297]
[1587, 2197]
[1587, 2283]
[1589, 2040]
[1589, 2069]
[1590, 1923]
[1590, 2026]
[1590, 2316]
[1593, 1869]
[1594, 1949]
[1595, 1678]
[1597, 1902]
[1597, 2213]
[1598, 2035]
[1598, 2207]
[1598, 2213]
[1599, 1723]
[1600, 2104]
[1600, 2298]
[1601, 1752]
[1603, 1629]
[1603, 1945]
[1605, 1739]
[1605, 2117]
[1605, 2193]
[1606, 1946]
[1607, 2357]
[1608, 2095]
[1611, 2264]
[1613, 2195]
[1613, 2305]
[1615, 2087]
[1616, 1975]
[1616, 2353]
[1618, 1644]
[1618, 2067]
[1619, 1999]
[1619, 2261]
[1622, 1874]
[1622, 2343]
[1623, 2055]
[1626, 1875]
[1627, 1871]
[1628, 1868]
[1628, 2383]
[1630, 2206]
[1630, 2247]
[1634, 1921]
[1635, 1833]
[1636, 1833]
[1636, 1952]
[1637, 1703]
[1637, 2009]
[1638, 2008]
[1638, 2097]
[1640, 2363]
[1641, 2314]
[1643, 1722]
[1648, 1968]
[1648, 2045]
[1648, 2335]
[1649, 2221]
[1652, 2015]
[1652, 2286]
[1653, 2006]
[1655, 1689]
[1655, 2000]
[1656, 2203]
[1658, 1876]
[1660, 2324]
[1661, 1840]
[1661, 1869]
[1662, 2355]
[1663, 1785]
[1664, 1945]
[1665, 2275]
[1665, 2278]
[1668, 1759]
[1669, 1916]
[1672, 1813]
[1673, 1788]
[1674, 1797]
[1676, 1961]
[1677, 2116]
[1678, 2105]
[1679, 1836]
[1679, 1838]
[1320, 2069]
[1320, 2089]
[1321, 1450]
[1321, 2290]
[1322, 2175]
[1323, 2005]
[1324, 1783]
[1324, 1997]
[1324, 2118]
[1327, 1357]
[1328, 1471]
[1329, 1617]
[1329, 1970]
[1330, 1438]
[1330, 2327]
[1330, 2398]
[1331, 1674]
[1332, 1465]
[1332, 1602]
[1333, 2109]
[1333, 2253]
[1334, 2143]
[1336, 2253]
[1337, 1495]
[1338, 1540]
[1340, 1704]
[1340, 2149]
[1341, 1434]
[1343, 2352]
[1344, 1650]
[1345, 2387]
[1346, 2235]
[1347, 2257]
[1348, 1719]
[1349, 1574]
[1350, 1577]
[1350, 2006]
[1351, 1824]
[1353, 1963]
[1353, 2187]
[1354, 1746]
[1356, 2128]
[1357, 1608]
[1357, 1993]
[1358, 1668]
[1359, 1947]
[1360, 1782]
[1360, 2230]
[1362, 1970]
[1363, 1883]
[1363, 2016]
[1364, 1885]
[1365, 1918]
[1365, 2258]
[1366, 1732]
[1366, 1821]
[1368, 2351]
[1369, 1581]
[1370, 2172]
[1371, 1991]
[1372, 1419]
[1373, 2269]
[1374, 1935]
[1374, 2055]
[1374, 2177]
[1376, 1402]
[1376, 1729]
[1376, 1829]
[1377, 1880]
[1377, 2231]
[1378, 1408]
[1378, 1633]
[1379, 2019]
[1380, 1876]
[1380, 2302]
[1381, 1536]
[1382, 1695]
[1383, 1863]
[1384, 1923]
[1385, 1421]
[1385, 1535]
[1387, 2227]
[1388, 1816]
[1389, 1532]
[1389, 1594]
[1390, 1537]
[1390, 1556]
[1391, 1792]
[1392, 1900]
[1392, 2042]
[1394, 1985]
[1395, 2107]
[1396, 2018]
[1397, 1565]
[1397, 1624]
[1397, 2001]
[1398, 2385]
[1399, 1771]
[1400, 1610]
[1400, 2284]
[1401, 2222]
[1401, 2236]
[1403, 1484]
[1403, 1976]
[1403, 2361]
[1404, 2252]
[1405, 1873]
[1405, 2344]
[1407, 2124]
[1408, 1958]
[1409, 2261]
[1409, 2269]
[1411, 1674]
[1411, 1799]
[1412, 1502]
[1412, 1679]
[1412, 2101]
[1413, 2296]
[1414, 1889]
[1415, 1531]
[1415, 1618]
[1416, 1615]
[1417, 1607]
[1419, 1996]
[1420, 1529]
[1420, 1829]
[1421, 1756]
[1422, 2301]
[1423, 2267]
[1424, 1663]
[1425, 1713]
[1425, 1919]
[1426, 1708]
[1427, 1429]
[1428, 1677]
[1431, 2255]
[1432, 1609]
[1433, 1453]
[1433, 2313]
[1434, 2138]
[1435, 1742]
[1435, 2182]
[1436, 1538]
[1436, 1601]
[1437, 1630]
[1437, 1803]
[1437, 1845]
[1438, 1770]
[1438, 2099]
[1439, 2328]
[1439, 2349]
[840, 1407]
[840, 1657]
[840, 2218]
[841, 1852]
[841, 2073]
[842, 1671]
[842, 1972]
[842, 2039]
[843, 913]
[843, 1750]
[844, 2285]
[845, 1962]
[845, 2290]
[845, 2386]
[846, 1125]
[847, 908]
[847, 2129]
[848, 856]
[849, 1987]
[850, 1922]
[850, 1998]
[851, 962]
[851, 1015]
[852, 1443]
[853, 1428]
[853, 2058]
[853, 2166]
[854, 967]
[854, 1611]
[855, 1827]
[855, 2061]
[855, 2258]
[856, 2072]
[856, 2348]
[857, 1404]
[857, 1468]
[857, 1535]
[858, 1154]
[858, 1280]
[859, 1450]
[859, 2268]
[861, 1973]
[861, 2234]
[862, 1892]
[862, 2321]
[862, 2360]
[863, 1473]
[863, 1483]
[863, 2280]
[864, 1654]
[864, 2001]
[865, 1310]
[865, 1591]
[866, 1978]
[866, 2103]
[867, 1609]
[868, 1978]
[868, 2089]
[869, 1396]
[869, 1450]
[870, 1461]
[870, 2024]
[871, 1121]
[871, 2161]
[872, 1244]
[872, 2334]
[873, 1506]
[873, 1896]
[874, 1117]
[874, 1262]
[875, 1553]
[875, 1931]
[876, 1030]
[876, 2023]
[876, 2298]
[877, 1399]
[877, 1736]
[877, 2199]
[878, 1501]
[878, 1579]
[878, 2238]
[879, 968]
[880, 1856]
[880, 2248]
[881, 1577]
[881, 1653]
[882, 1002]
[882, 1115]
[883, 1627]
[883, 1990]
[884, 1309]
[884, 1424]
[884, 2239]
[885, 2293]
[886, 1709]
[886, 2299]
[887, 1034]
[887, 1929]
[887, 2361]
[888, 1725]
[888, 2341]
[889, 2201]
[889, 2369]
[891, 1299]
[891, 1593]
[891, 1828]
[892, 1118]
[892, 1844]
[893, 899]
[893, 1727]
[893, 1738]
[894, 1110]
[894, 1645]
[895, 1351]
[895, 2050]
[895, 2143]
[896, 1445]
[896, 1713]
[897, 1108]
[897, 1395]
[897, 1820]
[898, 1881]
[898, 2318]
[899, 1221]
[901, 1245]
[901, 1402]
[901, 1420]
[902, 1256]
[903, 945]
[903, 2088]
[904, 1496]
[904, 1642]
[904, 2164]
[906, 1485]
[906, 1887]
[907, 1942]
[907, 2282]
[908, 2013]
[909, 1452]
[909, 1646]
[910, 1657]
[910, 2124]
[911, 1001]
[911, 1347]
[912, 2127]
[912, 2277]
[913, 1756]
[914, 1730]
[915, 1015]
[915, 2155]
[915, 2377]
[916, 1024]
[916, 1195]
[916, 1284]
[917, 1367]
[917, 1699]
[918, 1073]
[918, 2266]
[919, 1356]
[919, 1802]
[920, 1742]
[921, 1042]
[921, 1697]
[921, 2272]
[922, 2015]
[922, 2346]
[923, 1109]
[923, 1591]
[924, 1771]
[924, 2199]
[924, 2311]
[925, 2362]
[926, 953]
[926, 1404]
[926, 1750]
[927, 1702]
[927, 2084]
[928, 2325]
[929, 1236]
[930, 1339]
[930, 1688]
[930, 1792]
[931, 1290]
[932, 1128]
[932, 1135]
[933, 1116]
[933, 2160]
[934, 1291]
[934, 1617]
[934, 1965]
[935, 965]
[935, 1820]
[936, 1446]
[936, 1496]
[936, 1933]
[937, 1352]
[937, 2175]
[937, 2330]
[938, 1777]
[938, 1780]
[938, 2364]
[939, 2285]
[939, 2365]
[940, 1202]
[940, 1784]
[941, 1466]
[941, 2069]
[942, 1342]
[942, 2392]
[943, 1146]
[943, 1490]
[943, 2014]
[944, 1743]
[945, 1982]
[946, 2072]
[947, 1064]
[947, 1783]
[948, 1181]
[948, 1698]
[949, 1053]
[950, 1339]
[950, 1391]
[951, 1525]
[951, 1686]
[951, 2086]
[952, 987]
[954, 1244]
[954, 1533]
[955, 1160]
[955, 1500]
[955, 1548]
[956, 1925]
[956, 2350]
[957, 1020]
[958, 1621]
[958, 2243]
[959, 1276]
[959, 1517]
[959, 1526]
[960, 1171]
[961, 1112]
[961, 1354]
[962, 1208]
[962, 1885]
[963, 1077]
[963, 2325]
[964, 1741]
[965, 1191]
[965, 1395]
[966, 1878]
[966, 2099]
[966, 2195]
[967, 1000]
[968, 1184]
[969, 1346]
[969, 1347]
[969, 1414]
[970, 1135]
[970, 1371]
[970, 1817]
[971, 1174]
[971, 1873]
[971, 1880]
[972, 1467]
[972, 1512]
[973, 1196]
[974, 1460]
[974, 1971]
[974, 2250]
[975, 2021]
[975, 2024]
[976, 1606]
[976, 2163]
[977, 1626]
[977, 1956]
[977, 2382]
[978, 1224]
[978, 1733]
[978, 1876]
[980, 2168]
[981, 1114]
[981, 1638]
[982, 1178]
[982, 1874]
[982, 1889]
[983, 1783]
[983, 2065]
[984, 1512]
[985, 1016]
[985, 1325]
[985, 1711]
[986, 1986]
[987, 1659]
[987, 1848]
[988, 2159]
[989, 2219]
[990, 1432]
[991, 1235]
[992, 1375]
[994, 2110]
[994, 2111]
[995, 1483]
[995, 1550]
[995, 2125]
[996, 1738]
[996, 2031]
[996, 2178]
[998, 1524]
[1000, 1338]
[1000, 1949]
[1001, 1346]
[1001, 2098]
[1003, 1712]
[1003, 1929]
[1004, 1118]
[1004, 2129]
[1005, 1232]
[1005, 1639]
[1006, 1034]
[1006, 1038]
[1007, 1127]
[1007, 1634]
[1008, 1843]
[1009, 1028]
[1009, 1102]
[1009, 1276]
[1010, 1465]
[1010, 1732]
[1011, 1544]
[1011, 1861]
[1012, 1219]
[1012, 1542]
[1012, 1775]
[1013, 1581]
[1014, 1057]
[1014, 1588]
[1017, 1249]
[1017, 1787]
[1017, 2262]
[1018, 1167]
[1018, 1966]
[1020, 2110]
[1021, 1053]
[1021, 1572]
[1022, 1104]
[1022, 1625]
[1023, 2120]
[1024, 2136]
[1025, 1047]
[1025, 1190]
[1025, 1649]
[1026, 1059]
[1026, 1165]
[1026, 1739]
[1027, 1953]
[1028, 1517]
[1028, 2280]
[1029, 1061]
[1029, 1429]
[1030, 2104]
[1030, 2312]
[1031, 2176]
[1032, 1060]
[1032, 1807]
[1032, 2152]
[1033, 2136]
[1033, 2362]
[1034, 1484]
[1035, 1693]
[1035, 2202]
[1036, 1303]
[1037, 2190]
[1038, 1929]
[1039, 1178]
[1039, 1622]
[1040, 2331]
[1041, 1207]
[1041, 1910]
[1041, 2066]
[1042, 1790]
[1043, 1689]
[1043, 2032]
[1043, 2213]
[1045, 1102]
[1045, 2167]
[1045, 2280]
[1046, 1080]
[1046, 1147]
[1046, 2251]
[1047, 2014]
[1049, 1050]
[1049, 1119]
[1050, 1916]
[1050, 1955]
[1051, 1084]
[1052, 1498]
[1052, 1819]
[1052, 2157]
[1053, 1599]
[1054, 1237]
[1055, 1282]
[1055, 2033]
[1056, 1946]
[1056, 2163]
[1057, 1604]
[1058, 1491]
[1058, 1834]
[1058, 2291]
[1060, 1326]
[1060, 2049]
[1061, 1138]
[1061, 1868]
[1062, 2047]
[1063, 1640]
[1063, 2068]
[1064, 1616]
[1064, 1997]
[1065, 1090]
[1065, 1099]
[1066, 1920]
[1067, 1585]
[1068, 1190]
[1068, 1488]
[1069, 1559]
[1069, 1920]
[1069, 2282]
[1070, 2393]
[1071, 1814]
[1071, 1988]
[1071, 2279]
[1072, 1449]
[1072, 2004]
[1074, 2022]
[1074, 2169]
[1074, 2308]
[1075, 1309]
[1075, 1923]
[1076, 2094]
[1076, 2328]
[1078, 1886]
[1079, 1417]
