[480, 481]
[480, 1685]
[480, 2048]
[481, 1685]
[481, 1754]
[482, 1569]
[482, 1824]
[482, 2035]
[482, 2036]
[483, 1522]
[483, 1538]
[483, 1885]
[483, 2275]
[484, 1010]
[484, 2329]
[485, 1076]
[485, 2005]
[485, 2255]
[486, 1246]
[486, 1558]
[486, 1680]
[486, 2191]
[487, 1730]
[487, 2099]
[487, 2259]
[488, 682]
[488, 1733]
[488, 2249]
[489, 1926]
[489, 2130]
[489, 2199]
[490, 1667]
[490, 2242]
[491, 1255]
[491, 1671]
[492, 651]
[492, 705]
[492, 2033]
[492, 2176]
[493, 707]
[493, 1540]
[493, 1968]
[493, 1986]
[494, 664]
[494, 995]
[494, 1695]
[495, 760]
[495, 1381]
[495, 1940]
[495, 1991]
[496, 583]
[496, 891]
[496, 944]
[496, 2385]
[497, 1018]
[497, 1100]
[497, 1571]
[497, 2305]
[498, 617]
[498, 2087]
[499, 667]
[499, 1095]
[499, 1543]
[500, 530]
[500, 870]
[500, 1256]
[500, 1540]
[501, 1538]
[502, 539]
[502, 817]
[502, 879]
[502, 2399]
[503, 1235]
[503, 1535]
[503, 2253]
[504, 1139]
[504, 1649]
[504, 1913]
[505, 1084]
[505, 1728]
[505, 2105]
[506, 974]
[506, 1262]
[506, 2033]
[506, 2331]
[507, 676]
[507, 1777]
[507, 1782]
[507, 1924]
[508, 604]
[508, 954]
[509, 2389]
[510, 622]
[510, 793]
[510, 2344]
[510, 2364]
[511, 632]
[511, 1185]
[511, 1423]
[512, 842]
[512, 1204]
[512, 2336]
[512, 2366]
[513, 693]
[513, 1645]
[513, 1657]
[513, 2049]
[514, 901]
[514, 1899]
[514, 2385]
[515, 525]
[515, 779]
[515, 1163]
[515, 2132]
[516, 620]
[516, 1123]
[517, 542]
[517, 1063]
[517, 1304]
[518, 1638]
[518, 1973]
[518, 2039]
[518, 2265]
[519, 1081]
[519, 1476]
[519, 1990]
[519, 2302]
[520, 538]
[520, 627]
[521, 1387]
[521, 1422]
[521, 2019]
[522, 944]
[522, 1568]
[522, 2204]
[522, 2320]
[523, 531]
[523, 1250]
[524, 2356]
[525, 1163]
[525, 2132]
[526, 699]
[526, 1026]
[526, 2097]
[526, 2357]
[527, 826]
[527, 1149]
[527, 1193]
[527, 1200]
[528, 816]
[528, 2106]
[528, 2285]
[529, 687]
[529, 799]
[529, 2304]
[530, 1256]
[530, 1314]
[530, 1540]
[531, 1369]
[532, 565]
[532, 2124]
[532, 2397]
[533, 1537]
[533, 2281]
[534, 1244]
[534, 1855]
[534, 2057]
[535, 819]
[535, 1395]
[535, 1804]
[535, 1853]
[536, 1176]
[536, 1614]
[536, 2147]
[536, 2198]
[537, 1152]
[537, 1275]
[538, 1273]
[538, 1591]
[538, 1642]
[539, 1677]
[540, 779]
[540, 889]
[540, 1466]
[541, 935]
[541, 1147]
[541, 2346]
[542, 685]
[542, 1304]
[543, 1653]
[543, 2027]
[543, 2093]
[544, 1237]
[544, 1398]
[544, 2342]
[545, 1155]
[545, 1552]
[545, 1999]
[545, 2380]
[546, 1425]
[546, 1812]
[546, 1874]
[546, 2397]
[547, 1086]
[547, 1227]
[547, 1461]
[547, 1665]
[548, 689]
[548, 1551]
[548, 2131]
[548, 2170]
[549, 1896]
[549, 2135]
[550, 1430]
[550, 1863]
[550, 2102]
[551, 721]
[551, 797]
[551, 1118]
[552, 1705]
[552, 1749]
[552, 1871]
[552, 2054]
[553, 708]
[553, 717]
[554, 838]
[554, 1068]
[554, 1909]
[555, 804]
[555, 1970]
[555, 2151]
[555, 2236]
[556, 894]
[556, 927]
[556, 1097]
[556, 1834]
[557, 1858]
[557, 2040]
[558, 1890]
[559, 1218]
[559, 1838]
[559, 2274]
[560, 948]
[560, 1594]
[560, 1971]
[561, 950]
[561, 1504]
[561, 1741]
[561, 2061]
[562, 736]
[562, 1024]
[562, 1439]
[563, 700]
[563, 1157]
[563, 2214]
[564, 1689]
[564, 2095]
[564, 2359]
[565, 2124]
[565, 2397]
[566, 752]
[566, 1996]
[566, 2096]
[566, 2348]
[567, 727]
[567, 868]
[567, 922]
[567, 2213]
[568, 733]
[568, 903]
[568, 1941]
[568, 2189]
[569, 695]
[569, 722]
[569, 1283]
[569, 1473]
[570, 837]
[570, 1087]
[570, 1141]
[570, 1725]
[571, 1483]
[571, 1846]
[571, 1891]
[571, 2173]
[572, 978]
[572, 1115]
[572, 2187]
[573, 649]
[573, 1099]
[573, 1182]
[573, 2249]
[574, 1133]
[574, 1222]
[574, 1637]
[575, 919]
[575, 1349]
[576, 637]
[576, 648]
[576, 2361]
[577, 782]
[577, 1320]
[577, 1691]
[577, 1770]
[578, 890]
[578, 1093]
[578, 1868]
[579, 1409]
[579, 1520]
[579, 2161]
[580, 975]
[580, 1354]
[580, 1572]
[580, 1867]
[581, 863]
[581, 1601]
[581, 1639]
[582, 660]
[582, 1014]
[582, 2014]
[582, 2220]
[583, 811]
[583, 891]
[583, 2385]
[584, 1148]
[584, 1289]
[584, 1585]
[585, 683]
[585, 1100]
[585, 1482]
[586, 746]
[586, 1434]
[586, 1848]
[587, 1178]
[587, 1650]
[587, 1681]
[587, 2102]
[588, 613]
[588, 1253]
[588, 1820]
[589, 1283]
[589, 2216]
[590, 930]
[590, 1091]
[590, 1468]
[590, 1884]
[591, 841]
[591, 957]
[591, 1688]
[591, 1721]
[592, 702]
[592, 1432]
[592, 1867]
[592, 1882]
[593, 813]
[593, 1352]
[593, 2348]
[594, 879]
[594, 1860]
[594, 2203]
[594, 2209]
[595, 1418]
[595, 1955]
[595, 2053]
[596, 1036]
[596, 1606]
[596, 1976]
[596, 2331]
[597, 1204]
[597, 2008]
[597, 2046]
[598, 671]
[598, 1201]
[598, 2090]
[598, 2337]
[599, 970]
[599, 1114]
[599, 2289]
[599, 2352]
[960, 2022]
[960, 2216]
[961, 1831]
[961, 2069]
[961, 2268]
[962, 1547]
[962, 1900]
[962, 1953]
[962, 2226]
[963, 1172]
[963, 1668]
[964, 1610]
[964, 2137]
[964, 2167]
[965, 1755]
[965, 1966]
[966, 1980]
[966, 2270]
[967, 1827]
[967, 1977]
[967, 2001]
[968, 1144]
[968, 1159]
[968, 1281]
[969, 1883]
[969, 1936]
[970, 1135]
[970, 2271]
[970, 2347]
[971, 1528]
[971, 2083]
[972, 1140]
[973, 1016]
[973, 1211]
[973, 1747]
[973, 2372]
[974, 1262]
[974, 2033]
[974, 2279]
[975, 1962]
[975, 2020]
[975, 2372]
[976, 2363]
[976, 2378]
[977, 1609]
[977, 2021]
[977, 2166]
[978, 1115]
[978, 1315]
[978, 2187]
[979, 1006]
[979, 1189]
[979, 2162]
[980, 1226]
[980, 1382]
[981, 1057]
[981, 1477]
[981, 1692]
[982, 1709]
[982, 2256]
[983, 1431]
[983, 1620]
[984, 2117]
[984, 2157]
[984, 2307]
[985, 1675]
[985, 1985]
[985, 2044]
[985, 2211]
[986, 1321]
[986, 2031]
[986, 2058]
[987, 1348]
[987, 1963]
[988, 1844]
[988, 2108]
[988, 2154]
[989, 1532]
[989, 2323]
[990, 1219]
[990, 1234]
[991, 1177]
[991, 1934]
[991, 1964]
[992, 1369]
[992, 1457]
[993, 2007]
[994, 1316]
[994, 1576]
[995, 1183]
[995, 1272]
[995, 2396]
[996, 1108]
[996, 1771]
[997, 1230]
[997, 2263]
[999, 1210]
[999, 1263]
[999, 1916]
[1000, 1009]
[1000, 1627]
[1000, 1845]
[1001, 1097]
[1001, 1182]
[1001, 1196]
[1001, 1651]
[1002, 1046]
[1002, 1223]
[1002, 2306]
[1003, 1443]
[1004, 1564]
[1005, 1709]
[1006, 1189]
[1006, 1634]
[1007, 1486]
[1008, 1259]
[1008, 1975]
[1008, 2238]
[1009, 1627]
[1009, 1739]
[1011, 1592]
[1011, 1825]
[1011, 1894]
[1012, 1579]
[1012, 2244]
[1013, 1562]
[1013, 1841]
[1013, 1922]
[1014, 2014]
[1014, 2220]
[1014, 2222]
[1015, 1546]
[1015, 1779]
[1015, 2068]
[1016, 1211]
[1016, 1747]
[1017, 1622]
[1017, 1816]
[1018, 1571]
[1018, 1855]
[1018, 2305]
[1019, 1516]
[1019, 1819]
[1019, 2209]
[1020, 1627]
[1020, 1888]
[1020, 2312]
[1021, 1785]
[1021, 1892]
[1021, 2174]
[1021, 2360]
[1022, 1585]
[1022, 2308]
[1023, 1180]
[1023, 1186]
[1023, 2311]
[1024, 1439]
[1024, 2247]
[1025, 1447]
[1026, 1519]
[1026, 2357]
[1027, 1309]
[1027, 1686]
[1027, 2293]
[1028, 1943]
[1028, 2241]
[1028, 2300]
[1029, 1570]
[1029, 2100]
[1030, 1412]
[1030, 1417]
[1030, 2171]
[1031, 1746]
[1031, 1816]
[1031, 2070]
[1032, 1167]
[1032, 2156]
[1033, 1138]
[1033, 1800]
[1033, 1815]
[1033, 1954]
[1034, 1197]
[1034, 1480]
[1034, 1664]
[1034, 2016]
[1035, 1145]
[1035, 1206]
[1035, 1235]
[1035, 1630]
[1036, 1703]
[1036, 1758]
[1036, 1777]
[1037, 1146]
[1037, 1480]
[1038, 1053]
[1038, 2024]
[1038, 2243]
[1038, 2399]
[1039, 2034]
[1039, 2299]
[1040, 1095]
[1040, 1739]
[1040, 1756]
[1041, 1085]
[1041, 1864]
[1041, 1954]
[1041, 2276]
[1042, 1239]
[1042, 1856]
[1042, 1887]
[1043, 1829]
[1043, 1952]
[1044, 1307]
[1044, 1508]
[1044, 1833]
[1045, 1802]
[1045, 2266]
[1046, 2306]
[1047, 1440]
[1047, 2297]
[1047, 2383]
[1049, 1374]
[1049, 1534]
[1050, 1333]
[1050, 1640]
[1050, 2141]
[1051, 1228]
[1051, 1567]
[1051, 1713]
[1051, 1813]
[1052, 1224]
[1052, 1285]
[1052, 2382]
[1053, 2024]
[1053, 2243]
[1054, 1786]
[1054, 1980]
[1055, 1939]
[1055, 2126]
[1056, 1386]
[1056, 1497]
[1056, 1523]
[1057, 2071]
[1057, 2074]
[1058, 1843]
[1058, 2082]
[1058, 2090]
[1058, 2310]
[1059, 1288]
[1059, 2320]
[1060, 1437]
[1060, 1927]
[1060, 2011]
[1061, 1067]
[1061, 1451]
[1061, 2138]
[1061, 2196]
[1062, 1082]
[1063, 1474]
[1063, 1612]
[1064, 1524]
[1064, 1807]
[1065, 2000]
[1065, 2177]
[1066, 1736]
[1067, 1451]
[1067, 2196]
[1067, 2267]
[1068, 1909]
[1068, 2336]
[1069, 1157]
[1070, 1190]
[1070, 2067]
[1071, 1495]
[1071, 1995]
[1072, 1547]
[1072, 2238]
[1072, 2314]
[1073, 1912]
[1073, 1946]
[1073, 2103]
[1074, 1530]
[1074, 1606]
[1074, 2080]
[1075, 1876]
[1075, 2110]
[1076, 1862]
[1076, 2005]
[1076, 2255]
[1077, 2208]
[1077, 2375]
[1078, 2319]
[1079, 1311]
[1079, 1534]
[1079, 2055]
[720, 838]
[720, 1407]
[720, 2290]
[721, 1071]
[721, 1495]
[721, 1995]
[722, 1473]
[723, 1570]
[723, 2002]
[723, 2330]
[723, 2354]
[724, 1274]
[724, 1826]
[724, 2026]
[725, 2280]
[725, 2301]
[726, 1466]
[727, 1020]
[727, 1888]
[727, 2312]
[728, 1460]
[728, 1710]
[728, 2146]
[728, 2223]
[729, 877]
[729, 1273]
[729, 2059]
[730, 1054]
[730, 1786]
[730, 2186]
[731, 1366]
[731, 1740]
[731, 1914]
[731, 2181]
[732, 1109]
[732, 1800]
[732, 2237]
[733, 903]
[733, 2189]
[734, 1284]
[734, 1811]
[734, 1831]
[734, 2029]
[735, 1383]
[735, 2295]
[736, 1472]
[736, 1827]
[737, 1098]
[737, 1851]
[738, 773]
[738, 1105]
[738, 1906]
[739, 1561]
[739, 1663]
[739, 1687]
[740, 840]
[740, 1507]
[741, 1136]
[741, 1205]
[741, 1337]
[741, 2227]
[742, 1607]
[742, 1629]
[742, 1929]
[743, 1310]
[743, 1584]
[744, 1717]
[744, 1895]
[744, 2043]
[745, 750]
[745, 1769]
[745, 1947]
[745, 2265]
[746, 1434]
[746, 1598]
[746, 1848]
[747, 939]
[747, 1137]
[747, 1698]
[747, 1937]
[748, 824]
[748, 1879]
[749, 1219]
[749, 2128]
[750, 1322]
[750, 1893]
[751, 755]
[751, 1500]
[751, 2101]
[752, 2096]
[752, 2348]
[753, 1277]
[753, 1573]
[753, 2069]
[753, 2367]
[754, 1347]
[754, 1389]
[754, 1624]
[754, 2323]
[755, 1500]
[755, 1646]
[755, 2101]
[756, 1279]
[756, 1773]
[756, 1960]
[757, 2192]
[757, 2251]
[758, 1163]
[758, 1482]
[758, 2229]
[759, 1106]
[759, 1726]
[759, 1731]
[760, 1381]
[760, 1991]
[761, 1032]
[761, 1167]
[762, 940]
[762, 1323]
[762, 1498]
[763, 1389]
[763, 1801]
[764, 1381]
[764, 1859]
[764, 2104]
[764, 2269]
[765, 1200]
[765, 1814]
[765, 2346]
[766, 1023]
[766, 1180]
[766, 1186]
[766, 1956]
[767, 1194]
[767, 1770]
[767, 2180]
[768, 865]
[768, 1287]
[769, 802]
[769, 1397]
[769, 1915]
[769, 2349]
[770, 847]
[770, 862]
[770, 2023]
[771, 1714]
[771, 1798]
[771, 2390]
[772, 1075]
[772, 1876]
[773, 1105]
[773, 1127]
[773, 1906]
[774, 1104]
[774, 1810]
[775, 780]
[775, 1310]
[775, 1780]
[775, 1969]
[776, 1662]
[776, 2051]
[776, 2283]
[777, 1240]
[777, 2050]
[777, 2164]
[777, 2237]
[778, 1062]
[778, 1584]
[779, 889]
[780, 1675]
[780, 1780]
[780, 1969]
[781, 798]
[781, 1315]
[781, 1838]
[781, 1982]
[782, 1320]
[782, 1478]
[782, 1691]
[783, 1156]
[783, 1160]
[783, 1643]
[783, 1743]
[784, 1664]
[784, 1743]
[784, 1923]
[785, 818]
[785, 1690]
[785, 2298]
[786, 1277]
[786, 1328]
[786, 2158]
[786, 2340]
[787, 871]
[787, 904]
[787, 1440]
[788, 809]
[788, 943]
[788, 1921]
[788, 2165]
[789, 1092]
[789, 1343]
[790, 1162]
[790, 1419]
[791, 1456]
[791, 1481]
[791, 1942]
[791, 2391]
[792, 984]
[792, 1098]
[792, 2157]
[792, 2307]
[793, 1418]
[793, 2200]
[793, 2206]
[794, 1154]
[794, 1787]
[794, 2089]
[795, 943]
[795, 1199]
[795, 1659]
[795, 1862]
[796, 937]
[796, 1170]
[796, 1784]
[796, 1962]
[797, 1118]
[797, 2248]
[798, 1315]
[798, 1982]
[798, 2131]
[799, 2304]
[800, 1602]
[800, 2047]
[801, 1317]
[801, 1465]
[801, 2081]
[801, 2215]
[802, 1397]
[802, 1411]
[802, 2349]
[803, 824]
[803, 933]
[803, 1666]
[803, 1880]
[804, 810]
[804, 859]
[804, 1203]
[805, 965]
[805, 1220]
[806, 914]
[806, 1793]
[807, 1441]
[807, 1723]
[807, 2365]
[807, 2373]
[808, 820]
[808, 1005]
[809, 1354]
[809, 1921]
[809, 2165]
[810, 859]
[810, 1203]
[811, 814]
[811, 1007]
[812, 1718]
[812, 1788]
[813, 1352]
[813, 1612]
[814, 1007]
[815, 1008]
[815, 1259]
[815, 2238]
[815, 2251]
[816, 1255]
[816, 2106]
[816, 2285]
[817, 879]
[817, 898]
[817, 2399]
[818, 1580]
[819, 825]
[819, 1395]
[819, 1853]
[820, 1005]
[820, 1560]
[821, 827]
[821, 830]
[821, 1462]
[822, 2282]
[823, 1052]
[823, 1285]
[823, 2108]
[823, 2382]
[824, 1879]
[825, 1536]
[825, 1981]
[826, 1193]
[826, 1200]
[826, 1853]
[827, 830]
[828, 862]
[828, 1252]
[828, 1254]
[829, 1165]
[829, 1597]
[829, 1798]
[829, 2386]
[830, 1596]
[831, 2077]
[831, 2384]
[832, 920]
[832, 2017]
[832, 2032]
[833, 1469]
[833, 2112]
[834, 1072]
[834, 1547]
[834, 2314]
[835, 1670]
[836, 1122]
[836, 1799]
[836, 1912]
[836, 2369]
[837, 1087]
[837, 1141]
[838, 1407]
[838, 2290]
[839, 852]
[839, 1382]
[839, 2062]
[840, 1045]
[840, 1507]
[841, 957]
[841, 1563]
[841, 1688]
[842, 1934]
[842, 2336]
[842, 2366]
[843, 1055]
[843, 1292]
[843, 2126]
[844, 1445]
[844, 1595]
[844, 1988]
[844, 2345]
[845, 1057]
[845, 1282]
[845, 2071]
[845, 2074]
[846, 854]
[846, 1329]
[846, 1984]
[846, 2393]
[847, 862]
[847, 2023]
[847, 2123]
[848, 875]
[848, 1210]
[849, 1025]
[849, 1125]
[849, 1505]
[849, 1598]
[850, 1386]
[850, 1788]
[850, 2115]
[851, 929]
[851, 1580]
[851, 1903]
[851, 2044]
[852, 956]
[852, 1382]
[852, 2062]
[853, 1281]
[853, 1297]
[853, 1806]
[854, 1329]
[854, 2125]
[854, 2393]
[855, 1340]
[855, 2226]
[856, 1175]
[856, 1512]
[857, 863]
[857, 1468]
[857, 1503]
[858, 1680]
[859, 1203]
[860, 896]
[860, 1221]
[860, 1427]
[860, 1586]
[861, 1195]
[861, 1600]
[862, 2023]
[863, 1601]
[863, 1639]
[864, 1741]
[865, 2268]
[866, 1751]
[866, 1901]
[866, 2235]
[867, 1113]
[867, 1543]
[867, 2370]
[868, 922]
[868, 2213]
[869, 1004]
[869, 1378]
[870, 1623]
[871, 904]
[871, 1440]
[871, 1648]
[872, 1974]
[872, 2030]
[872, 2099]
[873, 900]
[873, 980]
[873, 1226]
[874, 1467]
[874, 1804]
[874, 2343]
[875, 1353]
[875, 1453]
[876, 949]
[876, 1628]
[876, 1818]
[877, 2059]
[878, 1222]
[878, 1694]
[878, 1774]
[878, 2169]
[879, 2399]
[880, 1789]
[881, 1367]
[881, 1633]
[881, 2228]
[882, 1494]
[882, 1587]
[882, 1918]
[882, 2172]
[883, 893]
[883, 1719]
[883, 1726]
[883, 2260]
[884, 1335]
[884, 1637]
[884, 1759]
[884, 1830]
[885, 1465]
[885, 1861]
[885, 1873]
[885, 1923]
[886, 1139]
[886, 1179]
[886, 1727]
[887, 1763]
[887, 2072]
[887, 2203]
[888, 1045]
[888, 1181]
[888, 1802]
[888, 2266]
[889, 1826]
[890, 1093]
[890, 2364]
[891, 1750]
[891, 2385]
[892, 966]
[892, 1980]
[892, 2270]
[892, 2345]
[893, 1719]
[893, 2260]
[894, 927]
[894, 1834]
[894, 2264]
[895, 905]
[895, 1293]
[896, 1221]
[896, 1586]
[897, 1317]
[897, 1362]
[898, 1295]
[898, 1707]
[899, 996]
[899, 1108]
[899, 1174]
[899, 1771]
[900, 980]
[900, 1188]
[900, 1226]
[901, 1135]
[901, 1899]
[902, 1870]
[902, 2042]
[903, 963]
[903, 2189]
[904, 1440]
[905, 1293]
[906, 931]
[906, 1048]
[906, 1505]
[907, 1063]
[907, 1404]
[907, 1474]
[907, 1612]
[908, 1029]
[908, 1109]
[908, 1570]
[908, 2100]
[909, 1012]
[909, 1556]
[909, 2170]
[910, 1377]
[910, 1388]
[910, 1559]
[911, 959]
[911, 1101]
[911, 2143]
[912, 1229]
[912, 1300]
[912, 1332]
[912, 1628]
[913, 1069]
[914, 939]
[915, 1403]
[916, 1077]
[916, 2208]
[916, 2375]
[917, 1022]
[917, 2030]
[917, 2308]
[918, 1276]
[918, 1878]
[919, 1168]
[919, 2333]
[920, 1601]
[920, 2017]
[921, 1951]
[921, 2206]
[921, 2341]
[922, 2213]
[923, 1461]
[923, 1944]
[923, 1957]
[923, 2048]
[924, 2025]
[924, 2056]
[924, 2095]
[924, 2394]
[925, 1129]
[925, 1549]
[925, 2325]
[926, 1089]
[926, 1408]
[926, 1557]
[926, 2283]
[927, 1796]
[927, 1834]
[928, 1948]
[928, 2109]
[928, 2309]
[929, 1903]
[929, 2044]
[930, 1091]
[930, 1884]
[931, 1048]
[931, 1209]
[932, 1047]
[932, 2297]
[932, 2383]
[933, 1666]
[933, 1880]
[934, 1384]
[934, 1914]
[934, 2288]
[935, 1147]
[936, 1492]
[936, 2218]
[937, 1170]
[937, 1764]
[937, 1784]
[938, 2063]
[939, 1137]
[939, 1698]
[940, 1323]
[940, 1498]
[941, 1336]
[941, 2271]
[941, 2371]
[942, 989]
[942, 1019]
[942, 1516]
[942, 1819]
[943, 1199]
[943, 1862]
[944, 1568]
[944, 2320]
[945, 1751]
[946, 1258]
[946, 1760]
[946, 2071]
[947, 1634]
[947, 2097]
[948, 1370]
[948, 1594]
[948, 1971]
[949, 1818]
[950, 1504]
[950, 1897]
[950, 2061]
[951, 1080]
[951, 1407]
[951, 1725]
[951, 2003]
[952, 1171]
[952, 1720]
[952, 1724]
[952, 2105]
[953, 1184]
[953, 1697]
[953, 1854]
[953, 2208]
[954, 2328]
[955, 1554]
[955, 1872]
[955, 2052]
[956, 1269]
[956, 1435]
[956, 1553]
[957, 1688]
[957, 2149]
[958, 976]
[958, 1414]
[958, 1794]
[959, 991]
[959, 1101]
[959, 2143]
[360, 456]
[360, 1049]
[360, 1276]
[360, 1374]
[361, 835]
[361, 2280]
[362, 484]
[362, 549]
[362, 1010]
[363, 1070]
[363, 1190]
[363, 2287]
[364, 660]
[364, 2380]
[365, 997]
[365, 1031]
[365, 1746]
[365, 2070]
[366, 670]
[366, 1529]
[366, 1597]
[366, 1602]
[367, 1164]
[367, 1167]
[367, 2313]
[368, 511]
[368, 559]
[368, 1218]
[368, 1838]
[369, 938]
[369, 1999]
[369, 2063]
[370, 1233]
[370, 1301]
[370, 1325]
[370, 1400]
[371, 1128]
[371, 1134]
[371, 1911]
[371, 2217]
[372, 998]
[372, 2171]
[373, 1107]
[373, 1356]
[373, 1817]
[373, 1879]
[374, 392]
[374, 1784]
[374, 2230]
[375, 761]
[375, 1393]
[375, 1548]
[376, 992]
[376, 1369]
[376, 1457]
[376, 1499]
[377, 1450]
[377, 2202]
[378, 1415]
[378, 1641]
[378, 2262]
[378, 2292]
[379, 625]
[379, 1574]
[379, 2123]
[380, 822]
[380, 2016]
[380, 2282]
[381, 733]
[381, 1224]
[381, 1792]
[381, 1978]
[382, 449]
[382, 864]
[382, 1546]
[382, 1741]
[383, 1618]
[383, 2295]
[384, 911]
[384, 1173]
[384, 1324]
[384, 1930]
[385, 765]
[385, 1814]
[385, 2346]
[386, 467]
[386, 491]
[386, 1255]
[386, 1316]
[387, 726]
[387, 1336]
[387, 1466]
[388, 994]
[388, 1701]
[388, 2248]
[388, 2326]
[389, 881]
[389, 1367]
[389, 2112]
[389, 2228]
[390, 831]
[390, 1202]
[390, 2077]
[390, 2384]
[391, 977]
[391, 1603]
[392, 767]
[392, 2230]
[393, 756]
[393, 1027]
[393, 1279]
[393, 1960]
[394, 1214]
[394, 1555]
[394, 2286]
[395, 1339]
[395, 1961]
[395, 2111]
[396, 504]
[396, 1139]
[396, 1150]
[396, 1913]
[397, 725]
[397, 1294]
[397, 2280]
[397, 2301]
[398, 615]
[398, 1660]
[398, 2098]
[399, 834]
[399, 1636]
[399, 1835]
[400, 1150]
[400, 1454]
[401, 408]
[401, 539]
[401, 1333]
[401, 1677]
[402, 1398]
[402, 2117]
[402, 2202]
[403, 563]
[403, 1363]
[403, 1887]
[404, 1090]
[404, 1378]
[404, 1560]
[405, 1619]
[405, 1874]
[405, 1941]
[405, 1992]
[406, 696]
[406, 897]
[406, 1362]
[406, 1684]
[407, 597]
[407, 1016]
[407, 1204]
[407, 2008]
[408, 539]
[408, 1456]
[408, 1677]
[409, 1166]
[409, 1169]
[409, 1708]
[409, 1791]
[410, 528]
[410, 790]
[410, 1419]
[411, 532]
[411, 1202]
[411, 1441]
[411, 2231]
[412, 1303]
[412, 1729]
[412, 1805]
[412, 2077]
[413, 915]
[413, 1928]
[413, 2193]
[414, 589]
[414, 1283]
[414, 2216]
[414, 2262]
[415, 1392]
[415, 1632]
[415, 2230]
[416, 895]
[416, 905]
[416, 1030]
[416, 1293]
[417, 932]
[417, 990]
[417, 1234]
[418, 505]
[418, 1620]
[418, 1728]
[418, 2105]
[419, 1764]
[419, 2165]
[420, 1721]
[420, 2013]
[420, 2188]
[421, 439]
[421, 1207]
[421, 1674]
[421, 1845]
[422, 752]
[422, 869]
[422, 1378]
[423, 1365]
[424, 656]
[424, 933]
[424, 1162]
[424, 1902]
[425, 657]
[425, 1484]
[425, 1711]
[425, 2303]
[426, 947]
[426, 1634]
[426, 2057]
[426, 2097]
[427, 1059]
[427, 1288]
[428, 997]
[428, 1230]
[428, 2263]
[429, 1428]
[429, 1768]
[429, 2339]
[429, 2369]
[430, 609]
[430, 936]
[430, 1492]
[431, 607]
[431, 626]
[431, 1217]
[431, 1959]
[432, 806]
[432, 914]
[433, 642]
[433, 1066]
[433, 1521]
[433, 1736]
[434, 1129]
[434, 2179]
[435, 490]
[435, 918]
[435, 2242]
[436, 454]
[436, 1828]
[437, 533]
[437, 1537]
[438, 445]
[438, 1411]
[438, 2111]
[439, 446]
[439, 2207]
[440, 1331]
[440, 2186]
[440, 2267]
[440, 2398]
[441, 818]
[441, 1046]
[441, 1580]
[442, 672]
[442, 1003]
[442, 1666]
[443, 719]
[443, 1471]
[443, 2085]
[443, 2094]
[444, 501]
[444, 651]
[445, 1411]
[445, 2223]
[446, 560]
[446, 2207]
[447, 1044]
[447, 1112]
[447, 1318]
[447, 1360]
[448, 857]
[448, 1468]
[448, 1503]
[448, 2352]
[449, 661]
[449, 864]
[449, 1741]
[450, 979]
[450, 1006]
[450, 1189]
[450, 1772]
[451, 489]
[451, 1011]
[451, 1926]
[451, 2130]
[452, 941]
[452, 1336]
[452, 2229]
[452, 2371]
[453, 1040]
[453, 1442]
[453, 1739]
[453, 1756]
[454, 2041]
[455, 659]
[455, 1130]
[455, 1682]
[456, 1049]
[456, 1374]
[456, 2340]
[457, 873]
[457, 1015]
[457, 1546]
[457, 2068]
[458, 1161]
[458, 1341]
[458, 2047]
[458, 2278]
[459, 1517]
[459, 1750]
[459, 1760]
[459, 2078]
[460, 843]
[460, 1055]
[460, 1559]
[460, 2126]
[461, 839]
[461, 1127]
[461, 1319]
[461, 1754]
[462, 1298]
[462, 1672]
[462, 1849]
[462, 1958]
[463, 902]
[463, 1870]
[464, 1604]
[464, 1653]
[464, 1766]
[464, 2042]
[465, 554]
[465, 737]
[465, 1068]
[465, 1909]
[466, 524]
[466, 2374]
[467, 491]
[467, 1071]
[467, 1255]
[468, 635]
[468, 1078]
[468, 1566]
[468, 2319]
[469, 1396]
[469, 1524]
[469, 2159]
[470, 1257]
[470, 1264]
[470, 1823]
[471, 1082]
[471, 1459]
[471, 1608]
[471, 1993]
[472, 778]
[472, 1062]
[472, 1761]
[473, 655]
[473, 1460]
[473, 1526]
[474, 1345]
[474, 1590]
[474, 1631]
[475, 1094]
[475, 1111]
[475, 2264]
[475, 2377]
[476, 508]
[476, 954]
[476, 1900]
[477, 503]
[477, 1535]
[477, 1783]
[477, 2253]
[478, 1631]
[478, 1984]
[478, 2192]
[478, 2368]
[479, 743]
[479, 1521]
[479, 1776]
[120, 125]
[120, 1187]
[120, 2388]
[121, 1511]
[121, 1783]
[121, 2133]
[121, 2395]
[122, 1245]
[122, 1575]
[122, 1881]
[122, 2334]
[123, 402]
[123, 1398]
[123, 1673]
[123, 2117]
[124, 394]
[124, 678]
[124, 1214]
[124, 1555]
[125, 1932]
[125, 2107]
[125, 2233]
[126, 633]
[126, 913]
[126, 1069]
[126, 1272]
[127, 437]
[127, 1625]
[127, 1892]
[127, 2210]
[128, 201]
[128, 938]
[128, 1588]
[128, 1935]
[129, 267]
[129, 972]
[129, 1213]
[130, 898]
[130, 996]
[130, 1295]
[130, 1707]
[131, 868]
[131, 1012]
[131, 1579]
[131, 2244]
[132, 694]
[132, 1004]
[132, 1420]
[132, 1564]
[133, 574]
[133, 1133]
[133, 1360]
[133, 1637]
[134, 438]
[134, 445]
[134, 859]
[134, 1411]
[135, 1544]
[135, 1829]
[135, 1910]
[136, 377]
[136, 1215]
[136, 1450]
[136, 2202]
[137, 403]
[137, 1363]
[137, 1447]
[137, 1887]
[138, 148]
[138, 1247]
[138, 1359]
[138, 2220]
[139, 636]
[139, 993]
[139, 1516]
[139, 2007]
[140, 296]
[140, 1499]
[140, 1920]
[140, 1986]
[141, 1251]
[141, 1285]
[141, 1379]
[142, 363]
[142, 1070]
[142, 1190]
[142, 1361]
[143, 171]
[143, 537]
[143, 870]
[143, 1623]
[144, 1280]
[144, 1808]
[144, 2316]
[145, 1757]
[145, 1846]
[145, 2127]
[145, 2141]
[146, 1300]
[146, 1646]
[146, 1727]
[146, 2389]
[147, 1459]
[147, 1655]
[147, 1990]
[147, 2317]
[148, 1102]
[148, 1247]
[148, 1359]
[149, 544]
[149, 1237]
[149, 1259]
[149, 2342]
[150, 730]
[150, 1054]
[150, 1786]
[151, 1351]
[151, 1605]
[151, 1953]
[151, 2218]
[152, 704]
[152, 987]
[152, 1348]
[152, 1963]
[153, 264]
[153, 326]
[153, 1241]
[154, 159]
[154, 466]
[154, 524]
[154, 1917]
[155, 549]
[155, 1896]
[155, 2135]
[155, 2355]
[156, 193]
[156, 558]
[156, 992]
[156, 1890]
[157, 706]
[157, 982]
[157, 1709]
[157, 1815]
[158, 417]
[158, 990]
[158, 1230]
[158, 1234]
[159, 466]
[159, 524]
[159, 2060]
[160, 1249]
[160, 2012]
[160, 2032]
[160, 2088]
[161, 437]
[161, 533]
[161, 1078]
[161, 1537]
[162, 169]
[162, 319]
[162, 498]
[162, 2294]
[163, 1475]
[163, 2010]
[163, 2066]
[163, 2319]
[164, 361]
[164, 835]
[164, 2322]
[165, 629]
[165, 1452]
[165, 1908]
[165, 2384]
[166, 921]
[166, 1722]
[166, 1951]
[166, 2341]
[167, 434]
[167, 1129]
[167, 1269]
[167, 2179]
[168, 469]
[168, 1396]
[168, 1399]
[168, 2159]
[169, 260]
[169, 319]
[169, 2294]
[170, 1056]
[170, 1497]
[170, 1523]
[170, 1919]
[171, 870]
[171, 1350]
[171, 1623]
[172, 724]
[172, 744]
[172, 1826]
[172, 2026]
[173, 264]
[173, 1084]
[173, 2351]
[173, 2355]
[174, 213]
[174, 282]
[174, 1542]
[174, 2184]
[175, 799]
[175, 1338]
[175, 1491]
[175, 1886]
[176, 1509]
[176, 1519]
[176, 1778]
[177, 334]
[177, 498]
[177, 617]
[177, 2087]
[178, 455]
[178, 659]
[178, 1682]
[179, 435]
[179, 490]
[179, 877]
[179, 2242]
[180, 1196]
[180, 1308]
[180, 1667]
[180, 1795]
[181, 415]
[181, 1193]
[181, 1392]
[181, 1632]
[182, 1266]
[182, 1696]
[182, 2145]
[183, 1094]
[183, 1102]
[183, 1151]
[183, 1176]
[184, 593]
[184, 813]
[184, 1352]
[184, 1406]
[185, 400]
[185, 540]
[185, 779]
[185, 889]
[186, 410]
[186, 790]
[186, 1231]
[186, 1419]
[187, 209]
[187, 253]
[187, 1358]
[187, 1442]
[188, 193]
[188, 419]
[188, 1764]
[189, 387]
[189, 726]
[189, 1466]
[189, 2239]
[190, 945]
[190, 983]
[190, 1751]
[191, 487]
[191, 1793]
[191, 2152]
[191, 2219]
[192, 233]
[192, 436]
[192, 454]
[192, 880]
[193, 558]
[193, 1890]
[194, 856]
[194, 1175]
[194, 1512]
[194, 1711]
[195, 1596]
[195, 1840]
[195, 2018]
[195, 2045]
[196, 969]
[196, 1852]
[196, 1883]
[196, 1936]
[197, 338]
[197, 831]
[197, 1225]
[197, 1463]
[198, 828]
[198, 1252]
[198, 1254]
[198, 1993]
[199, 275]
[199, 874]
[199, 1467]
[199, 1804]
[200, 915]
[200, 1403]
[200, 2200]
[201, 1169]
[201, 1588]
[201, 1935]
[202, 230]
[202, 312]
[202, 509]
[202, 1039]
[203, 578]
[203, 722]
[203, 890]
[203, 1093]
[204, 246]
[204, 289]
[204, 423]
[204, 2010]
[205, 337]
[205, 1413]
[205, 1931]
[205, 2065]
[206, 375]
[206, 1341]
[206, 1393]
[206, 1548]
[207, 579]
[207, 1387]
[207, 1409]
[207, 2161]
[208, 300]
[208, 969]
[208, 1950]
[208, 2125]
[209, 922]
[209, 1358]
[209, 1442]
[210, 364]
[210, 1025]
[210, 1447]
[211, 322]
[211, 641]
[211, 1738]
[211, 2067]
[212, 1359]
[212, 1881]
[212, 2145]
[212, 2168]
[213, 2322]
[213, 2392]
[214, 404]
[214, 905]
[214, 1090]
[214, 1560]
[215, 328]
[215, 1339]
[215, 1518]
[215, 1976]
[216, 261]
[216, 681]
[216, 1305]
[216, 1897]
[217, 339]
[217, 444]
[217, 501]
[217, 725]
[218, 227]
[218, 372]
[218, 485]
[218, 998]
[219, 279]
[219, 310]
[219, 960]
[219, 2022]
[220, 794]
[220, 949]
[220, 1154]
[220, 2089]
[221, 945]
[221, 1238]
[221, 1444]
[221, 1464]
[222, 1790]
[222, 1832]
[222, 1921]
[222, 2215]
[223, 350]
[223, 1039]
[223, 2034]
[223, 2299]
[224, 934]
[224, 1123]
[224, 1384]
[224, 1914]
[225, 247]
[225, 428]
[226, 1043]
[226, 1331]
[226, 1958]
[226, 2318]
[227, 372]
[227, 998]
[227, 1871]
[228, 420]
[228, 584]
[228, 1721]
[228, 2188]
[229, 516]
[229, 833]
[229, 1469]
[229, 2112]
[230, 312]
[230, 509]
[230, 2246]
[231, 666]
[231, 1208]
[231, 1337]
[231, 1938]
[232, 955]
[232, 1554]
[232, 2052]
[232, 2317]
[233, 436]
[233, 454]
[233, 2008]
[234, 1326]
[234, 1348]
[234, 1945]
[234, 2028]
[235, 958]
[235, 1414]
[235, 1512]
[235, 1794]
[236, 521]
[236, 716]
[236, 1387]
[236, 2019]
[237, 550]
[237, 735]
[237, 1863]
[237, 2102]
[238, 968]
[238, 1144]
[238, 1281]
[238, 1527]
[239, 729]
[239, 877]
[239, 1753]
[239, 2059]
[240, 369]
[240, 938]
[240, 1125]
[240, 2063]
[241, 474]
[241, 1590]
[241, 1631]
[241, 2076]
[242, 614]
[242, 1148]
[242, 1842]
[242, 2358]
[243, 1188]
[243, 1213]
[243, 1379]
[243, 1490]
[244, 553]
[244, 708]
[244, 717]
[244, 1295]
[245, 350]
[245, 643]
[245, 2362]
[246, 289]
[246, 423]
[246, 2284]
[247, 787]
[248, 1120]
[248, 1159]
[248, 1301]
[249, 619]
[249, 1064]
[249, 1524]
[249, 1807]
[250, 380]
[250, 470]
[250, 822]
[250, 2282]
[251, 611]
[251, 880]
[251, 1789]
[252, 276]
[252, 604]
[252, 1987]
[252, 2307]
[253, 981]
[253, 1477]
[253, 1692]
[254, 1028]
[254, 1774]
[254, 1943]
[254, 2241]
[255, 1017]
[255, 1816]
[255, 1957]
[256, 994]
[256, 1316]
[256, 1576]
[256, 2122]
[257, 553]
[257, 1050]
[257, 1333]
[257, 1640]
[258, 541]
[258, 935]
[258, 1147]
[258, 1249]
[259, 732]
[259, 789]
[259, 1109]
[259, 2237]
[260, 736]
[260, 1472]
[260, 1827]
[261, 1096]
[261, 1545]
[261, 1734]
[262, 646]
[262, 848]
[262, 1077]
[262, 1210]
[263, 1481]
[263, 1502]
[263, 1600]
[264, 326]
[265, 634]
[265, 1616]
[265, 1830]
[265, 2300]
[266, 971]
[266, 1074]
[266, 1530]
[266, 2080]
[267, 972]
[267, 1060]
[268, 1327]
[268, 1595]
[268, 2190]
[269, 1372]
[269, 1506]
[269, 2073]
[270, 2138]
[271, 1093]
[271, 1181]
[271, 1626]
[271, 1858]
[272, 325]
[272, 1037]
[272, 1146]
[272, 1901]
[273, 964]
[273, 1198]
[273, 1610]
[273, 2137]
[274, 520]
[274, 627]
[274, 1571]
[275, 374]
[275, 392]
[275, 2230]
[276, 604]
[276, 1332]
[276, 1987]
[277, 516]
[277, 620]
[277, 1123]
[278, 896]
[278, 1405]
[278, 1506]
[279, 960]
[279, 1180]
[279, 2022]
[280, 335]
[280, 1401]
[280, 1615]
[280, 2088]
[281, 1117]
[281, 1525]
[281, 1583]
[281, 1678]
[282, 1542]
[282, 2035]
[282, 2184]
[283, 439]
[283, 446]
[283, 2207]
[284, 383]
[284, 774]
[284, 1618]
[285, 302]
[285, 1342]
[285, 1593]
[286, 335]
[286, 581]
[286, 858]
[287, 1314]
[287, 1485]
[287, 2129]
[288, 601]
[288, 856]
[288, 1083]
[288, 1567]
[289, 423]
[289, 2335]
[290, 1484]
[290, 1487]
[290, 1885]
[290, 1917]
[291, 297]
[291, 499]
[291, 667]
[291, 1095]
[292, 691]
[292, 1365]
[292, 1552]
[292, 2353]
[293, 1065]
[293, 2092]
[293, 2177]
[294, 379]
[294, 916]
[294, 1574]
[294, 2123]
[295, 808]
[295, 820]
[295, 1005]
[295, 1029]
[296, 935]
[296, 1499]
[296, 1920]
[297, 647]
[297, 805]
[297, 1220]
[298, 1370]
[298, 1611]
[298, 1806]
[299, 463]
[299, 902]
[299, 1106]
[299, 1870]
[300, 1309]
[300, 1950]
[300, 2125]
[301, 349]
[301, 557]
[301, 998]
[301, 2040]
[302, 1126]
[302, 1671]
[302, 1898]
[303, 585]
[303, 683]
[303, 1100]
[303, 1536]
[304, 861]
[304, 1257]
[304, 1600]
[305, 697]
[305, 988]
[305, 1113]
[305, 2311]
[306, 685]
[306, 1485]
[306, 1684]
[306, 2150]
[307, 976]
[307, 2277]
[307, 2363]
[307, 2378]
[308, 430]
[308, 986]
[308, 1321]
[308, 2031]
[309, 324]
[309, 1261]
[309, 2261]
[310, 427]
[310, 1059]
[310, 1288]
[311, 762]
[311, 1002]
[311, 1046]
[311, 2306]
[312, 509]
[312, 1454]
[313, 751]
[313, 928]
[313, 2109]
[313, 2309]
[314, 1271]
[314, 1344]
[314, 1581]
[314, 1932]
[315, 1673]
[315, 1863]
[315, 1939]
[316, 565]
[316, 661]
[316, 812]
[316, 1718]
[317, 328]
[317, 1375]
[317, 1693]
[317, 2169]
[318, 759]
[318, 1106]
[318, 1726]
[318, 2173]
[319, 1217]
[319, 2294]
[320, 1731]
[320, 1847]
[320, 2013]
[321, 811]
[321, 814]
[321, 1007]
[321, 1717]
[322, 432]
[322, 641]
[322, 2067]
[323, 347]
[323, 692]
[323, 1656]
[323, 2053]
[324, 718]
[324, 1261]
[325, 1037]
[325, 1146]
[325, 2233]
[326, 1797]
[327, 743]
[327, 1310]
[327, 1449]
[327, 1584]
[328, 1339]
[328, 1518]
[329, 625]
[329, 711]
[329, 1657]
[329, 1687]
[330, 603]
[330, 1669]
[330, 1695]
[330, 1744]
[331, 1091]
[331, 1149]
[331, 1712]
[331, 2015]
[332, 333]
[332, 971]
[332, 1528]
[332, 2083]
[333, 1119]
[333, 1527]
[333, 1998]
[334, 1270]
[334, 1700]
[334, 2277]
[335, 858]
[336, 523]
[336, 531]
[336, 1412]
[337, 1413]
[337, 1931]
[337, 2390]
[338, 1225]
[338, 1318]
[338, 1463]
[339, 444]
[339, 501]
[339, 1175]
[340, 1380]
[340, 1648]
[340, 2079]
[340, 2256]
[341, 633]
[341, 1493]
[341, 1852]
[341, 2142]
[342, 562]
[342, 1024]
[342, 1439]
[342, 1700]
[343, 398]
[343, 615]
[343, 2098]
[343, 2129]
[344, 853]
[344, 1297]
[344, 1806]
[344, 1988]
[345, 537]
[345, 1152]
[345, 1275]
[345, 1599]
[346, 739]
[346, 1013]
[346, 1561]
[346, 1663]
[347, 692]
[347, 1656]
[347, 1850]
[348, 595]
[348, 1654]
[348, 1955]
[348, 2053]
[349, 557]
[349, 1261]
[349, 2040]
[350, 643]
[350, 2362]
[351, 772]
[351, 910]
[351, 1388]
[351, 1559]
[352, 666]
[352, 776]
[352, 1662]
[352, 2051]
[353, 789]
[353, 1092]
[353, 1343]
[353, 1565]
[354, 442]
[354, 672]
[354, 1003]
[354, 1053]
[355, 391]
[355, 726]
[355, 1603]
[356, 1476]
[356, 1659]
[356, 1749]
[356, 2116]
[357, 589]
[357, 662]
[357, 1416]
[357, 1850]
[358, 473]
[358, 1460]
[358, 1526]
[358, 1528]
[359, 662]
[359, 946]
[359, 1258]
[359, 1760]
[1320, 1479]
[1320, 1691]
[1321, 1949]
[1321, 2031]
[1322, 1893]
[1323, 1498]
[1323, 1833]
[1324, 1388]
[1324, 1930]
[1325, 1848]
[1326, 1945]
[1326, 2028]
[1327, 1595]
[1327, 1636]
[1327, 2190]
[1328, 1797]
[1328, 2329]
[1329, 1907]
[1329, 2393]
[1330, 1470]
[1330, 1576]
[1330, 2091]
[1330, 2387]
[1331, 1958]
[1331, 2318]
[1332, 1628]
[1333, 1640]
[1334, 1361]
[1334, 1889]
[1334, 1937]
[1335, 1439]
[1335, 1759]
[1335, 1830]
[1336, 2371]
[1337, 2227]
[1338, 1491]
[1338, 1886]
[1339, 1518]
[1340, 2339]
[1341, 2278]
[1342, 1593]
[1342, 2387]
[1344, 1581]
[1345, 2038]
[1345, 2153]
[1346, 1430]
[1346, 2136]
[1347, 1389]
[1347, 1624]
[1347, 2292]
[1348, 1963]
[1349, 1548]
[1350, 1660]
[1350, 2006]
[1351, 1605]
[1351, 2190]
[1351, 2218]
[1352, 1457]
[1353, 1453]
[1353, 1809]
[1354, 1572]
[1354, 1867]
[1355, 1837]
[1356, 1817]
[1356, 1942]
[1357, 1486]
[1357, 1745]
[1357, 2004]
[1358, 1442]
[1358, 1970]
[1361, 1937]
[1363, 1883]
[1363, 1887]
[1364, 1677]
[1365, 2353]
[1366, 1373]
[1366, 1740]
[1366, 2181]
[1367, 1748]
[1367, 2228]
[1368, 1421]
[1368, 1821]
[1368, 1898]
[1368, 2288]
[1369, 1457]
[1370, 1611]
[1371, 1778]
[1371, 2055]
[1371, 2327]
[1372, 1732]
[1372, 2073]
[1373, 1488]
[1373, 1972]
[1373, 1989]
[1374, 1625]
[1375, 1577]
[1375, 1693]
[1375, 2169]
[1376, 2017]
[1376, 2139]
[1376, 2254]
[1377, 1635]
[1380, 1648]
[1380, 2012]
[1380, 2256]
[1381, 1991]
[1382, 2062]
[1383, 2295]
[1384, 1914]
[1384, 2106]
[1385, 1423]
[1386, 1788]
[1386, 2115]
[1387, 2019]
[1388, 1559]
[1389, 1624]
[1390, 1857]
[1390, 1965]
[1390, 1983]
[1390, 2350]
[1391, 1427]
[1391, 1443]
[1391, 1610]
[1392, 1632]
[1393, 1548]
[1394, 1987]
[1394, 2134]
[1394, 2205]
[1395, 1853]
[1395, 2371]
[1396, 2159]
[1397, 2207]
[1397, 2349]
[1398, 2117]
[1399, 1531]
[1399, 1539]
[1400, 2273]
[1401, 1615]
[1401, 2088]
[1401, 2383]
[1402, 1566]
[1402, 1822]
[1402, 2118]
[1402, 2178]
[1403, 2321]
[1404, 2064]
[1404, 2234]
[1405, 1506]
[1406, 1426]
[1407, 2290]
[1409, 1619]
[1409, 2161]
[1410, 1550]
[1410, 1562]
[1410, 1809]
[1412, 1417]
[1412, 2171]
[1413, 1931]
[1414, 1794]
[1415, 1422]
[1415, 1956]
[1416, 1850]
[1416, 2344]
[1417, 2096]
[1417, 2171]
[1418, 2200]
[1418, 2206]
[1419, 1839]
[1420, 2000]
[1420, 2160]
[1421, 1821]
[1421, 2214]
[1421, 2288]
[1422, 1956]
[1424, 1433]
[1424, 1517]
[1425, 1812]
[1425, 1874]
[1425, 2024]
[1427, 1443]
[1428, 1768]
[1428, 2339]
[1429, 1431]
[1429, 2286]
[1430, 2136]
[1431, 1620]
[1432, 1554]
[1432, 1882]
[1433, 1857]
[1434, 1848]
[1434, 1998]
[1435, 1553]
[1436, 1644]
[1436, 2121]
[1436, 2211]
[1437, 1927]
[1437, 2011]
[1438, 1501]
[1438, 1919]
[1438, 2392]
[0, 1394]
[0, 2101]
[0, 2134]
[0, 2205]
[1, 963]
[1, 1172]
[1, 1668]
[1, 2050]
[2, 248]
[2, 1120]
[2, 1159]
[2, 1678]
[3, 362]
[3, 484]
[3, 631]
[3, 1010]
[4, 413]
[4, 1928]
[4, 1945]
[4, 2193]
[5, 269]
[5, 277]
[5, 1372]
[5, 2073]
[6, 551]
[6, 797]
[6, 1118]
[6, 1906]
[7, 129]
[7, 267]
[7, 529]
[7, 972]
[8, 44]
[8, 701]
[8, 1494]
[8, 1762]
[9, 917]
[9, 1022]
[9, 1346]
[9, 2308]
[10, 188]
[10, 419]
[10, 680]
[10, 1764]
[11, 1779]
[11, 1839]
[11, 1995]
[11, 2376]
[12, 176]
[12, 1509]
[12, 1519]
[12, 1811]
[13, 377]
[13, 735]
[13, 1383]
[13, 2295]
[14, 283]
[14, 658]
[14, 2212]
[14, 2240]
[15, 278]
[15, 1405]
[15, 1506]
[15, 2285]
[16, 268]
[16, 1110]
[16, 1915]
[16, 2058]
[17, 144]
[17, 748]
[17, 824]
[17, 1879]
[18, 720]
[18, 1292]
[18, 1355]
[18, 1837]
[19, 750]
[19, 850]
[19, 1322]
[19, 1893]
[20, 395]
[20, 1961]
[20, 2111]
[20, 2241]
[21, 833]
[21, 1260]
[21, 2060]
[21, 2183]
[22, 200]
[22, 770]
[22, 915]
[22, 1403]
[23, 98]
[23, 1312]
[23, 1771]
[23, 1877]
[24, 309]
[24, 324]
[24, 1261]
[24, 1763]
[25, 182]
[25, 700]
[25, 1266]
[25, 1696]
[26, 400]
[26, 1150]
[26, 1454]
[26, 1642]
[27, 427]
[27, 867]
[27, 1543]
[27, 2370]
[28, 30]
[28, 71]
[28, 1268]
[28, 1408]
[29, 103]
[29, 315]
[29, 1673]
[29, 1939]
[30, 71]
[30, 1408]
[30, 2227]
[31, 1345]
[31, 2038]
[31, 2153]
[31, 2259]
[32, 284]
[32, 383]
[32, 1618]
[32, 2293]
[33, 385]
[33, 1376]
[33, 2139]
[33, 2254]
[34, 876]
[34, 949]
[34, 1651]
[34, 1818]
[35, 1248]
[35, 1377]
[35, 1635]
[35, 1736]
[36, 320]
[36, 543]
[36, 1653]
[36, 2093]
[37, 210]
[37, 1025]
[37, 1447]
[37, 2168]
[38, 640]
[38, 800]
[38, 1124]
[38, 2047]
[39, 472]
[39, 778]
[39, 929]
[39, 1062]
[40, 263]
[40, 1481]
[40, 1502]
[40, 1586]
[41, 120]
[41, 760]
[41, 1187]
[41, 2388]
[42, 150]
[42, 298]
[42, 1370]
[42, 1611]
[43, 947]
[43, 1079]
[43, 1311]
[43, 1534]
[44, 875]
[44, 1353]
[44, 1453]
[45, 1302]
[45, 1424]
[45, 1433]
[45, 2193]
[46, 251]
[46, 1350]
[46, 1660]
[46, 2006]
[47, 95]
[47, 575]
[47, 1349]
[47, 1383]
[48, 286]
[48, 335]
[48, 858]
[48, 1064]
[49, 665]
[49, 855]
[49, 1185]
[49, 1340]
[50, 1761]
[50, 1836]
[50, 2148]
[50, 2163]
[51, 576]
[51, 637]
[51, 648]
[51, 1275]
[52, 784]
[52, 893]
[52, 1664]
[52, 1743]
[53, 364]
[53, 660]
[53, 1950]
[53, 2380]
[54, 103]
[54, 757]
[54, 1876]
[54, 2251]
[55, 488]
[55, 1232]
[55, 2328]
[55, 2335]
[56, 178]
[56, 774]
[56, 1104]
[56, 1810]
[57, 827]
[57, 1191]
[57, 1195]
[57, 1364]
[58, 1436]
[58, 1644]
[58, 1757]
[58, 2121]
[59, 612]
[59, 1514]
[59, 1650]
[59, 2195]
[60, 534]
[60, 1227]
[60, 2128]
[60, 2199]
[61, 399]
[61, 1166]
[61, 1636]
[61, 1835]
[62, 740]
[62, 840]
[62, 1507]
[62, 2296]
[63, 494]
[63, 659]
[63, 664]
[63, 1695]
[64, 441]
[64, 818]
[64, 1580]
[64, 2127]
[65, 287]
[65, 631]
[65, 2075]
[65, 2144]
[66, 101]
[66, 270]
[66, 609]
[66, 2138]
[67, 564]
[67, 1326]
[67, 1689]
[67, 2095]
[68, 153]
[68, 264]
[68, 326]
[68, 1151]
[69, 918]
[69, 1010]
[69, 1276]
[69, 1878]
[70, 285]
[70, 1342]
[70, 1593]
[70, 1696]
[71, 1408]
[71, 1701]
[72, 1729]
[72, 1865]
[72, 1866]
[72, 2185]
[73, 684]
[73, 1530]
[73, 1569]
[73, 2338]
[74, 1515]
[74, 1864]
[74, 2167]
[74, 2376]
[75, 110]
[75, 113]
[75, 749]
[75, 1219]
[76, 872]
[76, 1066]
[76, 1974]
[76, 2030]
[77, 164]
[77, 361]
[77, 835]
[77, 1280]
[78, 668]
[78, 763]
[78, 895]
[78, 1801]
[79, 479]
[79, 1242]
[79, 1521]
[79, 1776]
[80, 909]
[80, 1556]
[80, 2028]
[80, 2170]
[81, 422]
[81, 869]
[81, 993]
[81, 1378]
[82, 434]
[82, 1209]
[82, 1400]
[82, 2273]
[83, 588]
[83, 613]
[83, 1225]
[83, 1253]
[84, 2178]
[84, 2273]
[84, 2332]
[84, 2379]
[85, 432]
[85, 806]
[85, 914]
[85, 1414]
[86, 572]
[86, 999]
[86, 1263]
[86, 1916]
[87, 367]
[87, 713]
[87, 1164]
[87, 2313]
[88, 476]
[88, 508]
[88, 954]
[88, 1237]
[89, 698]
[89, 1322]
[89, 1715]
[89, 1997]
[90, 111]
[90, 225]
[90, 247]
[90, 1138]
[91, 190]
[91, 945]
[91, 1362]
[91, 1751]
[92, 141]
[92, 1251]
[92, 1343]
[92, 1379]
[93, 866]
[93, 1164]
[93, 1901]
[93, 2235]
[94, 822]
[94, 1404]
[94, 2064]
[94, 2234]
[95, 575]
[95, 1349]
[95, 1413]
[96, 1346]
[96, 1393]
[96, 1430]
[96, 2136]
[97, 336]
[97, 523]
[97, 531]
[97, 1814]
[98, 1312]
[98, 1641]
[98, 1877]
[99, 274]
[99, 520]
[99, 525]
[99, 627]
[100, 480]
[100, 481]
[100, 1371]
[100, 1685]
[101, 270]
[101, 1952]
[101, 2138]
[102, 213]
[102, 1488]
[102, 2322]
[102, 2392]
[103, 757]
[103, 2251]
[104, 586]
[104, 1042]
[104, 1239]
[104, 1856]
[105, 785]
[105, 1533]
[105, 1690]
[105, 2298]
[106, 245]
[106, 621]
[106, 1933]
[106, 2258]
[107, 517]
[107, 542]
[107, 558]
[107, 1304]
[108, 355]
[108, 391]
[108, 1603]
[108, 2043]
[109, 293]
[109, 1065]
[109, 2137]
[109, 2177]
[110, 749]
[110, 1219]
[110, 1781]
[111, 225]
[111, 247]
[111, 738]
[112, 270]
[112, 1274]
[112, 1613]
[112, 2246]
[113, 255]
[113, 1017]
[113, 1816]
[114, 1140]
[114, 1525]
[114, 1622]
[114, 1911]
[115, 135]
[115, 1531]
[115, 1544]
[115, 1910]
[116, 886]
[116, 1179]
[116, 1727]
[116, 1765]
[117, 514]
[117, 901]
[117, 1899]
[117, 1983]
[118, 638]
[118, 1357]
[118, 1486]
[118, 1745]
[119, 304]
[119, 463]
[119, 861]
[119, 1600]
[1201, 1955]
[1201, 2337]
[1202, 1441]
[1202, 2231]
[1203, 2240]
[1204, 2008]
[1205, 1337]
[1205, 1535]
[1205, 2227]
[1206, 2084]
[1207, 1674]
[1207, 1845]
[1207, 2031]
[1208, 1474]
[1208, 1938]
[1209, 1400]
[1209, 2273]
[1211, 1663]
[1211, 1747]
[1212, 1520]
[1212, 1819]
[1213, 1490]
[1214, 1444]
[1214, 1555]
[1215, 1787]
[1215, 1796]
[1215, 2065]
[1216, 1647]
[1216, 2140]
[1217, 1959]
[1218, 1838]
[1220, 1338]
[1221, 1586]
[1222, 1694]
[1222, 1774]
[1223, 1654]
[1223, 1735]
[1224, 1792]
[1224, 1978]
[1225, 1463]
[1227, 2128]
[1227, 2199]
[1228, 1640]
[1228, 1713]
[1228, 1813]
[1229, 1332]
[1229, 1628]
[1230, 2263]
[1231, 1391]
[1231, 1427]
[1231, 1443]
[1232, 1306]
[1232, 2328]
[1232, 2335]
[1233, 1301]
[1233, 1325]
[1233, 1734]
[1234, 1246]
[1235, 1630]
[1236, 1708]
[1236, 1907]
[1236, 1975]
[1237, 2342]
[1238, 1444]
[1238, 1464]
[1239, 1542]
[1239, 1856]
[1240, 1515]
[1240, 2050]
[1240, 2164]
[1241, 1429]
[1241, 2286]
[1242, 1652]
[1242, 2163]
[1242, 2315]
[1243, 1426]
[1243, 2079]
[1243, 2395]
[1244, 1855]
[1244, 2057]
[1244, 2297]
[1245, 1575]
[1245, 2325]
[1245, 2334]
[1246, 1680]
[1246, 2191]
[1247, 1359]
[1247, 1682]
[1248, 1377]
[1248, 1635]
[1248, 1775]
[1249, 2012]
[1249, 2032]
[1250, 1704]
[1251, 1379]
[1251, 1668]
[1252, 1254]
[1252, 2341]
[1253, 2185]
[1254, 1752]
[1256, 1540]
[1256, 1890]
[1257, 1264]
[1257, 1823]
[1258, 1288]
[1258, 1760]
[1259, 2238]
[1260, 1493]
[1260, 2060]
[1260, 2183]
[1262, 2033]
[1262, 2087]
[1263, 1916]
[1263, 2021]
[1264, 1823]
[1264, 2045]
[1265, 1334]
[1265, 1361]
[1265, 1937]
[1265, 2148]
[1266, 1696]
[1267, 1405]
[1267, 1940]
[1267, 2122]
[1267, 2197]
[1268, 1420]
[1268, 2000]
[1268, 2160]
[1269, 1435]
[1269, 1553]
[1270, 1700]
[1270, 2277]
[1271, 1344]
[1271, 1581]
[1271, 1842]
[1272, 2396]
[1273, 1591]
[1273, 1642]
[1274, 1613]
[1274, 2246]
[1276, 1878]
[1277, 2158]
[1277, 2340]
[1278, 1306]
[1278, 2196]
[1279, 1647]
[1279, 1960]
[1280, 1808]
[1280, 2316]
[1282, 1820]
[1282, 1843]
[1282, 1979]
[1283, 2216]
[1284, 1811]
[1284, 2029]
[1284, 2326]
[1285, 2382]
[1286, 2004]
[1286, 2159]
[1286, 2204]
[1287, 1328]
[1287, 1797]
[1287, 2329]
[1289, 1585]
[1290, 1949]
[1290, 1977]
[1290, 2232]
[1290, 2274]
[1291, 1406]
[1291, 1426]
[1291, 1564]
[1292, 1355]
[1292, 1837]
[1293, 2254]
[1295, 1707]
[1296, 1313]
[1296, 1589]
[1296, 1997]
[1296, 2381]
[1297, 1806]
[1297, 2349]
[1298, 1672]
[1298, 1849]
[1298, 2130]
[1299, 1840]
[1299, 1996]
[1299, 2054]
[1299, 2252]
[1300, 1646]
[1300, 2389]
[1301, 1325]
[1302, 1424]
[1302, 1433]
[1303, 1707]
[1303, 1729]
[1303, 1805]
[1304, 1832]
[1305, 1897]
[1305, 1927]
[1307, 1508]
[1307, 1833]
[1308, 1448]
[1308, 1667]
[1308, 1795]
[1309, 1686]
[1309, 2293]
[1310, 1584]
[1311, 1534]
[1312, 1865]
[1312, 1877]
[1313, 1437]
[1313, 1589]
[1313, 2381]
[1314, 1485]
[1314, 2129]
[1315, 1982]
[1316, 1576]
[1317, 1465]
[1317, 2081]
[1318, 1360]
[1319, 1746]
[1319, 1754]
[1561, 1663]
[1561, 1882]
[1562, 1841]
[1562, 1922]
[1563, 1702]
[1565, 2009]
[1565, 2114]
[1566, 1822]
[1566, 2118]
[1568, 2320]
[1569, 2338]
[1570, 2100]
[1571, 2305]
[1572, 1867]
[1573, 2069]
[1573, 2367]
[1574, 2123]
[1575, 2147]
[1575, 2334]
[1577, 1582]
[1577, 1699]
[1578, 2144]
[1578, 2162]
[1578, 2224]
[1579, 2074]
[1579, 2244]
[1581, 2313]
[1582, 1699]
[1583, 1678]
[1583, 2379]
[1587, 1635]
[1587, 1918]
[1587, 2172]
[1588, 1935]
[1589, 2146]
[1589, 2381]
[1590, 1631]
[1590, 2194]
[1591, 1642]
[1592, 1825]
[1592, 1894]
[1592, 2362]
[1594, 1971]
[1595, 2190]
[1596, 2018]
[1596, 2045]
[1597, 2386]
[1599, 2113]
[1599, 2324]
[1601, 1639]
[1603, 1899]
[1604, 1766]
[1604, 2042]
[1605, 2218]
[1606, 1976]
[1606, 2331]
[1607, 1644]
[1607, 1929]
[1608, 1993]
[1608, 2298]
[1609, 1697]
[1609, 2021]
[1609, 2166]
[1610, 2137]
[1613, 2246]
[1614, 2147]
[1614, 2198]
[1615, 2088]
[1616, 2300]
[1617, 1621]
[1617, 2092]
[1618, 2014]
[1619, 1941]
[1619, 1992]
[1621, 1823]
[1621, 2092]
[1625, 1892]
[1625, 2210]
[1626, 1858]
[1626, 1951]
[1629, 1633]
[1629, 2027]
[1629, 2374]
[1633, 2027]
[1633, 2374]
[1634, 2097]
[1636, 1835]
[1638, 1694]
[1638, 1973]
[1638, 2039]
[1639, 2330]
[1641, 2262]
[1641, 2292]
[1643, 1790]
[1644, 2121]
[1645, 2049]
[1646, 2389]
[1647, 2140]
[1648, 2256]
[1649, 2239]
[1649, 2343]
[1650, 1681]
[1652, 2163]
[1652, 2172]
[1652, 2315]
[1653, 2093]
[1654, 1735]
[1655, 1702]
[1655, 2317]
[1656, 1979]
[1657, 1687]
[1658, 1670]
[1658, 2036]
[1659, 1749]
[1659, 2116]
[1660, 2006]
[1661, 1683]
[1662, 2051]
[1662, 2282]
[1664, 1743]
[1665, 2360]
[1666, 1880]
[1667, 1795]
[1669, 1744]
[1669, 1991]
[1671, 1898]
[1672, 1849]
[1673, 1939]
[1674, 1845]
[1675, 1985]
[1675, 2211]
[1676, 1753]
[1676, 1772]
[1676, 1994]
[1679, 1730]
[1679, 1738]
[1679, 1775]
[1679, 1875]
[1680, 2191]
[1681, 1686]
[1683, 1769]
[1684, 2150]
[1685, 2179]
[1686, 2293]
[1688, 1719]
[1689, 1803]
[1689, 2095]
[1690, 2250]
[1690, 2298]
[1691, 2166]
[1693, 2169]
[1694, 1774]
[1697, 1854]
[1699, 1723]
[1700, 2277]
[1701, 2248]
[1701, 2326]
[1703, 1758]
[1703, 1777]
[1703, 2294]
[1704, 2005]
[1705, 1871]
[1705, 2054]
[1705, 2257]
[1706, 1869]
[1706, 2120]
[1706, 2222]
[1708, 1907]
[1708, 1975]
[1710, 2146]
[1710, 2223]
[1711, 2303]
[1712, 2015]
[1712, 2221]
[1713, 1813]
[1713, 1929]
[1714, 1828]
[1714, 2245]
[1715, 1997]
[1716, 2076]
[1716, 2279]
[1717, 1895]
[1717, 2043]
[1718, 2189]
[1719, 2260]
[1720, 1724]
[1721, 2188]
[1722, 2086]
[1722, 2250]
[1723, 2365]
[1723, 2373]
[1724, 2098]
[1725, 2003]
[1728, 1931]
[1728, 2105]
[1729, 1805]
[1730, 2099]
[1730, 2259]
[1731, 1847]
[1731, 2013]
[1732, 1748]
[1732, 2175]
[1733, 2249]
[1733, 2299]
[1735, 2086]
[1737, 1742]
[1737, 1972]
[1737, 2155]
[1737, 2182]
[1738, 1775]
[1738, 1875]
[1739, 1756]
[1740, 1808]
[1740, 2181]
[1742, 1821]
[1742, 2155]
[1742, 2182]
[1744, 2091]
[1745, 1910]
[1746, 2070]
[1748, 2175]
[1749, 2116]
[1750, 2078]
[1752, 1872]
[1752, 2037]
[1753, 1772]
[1753, 1994]
[1755, 1966]
[1757, 2127]
[1757, 2141]
[1758, 1777]
[1758, 1835]
[1759, 1830]
[1759, 2394]
[1761, 1836]
[1761, 2148]
[1762, 1946]
[1763, 2072]
[1765, 1948]
[1765, 2046]
[1766, 2042]
[1766, 2107]
[1767, 1773]
[1767, 2356]
[1768, 2339]
[1769, 1947]
[1769, 2265]
[1770, 2180]
[1772, 1994]
[1773, 2356]
[1775, 1875]
[1778, 2055]
[1778, 2327]
[1779, 1839]
[1779, 2376]
[1780, 1969]
[1780, 2188]
[1781, 2217]
[1782, 1924]
[1782, 1961]
[1783, 2133]
[1785, 1822]
[1785, 2174]
[1785, 2360]
[1786, 2118]
[1787, 1796]
[1787, 2065]
[1788, 2115]
[1789, 2386]
[1790, 1832]
[1790, 2215]
[1791, 2080]
[1792, 1978]
[1793, 2152]
[1793, 2219]
[1795, 2135]
[1796, 2065]
[1797, 2329]
[1798, 2390]
[1799, 2369]
[1441, 2231]
[1444, 1464]
[1445, 1935]
[1445, 1988]
[1445, 2345]
[1446, 1604]
[1446, 1732]
[1446, 1748]
[1446, 2175]
[1448, 2201]
[1448, 2361]
[1449, 1458]
[1449, 1563]
[1449, 1702]
[1450, 2120]
[1450, 2202]
[1451, 2034]
[1451, 2196]
[1452, 1908]
[1453, 1964]
[1455, 1661]
[1455, 1683]
[1455, 1692]
[1456, 1942]
[1456, 2391]
[1458, 1563]
[1458, 1702]
[1459, 1655]
[1459, 2317]
[1460, 1526]
[1461, 1665]
[1462, 2257]
[1462, 2261]
[1462, 2291]
[1463, 2039]
[1464, 1859]
[1465, 2081]
[1467, 1804]
[1468, 1503]
[1469, 2112]
[1469, 2316]
[1470, 2091]
[1470, 2387]
[1471, 1661]
[1471, 2085]
[1472, 1799]
[1472, 1827]
[1473, 1801]
[1474, 1612]
[1475, 2010]
[1475, 2063]
[1475, 2066]
[1476, 1990]
[1477, 1692]
[1477, 2370]
[1478, 1765]
[1478, 1948]
[1478, 2046]
[1479, 1649]
[1479, 2239]
[1479, 2343]
[1480, 2016]
[1481, 1502]
[1482, 2229]
[1483, 1846]
[1483, 2173]
[1484, 1711]
[1484, 2303]
[1485, 2129]
[1486, 1745]
[1487, 1885]
[1487, 1917]
[1487, 2153]
[1488, 1972]
[1488, 1989]
[1489, 2110]
[1489, 2194]
[1490, 2070]
[1491, 1886]
[1493, 1852]
[1493, 2142]
[1494, 1762]
[1495, 1995]
[1495, 2062]
[1496, 1511]
[1496, 1578]
[1496, 2162]
[1496, 2224]
[1497, 1523]
[1497, 2061]
[1498, 1698]
[1499, 1920]
[1500, 2101]
[1501, 1582]
[1501, 1919]
[1502, 2175]
[1503, 2022]
[1504, 1989]
[1504, 2061]
[1505, 1598]
[1507, 1632]
[1508, 1794]
[1508, 1833]
[1509, 1519]
[1510, 1541]
[1510, 1992]
[1510, 2094]
[1510, 2272]
[1511, 1783]
[1511, 2133]
[1513, 1658]
[1513, 1670]
[1513, 2275]
[1514, 2195]
[1514, 2308]
[1515, 1864]
[1515, 2167]
[1516, 1819]
[1517, 1750]
[1517, 2078]
[1518, 1526]
[1521, 1776]
[1522, 1538]
[1522, 1716]
[1522, 2275]
[1523, 2381]
[1524, 1807]
[1525, 1622]
[1527, 1998]
[1528, 2083]
[1529, 1602]
[1529, 2081]
[1530, 2080]
[1531, 1539]
[1532, 2323]
[1533, 1891]
[1533, 1904]
[1533, 2302]
[1535, 2253]
[1536, 1981]
[1537, 1614]
[1538, 2275]
[1539, 1849]
[1541, 2094]
[1541, 2272]
[1542, 2184]
[1543, 2370]
[1544, 1910]
[1544, 2026]
[1545, 1734]
[1545, 2182]
[1546, 2068]
[1547, 2314]
[1549, 1573]
[1549, 2325]
[1550, 1809]
[1550, 2315]
[1551, 2131]
[1551, 2312]
[1552, 1999]
[1554, 2052]
[1556, 2078]
[1556, 2170]
[1557, 2197]
[1557, 2283]
[1558, 1565]
[1558, 2009]
[1558, 2114]
[1800, 1815]
[1802, 2037]
[1802, 2266]
[1803, 2103]
[1803, 2247]
[1803, 2287]
[1805, 1812]
[1807, 2289]
[1808, 2316]
[1811, 2029]
[1812, 1874]
[1813, 1817]
[1814, 2346]
[1818, 2225]
[1820, 1843]
[1820, 1979]
[1821, 2288]
[1822, 2118]
[1824, 1936]
[1824, 2035]
[1824, 2036]
[1825, 1894]
[1825, 2398]
[1826, 2026]
[1828, 2245]
[1829, 1952]
[1831, 2268]
[1832, 2215]
[1834, 2351]
[1836, 2023]
[1836, 2148]
[1837, 2136]
[1839, 2376]
[1840, 1996]
[1840, 2252]
[1841, 1922]
[1841, 2003]
[1842, 2358]
[1843, 1979]
[1844, 2108]
[1844, 2154]
[1846, 2173]
[1847, 2013]
[1847, 2121]
[1852, 2142]
[1854, 1965]
[1855, 2057]
[1856, 2155]
[1857, 1965]
[1857, 1983]
[1859, 2104]
[1859, 2269]
[1860, 2203]
[1860, 2209]
[1861, 1873]
[1861, 1923]
[1861, 2119]
[1863, 2102]
[1864, 2167]
[1865, 1866]
[1865, 2185]
[1866, 2185]
[1866, 2272]
[1868, 2221]
[1868, 2296]
[1868, 2350]
[1869, 2120]
[1869, 2222]
[1871, 2054]
[1872, 2037]
[1873, 1923]
[1873, 2235]
[1880, 2124]
[1881, 2145]
[1881, 2168]
[1883, 1936]
[1884, 2139]
[1885, 1917]
[1886, 2212]
[1888, 2232]
[1888, 2312]
[1889, 2321]
[1889, 2359]
[1891, 1904]
[1891, 2302]
[1892, 2210]
[1893, 1978]
[1894, 2174]
[1895, 2043]
[1896, 2135]
[1900, 1953]
[1900, 2226]
[1901, 2235]
[1902, 2181]
[1903, 2044]
[1904, 2291]
[1904, 2302]
[1905, 1925]
[1905, 2041]
[1905, 2225]
[1907, 1975]
[1909, 2245]
[1912, 1946]
[1915, 2058]
[1916, 2109]
[1918, 2172]
[1080, 1725]
[1080, 1776]
[1080, 2003]
[1081, 1476]
[1081, 1990]
[1081, 2260]
[1082, 1608]
[1082, 1993]
[1083, 1452]
[1083, 1567]
[1084, 2351]
[1084, 2355]
[1085, 1954]
[1085, 2160]
[1085, 2276]
[1086, 1311]
[1086, 1461]
[1086, 1665]
[1087, 1141]
[1087, 1458]
[1088, 1116]
[1088, 1206]
[1088, 1938]
[1088, 2084]
[1089, 1557]
[1089, 1617]
[1089, 2283]
[1090, 1532]
[1090, 1560]
[1091, 1884]
[1092, 1343]
[1092, 2263]
[1094, 1111]
[1094, 2264]
[1096, 1545]
[1096, 1553]
[1096, 1734]
[1097, 1196]
[1097, 1651]
[1098, 1851]
[1099, 1182]
[1099, 1967]
[1101, 1851]
[1101, 2143]
[1102, 1151]
[1102, 1176]
[1103, 1672]
[1103, 1781]
[1103, 2217]
[1104, 1810]
[1104, 2140]
[1105, 1509]
[1105, 1906]
[1106, 1726]
[1107, 1356]
[1107, 1817]
[1107, 2228]
[1108, 1771]
[1108, 2072]
[1109, 2237]
[1110, 1915]
[1110, 1924]
[1110, 2058]
[1111, 1869]
[1111, 2264]
[1112, 1318]
[1112, 1360]
[1112, 2082]
[1113, 2311]
[1114, 1568]
[1114, 2289]
[1114, 2352]
[1115, 1895]
[1115, 2187]
[1116, 1206]
[1116, 1238]
[1116, 2084]
[1117, 1583]
[1117, 1611]
[1117, 1678]
[1118, 2276]
[1119, 1527]
[1119, 1588]
[1119, 1998]
[1120, 1159]
[1120, 2011]
[1121, 1198]
[1121, 1212]
[1121, 1520]
[1121, 2243]
[1122, 1218]
[1122, 1799]
[1122, 2369]
[1124, 2119]
[1124, 2149]
[1124, 2156]
[1125, 1505]
[1125, 1598]
[1126, 1435]
[1126, 1671]
[1126, 1898]
[1127, 1319]
[1127, 1754]
[1128, 1134]
[1128, 1594]
[1128, 1911]
[1129, 2179]
[1130, 1241]
[1130, 1429]
[1130, 2286]
[1131, 1489]
[1131, 1875]
[1131, 2110]
[1131, 2194]
[1132, 1410]
[1132, 1550]
[1132, 1574]
[1132, 1809]
[1133, 1637]
[1133, 2378]
[1134, 1491]
[1134, 1911]
[1135, 2271]
[1135, 2347]
[1136, 1291]
[1136, 1406]
[1136, 1426]
[1137, 1698]
[1137, 1903]
[1138, 1800]
[1138, 1815]
[1139, 1913]
[1140, 1525]
[1140, 1622]
[1142, 1216]
[1142, 1344]
[1142, 1647]
[1142, 2140]
[1143, 1448]
[1143, 2006]
[1143, 2201]
[1143, 2361]
[1144, 1281]
[1144, 1710]
[1145, 1235]
[1145, 1630]
[1145, 2075]
[1146, 2269]
[1147, 1981]
[1148, 1289]
[1148, 1585]
[1149, 1712]
[1149, 2015]
[1150, 1454]
[1151, 1176]
[1152, 1275]
[1152, 1467]
[1153, 1716]
[1153, 2076]
[1153, 2279]
[1153, 2338]
[1154, 2089]
[1154, 2157]
[1155, 1236]
[1155, 1552]
[1155, 1999]
[1156, 1160]
[1156, 1643]
[1156, 2116]
[1157, 2214]
[1158, 1889]
[1158, 2321]
[1158, 2337]
[1158, 2359]
[1160, 1643]
[1160, 2234]
[1161, 1341]
[1161, 2278]
[1161, 2290]
[1162, 1902]
[1163, 2132]
[1164, 2313]
[1165, 1171]
[1165, 1597]
[1165, 2386]
[1166, 1169]
[1166, 1791]
[1168, 1810]
[1168, 2333]
[1169, 1791]
[1170, 1623]
[1170, 1784]
[1171, 1720]
[1171, 1724]
[1172, 1668]
[1172, 2068]
[1173, 1324]
[1173, 1768]
[1173, 1930]
[1174, 1223]
[1174, 1654]
[1174, 1735]
[1175, 1512]
[1177, 1934]
[1177, 1964]
[1177, 2309]
[1178, 1650]
[1178, 1681]
[1178, 2368]
[1179, 1727]
[1179, 1905]
[1180, 1186]
[1181, 1626]
[1181, 1858]
[1183, 1216]
[1183, 1272]
[1183, 2396]
[1184, 1645]
[1184, 1697]
[1184, 1854]
[1185, 1423]
[1186, 2002]
[1187, 2073]
[1187, 2388]
[1188, 1213]
[1188, 1490]
[1189, 1878]
[1190, 1918]
[1191, 1195]
[1191, 1364]
[1191, 1483]
[1192, 1221]
[1192, 1617]
[1192, 1621]
[1192, 2092]
[1193, 1200]
[1194, 1747]
[1194, 1770]
[1194, 2180]
[1195, 1364]
[1196, 1651]
[1197, 1480]
[1197, 1870]
[1197, 2016]
[1198, 1212]
[1198, 1520]
[1199, 1862]
[1199, 2052]
[2041, 2225]
[2049, 2180]
[2050, 2164]
[2051, 2104]
[2055, 2327]
[2056, 2244]
[2056, 2394]
[2060, 2183]
[2064, 2234]
[2064, 2252]
[2066, 2270]
[2069, 2367]
[2071, 2074]
[2075, 2144]
[2076, 2279]
[2077, 2384]
[2079, 2395]
[2082, 2090]
[2082, 2310]
[2083, 2184]
[2084, 2150]
[2086, 2250]
[2090, 2310]
[2091, 2387]
[2094, 2272]
[2096, 2348]
[2099, 2259]
[2103, 2247]
[2103, 2287]
[2104, 2269]
[2106, 2285]
[2107, 2233]
[2108, 2154]
[2109, 2309]
[2110, 2194]
[2113, 2324]
[2114, 2154]
[2115, 2373]
[2119, 2149]
[2119, 2156]
[2120, 2222]
[2122, 2197]
[2124, 2397]
[2127, 2141]
[2128, 2199]
[2133, 2357]
[2134, 2205]
[2139, 2254]
[2143, 2205]
[2145, 2168]
[2146, 2223]
[2147, 2198]
[2149, 2156]
[2151, 2236]
[2152, 2219]
[2152, 2303]
[2155, 2182]
[2157, 2307]
[2158, 2198]
[2158, 2340]
[1921, 2165]
[1922, 2366]
[1925, 2041]
[1925, 2201]
[1925, 2225]
[1926, 2130]
[1927, 2011]
[1928, 2193]
[1928, 2375]
[1932, 2107]
[1932, 2233]
[1933, 2210]
[1933, 2258]
[1934, 1964]
[1940, 2122]
[1940, 2197]
[1941, 1992]
[1942, 2391]
[1943, 2236]
[1943, 2241]
[1944, 1957]
[1944, 2048]
[1944, 2332]
[1945, 2028]
[1947, 2151]
[1947, 2265]
[1948, 2046]
[1949, 2232]
[1949, 2274]
[1950, 2125]
[1951, 2341]
[1953, 2226]
[1954, 2276]
[1955, 2053]
[1957, 2048]
[1958, 2318]
[1959, 2314]
[1960, 2142]
[1961, 2111]
[1962, 2020]
[1962, 2372]
[1963, 1982]
[1965, 1983]
[1966, 2191]
[1967, 2281]
[1967, 2284]
[1967, 2377]
[1968, 1986]
[1968, 2324]
[1969, 1974]
[1970, 2151]
[1970, 2236]
[1971, 2318]
[1972, 1989]
[1973, 2039]
[1973, 2365]
[1974, 2030]
[1976, 2331]
[1977, 2001]
[1980, 2270]
[1984, 2192]
[1984, 2368]
[1985, 2211]
[1985, 2219]
[1988, 2345]
[1994, 2305]
[1996, 2252]
[2000, 2160]
[2002, 2330]
[2002, 2354]
[2004, 2204]
[2005, 2255]
[2007, 2018]
[2009, 2114]
[2009, 2354]
[2010, 2066]
[2012, 2032]
[2014, 2220]
[2015, 2347]
[2018, 2045]
[2019, 2100]
[2020, 2372]
[2021, 2166]
[2024, 2243]
[2025, 2056]
[2025, 2310]
[2025, 2394]
[2027, 2374]
[2029, 2253]
[2034, 2299]
[2035, 2036]
[2038, 2153]
[2038, 2195]
[600, 709]
[600, 714]
[600, 1385]
[600, 1500]
[601, 616]
[601, 1083]
[601, 1567]
[602, 678]
[602, 768]
[602, 865]
[602, 1630]
[603, 1555]
[603, 1669]
[603, 1744]
[604, 1987]
[605, 761]
[605, 1032]
[605, 1167]
[605, 1289]
[606, 821]
[606, 827]
[606, 830]
[606, 1860]
[607, 772]
[607, 1075]
[607, 1876]
[608, 1599]
[608, 1676]
[608, 2113]
[608, 2324]
[609, 936]
[609, 1492]
[610, 1043]
[610, 1674]
[610, 1829]
[610, 1952]
[611, 880]
[611, 1789]
[611, 2020]
[612, 1514]
[612, 1767]
[612, 2195]
[613, 652]
[613, 1253]
[614, 1842]
[614, 2093]
[614, 2358]
[615, 1896]
[615, 2098]
[616, 623]
[616, 715]
[616, 1294]
[617, 1489]
[617, 2087]
[618, 887]
[618, 1624]
[618, 1763]
[618, 2072]
[619, 758]
[619, 1482]
[619, 2229]
[620, 913]
[620, 1123]
[621, 649]
[621, 1933]
[621, 2258]
[622, 1302]
[622, 2344]
[622, 2364]
[623, 715]
[623, 748]
[623, 1294]
[624, 1513]
[624, 1658]
[624, 1670]
[624, 2183]
[625, 1657]
[625, 1687]
[626, 1217]
[626, 1428]
[626, 1959]
[627, 1926]
[628, 1415]
[628, 1422]
[628, 1541]
[628, 1956]
[629, 1307]
[629, 1452]
[629, 1908]
[630, 965]
[630, 1396]
[630, 1755]
[630, 1966]
[631, 2075]
[631, 2144]
[632, 1185]
[632, 1423]
[632, 1492]
[633, 913]
[633, 1069]
[634, 1616]
[634, 2213]
[634, 2300]
[635, 1048]
[635, 1078]
[635, 2319]
[636, 993]
[636, 2007]
[636, 2177]
[637, 648]
[637, 1913]
[638, 1000]
[638, 1009]
[638, 1627]
[639, 653]
[639, 1278]
[639, 1306]
[639, 1605]
[640, 800]
[640, 1141]
[640, 2047]
[641, 1270]
[641, 2067]
[642, 1066]
[642, 1355]
[642, 1736]
[643, 1591]
[643, 2362]
[644, 680]
[644, 1250]
[644, 1392]
[644, 1704]
[645, 925]
[645, 1549]
[645, 1593]
[645, 2325]
[646, 848]
[646, 987]
[646, 1210]
[647, 805]
[647, 1220]
[647, 1844]
[648, 2059]
[649, 1099]
[649, 1182]
[650, 1767]
[650, 1773]
[650, 2356]
[650, 2358]
[651, 705]
[651, 2176]
[652, 1455]
[652, 1661]
[652, 1683]
[653, 966]
[653, 1278]
[653, 1306]
[654, 1243]
[654, 1920]
[654, 2079]
[654, 2395]
[655, 1438]
[655, 1501]
[655, 1919]
[656, 864]
[656, 1162]
[656, 1902]
[657, 742]
[657, 1607]
[657, 1929]
[658, 1756]
[658, 2212]
[658, 2240]
[659, 1682]
[660, 2380]
[661, 812]
[661, 1718]
[662, 1416]
[662, 1850]
[663, 667]
[663, 1286]
[663, 2004]
[663, 2204]
[664, 1266]
[664, 1695]
[665, 855]
[665, 1340]
[665, 2134]
[666, 1208]
[666, 1938]
[667, 1095]
[668, 763]
[668, 1801]
[668, 2040]
[669, 1714]
[669, 1828]
[669, 2089]
[669, 2245]
[670, 1529]
[670, 1572]
[670, 1602]
[671, 940]
[671, 1201]
[671, 2337]
[672, 1003]
[672, 2391]
[673, 983]
[673, 1431]
[673, 1620]
[673, 2333]
[674, 808]
[674, 832]
[674, 920]
[674, 2017]
[675, 825]
[675, 1536]
[675, 1981]
[675, 2113]
[676, 1782]
[676, 1924]
[676, 2001]
[677, 1399]
[677, 1531]
[677, 1539]
[677, 2132]
[678, 768]
[678, 865]
[679, 771]
[679, 1798]
[679, 2278]
[679, 2390]
[680, 1250]
[680, 1704]
[681, 1226]
[681, 1305]
[681, 1897]
[682, 1229]
[682, 1733]
[682, 2249]
[683, 1100]
[683, 1615]
[684, 1569]
[684, 2338]
[684, 2393]
[685, 1684]
[685, 2150]
[686, 1103]
[686, 1755]
[686, 1781]
[686, 2217]
[687, 799]
[687, 1715]
[687, 2304]
[688, 737]
[688, 1098]
[688, 1851]
[688, 2126]
[689, 814]
[689, 1551]
[689, 2131]
[690, 906]
[690, 931]
[690, 1048]
[690, 2334]
[691, 1365]
[691, 1706]
[691, 2353]
[692, 1656]
[692, 1877]
[693, 740]
[693, 1645]
[693, 2049]
[694, 706]
[694, 1004]
[694, 1564]
[695, 722]
[695, 930]
[695, 1473]
[696, 897]
[696, 1362]
[696, 1720]
[697, 1113]
[697, 2085]
[697, 2311]
[698, 810]
[698, 1715]
[698, 1997]
[699, 904]
[699, 1026]
[699, 2357]
[700, 1157]
[700, 2214]
[701, 1494]
[701, 1762]
[701, 1930]
[702, 837]
[702, 1432]
[702, 1882]
[703, 961]
[703, 1470]
[703, 1831]
[703, 2268]
[704, 1073]
[704, 1912]
[704, 1946]
[705, 1693]
[705, 2176]
[706, 982]
[706, 1709]
[707, 1968]
[707, 1986]
[707, 2224]
[708, 717]
[708, 1908]
[709, 714]
[709, 1385]
[709, 2187]
[710, 967]
[710, 1616]
[710, 1977]
[710, 2001]
[711, 1752]
[711, 1872]
[711, 2037]
[712, 1577]
[712, 1582]
[712, 1699]
[712, 2301]
[713, 919]
[713, 1168]
[713, 2333]
[714, 1385]
[714, 1613]
[715, 1294]
[715, 2231]
[716, 989]
[716, 1532]
[716, 2323]
[717, 2306]
[718, 1722]
[718, 2086]
[718, 2250]
[719, 1471]
[719, 1792]
[719, 2085]
[2161, 2164]
[2162, 2224]
[2163, 2315]
[2174, 2360]
[2176, 2363]
[2178, 2332]
[2178, 2379]
[2186, 2267]
[2186, 2398]
[2192, 2368]
[2200, 2206]
[2201, 2361]
[2203, 2209]
[2208, 2375]
[2212, 2240]
[2221, 2296]
[2221, 2350]
[2232, 2274]
[2239, 2343]
[2242, 2258]
[2247, 2287]
[2248, 2326]
[2255, 2266]
[2257, 2261]
[2257, 2291]
[2261, 2291]
[2262, 2292]
[2267, 2398]
[2271, 2347]
[2280, 2301]
[2281, 2284]
[2281, 2377]
[2284, 2377]
[2289, 2352]
[2296, 2350]
[2297, 2383]
[2304, 2382]
[2321, 2359]
[2322, 2392]
[2327, 2367]
[2328, 2335]
[2330, 2354]
[2332, 2379]
[2336, 2366]
[2342, 2353]
[2344, 2364]
[2351, 2355]
[2363, 2378]
[2365, 2373]
[2388, 2396]
