[6844, 7164]
[6846, 6916]
[6876, 7198]
[6942, 7037]
[6972, 7096]
[6996, 7191]
[7059, 7124]
[6485, 6810]
[6503, 6622]
[6539, 6737]
[6544, 7154]
[6564, 6853]
[6603, 6779]
[6604, 6687]
[6616, 7039]
[6632, 6885]
[6654, 7111]
[6673, 6897]
[6697, 6990]
[6701, 6847]
[6711, 6995]
[6125, 6288]
[6129, 6841]
[6135, 6902]
[6142, 7084]
[6148, 6356]
[6151, 6800]
[6158, 7032]
[6161, 7105]
[6162, 6243]
[6170, 6911]
[6177, 6554]
[6180, 6645]
[6185, 6775]
[6203, 6893]
[6207, 6691]
[6214, 6349]
[6223, 6369]
[6230, 6334]
[6237, 6975]
[6240, 6545]
[6242, 6717]
[6260, 6404]
[6261, 7020]
[6277, 6718]
[6283, 7004]
[6308, 6588]
[6315, 6675]
[6325, 6573]
[6330, 6514]
[6352, 7065]
[6365, 6562]
[6374, 6983]
[6379, 6993]
[6380, 6570]
[6385, 6926]
[6389, 7028]
[6391, 6715]
[6392, 6540]
[6393, 6790]
[6395, 6621]
[6397, 7031]
[6406, 7155]
[6410, 7019]
[6414, 6820]
[6415, 6721]
[6432, 7018]
[6446, 6943]
[6457, 6709]
[6474, 6848]
[5401, 6284]
[5408, 6748]
[5413, 6438]
[5414, 5723]
[5419, 5713]
[5423, 6316]
[5426, 5894]
[5429, 6585]
[5430, 6110]
[5433, 5932]
[5434, 6822]
[5439, 5934]
[5440, 6869]
[5442, 5864]
[5449, 6888]
[5451, 5625]
[5455, 5832]
[5461, 6116]
[5462, 5527]
[5464, 6618]
[5465, 7156]
[5466, 5914]
[5469, 6877]
[5473, 6307]
[5477, 6483]
[5503, 6411]
[5524, 5800]
[5531, 6759]
[5533, 5613]
[5535, 5610]
[5541, 7195]
[5545, 6482]
[5551, 7186]
[5553, 7063]
[5561, 6398]
[5565, 6924]
[5566, 6234]
[5569, 6045]
[5571, 6492]
[5574, 5715]
[5576, 5629]
[5577, 7030]
[5579, 5773]
[5581, 6255]
[5582, 7144]
[5586, 6580]
[5590, 6919]
[5592, 6254]
[5598, 7153]
[5599, 5963]
[5601, 6560]
[5606, 6484]
[5619, 6480]
[5620, 5726]
[5621, 6811]
[5626, 6291]
[5630, 5843]
[5631, 6401]
[5633, 5920]
[5635, 5978]
[5646, 5722]
[5649, 7045]
[5660, 6543]
[5671, 6038]
[5675, 5866]
[5680, 6963]
[5690, 6361]
[5702, 6834]
[5705, 7181]
[5717, 6828]
[5732, 6409]
[5737, 6910]
[5739, 7043]
[5043, 5977]
[5046, 5905]
[5047, 6698]
[5048, 6196]
[5049, 6625]
[5051, 5673]
[5055, 6533]
[5056, 6641]
[5059, 7049]
[5060, 5247]
[5067, 5526]
[5071, 6930]
[5072, 6167]
[5074, 6501]
[5077, 7133]
[5078, 5983]
[5079, 7089]
[5091, 6590]
[5094, 5744]
[5096, 7162]
[5102, 5367]
[5109, 6663]
[5113, 7168]
[5117, 7024]
[5123, 6511]
[5127, 5750]
[5130, 6765]
[5133, 6084]
[5138, 5877]
[5140, 7064]
[5141, 5186]
[5145, 5472]
[5146, 6276]
[5150, 6250]
[5151, 5532]
[5155, 5605]
[5157, 6348]
[5159, 6416]
[5166, 5479]
[5171, 5925]
[5174, 6171]
[5178, 6729]
[5183, 5746]
[5192, 6831]
[5194, 6688]
[5196, 5305]
[5200, 6048]
[5205, 6961]
[5212, 6103]
[5218, 7145]
[5219, 6601]
[5220, 5854]
[5223, 6043]
[5224, 6159]
[5230, 7029]
[5239, 5339]
[5244, 6080]
[5249, 5294]
[5252, 6817]
[5253, 6147]
[5255, 5515]
[5257, 6320]
[5258, 6282]
[5261, 6021]
[5264, 6252]
[5266, 6175]
[5267, 6512]
[5278, 5667]
[5283, 6629]
[5285, 5987]
[5286, 6247]
[5288, 6895]
[5291, 6133]
[5297, 6668]
[5311, 6559]
[5316, 6114]
[5318, 6966]
[5322, 7099]
[5324, 6917]
[5325, 6561]
[5327, 6384]
[5337, 6824]
[5340, 6964]
[5342, 7046]
[5344, 5825]
[5356, 6915]
[5360, 6758]
[5368, 6728]
[5369, 6884]
[5372, 6341]
[5377, 5901]
[5378, 5459]
[5382, 5504]
[5397, 6945]
[5761, 6627]
[5762, 6111]
[5764, 7094]
[5768, 6317]
[5777, 5816]
[5781, 6863]
[5783, 7016]
[5792, 6187]
[5793, 6338]
[5808, 5819]
[5809, 7190]
[5812, 6956]
[5818, 6776]
[5823, 5908]
[5828, 5971]
[5837, 6099]
[5840, 6183]
[5846, 6857]
[5850, 6653]
[5862, 6264]
[5867, 6908]
[5870, 6054]
[5871, 6830]
[5876, 6304]
[5880, 6279]
[5889, 6837]
[5909, 6899]
[5916, 6071]
[5937, 6816]
[5939, 6756]
[5952, 6447]
[5957, 6649]
[5970, 7173]
[5979, 6823]
[5982, 6468]
[5991, 6263]
[5993, 6419]
[5995, 7012]
[5997, 7184]
[5999, 6491]
[6000, 6883]
[6007, 6027]
[6010, 6733]
[6017, 6377]
[6025, 6855]
[6031, 7183]
[6040, 6089]
[6042, 7015]
[6052, 6982]
[6053, 6773]
[6069, 7002]
[6075, 6575]
[6082, 6724]
[6083, 6221]
[6091, 6522]
[6092, 6372]
[6104, 6436]
[6106, 6363]
[6118, 7160]
[4320, 5627]
[4321, 5226]
[4324, 6886]
[4328, 6593]
[4330, 5588]
[4332, 7052]
[4337, 5099]
[4340, 4495]
[4345, 5380]
[4347, 4810]
[4349, 6487]
[4351, 6643]
[4354, 7116]
[4355, 4547]
[4356, 6100]
[4357, 6671]
[4361, 5351]
[4366, 6271]
[4368, 5869]
[4371, 5272]
[4375, 6682]
[4379, 5387]
[4382, 4699]
[4383, 6755]
[4384, 6676]
[4387, 7112]
[4388, 6794]
[4390, 7179]
[4392, 5754]
[4393, 6130]
[4395, 6739]
[4401, 5231]
[4402, 5747]
[4404, 5603]
[4411, 6375]
[4412, 6695]
[4415, 6235]
[4420, 4685]
[4426, 5271]
[4427, 6034]
[4428, 5990]
[4430, 7074]
[4435, 6646]
[4438, 6355]
[4440, 4955]
[4441, 6059]
[4442, 4785]
[4445, 6660]
[4447, 6940]
[4455, 6039]
[4457, 6166]
[4458, 6178]
[4461, 5766]
[4467, 6927]
[4478, 4947]
[4480, 6700]
[4481, 6256]
[4482, 4491]
[4483, 4845]
[4485, 6211]
[4488, 4820]
[4489, 5467]
[4490, 5126]
[4494, 6874]
[4500, 4917]
[4501, 6670]
[4506, 5853]
[4508, 5703]
[4510, 4941]
[4512, 4604]
[4513, 5086]
[4515, 4907]
[4517, 4933]
[4519, 4826]
[4520, 5735]
[4521, 6713]
[4522, 5317]
[4525, 5786]
[4530, 4577]
[4532, 5240]
[4533, 6805]
[4534, 5751]
[4535, 6679]
[4536, 6814]
[4540, 5134]
[4554, 4808]
[4556, 5547]
[4564, 5007]
[4569, 4670]
[4570, 4823]
[4571, 5229]
[4573, 6498]
[4576, 6387]
[4578, 4761]
[4581, 7134]
[4583, 7068]
[4586, 5108]
[4588, 6528]
[4593, 5376]
[4594, 6383]
[4600, 7152]
[4605, 5954]
[4608, 5544]
[4611, 6265]
[4613, 6439]
[4622, 5558]
[4624, 5560]
[4626, 5657]
[4628, 6370]
[4629, 5615]
[4630, 5490]
[4632, 4765]
[4633, 6473]
[4641, 6087]
[4642, 4750]
[4645, 6689]
[4649, 7148]
[4652, 6189]
[4654, 6108]
[4658, 6981]
[4659, 5436]
[4662, 6388]
[4663, 5998]
[4668, 5697]
[4669, 6442]
[4676, 5409]
[4677, 6694]
[4681, 6785]
[4682, 6079]
[4688, 6939]
[4690, 7003]
[4691, 6500]
[4693, 7126]
[4695, 7121]
[4698, 6929]
[4700, 5398]
[4702, 7008]
[4704, 5418]
[4706, 6880]
[4707, 6672]
[4710, 5780]
[4712, 6871]
[4716, 5539]
[4720, 7013]
[4721, 5199]
[4724, 6640]
[4729, 7146]
[4735, 6656]
[4736, 5213]
[4740, 5188]
[4743, 5112]
[4745, 6073]
[4748, 5385]
[4752, 5274]
[4753, 5013]
[4755, 6690]
[4756, 6044]
[4757, 6248]
[4758, 6519]
[4762, 5929]
[4763, 6431]
[4767, 5435]
[4769, 7011]
[4770, 4797]
[4774, 5749]
[4776, 5557]
[4778, 5136]
[4779, 6020]
[4780, 6041]
[4782, 6732]
[4783, 6769]
[4787, 4920]
[4789, 6787]
[4795, 6944]
[4801, 6328]
[4802, 6626]
[4806, 6137]
[4807, 5022]
[4813, 6598]
[4818, 6835]
[4821, 6376]
[4824, 5191]
[4827, 7185]
[4829, 6527]
[4832, 6181]
[4833, 5520]
[4838, 5578]
[4840, 7176]
[4842, 6878]
[4843, 5718]
[4850, 5884]
[4852, 5562]
[4853, 6215]
[4856, 5608]
[4857, 5833]
[4860, 5090]
[4862, 7163]
[4864, 5358]
[4866, 4979]
[4867, 6172]
[4869, 6342]
[4870, 7140]
[4871, 5268]
[4872, 5614]
[4874, 5656]
[4877, 6076]
[4878, 5758]
[4880, 5276]
[4885, 6486]
[4888, 5886]
[4891, 6778]
[4895, 6179]
[4897, 6938]
[4905, 6186]
[4906, 7027]
[4908, 5241]
[4912, 5935]
[4913, 7110]
[4914, 6777]
[4915, 6037]
[4922, 5122]
[4926, 5940]
[4927, 5335]
[4928, 5666]
[4931, 6086]
[4932, 6160]
[4934, 5362]
[4939, 7150]
[4943, 6581]
[4946, 5195]
[4950, 6858]
[4951, 5334]
[4963, 5170]
[4964, 6478]
[4967, 6062]
[4971, 5275]
[4978, 5009]
[4981, 6947]
[4983, 5245]
[4986, 5904]
[4990, 5706]
[4994, 5893]
[4995, 6781]
[5000, 5176]
[5004, 5778]
[5006, 5784]
[5010, 5664]
[5015, 5583]
[5019, 7172]
[5020, 5617]
[5027, 6251]
[5030, 6322]
[5034, 6742]
[5035, 7131]
[2881, 4636]
[2883, 4773]
[2884, 3729]
[2889, 6782]
[2892, 5976]
[2893, 6332]
[2894, 2937]
[2895, 4319]
[2898, 3823]
[2899, 3750]
[2900, 3034]
[2901, 3403]
[2902, 6870]
[2903, 6859]
[2906, 3616]
[2907, 3096]
[2910, 6507]
[2911, 5529]
[2914, 3797]
[2915, 5021]
[2916, 3717]
[2918, 3075]
[2920, 5896]
[2922, 3691]
[2923, 5842]
[2925, 6339]
[2927, 3056]
[2930, 5209]
[2931, 6192]
[2933, 4701]
[2934, 3437]
[2939, 7040]
[2940, 4386]
[2941, 5068]
[2942, 6505]
[2943, 6327]
[2944, 3144]
[2947, 4910]
[2950, 5182]
[2952, 4325]
[2953, 3157]
[2956, 7098]
[2957, 3855]
[2958, 6906]
[2959, 6987]
[2960, 3206]
[2961, 4125]
[2962, 6402]
[2963, 6358]
[2964, 4631]
[2965, 4151]
[2966, 3471]
[2967, 5152]
[2968, 3589]
[2969, 3216]
[2970, 6984]
[2973, 3373]
[2975, 3560]
[2976, 3809]
[2977, 3170]
[2978, 6655]
[2979, 4580]
[2980, 5953]
[2981, 6450]
[2983, 6381]
[2984, 6612]
[2985, 6553]
[2986, 6579]
[2988, 6206]
[2990, 6408]
[2992, 4619]
[2994, 5967]
[2995, 6932]
[2997, 5661]
[2998, 3095]
[2999, 6064]
[3000, 5921]
[3001, 6719]
[3003, 3922]
[3004, 6296]
[3006, 5890]
[3007, 4295]
[3009, 6977]
[3010, 4333]
[3013, 4754]
[3014, 3757]
[3015, 5968]
[3016, 4558]
[3017, 3274]
[3018, 4439]
[3019, 5570]
[3022, 5496]
[3028, 5985]
[3029, 6532]
[3032, 4804]
[3033, 5069]
[3036, 6520]
[3039, 3893]
[3040, 6078]
[3042, 5005]
[3043, 3575]
[3047, 3112]
[3048, 3610]
[3049, 4381]
[3051, 5883]
[3053, 7023]
[3054, 3744]
[3055, 5607]
[3057, 3617]
[3058, 5319]
[3061, 5100]
[3062, 6236]
[3063, 3530]
[3067, 5341]
[3068, 4625]
[3074, 3776]
[3076, 6563]
[3077, 6343]
[3078, 3219]
[3079, 3928]
[3080, 4364]
[3081, 5441]
[3082, 4579]
[3084, 7167]
[3085, 4496]
[3086, 5782]
[3087, 3743]
[3088, 4398]
[3089, 4080]
[3091, 3422]
[3092, 3113]
[3093, 3811]
[3094, 5118]
[3098, 5882]
[3099, 3505]
[3100, 7062]
[3102, 4686]
[3105, 5969]
[3107, 6311]
[3108, 6529]
[3109, 6429]
[3114, 6789]
[3116, 7014]
[3117, 4265]
[3118, 4278]
[3120, 4499]
[3124, 3424]
[3125, 3734]
[3126, 6951]
[3127, 6289]
[3130, 6661]
[3131, 6879]
[3132, 3433]
[3134, 4925]
[3135, 5716]
[3136, 4241]
[3138, 6126]
[3139, 5519]
[3140, 6212]
[3141, 5350]
[3143, 5564]
[3145, 3488]
[3146, 4614]
[3147, 6371]
[3149, 6149]
[3152, 7000]
[3153, 4711]
[3155, 4429]
[3156, 6827]
[3158, 5333]
[3160, 6305]
[3161, 4665]
[3162, 3601]
[3163, 6928]
[3164, 6567]
[3165, 7113]
[3166, 3723]
[3167, 4803]
[3168, 4692]
[3169, 4723]
[3174, 3821]
[3177, 5958]
[3178, 4589]
[3179, 3472]
[3180, 5567]
[3182, 5314]
[3183, 6433]
[3184, 4817]
[3185, 5172]
[3188, 5289]
[3193, 5406]
[3194, 6463]
[3195, 7142]
[3196, 7193]
[3197, 3481]
[3199, 3812]
[3200, 4285]
[3202, 5475]
[3203, 4548]
[3204, 6472]
[3205, 4377]
[3209, 6753]
[3211, 7161]
[3212, 5785]
[3213, 4694]
[3215, 3356]
[3217, 4516]
[3220, 7078]
[3221, 4486]
[3223, 6354]
[3224, 7175]
[3225, 6036]
[3227, 4650]
[3228, 6168]
[3230, 6595]
[3232, 3470]
[3233, 7180]
[3238, 5198]
[3963, 5525]
[3964, 6547]
[3965, 4257]
[3966, 6936]
[3973, 4140]
[3974, 6217]
[3977, 4346]
[3979, 6783]
[3980, 4595]
[3983, 7101]
[3984, 5295]
[3986, 4509]
[3987, 7050]
[3989, 6095]
[3991, 4316]
[3993, 4166]
[3994, 5811]
[3997, 5513]
[4002, 5053]
[4003, 5663]
[4005, 6999]
[4006, 6613]
[4012, 5677]
[4013, 4717]
[4014, 7035]
[4016, 7151]
[4019, 5943]
[4022, 6156]
[4025, 5915]
[4026, 4108]
[4028, 5092]
[4030, 7042]
[4031, 6523]
[4032, 4732]
[4033, 7082]
[4034, 7147]
[4039, 5111]
[4042, 6856]
[4044, 6749]
[4045, 5062]
[4046, 6420]
[4047, 4561]
[4050, 5050]
[4053, 6804]
[4054, 5975]
[4060, 7038]
[4061, 4310]
[4064, 5728]
[4065, 6145]
[4068, 5798]
[4069, 6596]
[4072, 7054]
[4073, 4653]
[4074, 6306]
[4077, 6182]
[4079, 6324]
[4081, 5972]
[4082, 4719]
[4083, 4637]
[4085, 5795]
[4086, 4422]
[4087, 6513]
[4089, 5930]
[4090, 4343]
[4091, 5927]
[4095, 6421]
[4096, 6808]
[4097, 5643]
[4098, 5470]
[4100, 4462]
[4101, 5215]
[4104, 6430]
[4107, 5745]
[4111, 5480]
[4118, 6592]
[4120, 4227]
[4124, 5709]
[4126, 6953]
[4132, 4222]
[4134, 5345]
[4135, 5584]
[4137, 6555]
[4138, 4267]
[4139, 5407]
[4141, 6407]
[4143, 6730]
[4145, 4648]
[4146, 4601]
[4148, 4195]
[4155, 5029]
[4159, 4811]
[4161, 6191]
[4162, 6220]
[4163, 6907]
[4169, 5292]
[4170, 5748]
[4172, 5537]
[4173, 4733]
[4174, 5328]
[4177, 4819]
[4178, 6583]
[4180, 5507]
[4185, 6725]
[4187, 6124]
[4188, 6368]
[4190, 5849]
[4191, 5330]
[4192, 6209]
[4194, 6495]
[4199, 6796]
[4200, 6734]
[4201, 5347]
[4203, 5061]
[4204, 5743]
[4206, 6576]
[4207, 6046]
[4208, 5147]
[4210, 5098]
[4211, 4255]
[4214, 5651]
[4215, 4812]
[4217, 4443]
[4218, 4794]
[4221, 5438]
[4225, 5589]
[4226, 4433]
[4228, 4416]
[4229, 5298]
[4231, 6716]
[4232, 4809]
[4233, 5962]
[4235, 6948]
[4237, 6577]
[4238, 5173]
[4239, 7047]
[4240, 7174]
[4243, 6550]
[4244, 6791]
[4247, 4836]
[4249, 5885]
[4250, 5740]
[4253, 6875]
[4254, 6662]
[4256, 7087]
[4258, 7188]
[4261, 4889]
[4262, 6619]
[4263, 5701]
[4264, 6538]
[4268, 4875]
[4271, 5148]
[4272, 5073]
[4275, 6366]
[4279, 4911]
[4281, 4434]
[4283, 4479]
[4286, 6974]
[4287, 6467]
[4288, 5331]
[4294, 4651]
[4296, 5922]
[4298, 6216]
[4301, 5028]
[4303, 6818]
[4305, 7139]
[4307, 7097]
[4314, 6202]
[4318, 6678]
[1800, 6357]
[1801, 1870]
[1802, 2365]
[1803, 4052]
[1804, 6060]
[1805, 4088]
[1806, 4168]
[1807, 3822]
[1808, 6154]
[1811, 5595]
[1812, 5741]
[1813, 4300]
[1815, 6140]
[1817, 5416]
[1818, 4751]
[1819, 5919]
[1820, 4498]
[1822, 3615]
[1823, 6607]
[1825, 6851]
[1826, 3415]
[1827, 6405]
[1828, 6165]
[1832, 4890]
[1833, 5304]
[1834, 6015]
[1835, 3517]
[1836, 3857]
[1837, 4709]
[1838, 3366]
[1839, 3712]
[1842, 4418]
[1845, 2564]
[1846, 2775]
[1847, 4505]
[1848, 5425]
[1849, 3550]
[1850, 2327]
[1851, 5161]
[1852, 6881]
[1853, 3694]
[1854, 5489]
[1856, 4122]
[1857, 7060]
[1858, 5017]
[1859, 6455]
[1860, 2623]
[1861, 6889]
[1862, 4123]
[1863, 6176]
[1864, 3142]
[1866, 6173]
[1867, 5790]
[1868, 5794]
[1871, 6493]
[1872, 6434]
[1873, 5536]
[1878, 5946]
[1879, 5763]
[1881, 3982]
[1882, 2545]
[1883, 5309]
[1884, 3988]
[1885, 2382]
[1886, 4828]
[1887, 4011]
[1888, 6683]
[1890, 6986]
[1891, 3599]
[1893, 7143]
[1894, 4084]
[1895, 3242]
[1896, 2569]
[1897, 6001]
[1898, 4965]
[1899, 2079]
[1900, 5326]
[1901, 2972]
[1902, 6470]
[1904, 6946]
[1907, 2427]
[1908, 2138]
[1909, 2850]
[1910, 4322]
[1911, 6935]
[1915, 2018]
[1916, 7091]
[1918, 4446]
[1920, 2444]
[1922, 4493]
[1924, 5647]
[1927, 5622]
[1928, 2194]
[1929, 6548]
[1931, 4432]
[1933, 5891]
[1934, 6481]
[1936, 5618]
[1938, 6605]
[1940, 6109]
[1941, 2549]
[1942, 6568]
[1944, 5129]
[1945, 2207]
[1946, 3041]
[1947, 2245]
[1948, 3353]
[1949, 5707]
[1950, 1983]
[1951, 7196]
[1952, 7022]
[1953, 5888]
[1954, 3154]
[1955, 3529]
[1957, 5299]
[1959, 3954]
[1960, 4450]
[1961, 2317]
[1962, 5329]
[1963, 2234]
[1964, 6839]
[1966, 6280]
[1967, 6809]
[1968, 2590]
[1969, 3732]
[1970, 2210]
[1971, 3069]
[1973, 6488]
[1974, 2897]
[1975, 3788]
[1976, 3618]
[1977, 2355]
[1978, 6085]
[1979, 7075]
[1980, 2924]
[1981, 3044]
[1982, 5648]
[1984, 6262]
[1986, 3648]
[1987, 6842]
[1988, 3913]
[1989, 5512]
[1990, 3317]
[1992, 4909]
[1993, 3236]
[1995, 2823]
[1996, 6132]
[1998, 6614]
[1999, 7053]
[2000, 3912]
[2001, 5300]
[2002, 3865]
[2007, 3793]
[2008, 7104]
[2010, 5235]
[2011, 3864]
[2012, 6497]
[2013, 3708]
[2014, 2067]
[2015, 2222]
[2016, 5861]
[2017, 3522]
[2019, 2448]
[2020, 4338]
[2021, 5001]
[2022, 4671]
[2023, 3630]
[2024, 6471]
[2025, 4977]
[2026, 6006]
[2027, 6058]
[2028, 2193]
[2029, 3972]
[2030, 4901]
[2031, 3600]
[2033, 4326]
[2035, 2220]
[2036, 6909]
[2037, 6903]
[2038, 7138]
[2039, 5428]
[2041, 3504]
[2042, 4542]
[2043, 6479]
[2044, 4362]
[2045, 6845]
[2046, 6994]
[2047, 6199]
[2048, 5729]
[2049, 2437]
[2050, 7072]
[2051, 5420]
[2055, 2354]
[2057, 6128]
[2059, 6333]
[2060, 5494]
[2064, 4936]
[2065, 5887]
[2066, 4835]
[2068, 4220]
[2069, 2945]
[2070, 6681]
[2072, 4129]
[2073, 5720]
[2074, 5303]
[2075, 6024]
[2077, 3915]
[2081, 5361]
[2082, 4596]
[2083, 5689]
[2084, 6633]
[2085, 6754]
[2087, 6353]
[2088, 3755]
[2089, 7127]
[2091, 4304]
[2092, 2525]
[2093, 5912]
[2096, 3432]
[2097, 3650]
[2098, 2996]
[2100, 3892]
[2101, 6318]
[2102, 6589]
[2103, 4612]
[2104, 3961]
[2106, 5222]
[2107, 4359]
[2108, 4409]
[2111, 4350]
[2112, 6887]
[2113, 2723]
[2114, 3631]
[2115, 4165]
[2116, 5394]
[2118, 5493]
[2119, 5323]
[2120, 4708]
[2121, 3805]
[2123, 2146]
[2124, 2131]
[2125, 6707]
[2126, 2294]
[2127, 2435]
[2128, 2971]
[2129, 4270]
[2130, 3509]
[2132, 4157]
[2134, 4299]
[2135, 3208]
[2136, 5734]
[2137, 4313]
[2139, 3738]
[2140, 6813]
[2141, 4282]
[2142, 5944]
[2143, 2166]
[2145, 2387]
[2149, 4463]
[2150, 6464]
[2151, 6920]
[2152, 6699]
[2153, 2300]
[2154, 6444]
[2155, 3905]
[2156, 6767]
[2158, 5135]
[2159, 6459]
[3603, 5835]
[3607, 5153]
[3608, 7071]
[3611, 6860]
[3612, 6278]
[3613, 6766]
[3620, 6093]
[3621, 5237]
[3622, 4109]
[3623, 7079]
[3624, 3633]
[3626, 5644]
[3627, 5724]
[3629, 4610]
[3632, 7092]
[3634, 4621]
[3637, 5214]
[3639, 5248]
[3640, 4370]
[3642, 4224]
[3643, 6055]
[3644, 3971]
[3645, 5826]
[3646, 5517]
[3649, 5730]
[3651, 6035]
[3656, 6101]
[3657, 4687]
[3659, 5066]
[3661, 4975]
[3662, 4799]
[3663, 6012]
[3664, 4242]
[3665, 6310]
[3666, 7132]
[3667, 5393]
[3669, 3918]
[3671, 3859]
[3672, 3970]
[3674, 5543]
[3677, 4252]
[3678, 6102]
[3680, 6741]
[3683, 5594]
[3684, 6425]
[3686, 4904]
[3687, 6868]
[3692, 5874]
[3695, 4940]
[3696, 4766]
[3697, 5855]
[3698, 4219]
[3700, 7056]
[3704, 4825]
[3706, 6461]
[3709, 5949]
[3710, 4784]
[3711, 5363]
[3716, 4953]
[3722, 4768]
[3725, 6569]
[3727, 7025]
[3728, 5187]
[3731, 6065]
[3741, 7189]
[3747, 6610]
[3748, 5683]
[3749, 3824]
[3751, 6032]
[3754, 3945]
[3756, 4059]
[3758, 5830]
[3759, 5522]
[3760, 3816]
[3761, 3790]
[3762, 6190]
[3767, 5452]
[3770, 5573]
[3773, 4518]
[3777, 4893]
[3778, 6571]
[3780, 5256]
[3781, 6743]
[3783, 5878]
[3784, 6962]
[3787, 7102]
[3789, 6193]
[3791, 5821]
[3792, 6949]
[3794, 6072]
[3795, 6066]
[3796, 6836]
[3798, 5201]
[3799, 6314]
[3801, 4297]
[3803, 6979]
[3804, 5204]
[3808, 5813]
[3810, 6096]
[3813, 6123]
[3814, 5389]
[3818, 5708]
[3819, 4448]
[3826, 7009]
[3833, 3933]
[3835, 6344]
[3838, 7036]
[3840, 6659]
[3841, 6584]
[3842, 5546]
[3844, 3899]
[3846, 4738]
[3848, 5371]
[3849, 5687]
[3852, 5282]
[3853, 4567]
[3856, 4454]
[3858, 5956]
[3861, 6030]
[3866, 6934]
[3867, 6198]
[3869, 4592]
[3878, 6894]
[3879, 6761]
[3880, 5636]
[3881, 5167]
[3882, 4004]
[3884, 7177]
[3885, 6219]
[3887, 3946]
[3888, 5796]
[3895, 6744]
[3898, 5263]
[3902, 5591]
[3903, 5516]
[3906, 5538]
[3907, 5948]
[3908, 4644]
[3909, 3937]
[3910, 6541]
[3911, 5383]
[3914, 6346]
[3921, 3981]
[3924, 4791]
[3925, 5082]
[3926, 5025]
[3927, 6630]
[3939, 6760]
[3942, 4543]
[3943, 5838]
[3947, 6313]
[3949, 5491]
[3952, 4058]
[3956, 4341]
[3958, 4167]
[3959, 5672]
[2160, 3008]
[2161, 7010]
[2162, 2815]
[2163, 4363]
[2165, 6747]
[2167, 4945]
[2168, 3332]
[2169, 5815]
[2171, 3218]
[2172, 5103]
[2173, 4452]
[2175, 2699]
[2178, 4923]
[2180, 3873]
[2181, 3752]
[2182, 4017]
[2184, 4585]
[2185, 7137]
[2186, 2368]
[2187, 6094]
[2189, 3764]
[2190, 2514]
[2195, 4760]
[2197, 2679]
[2198, 5839]
[2199, 3703]
[2200, 4400]
[2202, 3950]
[2203, 3401]
[2204, 3312]
[2206, 5554]
[2209, 4957]
[2211, 4236]
[2212, 3106]
[2213, 6639]
[2215, 2321]
[2217, 6557]
[2218, 2532]
[2221, 4855]
[2223, 4962]
[2225, 5654]
[2226, 6394]
[2227, 2544]
[2228, 5769]
[2229, 3111]
[2230, 5402]
[2231, 5900]
[2232, 5669]
[2235, 4664]
[2236, 3372]
[2237, 4814]
[2238, 4531]
[2239, 5973]
[2240, 4731]
[2241, 6231]
[2242, 5070]
[2243, 4152]
[2244, 5089]
[2247, 4449]
[2248, 2670]
[2249, 4335]
[2250, 2740]
[2251, 6740]
[2252, 5354]
[2253, 5280]
[2254, 3636]
[2255, 6169]
[2256, 4759]
[2257, 4071]
[2258, 6266]
[2259, 4545]
[2260, 5321]
[2261, 5125]
[2263, 6033]
[2264, 3718]
[2265, 5776]
[2266, 4999]
[2267, 5119]
[2268, 2534]
[2269, 5132]
[2270, 7170]
[2271, 3286]
[2272, 4968]
[2274, 3652]
[2275, 6337]
[2276, 2468]
[2277, 6976]
[2278, 5184]
[2279, 2600]
[2281, 6005]
[2283, 2853]
[2284, 6382]
[2285, 3969]
[2287, 3862]
[2290, 3843]
[2291, 7021]
[2292, 5960]
[2293, 6452]
[2295, 3604]
[2296, 3325]
[2297, 2516]
[2299, 6504]
[2301, 2912]
[2302, 6213]
[2303, 3806]
[2305, 6922]
[2307, 5057]
[2309, 6587]
[2311, 6774]
[2312, 3682]
[2314, 3605]
[2316, 2481]
[2318, 3655]
[2319, 4396]
[2322, 6347]
[2323, 2519]
[2325, 2799]
[2329, 5974]
[2330, 3720]
[2331, 3253]
[2332, 6246]
[2333, 4171]
[2334, 6745]
[2336, 4048]
[2337, 6591]
[2338, 7197]
[2339, 6617]
[2340, 2663]
[2341, 3588]
[2342, 7165]
[2343, 3733]
[2344, 7083]
[2345, 6566]
[2347, 5868]
[2348, 2620]
[2349, 6882]
[2350, 3769]
[2351, 2583]
[2352, 3374]
[2353, 7141]
[2357, 3266]
[2359, 3827]
[2360, 2491]
[2361, 7178]
[2362, 6466]
[2363, 5353]
[2367, 6918]
[2369, 5632]
[2372, 3699]
[2373, 2650]
[2374, 4147]
[2376, 4899]
[2378, 4127]
[2379, 5738]
[2380, 6815]
[2381, 4202]
[2383, 2974]
[2388, 5400]
[2389, 4883]
[2391, 3052]
[2394, 4186]
[2395, 2694]
[2397, 2734]
[2398, 6396]
[2399, 4672]
[2400, 5246]
[2402, 4245]
[2403, 5959]
[2404, 4550]
[2405, 2949]
[2406, 3932]
[2409, 5841]
[2410, 3263]
[2411, 2888]
[2414, 5202]
[2415, 3237]
[2416, 5699]
[2417, 3863]
[2418, 5431]
[2419, 6606]
[2420, 5501]
[2421, 5856]
[2422, 3876]
[2423, 5568]
[2424, 5052]
[2426, 2760]
[2428, 5810]
[2429, 4158]
[2431, 7169]
[2432, 4949]
[2433, 5011]
[2434, 5989]
[2436, 6224]
[2439, 5463]
[2440, 6244]
[2441, 4308]
[2442, 4635]
[2443, 3376]
[2445, 2745]
[2446, 3355]
[2449, 4317]
[2450, 4344]
[2451, 2504]
[2452, 6150]
[2454, 5602]
[2456, 3832]
[2457, 5453]
[2458, 3532]
[2459, 3676]
[2461, 5623]
[2462, 4273]
[2463, 6751]
[2464, 6275]
[2465, 2483]
[2466, 3701]
[2467, 3368]
[2471, 6556]
[2472, 5482]
[2473, 5640]
[2474, 5898]
[2477, 6002]
[2478, 4216]
[2482, 4070]
[2487, 6636]
[2488, 3668]
[2490, 5190]
[2492, 4984]
[2493, 3654]
[2494, 4718]
[2496, 4859]
[2498, 5917]
[2500, 2732]
[2502, 5417]
[2503, 6710]
[2505, 3229]
[2506, 5169]
[2507, 2660]
[2508, 5037]
[2509, 6712]
[2510, 3689]
[2513, 2840]
[2515, 2642]
[2517, 7088]
[3241, 5018]
[3243, 4502]
[3246, 3875]
[3247, 5951]
[3248, 4117]
[3249, 4391]
[3252, 6229]
[3254, 4041]
[3255, 3962]
[3256, 3766]
[3257, 3498]
[3258, 4029]
[3259, 6115]
[3260, 5910]
[3261, 3730]
[3262, 4189]
[3264, 5346]
[3265, 4063]
[3268, 3405]
[3270, 3388]
[3271, 6798]
[3272, 4657]
[3273, 4598]
[3275, 4094]
[3276, 5014]
[3277, 7117]
[3278, 5080]
[3279, 6792]
[3280, 4466]
[3281, 6013]
[3282, 4160]
[3284, 6803]
[3285, 6028]
[3287, 6373]
[3290, 5296]
[3291, 4477]
[3292, 4424]
[3293, 3960]
[3295, 6518]
[3296, 5803]
[3298, 5510]
[3299, 5775]
[3301, 5502]
[3302, 3322]
[3304, 6793]
[3305, 5144]
[3306, 4549]
[3307, 6351]
[3308, 7007]
[3309, 6063]
[3313, 3724]
[3315, 4898]
[3316, 4408]
[3319, 5859]
[3320, 5688]
[3324, 3854]
[3328, 3526]
[3329, 4212]
[3333, 6051]
[3337, 5563]
[3338, 5924]
[3339, 5193]
[3341, 5926]
[3342, 3847]
[3344, 5928]
[3345, 6702]
[3347, 5787]
[3348, 4854]
[3351, 5996]
[3354, 6960]
[3357, 7051]
[3358, 6022]
[3359, 4675]
[3360, 3386]
[3361, 6644]
[3362, 4944]
[3363, 6647]
[3367, 5691]
[3369, 5039]
[3371, 5753]
[3375, 6155]
[3378, 5947]
[3379, 4015]
[3380, 5488]
[3381, 6850]
[3382, 5678]
[3383, 3538]
[3384, 6049]
[3387, 6509]
[3390, 6650]
[3391, 3528]
[3392, 5847]
[3394, 5395]
[3396, 4714]
[3397, 3995]
[3398, 4374]
[3400, 6141]
[3406, 5443]
[3407, 5208]
[3408, 6849]
[3410, 6227]
[3411, 5873]
[3412, 5216]
[3413, 6680]
[3414, 6615]
[3416, 6462]
[3419, 6184]
[3420, 6768]
[3421, 4436]
[3423, 6515]
[3426, 6865]
[3429, 5137]
[3431, 6752]
[3436, 5789]
[3438, 3890]
[3439, 4078]
[3440, 3872]
[3443, 7135]
[3444, 4423]
[3447, 3670]
[3448, 5366]
[3449, 5207]
[3452, 6364]
[3453, 6677]
[3454, 4110]
[3456, 3772]
[3458, 5770]
[3461, 6833]
[3462, 6008]
[3463, 4205]
[3464, 5388]
[3466, 6602]
[3467, 5104]
[3468, 4092]
[3469, 6536]
[3473, 4274]
[3474, 6090]
[3476, 4397]
[3479, 6762]
[3484, 6047]
[3487, 5845]
[3490, 4989]
[3492, 5836]
[3494, 6302]
[3495, 4921]
[3496, 6620]
[3497, 5310]
[3499, 3919]
[3501, 5110]
[3502, 5139]
[3506, 5950]
[3508, 3930]
[3510, 3562]
[3511, 5355]
[3512, 6921]
[3513, 5064]
[3515, 3851]
[3518, 4306]
[3520, 6600]
[3524, 4749]
[3525, 6669]
[3531, 3737]
[3533, 6257]
[3535, 6867]
[3537, 5460]
[3539, 5865]
[3540, 5445]
[3541, 4930]
[3542, 4744]
[3543, 6335]
[3544, 4881]
[3545, 6954]
[3547, 5897]
[3549, 4781]
[3551, 4179]
[3552, 6788]
[3553, 6642]
[3554, 6726]
[3555, 6843]
[3559, 6477]
[3561, 5320]
[3564, 6200]
[3565, 4460]
[3566, 3829]
[3567, 4887]
[3568, 5189]
[3570, 4150]
[3571, 4617]
[3572, 6274]
[3573, 4175]
[3574, 3786]
[3576, 6912]
[3577, 4487]
[3578, 6174]
[3579, 7118]
[3580, 7044]
[3581, 6303]
[3582, 4563]
[3583, 7058]
[3584, 4149]
[3585, 6345]
[3586, 5508]
[3590, 5931]
[3591, 4873]
[3594, 6652]
[3597, 5044]
[2522, 3886]
[2523, 2614]
[2524, 6269]
[2527, 5941]
[2528, 7034]
[2529, 4863]
[2530, 6456]
[2531, 7136]
[2533, 6572]
[2535, 6290]
[2536, 4970]
[2537, 5966]
[2539, 4868]
[2540, 6499]
[2541, 6301]
[2542, 7076]
[2547, 5221]
[2548, 5829]
[2550, 3173]
[2551, 3450]
[2552, 5444]
[2553, 3122]
[2554, 4661]
[2555, 7067]
[2557, 6771]
[2559, 5065]
[2560, 5851]
[2561, 2648]
[2563, 6525]
[2566, 4903]
[2567, 3459]
[2570, 3746]
[2572, 4991]
[2573, 4144]
[2575, 2728]
[2576, 5755]
[2577, 5163]
[2579, 4918]
[2580, 5665]
[2581, 3073]
[2582, 5379]
[2584, 5121]
[2587, 7086]
[2589, 4076]
[2591, 6526]
[2592, 6854]
[2593, 7108]
[2594, 5301]
[2596, 7100]
[2597, 3475]
[2598, 3065]
[2599, 4023]
[2603, 4790]
[2605, 6088]
[2606, 2610]
[2607, 6537]
[2608, 5124]
[2609, 3619]
[2611, 5116]
[2612, 5115]
[2618, 4616]
[2619, 6309]
[2621, 5523]
[2624, 5676]
[2625, 4560]
[2627, 6319]
[2628, 4007]
[2629, 4037]
[2630, 3430]
[2631, 6437]
[2633, 4627]
[2635, 6872]
[2636, 2764]
[2637, 5710]
[2639, 4896]
[2640, 4996]
[2641, 5679]
[2643, 4497]
[2646, 5686]
[2647, 6812]
[2649, 4248]
[2651, 5655]
[2652, 5528]
[2653, 3976]
[2655, 4929]
[2658, 4900]
[2659, 6506]
[2661, 3083]
[2664, 6449]
[2665, 4336]
[2666, 3198]
[2667, 3901]
[2668, 3860]
[2669, 4557]
[2673, 5736]
[2675, 6720]
[2676, 3250]
[2680, 3957]
[2681, 5343]
[2682, 6770]
[2684, 6746]
[2686, 3820]
[2687, 3936]
[2690, 6121]
[2691, 4697]
[2692, 6134]
[2693, 3297]
[2696, 5497]
[2697, 2857]
[2698, 5016]
[2700, 3713]
[2702, 6061]
[2703, 6475]
[2704, 6119]
[2705, 5964]
[2706, 4602]
[2707, 6144]
[2708, 2871]
[2709, 6696]
[2710, 3775]
[2711, 6127]
[2712, 5938]
[2713, 7114]
[2714, 6494]
[2716, 5225]
[2720, 4284]
[2721, 6516]
[2722, 4640]
[2725, 5277]
[2726, 2832]
[2727, 4606]
[2729, 4775]
[2730, 4764]
[2731, 5727]
[2733, 5892]
[2735, 5767]
[2736, 4503]
[2738, 5642]
[2739, 4992]
[2741, 6904]
[2742, 6074]
[2746, 6097]
[2747, 6018]
[2748, 4183]
[2749, 6705]
[2751, 3226]
[2752, 6914]
[2754, 6195]
[2755, 7194]
[2756, 6852]
[2757, 5704]
[2758, 3330]
[2759, 4703]
[2761, 5641]
[2762, 7115]
[2765, 3191]
[2767, 4851]
[2768, 5024]
[2769, 4184]
[2770, 6050]
[2773, 5481]
[2774, 3877]
[2776, 7157]
[2777, 4599]
[2778, 5593]
[2779, 2993]
[2780, 4302]
[2781, 6225]
[2783, 2909]
[2784, 2913]
[2785, 4000]
[2787, 3763]
[2788, 3002]
[2789, 3920]
[2790, 7073]
[2791, 6117]
[2793, 6241]
[2794, 3894]
[2795, 6971]
[2796, 5352]
[2798, 6517]
[2800, 5936]
[2801, 5450]
[2804, 3005]
[2807, 5817]
[2809, 4453]
[2810, 3739]
[2811, 6704]
[2814, 2824]
[2816, 6832]
[2817, 6784]
[2821, 4684]
[2822, 4473]
[2825, 3176]
[2826, 4196]
[2827, 3685]
[2828, 3719]
[2829, 6194]
[2830, 6933]
[2831, 6285]
[2833, 4020]
[2834, 2904]
[2835, 5427]
[2836, 3189]
[2838, 4609]
[2839, 4280]
[2841, 4323]
[2843, 6968]
[2846, 3318]
[2848, 2928]
[2849, 4792]
[2851, 6098]
[2852, 6326]
[2854, 5587]
[2859, 6451]
[2860, 3745]
[2861, 3072]
[2863, 4575]
[2865, 5658]
[2866, 5399]
[2867, 3774]
[2868, 4024]
[2869, 4269]
[2870, 5105]
[2872, 6825]
[2873, 6218]
[2875, 6623]
[2876, 7129]
[2877, 3825]
[2879, 5670]
[720, 2061]
[721, 2469]
[722, 2891]
[723, 4646]
[724, 4474]
[726, 5260]
[727, 1589]
[728, 4009]
[729, 2058]
[731, 7159]
[732, 4315]
[733, 2326]
[734, 1355]
[735, 1844]
[736, 3465]
[737, 2543]
[738, 4251]
[739, 3064]
[740, 6637]
[741, 1965]
[742, 6558]
[743, 1914]
[744, 1640]
[745, 3923]
[746, 7166]
[747, 4043]
[748, 4036]
[749, 1055]
[750, 1930]
[752, 1149]
[753, 3736]
[755, 1706]
[756, 3395]
[759, 2820]
[760, 3377]
[762, 1830]
[763, 1498]
[764, 5534]
[765, 6272]
[766, 5550]
[767, 4142]
[768, 5404]
[769, 796]
[770, 1430]
[771, 4786]
[772, 5857]
[773, 2176]
[774, 3592]
[775, 3771]
[779, 3996]
[780, 5965]
[781, 5446]
[783, 5160]
[784, 5942]
[785, 6340]
[786, 3602]
[787, 4796]
[788, 4114]
[790, 6634]
[791, 1631]
[792, 4057]
[794, 1923]
[795, 2718]
[797, 3486]
[798, 2626]
[799, 3999]
[800, 5731]
[801, 6997]
[802, 2076]
[803, 3012]
[805, 980]
[806, 2556]
[807, 2090]
[808, 4961]
[809, 2586]
[810, 2224]
[811, 7006]
[812, 5875]
[813, 3151]
[814, 935]
[815, 5348]
[816, 2273]
[817, 4771]
[819, 1708]
[820, 4056]
[821, 1809]
[822, 2430]
[823, 5757]
[824, 5759]
[825, 6692]
[826, 1568]
[827, 2812]
[828, 1223]
[829, 2617]
[830, 1841]
[831, 5779]
[832, 1246]
[833, 5232]
[834, 6299]
[835, 7192]
[836, 5270]
[837, 5694]
[838, 2771]
[839, 2538]
[840, 5514]
[841, 1684]
[842, 4674]
[843, 2470]
[844, 3046]
[845, 4001]
[846, 1921]
[847, 2475]
[848, 4737]
[849, 4666]
[851, 3418]
[852, 3030]
[853, 1917]
[854, 3681]
[855, 4954]
[856, 4182]
[857, 1687]
[858, 5933]
[859, 4728]
[860, 2885]
[861, 6989]
[862, 6763]
[863, 6608]
[864, 3172]
[865, 3425]
[866, 7125]
[867, 3445]
[869, 2763]
[870, 1238]
[871, 3500]
[872, 6638]
[873, 6259]
[874, 5765]
[875, 4837]
[876, 5026]
[877, 2938]
[878, 1365]
[881, 3753]
[882, 4369]
[883, 7182]
[884, 4131]
[885, 5721]
[886, 4385]
[887, 1508]
[888, 4472]
[889, 2495]
[890, 4966]
[891, 2921]
[894, 1843]
[895, 2501]
[896, 1535]
[897, 2282]
[898, 1090]
[899, 3159]
[900, 1044]
[901, 5106]
[902, 4902]
[903, 2677]
[904, 4106]
[905, 4342]
[907, 2306]
[908, 3283]
[910, 4884]
[911, 4538]
[912, 3066]
[913, 3595]
[914, 1994]
[915, 5556]
[916, 976]
[917, 4093]
[918, 6801]
[919, 5774]
[920, 5234]
[921, 1203]
[922, 1445]
[923, 1695]
[924, 4465]
[925, 3951]
[926, 5609]
[927, 5791]
[928, 4643]
[929, 6300]
[930, 6521]
[931, 3267]
[932, 6708]
[933, 6448]
[936, 5499]
[937, 2645]
[938, 6146]
[939, 3115]
[940, 4876]
[941, 1509]
[942, 3441]
[944, 1664]
[945, 4591]
[946, 7041]
[947, 1140]
[948, 5269]
[949, 2377]
[950, 3020]
[951, 5521]
[952, 5374]
[953, 5824]
[954, 5988]
[955, 6232]
[956, 1414]
[957, 5685]
[959, 4582]
[960, 3569]
[961, 1303]
[962, 2122]
[963, 1148]
[966, 1013]
[967, 4234]
[968, 1351]
[969, 5308]
[970, 4942]
[971, 3110]
[972, 3598]
[973, 4389]
[974, 1429]
[975, 6056]
[977, 1347]
[979, 1362]
[981, 1810]
[982, 5831]
[983, 3104]
[984, 4291]
[985, 2407]
[986, 2034]
[987, 3365]
[988, 3446]
[990, 5616]
[991, 1405]
[992, 4680]
[993, 4419]
[994, 4353]
[995, 5284]
[996, 4566]
[997, 6802]
[998, 2298]
[999, 2280]
[1000, 7093]
[1001, 4360]
[1002, 1418]
[1003, 5312]
[1004, 1892]
[1005, 5860]
[1006, 5756]
[1007, 2056]
[1008, 2425]
[1009, 4329]
[1010, 2701]
[1011, 4309]
[1012, 5881]
[1014, 1264]
[1015, 1605]
[1016, 4647]
[1017, 2845]
[1021, 6892]
[1023, 4973]
[1024, 3714]
[1025, 2672]
[1026, 1685]
[1027, 2205]
[1028, 6399]
[1029, 2054]
[1030, 4747]
[1031, 5471]
[1032, 5306]
[1033, 3303]
[1035, 1290]
[1036, 1746]
[1037, 4742]
[1038, 4410]
[1039, 1903]
[1040, 5131]
[1041, 5899]
[1042, 4373]
[1043, 3045]
[1045, 1286]
[1046, 7090]
[1047, 1187]
[1048, 3558]
[1049, 3593]
[1050, 4414]
[1051, 3175]
[1052, 6609]
[1054, 2262]
[1057, 5365]
[1058, 5003]
[1059, 2208]
[1060, 2308]
[1061, 2144]
[1062, 4130]
[1063, 5961]
[1064, 6152]
[1065, 6958]
[1066, 2565]
[1067, 1617]
[1068, 4952]
[1069, 3427]
[1070, 6664]
[1071, 1095]
[1072, 3941]
[1073, 5262]
[1074, 4523]
[1076, 4886]
[1077, 3653]
[1078, 2574]
[1079, 1937]
[1441, 5236]
[1443, 6294]
[1444, 6992]
[1446, 3839]
[1449, 1816]
[1450, 2837]
[1451, 3614]
[1452, 4793]
[1453, 6731]
[1454, 6205]
[1455, 4476]
[1456, 4524]
[1457, 4634]
[1458, 6443]
[1461, 3609]
[1463, 1985]
[1464, 2819]
[1465, 7095]
[1467, 5848]
[1469, 6067]
[1470, 5424]
[1472, 6267]
[1473, 2946]
[1474, 4976]
[1475, 4116]
[1476, 5290]
[1477, 3350]
[1478, 2219]
[1479, 4705]
[1480, 3399]
[1481, 3870]
[1482, 5259]
[1483, 2157]
[1484, 4154]
[1485, 2003]
[1486, 1821]
[1487, 4974]
[1488, 5575]
[1489, 3556]
[1492, 6665]
[1493, 3953]
[1494, 4339]
[1495, 6139]
[1496, 3070]
[1497, 4805]
[1499, 2095]
[1500, 5540]
[1501, 2177]
[1502, 6359]
[1503, 6009]
[1504, 2304]
[1505, 6019]
[1506, 5505]
[1513, 6292]
[1514, 7061]
[1516, 2917]
[1517, 2196]
[1519, 6967]
[1520, 6014]
[1521, 1575]
[1522, 3335]
[1523, 6070]
[1524, 6750]
[1525, 3527]
[1527, 2695]
[1529, 3037]
[1530, 4099]
[1531, 4546]
[1532, 5559]
[1533, 7187]
[1534, 2862]
[1536, 2803]
[1537, 2987]
[1538, 6624]
[1540, 2040]
[1541, 5058]
[1543, 3186]
[1545, 5454]
[1546, 5250]
[1547, 1716]
[1548, 2615]
[1549, 2674]
[1551, 4376]
[1552, 5392]
[1554, 5075]
[1555, 4722]
[1556, 6445]
[1557, 6136]
[1559, 5448]
[1560, 3060]
[1561, 5981]
[1562, 6735]
[1563, 3768]
[1564, 3785]
[1565, 5008]
[1566, 6238]
[1567, 4956]
[1569, 4960]
[1570, 2094]
[1571, 4734]
[1572, 2053]
[1574, 6873]
[1576, 3985]
[1577, 4544]
[1578, 5692]
[1579, 6923]
[1580, 5992]
[1581, 2989]
[1582, 1880]
[1583, 4197]
[1584, 5457]
[1585, 3917]
[1586, 2479]
[1587, 2324]
[1588, 5834]
[1591, 4290]
[1592, 1756]
[1595, 7077]
[1596, 5375]
[1597, 2413]
[1599, 4062]
[1600, 2485]
[1604, 5487]
[1606, 7017]
[1607, 3222]
[1608, 6112]
[1609, 2951]
[1610, 5012]
[1611, 3897]
[1612, 2453]
[1613, 6321]
[1614, 6862]
[1615, 5128]
[1616, 5742]
[1618, 2004]
[1619, 3326]
[1620, 3239]
[1621, 5681]
[1622, 2384]
[1623, 3038]
[1624, 5087]
[1625, 2847]
[1626, 5628]
[1627, 4882]
[1628, 5149]
[1629, 2905]
[1630, 6890]
[1633, 3477]
[1635, 6403]
[1636, 1877]
[1637, 1703]
[1638, 3992]
[1639, 6807]
[1641, 2724]
[1642, 3831]
[1643, 2935]
[1644, 2110]
[1645, 3133]
[1646, 5637]
[1647, 1799]
[1648, 3934]
[1649, 4972]
[1650, 1829]
[1651, 6969]
[1654, 3702]
[1655, 3546]
[1656, 5158]
[1657, 3955]
[1658, 4725]
[1660, 6658]
[1661, 4156]
[1662, 4399]
[1663, 5180]
[1666, 4312]
[1667, 5492]
[1668, 5662]
[1669, 6757]
[1672, 2071]
[1673, 5696]
[1674, 3101]
[1675, 6542]
[1676, 2715]
[1677, 3800]
[1678, 4916]
[1679, 6249]
[1680, 3721]
[1681, 7103]
[1683, 2616]
[1686, 5555]
[1688, 3234]
[1689, 5852]
[1691, 2476]
[1694, 4528]
[1696, 5279]
[1697, 6454]
[1699, 5478]
[1700, 4153]
[1701, 3031]
[1702, 3679]
[1704, 5107]
[1705, 7107]
[1707, 5093]
[1709, 3123]
[1710, 4660]
[1713, 5624]
[1714, 6896]
[1715, 4597]
[1717, 3331]
[1718, 2595]
[1719, 2936]
[1720, 5307]
[1721, 6985]
[1722, 4849]
[1723, 4437]
[1724, 6799]
[1725, 4121]
[1727, 6427]
[1728, 6998]
[1729, 5403]
[1730, 7057]
[1731, 5659]
[1732, 3587]
[1734, 5902]
[1735, 6105]
[1736, 3641]
[1737, 1831]
[1738, 5634]
[1739, 4551]
[1741, 6453]
[1742, 4846]
[1743, 7026]
[1744, 2601]
[1745, 3023]
[1747, 2183]
[1748, 3900]
[1749, 2105]
[1750, 5415]
[1751, 6208]
[1752, 2562]
[1753, 3990]
[1754, 3428]
[1755, 5913]
[1757, 5164]
[1759, 6287]
[1760, 4027]
[1761, 6426]
[1762, 3625]
[1763, 2954]
[1764, 3409]
[1765, 2578]
[1766, 5002]
[1768, 4537]
[1769, 5293]
[1770, 7081]
[1771, 5095]
[1772, 4378]
[1774, 5788]
[1776, 2786]
[1778, 4584]
[1779, 3830]
[1780, 5233]
[1781, 4839]
[1784, 2842]
[1785, 1865]
[1786, 6153]
[1788, 3931]
[1789, 3321]
[1790, 2656]
[1791, 1905]
[1792, 6026]
[1793, 3606]
[1794, 7070]
[1795, 4405]
[1796, 4919]
[1798, 2393]
[360, 3294]
[361, 5227]
[362, 2855]
[363, 1337]
[364, 1935]
[365, 4008]
[366, 3385]
[367, 6435]
[368, 3334]
[369, 754]
[370, 6937]
[371, 2356]
[372, 4133]
[374, 3035]
[375, 4834]
[376, 6164]
[377, 5185]
[378, 6582]
[379, 2447]
[380, 5500]
[381, 4128]
[382, 1056]
[383, 3352]
[384, 2109]
[385, 5486]
[386, 2991]
[387, 6378]
[388, 5580]
[389, 5711]
[390, 6900]
[391, 789]
[392, 1471]
[393, 5468]
[394, 1270]
[395, 3638]
[396, 1406]
[397, 6016]
[398, 5712]
[399, 3968]
[400, 2521]
[402, 4982]
[403, 5719]
[404, 5349]
[405, 2782]
[406, 1186]
[407, 6667]
[408, 6508]
[409, 3850]
[410, 1229]
[411, 7120]
[412, 5041]
[413, 4223]
[414, 2955]
[415, 1129]
[416, 3779]
[418, 989]
[419, 6722]
[420, 1775]
[422, 4847]
[423, 5906]
[424, 4526]
[425, 2890]
[426, 6840]
[427, 4413]
[428, 2480]
[429, 5370]
[430, 1253]
[431, 5302]
[432, 4997]
[433, 4514]
[434, 3507]
[435, 549]
[436, 3891]
[437, 3207]
[438, 4198]
[439, 1356]
[440, 1145]
[441, 4470]
[442, 3137]
[443, 3837]
[444, 4713]
[445, 5088]
[446, 1342]
[447, 4394]
[448, 655]
[449, 6029]
[450, 1234]
[451, 4572]
[452, 2390]
[453, 6727]
[454, 4407]
[455, 2982]
[456, 6413]
[457, 1053]
[458, 5447]
[459, 4879]
[460, 2808]
[461, 5980]
[462, 5986]
[463, 2886]
[464, 3364]
[465, 1913]
[466, 2170]
[467, 2288]
[468, 4673]
[469, 1573]
[470, 3190]
[471, 4469]
[472, 2638]
[473, 6367]
[474, 757]
[475, 6400]
[476, 4484]
[477, 3097]
[478, 1086]
[479, 1204]
[480, 2719]
[481, 758]
[482, 694]
[483, 4815]
[484, 6628]
[485, 3735]
[487, 5604]
[488, 2526]
[490, 1287]
[491, 7033]
[492, 5411]
[493, 6970]
[494, 4830]
[495, 5114]
[496, 6565]
[497, 1259]
[498, 6233]
[499, 3889]
[500, 2766]
[501, 599]
[502, 5357]
[503, 4541]
[504, 6772]
[505, 6826]
[506, 5814]
[507, 6978]
[508, 5596]
[509, 2489]
[510, 681]
[511, 6594]
[512, 3998]
[513, 6273]
[514, 5177]
[515, 4451]
[516, 6490]
[517, 2678]
[518, 3534]
[519, 776]
[520, 5907]
[521, 5506]
[522, 5211]
[523, 2375]
[524, 3121]
[525, 673]
[526, 2792]
[527, 6113]
[528, 6081]
[529, 5668]
[530, 1515]
[531, 5142]
[532, 2408]
[533, 1824]
[534, 1389]
[535, 2874]
[536, 6390]
[537, 1670]
[538, 2588]
[539, 6736]
[540, 2370]
[541, 1034]
[542, 5827]
[543, 1590]
[544, 3480]
[546, 5281]
[547, 1528]
[548, 1412]
[550, 5994]
[551, 605]
[552, 556]
[553, 3310]
[554, 5083]
[555, 5804]
[557, 6138]
[558, 1939]
[559, 3336]
[560, 4574]
[561, 3765]
[562, 2286]
[563, 1632]
[564, 4372]
[565, 2080]
[566, 6864]
[567, 4417]
[569, 2511]
[570, 5315]
[571, 6122]
[572, 6552]
[573, 2512]
[574, 4527]
[575, 5242]
[576, 4425]
[577, 5611]
[578, 6157]
[579, 5206]
[580, 978]
[581, 2806]
[582, 2880]
[583, 1512]
[584, 5381]
[585, 5725]
[586, 6586]
[587, 5549]
[588, 5698]
[589, 1712]
[590, 1943]
[591, 6738]
[592, 3935]
[593, 5733]
[594, 6549]
[595, 5844]
[596, 5168]
[597, 5179]
[598, 4035]
[600, 7199]
[601, 7085]
[602, 4406]
[603, 1425]
[604, 3693]
[606, 5162]
[607, 3660]
[608, 4615]
[609, 1693]
[610, 879]
[611, 6417]
[612, 4365]
[613, 5918]
[614, 1442]
[615, 1019]
[616, 6957]
[617, 2632]
[618, 6423]
[619, 782]
[620, 7109]
[621, 6973]
[622, 964]
[623, 5801]
[624, 1075]
[625, 3103]
[626, 2063]
[627, 2634]
[628, 1440]
[629, 6253]
[630, 1304]
[632, 6057]
[633, 4987]
[634, 4403]
[635, 4679]
[636, 1855]
[637, 5474]
[639, 4844]
[640, 3311]
[642, 1972]
[643, 1350]
[644, 2743]
[645, 6952]
[646, 1141]
[647, 6270]
[648, 5984]
[649, 4959]
[650, 6955]
[651, 5612]
[652, 880]
[653, 1381]
[654, 4421]
[656, 6786]
[657, 2385]
[658, 4380]
[659, 3688]
[661, 3288]
[662, 2313]
[663, 2310]
[664, 6293]
[665, 5955]
[666, 6631]
[667, 6210]
[668, 906]
[669, 7048]
[670, 4568]
[671, 3944]
[672, 4948]
[674, 6422]
[675, 4553]
[676, 1594]
[677, 6281]
[678, 2568]
[679, 4730]
[680, 1020]
[682, 1113]
[683, 893]
[684, 5911]
[685, 1373]
[686, 6925]
[687, 3975]
[688, 5338]
[689, 4136]
[690, 3485]
[691, 725]
[692, 778]
[693, 6965]
[695, 2805]
[696, 1022]
[698, 1193]
[699, 5518]
[700, 5923]
[702, 818]
[703, 4475]
[704, 5097]
[705, 2662]
[706, 6829]
[707, 2908]
[708, 3904]
[709, 6574]
[710, 751]
[711, 2366]
[712, 5807]
[713, 3059]
[714, 4431]
[715, 3967]
[716, 4334]
[717, 5364]
[718, 5597]
[719, 5772]
[1080, 1874]
[1081, 4559]
[1082, 3460]
[1083, 6204]
[1084, 5650]
[1085, 3548]
[1087, 2201]
[1089, 6931]
[1091, 6535]
[1092, 4861]
[1093, 6197]
[1094, 4938]
[1096, 1758]
[1097, 3978]
[1098, 6077]
[1099, 5585]
[1100, 4289]
[1102, 6693]
[1103, 4327]
[1104, 2099]
[1106, 6866]
[1107, 7005]
[1108, 2455]
[1109, 6524]
[1110, 6706]
[1111, 4113]
[1112, 1526]
[1114, 5638]
[1115, 1447]
[1116, 4529]
[1117, 1334]
[1118, 4464]
[1119, 5530]
[1120, 4471]
[1122, 1550]
[1123, 3482]
[1124, 3521]
[1125, 4259]
[1126, 5154]
[1127, 5042]
[1128, 3726]
[1130, 3210]
[1131, 2484]
[1132, 3940]
[1133, 3192]
[1134, 5254]
[1135, 1671]
[1136, 2932]
[1137, 2856]
[1138, 6120]
[1139, 3171]
[1142, 4935]
[1143, 4018]
[1144, 4459]
[1146, 2518]
[1147, 1330]
[1150, 5484]
[1151, 1889]
[1152, 4164]
[1153, 1416]
[1154, 4623]
[1155, 3628]
[1156, 5639]
[1157, 6674]
[1158, 6551]
[1159, 1926]
[1160, 4696]
[1161, 3705]
[1162, 4726]
[1163, 3435]
[1164, 1409]
[1166, 6611]
[1167, 5879]
[1169, 2358]
[1170, 5437]
[1171, 6635]
[1172, 5203]
[1173, 1242]
[1174, 4292]
[1175, 4777]
[1176, 3323]
[1177, 6764]
[1178, 5805]
[1179, 5797]
[1180, 1997]
[1181, 1542]
[1182, 5820]
[1183, 6657]
[1184, 6578]
[1185, 5038]
[1188, 5863]
[1189, 5033]
[1190, 3187]
[1192, 4348]
[1196, 2392]
[1197, 3707]
[1198, 1225]
[1199, 4311]
[1200, 5251]
[1201, 4468]
[1205, 5858]
[1206, 4565]
[1207, 5653]
[1208, 1767]
[1209, 7128]
[1210, 5143]
[1211, 4266]
[1212, 5023]
[1213, 2644]
[1214, 1448]
[1215, 4822]
[1216, 3393]
[1217, 3235]
[1218, 6476]
[1219, 4105]
[1221, 3557]
[1222, 3483]
[1224, 6686]
[1227, 5386]
[1230, 6950]
[1231, 3916]
[1232, 2214]
[1233, 4798]
[1235, 5228]
[1236, 3742]
[1237, 4352]
[1239, 6988]
[1240, 6901]
[1241, 7119]
[1243, 1491]
[1244, 6441]
[1245, 5552]
[1247, 4639]
[1248, 5822]
[1249, 3491]
[1250, 1314]
[1251, 2571]
[1252, 3214]
[1254, 2005]
[1255, 4590]
[1256, 2486]
[1257, 3523]
[1258, 3514]
[1260, 7001]
[1261, 6546]
[1262, 4277]
[1263, 5081]
[1265, 1460]
[1266, 1468]
[1267, 6222]
[1268, 6003]
[1269, 5063]
[1271, 3128]
[1272, 4444]
[1273, 5181]
[1274, 2929]
[1275, 5674]
[1276, 3027]
[1277, 5273]
[1278, 5421]
[1279, 6131]
[1280, 5359]
[1281, 4246]
[1282, 2797]
[1283, 5076]
[1284, 5036]
[1285, 5771]
[1288, 2688]
[1289, 5197]
[1291, 6286]
[1292, 6023]
[1293, 1459]
[1294, 6714]
[1295, 6819]
[1296, 5752]
[1297, 4620]
[1298, 1912]
[1299, 3434]
[1300, 5872]
[1302, 4358]
[1305, 3201]
[1307, 4618]
[1308, 5572]
[1309, 6440]
[1310, 4892]
[1311, 1991]
[1312, 3516]
[1313, 5410]
[1315, 7158]
[1317, 1956]
[1318, 1777]
[1319, 6469]
[1321, 3715]
[1322, 3026]
[1323, 3658]
[1324, 2813]
[1325, 6323]
[1326, 3346]
[1327, 3828]
[1328, 6386]
[1329, 3536]
[1331, 4678]
[1332, 3244]
[1333, 3021]
[1335, 1603]
[1336, 2753]
[1339, 6821]
[1340, 4739]
[1341, 4607]
[1343, 1783]
[1344, 6489]
[1345, 2585]
[1346, 2009]
[1348, 6666]
[1349, 3349]
[1352, 2882]
[1354, 4230]
[1357, 2320]
[1358, 5217]
[1359, 4115]
[1360, 4555]
[1361, 3740]
[1363, 5175]
[1364, 3240]
[1366, 3231]
[1367, 2685]
[1368, 2032]
[1369, 3148]
[1370, 6268]
[1371, 1711]
[1372, 5548]
[1374, 5040]
[1375, 2499]
[1376, 6258]
[1377, 5682]
[1378, 1558]
[1379, 4865]
[1380, 5405]
[1382, 5238]
[1383, 6329]
[1385, 6891]
[1386, 5384]
[1388, 3802]
[1390, 6297]
[1391, 3402]
[1392, 1840]
[1393, 3050]
[1394, 6806]
[1395, 3817]
[1396, 4049]
[1397, 6898]
[1398, 6360]
[1399, 6336]
[1400, 6991]
[1401, 3519]
[1402, 6245]
[1403, 6312]
[1404, 1875]
[1407, 6534]
[1408, 5412]
[1410, 3596]
[1411, 2192]
[1413, 6011]
[1415, 5799]
[1417, 5032]
[1419, 5456]
[1420, 5336]
[1421, 1773]
[1422, 2006]
[1423, 2386]
[1424, 5645]
[1426, 4051]
[1427, 5693]
[1428, 5101]
[1431, 5265]
[1432, 1553]
[1433, 6980]
[1434, 3451]
[1435, 1919]
[1436, 4492]
[1437, 4772]
[1438, 3343]
[1439, 2062]
[0, 2802]
[1, 1018]
[2, 3896]
[3, 7055]
[4, 2179]
[5, 1601]
[6, 6201]
[7, 2737]
[8, 2289]
[9, 1958]
[10, 5542]
[11, 5695]
[12, 2133]
[13, 730]
[14, 5903]
[15, 1539]
[16, 3493]
[17, 5045]
[18, 4858]
[19, 321]
[20, 6795]
[21, 6412]
[22, 1653]
[23, 6298]
[24, 5652]
[25, 1665]
[26, 6797]
[27, 4112]
[28, 2926]
[29, 638]
[30, 2858]
[31, 3150]
[32, 850]
[33, 965]
[34, 934]
[35, 5373]
[36, 3442]
[37, 631]
[38, 6188]
[39, 4985]
[40, 217]
[41, 1462]
[42, 7149]
[43, 4741]
[44, 2919]
[45, 1876]
[46, 4507]
[47, 4021]
[48, 2188]
[49, 6941]
[50, 5483]
[51, 1387]
[52, 1602]
[53, 943]
[54, 4066]
[55, 1165]
[56, 3251]
[57, 3417]
[58, 4683]
[59, 2401]
[60, 2233]
[61, 3647]
[62, 3815]
[63, 5287]
[64, 5332]
[65, 373]
[66, 2844]
[67, 7123]
[68, 3690]
[69, 2948]
[70, 6418]
[71, 3314]
[72, 2371]
[73, 5432]
[74, 2052]
[75, 6107]
[76, 6163]
[77, 6226]
[78, 6496]
[79, 6651]
[80, 3327]
[81, 6239]
[82, 793]
[83, 5054]
[84, 1814]
[85, 6362]
[86, 4998]
[87, 4993]
[88, 3455]
[89, 4456]
[90, 4937]
[91, 4587]
[92, 2364]
[93, 4103]
[94, 401]
[95, 4603]
[96, 1338]
[97, 4958]
[98, 6458]
[99, 7066]
[100, 3025]
[101, 1191]
[102, 6460]
[103, 1510]
[104, 1507]
[105, 3874]
[106, 1088]
[107, 2604]
[108, 4260]
[109, 4193]
[110, 1518]
[111, 6510]
[112, 7069]
[113, 804]
[114, 7106]
[115, 4119]
[116, 283]
[117, 1869]
[118, 5390]
[119, 6465]
[120, 4181]
[121, 697]
[122, 660]
[123, 6838]
[124, 2878]
[125, 1659]
[126, 1692]
[127, 6684]
[128, 1101]
[129, 3389]
[130, 2117]
[131, 255]
[132, 1682]
[133, 5498]
[134, 489]
[135, 1220]
[136, 5509]
[137, 4848]
[138, 3675]
[139, 1925]
[140, 7130]
[141, 6350]
[142, 4562]
[143, 4102]
[144, 7122]
[145, 3929]
[146, 6597]
[147, 2818]
[148, 268]
[149, 3457]
[150, 1652]
[151, 1593]
[152, 486]
[153, 2546]
[154, 545]
[155, 6143]
[156, 5945]
[157, 1511]
[158, 196]
[159, 1726]
[160, 6905]
[161, 4075]
[162, 892]
[163, 641]
[164, 2602]
[165, 2335]
[166, 3635]
[167, 6424]
[168, 6004]
[169, 2315]
[170, 2896]
[171, 2328]
[172, 5243]
[173, 5156]
[174, 6428]
[175, 4924]
[176, 2613]
[177, 4504]
[178, 4667]
[179, 6648]
[180, 5085]
[181, 1544]
[182, 3245]
[183, 3404]
[184, 4969]
[185, 4293]
[186, 3119]
[187, 260]
[188, 5084]
[189, 3563]
[190, 4552]
[191, 3478]
[192, 3807]
[193, 5760]
[194, 1787]
[195, 2683]
[197, 2460]
[198, 7171]
[199, 1306]
[200, 4209]
[201, 1733]
[202, 4040]
[203, 1202]
[204, 3011]
[205, 868]
[206, 4715]
[207, 1105]
[208, 417]
[209, 5485]
[210, 5391]
[211, 6913]
[212, 4276]
[213, 2412]
[214, 2657]
[215, 5802]
[216, 909]
[218, 2654]
[219, 6228]
[220, 4831]
[221, 2164]
[222, 4038]
[223, 5120]
[224, 1168]
[225, 235]
[226, 1121]
[227, 4788]
[228, 3129]
[229, 3181]
[230, 5806]
[231, 4746]
[232, 358]
[233, 2174]
[234, 701]
[236, 3289]
[237, 1797]
[238, 958]
[239, 2622]
[240, 6530]
[241, 2750]
[242, 3503]
[243, 761]
[244, 3673]
[245, 2717]
[246, 1228]
[247, 5895]
[248, 3340]
[249, 1384]
[250, 6861]
[251, 2671]
[252, 3836]
[253, 3370]
[254, 2191]
[256, 4010]
[257, 2246]
[258, 1353]
[259, 5396]
[261, 3871]
[262, 3868]
[263, 6959]
[264, 1316]
[265, 1194]
[266, 4539]
[267, 6331]
[269, 3834]
[270, 1782]
[271, 4331]
[272, 3782]
[273, 568]
[274, 3948]
[275, 4816]
[276, 5165]
[277, 5458]
[278, 1226]
[279, 6068]
[280, 2887]
[281, 3845]
[282, 2078]
[284, 421]
[285, 5476]
[286, 1932]
[287, 2086]
[288, 292]
[289, 4988]
[290, 1195]
[291, 1634]
[293, 1466]
[294, 2148]
[295, 2497]
[296, 1740]
[297, 4638]
[298, 1906]
[299, 1690]
[300, 4511]
[301, 2438]
[302, 2744]
[303, 4055]
[304, 2346]
[305, 6685]
[306, 4213]
[307, 3300]
[308, 4980]
[309, 6295]
[310, 6502]
[311, 4067]
[312, 6780]
[313, 5600]
[314, 2772]
[315, 1698]
[316, 4727]
[317, 5700]
[318, 2689]
[319, 5210]
[320, 6703]
[322, 5031]
[323, 4689]
[324, 5511]
[325, 4800]
[326, 1598]
[327, 3269]
[328, 3071]
[329, 4656]
[330, 6599]
[331, 6723]
[332, 5313]
[333, 2396]
[334, 3938]
[335, 3489]
[336, 777]
[337, 5495]
[338, 7080]
[339, 3090]
[340, 5684]
[341, 6531]
[342, 2864]
[343, 2216]
[344, 5422]
[345, 3883]
[346, 2558]
[347, 4176]
[348, 4367]
[349, 2520]
[350, 1301]
[351, 3024]
[352, 1490]
[353, 1320]
[354, 5714]
[355, 4894]
[356, 4841]
[357, 4655]
[359, 2147]
