Face([303, 74, 269])
Face([379, 588, 709])
Face([476, 294, 178])
Face([642, 710, 351])
Face([1, 672, 217])
Face([228, 691, 596])
Face([67, 76, 504])
Face([0, 442, 459])
Face([468, 625, 455])
Face([7, 428, 686])
Face([22, 547, 196])
Face([40, 452, 86])
Face([580, 608, 241])
Face([322, 418, 252])
Face([382, 274, 120])
Face([382, 360, 479])
Face([3, 546, 114])
Face([183, 140, 546])
Face([594, 125, 614])
Face([66, 24, 436])
Face([483, 458, 486])
Face([2, 173, 606])
Face([103, 200, 662])
Face([673, 456, 415])
Face([238, 360, 149])
Face([406, 488, 439])
Face([379, 392, 709])
Face([144, 552, 34])
Face([5, 103, 650])
Face([217, 258, 630])
Face([29, 280, 116])
Face([245, 204, 311])
Face([696, 456, 504])
Face([89, 424, 461])
Face([184, 556, 421])
Face([40, 694, 390])
Face([684, 323, 57])
Face([74, 373, 269])
Face([187, 572, 439])
Face([358, 298, 151])
Face([57, 323, 277])
Face([276, 275, 562])
Face([435, 10, 528])
Face([481, 320, 645])
Face([238, 307, 341])
Face([156, 197, 24])
Face([23, 67, 303])
Face([624, 353, 611])
Face([268, 320, 239])
Face([441, 619, 486])
Face([228, 644, 517])
Face([220, 632, 79])
Face([699, 417, 79])
Face([181, 561, 61])
Face([581, 353, 611])
Face([43, 513, 93])
Face([244, 690, 311])
Face([1, 217, 335])
Face([182, 261, 703])
Face([27, 336, 292])
Face([30, 422, 615])
Face([218, 264, 88])
Face([713, 717, 85])
Face([342, 41, 550])
Face([198, 35, 550])
Face([498, 440, 566])
Face([19, 293, 476])
Face([182, 26, 190])
Face([20, 266, 359])
Face([327, 626, 476])
Face([513, 244, 60])
Face([32, 515, 102])
Face([406, 572, 439])
Face([429, 345, 137])
Face([133, 378, 268])
Face([531, 718, 95])
Face([519, 700, 679])
Face([577, 171, 431])
Face([480, 225, 606])
Face([47, 308, 315])
Face([547, 461, 89])
Face([699, 439, 143])
Face([90, 595, 70])
Face([22, 196, 405])
Face([139, 562, 276])
Face([8, 646, 376])
Face([498, 566, 343])
Face([335, 429, 574])
Face([111, 42, 301])
Face([560, 216, 556])
Face([548, 280, 226])
Face([70, 481, 651])
Face([194, 496, 84])
Face([603, 233, 369])
Face([106, 325, 681])
Face([629, 256, 319])
Face([245, 632, 638])
Face([616, 104, 207])
Face([585, 466, 701])
Face([429, 517, 340])
Face([9, 339, 642])
Face([457, 699, 143])
Face([177, 304, 243])
Face([262, 577, 171])
Face([167, 473, 330])
Face([649, 110, 310])
Face([464, 338, 144])
Face([173, 146, 118])
Face([570, 42, 305])
Face([530, 247, 310])
Face([711, 188, 203])
Face([642, 443, 351])
Face([464, 552, 309])
Face([49, 363, 529])
Face([182, 536, 354])
Face([77, 164, 677])
Face([231, 291, 716])
Face([425, 468, 669])
Face([692, 611, 36])
Face([705, 243, 486])
Face([40, 86, 502])
Face([45, 568, 124])
Face([250, 509, 272])
Face([232, 466, 231])
Face([573, 332, 407])
Face([280, 179, 571])
Face([245, 638, 383])
Face([248, 524, 158])
Face([328, 37, 400])
Face([245, 416, 311])
Face([295, 619, 537])
Face([664, 304, 243])
Face([702, 178, 31])
Face([30, 693, 474])
Face([212, 100, 535])
Face([166, 343, 310])
Face([483, 157, 518])
Face([105, 560, 556])
Face([21, 355, 212])
Face([220, 345, 260])
Face([196, 121, 717])
Face([327, 628, 86])
Face([530, 234, 492])
Face([56, 461, 334])
Face([27, 506, 363])
Face([288, 289, 377])
Face([81, 713, 482])
Face([213, 297, 539])
Face([426, 147, 505])
Face([550, 199, 77])
Face([84, 496, 668])
Face([551, 360, 149])
Face([28, 653, 375])
Face([32, 515, 460])
Face([310, 516, 253])
Face([336, 705, 579])
Face([348, 641, 636])
Face([685, 47, 308])
Face([196, 68, 695])
Face([6, 621, 431])
Face([304, 384, 676])
Face([114, 608, 163])
Face([4, 75, 501])
Face([428, 112, 63])
Face([217, 621, 335])
Face([12, 362, 463])
Face([62, 578, 635])
Face([199, 557, 83])
Face([628, 470, 502])
Face([97, 236, 140])
Face([160, 371, 175])
Face([138, 98, 230])
Face([270, 552, 647])
Face([411, 708, 569])
Face([382, 360, 274])
Face([3, 546, 183])
Face([28, 523, 373])
Face([708, 195, 389])
Face([622, 704, 85])
Face([264, 395, 366])
Face([144, 552, 405])
Face([242, 586, 581])
Face([435, 96, 10])
Face([65, 143, 699])
Face([58, 313, 692])
Face([145, 600, 126])
Face([0, 521, 591])
Face([542, 538, 540])
Face([420, 170, 39])
Face([279, 610, 643])
Face([66, 610, 436])
Face([389, 123, 302])
Face([413, 432, 490])
Face([532, 595, 269])
Face([155, 86, 472])
Face([164, 347, 677])
Face([344, 401, 669])
Face([623, 457, 282])
Face([482, 392, 709])
Face([150, 665, 125])
Face([578, 204, 635])
Face([233, 627, 607])
Face([167, 227, 471])
Face([250, 272, 605])
Face([355, 91, 557])
Face([83, 563, 557])
Face([22, 641, 551])
Face([370, 533, 604])
Face([428, 63, 287])
Face([360, 298, 149])
Face([360, 136, 479])
Face([398, 126, 367])
Face([315, 300, 455])
Face([29, 116, 111])
Face([206, 33, 396])
Face([173, 606, 118])
Face([484, 165, 23])
Face([576, 537, 697])
Face([668, 496, 145])
Face([249, 601, 191])
Face([94, 285, 468])
Face([576, 61, 366])
Face([585, 174, 671])
Face([370, 604, 654])
Face([262, 225, 347])
Face([542, 540, 606])
Face([484, 696, 659])
Face([260, 340, 345])
Face([240, 350, 35])
Face([376, 485, 366])
Face([197, 499, 268])
Face([686, 244, 412])
Face([383, 186, 204])
Face([493, 333, 496])
Face([88, 265, 441])
Face([198, 297, 314])
Face([679, 203, 701])
Face([629, 319, 151])
Face([167, 275, 299])
Face([157, 374, 518])
Face([84, 651, 493])
Face([214, 345, 510])
Face([658, 121, 346])
Face([82, 648, 454])
Face([305, 689, 453])
Face([11, 336, 49])
Face([65, 50, 359])
Face([358, 608, 151])
Face([194, 526, 575])
Face([266, 296, 511])
Face([65, 365, 219])
Face([11, 680, 698])
Face([119, 162, 689])
Face([70, 289, 668])
Face([483, 518, 695])
Face([642, 408, 443])
Face([296, 670, 511])
Face([372, 396, 505])
Face([287, 142, 63])
Face([334, 458, 414])
Face([368, 688, 693])
Face([342, 35, 697])
Face([228, 93, 517])
Face([699, 417, 439])
Face([97, 482, 85])
Face([180, 470, 502])
Face([105, 460, 172])
Face([94, 285, 117])
Face([62, 337, 317])
Face([564, 534, 252])
Face([635, 417, 162])
Face([114, 602, 219])
Face([10, 96, 254])
Face([103, 650, 340])
Face([223, 640, 210])
Face([678, 149, 551])
Face([216, 449, 556])
Face([180, 470, 422])
Face([335, 620, 429])
Face([370, 107, 654])
Face([373, 269, 400])
Face([713, 140, 85])
Face([1, 87, 335])
Face([161, 580, 494])
Face([393, 112, 208])
Face([656, 192, 76])
Face([578, 284, 383])
Face([122, 130, 377])
Face([73, 449, 589])
Face([106, 681, 222])
Face([605, 272, 592])
Face([313, 507, 123])
Face([415, 651, 84])
Face([572, 260, 79])
Face([67, 76, 532])
Face([548, 652, 189])
Face([646, 389, 472])
Face([528, 584, 175])
Face([664, 304, 179])
Face([94, 117, 508])
Face([445, 186, 637])
Face([318, 234, 475])
Face([400, 467, 351])
Face([226, 688, 628])
Face([119, 162, 635])
Face([488, 367, 126])
Face([293, 33, 628])
Face([223, 690, 543])
Face([245, 632, 204])
Face([150, 384, 304])
Face([506, 73, 421])
Face([197, 499, 24])
Face([115, 648, 297])
Face([394, 489, 153])
Face([561, 387, 100])
Face([452, 215, 222])
Face([65, 394, 259])
Face([54, 616, 525])
Face([664, 486, 243])
Face([34, 132, 78])
Face([21, 240, 355])
Face([208, 112, 316])
Face([173, 146, 634])
Face([55, 313, 388])
Face([150, 88, 125])
Face([294, 125, 477])
Face([450, 672, 217])
Face([708, 385, 446])
Face([3, 658, 183])
Face([223, 544, 640])
Face([218, 293, 125])
Face([183, 658, 711])
Face([8, 52, 205])
Face([429, 620, 517])
Face([267, 153, 644])
Face([14, 249, 372])
Face([356, 353, 611])
Face([348, 636, 661])
Face([75, 120, 382])
Face([65, 259, 365])
Face([97, 163, 675])
Face([372, 147, 671])
Face([249, 289, 147])
Face([411, 553, 624])
Face([193, 329, 453])
Face([20, 674, 359])
Face([132, 609, 578])
Face([406, 153, 572])
Face([245, 403, 278])
Face([339, 408, 706])
Face([55, 616, 525])
Face([324, 701, 679])
Face([660, 392, 131])
Face([6, 416, 593])
Face([71, 230, 318])
Face([348, 658, 661])
Face([3, 324, 114])
Face([572, 489, 260])
Face([664, 579, 243])
Face([656, 192, 215])
Face([394, 259, 333])
Face([230, 530, 98])
Face([140, 236, 357])
Face([166, 520, 253])
Face([318, 648, 475])
Face([624, 611, 446])
Face([14, 372, 206])
Face([208, 112, 686])
Face([442, 1, 262])
Face([133, 613, 653])
Face([115, 297, 36])
Face([562, 275, 299])
Face([28, 261, 566])
Face([532, 390, 467])
Face([87, 558, 370])
Face([53, 313, 55])
Face([503, 649, 604])
Face([102, 449, 514])
Face([88, 243, 441])
Face([605, 418, 252])
Face([397, 590, 153])
Face([97, 163, 156])
Face([228, 93, 596])
Face([192, 76, 719])
Face([290, 681, 527])
Face([615, 174, 671])
Face([459, 217, 621])
Face([348, 678, 22])
Face([553, 697, 198])
Face([140, 163, 357])
Face([410, 660, 613])
Face([350, 91, 677])
Face([54, 192, 388])
Face([448, 86, 452])
Face([454, 617, 433])
Face([40, 33, 502])
Face([114, 602, 324])
Face([122, 701, 357])
Face([1, 370, 533])
Face([319, 256, 282])
Face([6, 416, 245])
Face([121, 717, 374])
Face([286, 579, 336])
Face([51, 557, 563])
Face([155, 323, 277])
Face([316, 135, 369])
Face([13, 469, 718])
Face([342, 362, 413])
Face([307, 185, 341])
Face([328, 33, 396])
Face([151, 608, 219])
Face([289, 130, 145])
Face([651, 645, 663])
Face([288, 657, 481])
Face([397, 493, 153])
Face([12, 221, 391])
Face([428, 528, 10])
Face([5, 200, 484])
Face([20, 268, 197])
Face([591, 401, 91])
Face([495, 664, 157])
Face([58, 388, 222])
Face([72, 610, 440])
Face([250, 418, 605])
Face([50, 445, 319])
Face([321, 702, 31])
Face([47, 549, 51])
Face([718, 201, 478])
Face([464, 680, 437])
Face([359, 108, 214])
Face([245, 416, 278])
Face([25, 532, 656])
Face([386, 603, 283])
Face([58, 215, 312])
Face([297, 314, 475])
Face([501, 109, 647])
Face([121, 99, 346])
Face([623, 457, 629])
Face([224, 287, 719])
Face([551, 274, 120])
Face([101, 631, 422])
Face([448, 681, 302])
Face([680, 309, 47])
Face([405, 273, 683])
Face([8, 576, 545])
Face([601, 328, 269])
Face([263, 707, 581])
Face([683, 427, 238])
Face([88, 304, 243])
Face([132, 636, 317])
Face([560, 307, 583])
Face([45, 225, 171])
Face([342, 537, 697])
Face([348, 256, 678])
Face([560, 538, 4])
Face([0, 450, 44])
Face([474, 688, 693])
Face([640, 598, 455])
Face([56, 273, 427])
Face([7, 435, 564])
Face([20, 65, 365])
Face([403, 330, 554])
Face([138, 113, 234])
Face([232, 291, 614])
Face([296, 251, 567])
Face([220, 393, 311])
Face([665, 125, 477])
Face([576, 537, 399])
Face([82, 617, 454])
Face([21, 385, 134])
Face([666, 320, 657])
Face([631, 422, 559])
Face([521, 91, 677])
Face([501, 552, 273])
Face([382, 438, 479])
Face([624, 353, 314])
Face([127, 637, 326])
Face([372, 474, 671])
Face([442, 450, 263])
Face([216, 427, 238])
Face([321, 141, 351])
Face([69, 264, 366])
Face([264, 295, 366])
Face([315, 468, 455])
Face([157, 304, 676])
Face([4, 438, 167])
Face([357, 377, 466])
Face([395, 178, 476])
Face([245, 278, 383])
Face([187, 92, 398])
Face([151, 136, 298])
Face([78, 609, 132])
Face([267, 406, 60])
Face([363, 334, 56])
Face([285, 468, 598])
Face([5, 228, 691])
Face([668, 526, 600])
Face([42, 332, 305])
Face([3, 519, 623])
Face([479, 136, 670])
Face([541, 344, 134])
Face([483, 334, 695])
Face([540, 347, 677])
Face([503, 310, 492])
Face([531, 548, 277])
Face([220, 517, 393])
Face([286, 579, 181])
Face([534, 322, 252])
Face([484, 520, 23])
Face([62, 635, 119])
Face([11, 497, 698])
Face([289, 145, 668])
Face([20, 65, 394])
Face([193, 453, 119])
Face([659, 104, 596])
Face([472, 452, 694])
Face([620, 258, 93])
Face([154, 613, 653])
Face([411, 576, 569])
Face([584, 419, 508])
Face([527, 452, 656])
Face([581, 586, 611])
Face([22, 683, 405])
Face([501, 34, 109])
Face([698, 201, 478])
Face([2, 105, 560])
Face([11, 464, 529])
Face([453, 367, 689])
Face([184, 273, 270])
Face([288, 481, 191])
Face([4, 184, 216])
Face([634, 460, 71])
Face([270, 430, 647])
Face([543, 329, 92])
Face([317, 592, 587])
Face([119, 635, 92])
Face([165, 649, 558])
Face([595, 191, 269])
Face([403, 638, 447])
Face([497, 495, 509])
Face([4, 227, 167])
Face([114, 140, 163])
Face([624, 314, 36])
Face([115, 648, 82])
Face([17, 487, 361])
Face([52, 321, 141])
Face([98, 113, 251])
Face([497, 272, 509])
Face([348, 633, 636])
Face([305, 203, 349])
Face([113, 618, 654])
Face([336, 363, 486])
Face([15, 66, 156])
Face([102, 490, 589])
Face([187, 244, 311])
Face([166, 443, 712])
Face([487, 90, 575])
Face([240, 350, 446])
Face([448, 681, 684])
Face([356, 446, 283])
Face([551, 360, 274])
Face([428, 325, 528])
Face([288, 613, 582])
Face([209, 210, 285])
Face([295, 265, 399])
Face([193, 329, 543])
Face([8, 576, 376])
Face([502, 505, 470])
Face([286, 698, 478])
Face([182, 64, 536])
Face([404, 440, 498])
Face([20, 434, 266])
Face([150, 304, 88])
Face([183, 99, 713])
Face([23, 696, 235])
Face([174, 203, 188])
Face([493, 153, 333])
Face([267, 496, 493])
Face([285, 555, 669])
Face([13, 385, 569])
Face([522, 651, 663])
Face([686, 59, 10])
Face([564, 160, 175])
Face([599, 657, 675])
Face([310, 492, 343])
Face([208, 690, 223])
Face([131, 482, 236])
Face([12, 697, 463])
Face([137, 554, 326])
Face([13, 168, 469])
Face([36, 611, 581])
Face([327, 40, 86])
Face([89, 704, 85])
Face([7, 208, 223])
Face([293, 688, 614])
Face([68, 374, 157])
Face([54, 719, 456])
Face([545, 576, 697])
Face([559, 570, 655])
Face([109, 309, 647])
Face([529, 363, 56])
Face([233, 419, 508])
Face([29, 280, 571])
Face([469, 478, 718])
Face([318, 423, 492])
Face([29, 189, 111])
Face([5, 659, 691])
Face([138, 172, 460])
Face([49, 68, 495])
Face([352, 61, 366])
Face([77, 146, 164])
Face([542, 560, 438])
Face([349, 203, 367])
Face([164, 347, 707])
Face([3, 629, 114])
Face([135, 630, 63])
Face([431, 137, 554])
Face([515, 73, 490])
Face([686, 513, 59])
Face([548, 280, 189])
Face([314, 146, 475])
Face([568, 654, 567])
Face([533, 707, 433])
Face([228, 650, 340])
Face([161, 48, 494])
Face([706, 192, 215])
Face([3, 658, 519])
Face([105, 449, 307])
Face([284, 256, 274])
Face([41, 83, 444])
Face([303, 595, 269])
Face([691, 673, 43])
Face([321, 409, 539])
Face([397, 153, 394])
Face([206, 601, 396])
Face([582, 675, 613])
Face([230, 423, 530])
Face([442, 276, 262])
Face([21, 685, 469])
Face([161, 48, 279])
Face([545, 697, 463])
Face([290, 325, 681])
Face([197, 358, 266])
Face([289, 585, 377])
Face([296, 211, 670])
Face([97, 140, 85])
Face([58, 222, 215])
Face([138, 234, 230])
Face([94, 425, 468])
Face([545, 576, 399])
Face([603, 117, 607])
Face([30, 559, 422])
Face([31, 37, 400])
Face([202, 516, 110])
Face([71, 402, 230])
Face([231, 291, 246])
Face([68, 495, 465])
Face([560, 216, 307])
Face([237, 682, 598])
Face([212, 430, 51])
Face([176, 57, 277])
Face([315, 682, 468])
Face([82, 454, 503])
Face([317, 162, 578])
Face([628, 652, 470])
Face([96, 371, 101])
Face([44, 630, 217])
Face([176, 257, 57])
Face([25, 40, 502])
Face([234, 618, 118])
Face([678, 241, 149])
Face([404, 498, 653])
Face([161, 185, 494])
Face([95, 579, 177])
Face([176, 322, 148])
Face([117, 285, 669])
Face([109, 473, 549])
Face([9, 706, 58])
Face([567, 654, 107])
Face([641, 120, 284])
Face([684, 419, 681])
Face([319, 256, 274])
Face([75, 360, 238])
Face([87, 335, 574])
Face([711, 188, 716])
Face([390, 694, 215])
Face([248, 670, 158])
Face([62, 690, 635])
Face([176, 277, 189])
Face([150, 384, 125])
Face([664, 304, 157])
Face([13, 561, 569])
Face([293, 33, 476])
Face([98, 202, 251])
Face([391, 16, 213])
Face([494, 514, 185])
Face([196, 121, 661])
Face([511, 136, 670])
Face([658, 346, 381])
Face([702, 395, 399])
Face([343, 247, 423])
Face([594, 665, 715])
Face([665, 392, 709])
Face([2, 380, 542])
Face([702, 178, 395])
Face([336, 664, 486])
Face([305, 689, 587])
Face([73, 490, 589])
Face([547, 331, 149])
Face([593, 129, 210])
Face([462, 322, 625])
Face([500, 568, 211])
Face([51, 563, 549])
Face([711, 203, 701])
Face([548, 277, 189])
Face([424, 514, 427])
Face([138, 173, 118])
Face([221, 490, 362])
Face([546, 331, 85])
Face([499, 202, 516])
Face([176, 257, 189])
Face([380, 127, 438])
Face([148, 94, 462])
Face([163, 602, 357])
Face([165, 714, 558])
Face([590, 674, 489])
Face([403, 593, 278])
Face([639, 126, 349])
Face([363, 483, 486])
Face([23, 443, 166])
Face([550, 41, 444])
Face([426, 147, 668])
Face([358, 298, 580])
Face([224, 673, 456])
Face([178, 477, 294])
Face([67, 595, 532])
Face([413, 619, 387])
Face([90, 76, 415])
Face([430, 421, 535])
Face([285, 210, 598])
Face([692, 313, 586])
Face([434, 674, 46])
Face([272, 592, 437])
Face([672, 55, 207])
Face([10, 290, 254])
Face([41, 83, 421])
Face([708, 385, 195])
Face([214, 296, 511])
Face([675, 163, 357])
Face([5, 200, 103])
Face([123, 195, 507])
Face([290, 17, 527])
Face([23, 408, 67])
Face([155, 652, 323])
Face([41, 73, 444])
Face([424, 461, 427])
Face([62, 544, 337])
Face([398, 639, 126])
Face([52, 545, 702])
Face([295, 243, 441])
Face([3, 324, 519])
Face([87, 672, 258])
Face([15, 613, 133])
Face([564, 584, 534])
Face([332, 587, 605])
Face([235, 104, 616])
Face([370, 574, 107])
Face([142, 525, 54])
Face([249, 288, 191])
Face([625, 418, 300])
Face([561, 212, 292])
Face([36, 297, 314])
Face([623, 633, 162])
Face([658, 121, 661])
Face([7, 209, 223])
Face([666, 130, 491])
Face([249, 372, 147])
Face([221, 26, 420])
Face([193, 305, 453])
Face([134, 283, 607])
Face([105, 560, 307])
Face([566, 64, 440])
Face([496, 526, 126])
Face([144, 338, 661])
Face([693, 291, 565])
Face([45, 500, 568])
Face([631, 323, 684])
Face([106, 388, 142])
Face([477, 715, 703])
Face([698, 201, 571])
Face([5, 659, 484])
Face([527, 192, 222])
Face([590, 644, 153])
Face([545, 553, 539])
Face([620, 112, 93])
Face([111, 257, 559])
Face([507, 283, 446])
Face([173, 146, 77])
Face([266, 248, 358])
Face([279, 170, 48])
Face([26, 420, 190])
Face([97, 156, 622])
Face([38, 212, 292])
Face([157, 304, 150])
Face([74, 191, 269])
Face([436, 247, 440])
Face([25, 90, 532])
Face([497, 272, 465])
Face([9, 706, 339])
Face([122, 585, 701])
Face([226, 177, 280])
Face([15, 613, 154])
Face([15, 154, 687])
Face([57, 169, 419])
Face([665, 612, 477])
Face([303, 520, 645])
Face([44, 135, 53])
Face([385, 283, 195])
Face([156, 608, 163])
Face([593, 555, 598])
Face([17, 180, 631])
Face([578, 282, 204])
Face([538, 299, 540])
Face([165, 714, 503])
Face([69, 264, 19])
Face([706, 388, 616])
Face([376, 485, 646])
Face([546, 85, 717])
Face([4, 227, 501])
Face([650, 107, 558])
Face([394, 666, 259])
Face([427, 449, 589])
Face([197, 608, 365])
Face([456, 76, 719])
Face([267, 496, 194])
Face([668, 600, 145])
Face([639, 655, 349])
Face([96, 101, 254])
Face([660, 715, 375])
Face([248, 296, 670])
Face([293, 294, 125])
Face([183, 324, 711])
Face([443, 467, 351])
Face([199, 677, 350])
Face([114, 608, 241])
Face([14, 232, 594])
Face([651, 491, 493])
Face([180, 361, 502])
Face([80, 213, 318])
Face([50, 511, 445])
Face([560, 438, 583])
Face([49, 483, 68])
Face([69, 548, 95])
Face([47, 549, 647])
Face([373, 523, 159])
Face([454, 604, 503])
Face([214, 108, 345])
Face([205, 115, 539])
Face([527, 452, 222])
Face([509, 272, 407])
Face([441, 612, 458])
Face([459, 129, 555])
Face([309, 47, 647])
Face([68, 465, 121])
Face([66, 161, 610])
Face([520, 663, 645])
Face([428, 325, 287])
Face([172, 98, 158])
Face([132, 609, 337])
Face([372, 147, 505])
Face([78, 284, 383])
Face([74, 712, 271])
Face([87, 258, 596])
Face([483, 664, 486])
Face([18, 155, 667])
Face([181, 292, 561])
Face([39, 72, 379])
Face([464, 552, 144])
Face([348, 633, 658])
Face([73, 490, 413])
Face([137, 500, 326])
Face([373, 400, 37])
Face([12, 634, 221])
Face([382, 471, 637])
Face([593, 555, 139])
Face([544, 252, 534])
Face([320, 663, 239])
Face([238, 360, 341])
Face([640, 598, 210])
Face([476, 37, 31])
Face([315, 237, 455])
Face([218, 304, 177])
Face([465, 346, 381])
Face([625, 300, 455])
Face([550, 444, 77])
Face([362, 537, 463])
Face([385, 240, 569])
Face([170, 704, 379])
Face([547, 89, 717])
Face([64, 72, 440])
Face([567, 662, 110])
Face([531, 718, 255])
Face([67, 696, 415])
Face([103, 200, 674])
Face([542, 538, 167])
Face([187, 572, 79])
Face([363, 432, 506])
Face([306, 300, 309])
Face([206, 293, 614])
Face([80, 297, 198])
Face([373, 37, 159])
Face([26, 152, 190])
Face([206, 37, 294])
Face([227, 473, 447])
Face([463, 26, 364])
Face([6, 393, 620])
Face([55, 388, 142])
Face([92, 329, 453])
Face([280, 177, 179])
Face([101, 361, 575])
Face([434, 516, 662])
Face([31, 400, 141])
Face([82, 714, 503])
Face([205, 115, 36])
Face([67, 408, 467])
Face([337, 592, 418])
Face([510, 107, 574])
Face([102, 449, 515])
Face([526, 126, 639])
Face([627, 681, 302])
Face([443, 712, 281])
Face([7, 435, 686])
Face([454, 492, 503])
Face([593, 139, 621])
Face([431, 139, 171])
Face([127, 500, 326])
Face([22, 641, 144])
Face([583, 438, 479])
Face([15, 97, 675])
Face([416, 208, 210])
Face([212, 355, 100])
Face([259, 488, 122])
Face([1, 672, 263])
Face([509, 495, 179])
Face([631, 371, 559])
Face([75, 501, 120])
Face([12, 80, 634])
Face([506, 589, 56])
Face([584, 148, 508])
Face([226, 368, 652])
Face([30, 368, 470])
Face([29, 176, 189])
Face([531, 277, 255])
Face([94, 625, 534])
Face([15, 133, 599])
Face([359, 50, 108])
Face([568, 113, 251])
Face([669, 682, 555])
Face([74, 653, 271])
Face([560, 556, 538])
Face([159, 703, 178])
Face([577, 137, 45])
Face([177, 304, 179])
Face([270, 56, 506])
Face([111, 42, 559])
Face([344, 425, 685])
Face([484, 165, 659])
Face([519, 658, 633])
Face([356, 91, 541])
Face([685, 47, 51])
Face([365, 608, 163])
Face([66, 161, 622])
Face([570, 349, 174])
Face([310, 247, 343])
Face([680, 308, 47])
Face([23, 235, 165])
Face([209, 369, 508])
Face([29, 176, 301])
Face([354, 536, 566])
Face([295, 705, 243])
Face([79, 204, 632])
Face([659, 691, 596])
Face([236, 466, 357])
Face([23, 520, 303])
Face([6, 403, 245])
Face([264, 177, 243])
Face([259, 122, 602])
Face([627, 195, 607])
Face([564, 252, 543])
Face([327, 626, 694])
Face([23, 165, 166])
Face([628, 688, 470])
Face([667, 627, 302])
Face([267, 673, 493])
Face([15, 97, 687])
Face([266, 499, 248])
Face([689, 367, 700])
Face([673, 84, 493])
Face([585, 701, 174])
Face([146, 164, 118])
Face([441, 486, 458])
Face([25, 426, 90])
Face([181, 705, 292])
Face([718, 201, 571])
Face([431, 139, 621])
Face([232, 131, 582])
Face([474, 688, 614])
Face([548, 226, 652])
Face([221, 32, 71])
Face([405, 552, 273])
Face([90, 595, 532])
Face([206, 614, 372])
Face([176, 148, 255])
Face([28, 523, 261])
Face([538, 83, 540])
Face([514, 238, 307])
Face([182, 64, 261])
Face([597, 456, 54])
Face([29, 280, 189])
Face([582, 377, 675])
Face([232, 671, 291])
Face([362, 512, 619])
Face([327, 33, 40])
Face([88, 477, 265])
Face([11, 529, 49])
Face([659, 235, 165])
Face([9, 58, 692])
Face([2, 583, 172])
Face([518, 612, 709])
Face([570, 188, 573])
Face([218, 304, 88])
Face([61, 705, 387])
Face([223, 544, 543])
Face([354, 281, 566])
Face([480, 568, 124])
Face([599, 268, 197])
Face([78, 109, 237])
Face([160, 193, 252])
Face([642, 82, 451])
Face([582, 131, 236])
Face([12, 550, 634])
Face([680, 698, 478])
Face([481, 657, 130])
Face([154, 653, 404])
Face([0, 591, 541])
Face([319, 136, 445])
Face([561, 212, 100])
Face([12, 362, 221])
Face([254, 575, 487])
Face([565, 676, 407])
Face([138, 98, 113])
Face([629, 256, 678])
Face([434, 516, 239])
Face([87, 574, 650])
Face([705, 579, 243])
Face([248, 296, 251])
Face([429, 137, 431])
Face([144, 34, 306])
Face([263, 672, 207])
Face([580, 241, 298])
Face([526, 639, 655])
Face([560, 4, 438])
Face([498, 440, 247])
Face([629, 457, 319])
Face([620, 621, 630])
Face([692, 313, 507])
Face([328, 400, 269])
Face([474, 291, 693])
Face([385, 283, 134])
Face([93, 597, 596])
Face([335, 620, 621])
Face([44, 369, 135])
Face([435, 329, 564])
Face([691, 596, 597])
Face([571, 579, 179])
Face([398, 406, 126])
Face([332, 587, 381])
Face([82, 451, 503])
Face([262, 533, 124])
Face([83, 444, 556])
Face([10, 290, 287])
Face([286, 336, 292])
Face([261, 523, 159])
Face([214, 108, 445])
Face([24, 436, 524])
Face([480, 618, 124])
Face([6, 220, 245])
Face([445, 632, 326])
Face([152, 477, 703])
Face([183, 717, 121])
Face([533, 617, 433])
Face([88, 441, 612])
Face([154, 392, 229])
Face([21, 469, 134])
Face([319, 186, 274])
Face([103, 340, 510])
Face([69, 19, 485])
Face([165, 714, 235])
Face([418, 592, 437])
Face([267, 496, 406])
Face([49, 495, 664])
Face([450, 586, 263])
Face([14, 288, 249])
Face([530, 110, 310])
Face([58, 313, 388])
Face([642, 409, 351])
Face([248, 202, 524])
Face([24, 358, 248])
Face([531, 18, 667])
Face([198, 550, 146])
Face([404, 498, 378])
Face([316, 112, 630])
Face([168, 169, 667])
Face([98, 251, 158])
Face([314, 433, 475])
Face([411, 240, 35])
Face([259, 130, 333])
Face([173, 634, 460])
Face([10, 224, 287])
Face([223, 544, 534])
Face([2, 480, 138])
Face([144, 641, 34])
Face([141, 626, 694])
Face([577, 137, 431])
Face([514, 449, 427])
Face([16, 354, 213])
Face([48, 704, 622])
Face([501, 552, 647])
Face([523, 400, 351])
Face([606, 225, 347])
Face([132, 337, 306])
Face([561, 240, 569])
Face([157, 676, 246])
Face([398, 367, 439])
Face([14, 601, 410])
Face([434, 499, 516])
Face([497, 272, 437])
Face([411, 35, 697])
Face([465, 407, 346])
Face([469, 478, 685])
Face([503, 714, 604])
Face([249, 426, 70])
Face([306, 592, 636])
Face([410, 601, 191])
Face([209, 94, 508])
Face([161, 580, 622])
Face([672, 104, 207])
Face([93, 513, 517])
Face([133, 320, 657])
Face([398, 406, 439])
Face([160, 329, 371])
Face([708, 385, 569])
Face([521, 276, 347])
Face([108, 79, 699])
Face([612, 458, 588])
Face([4, 184, 538])
Face([184, 273, 501])
Face([164, 433, 707])
Face([190, 420, 39])
Face([70, 289, 481])
Face([363, 432, 486])
Face([287, 290, 325])
Face([12, 550, 342])
Face([395, 476, 626])
Face([397, 491, 663])
Face([30, 368, 693])
Face([101, 371, 631])
Face([590, 260, 489])
Face([49, 529, 338])
Face([662, 516, 253])
Face([228, 340, 590])
Face([301, 42, 605])
Face([527, 681, 222])
Face([62, 317, 119])
Face([594, 715, 294])
Face([286, 478, 718])
Face([59, 267, 60])
Face([595, 191, 645])
Face([279, 185, 643])
Face([357, 466, 701])
Face([512, 490, 432])
Face([546, 140, 85])
Face([597, 63, 525])
Face([52, 626, 646])
Face([34, 120, 78])
Face([641, 256, 284])
Face([680, 300, 309])
Face([342, 41, 100])
Face([342, 537, 387])
Face([89, 461, 695])
Face([181, 705, 61])
Face([666, 320, 491])
Face([380, 480, 568])
Face([196, 338, 68])
Face([438, 471, 127])
Face([28, 498, 653])
Face([90, 76, 532])
Face([687, 482, 392])
Face([332, 346, 188])
Face([177, 579, 243])
Face([286, 181, 718])
Face([21, 344, 685])
Face([97, 622, 687])
Face([189, 323, 277])
Face([370, 654, 124])
Face([124, 654, 568])
Face([218, 226, 177])
Face([227, 120, 78])
Face([0, 356, 541])
Face([158, 185, 341])
Face([476, 33, 37])
Face([394, 153, 333])
Face([406, 333, 153])
Face([332, 346, 381])
Face([583, 307, 341])
Face([630, 258, 63])
Face([5, 228, 590])
Face([650, 574, 107])
Face([52, 321, 702])
Face([9, 642, 115])
Face([22, 551, 683])
Face([420, 512, 490])
Face([254, 290, 719])
Face([232, 291, 231])
Face([364, 265, 399])
Face([39, 610, 279])
Face([214, 511, 445])
Face([221, 391, 71])
Face([219, 457, 143])
Face([460, 643, 230])
Face([383, 278, 447])
Face([594, 665, 125])
Face([691, 456, 696])
Face([135, 142, 63])
Face([70, 481, 191])
Face([411, 624, 446])
Face([620, 258, 630])
Face([17, 684, 631])
Face([483, 458, 518])
Face([402, 536, 423])
Face([67, 595, 415])
Face([81, 150, 518])
Face([541, 603, 283])
Face([103, 662, 107])
Face([14, 288, 410])
Face([403, 330, 139])
Face([535, 387, 100])
Face([172, 185, 158])
Face([205, 36, 553])
Face([475, 234, 454])
Face([45, 554, 127])
Face([178, 265, 477])
Face([698, 571, 509])
Face([331, 241, 149])
Face([436, 202, 524])
Face([133, 657, 613])
Face([161, 524, 610])
Face([710, 467, 351])
Face([582, 613, 660])
Face([637, 186, 638])
Face([635, 690, 92])
Face([352, 69, 366])
Face([28, 281, 523])
Face([6, 620, 621])
Face([308, 425, 468])
Face([206, 33, 293])
Face([474, 291, 671])
Face([132, 306, 636])
Face([536, 423, 318])
Face([292, 387, 535])
Face([328, 532, 269])
Face([650, 340, 574])
Face([116, 676, 693])
Face([130, 333, 145])
Face([394, 491, 333])
Face([631, 257, 559])
Face([294, 715, 477])
Face([87, 650, 558])
Face([706, 408, 504])
Face([317, 592, 337])
Face([406, 488, 126])
Face([261, 375, 229])
Face([416, 208, 690])
Face([520, 271, 239])
Face([535, 387, 413])
Face([69, 226, 19])
Face([424, 427, 589])
Face([312, 710, 215])
Face([30, 570, 615])
Face([553, 297, 539])
Face([321, 409, 354])
Face([267, 493, 153])
Face([176, 201, 255])
Face([235, 104, 714])
Face([542, 275, 540])
Face([204, 186, 282])
Face([570, 655, 349])
Face([190, 379, 39])
Face([704, 482, 709])
Face([459, 276, 591])
Face([38, 685, 212])
Face([158, 341, 670])
Face([594, 294, 125])
Face([582, 131, 660])
Face([483, 334, 458])
Face([621, 129, 630])
Face([555, 139, 562])
Face([679, 203, 367])
Face([105, 172, 307])
Face([541, 117, 669])
Face([166, 253, 310])
Face([11, 49, 497])
Face([686, 59, 412])
Face([412, 398, 639])
Face([356, 386, 611])
Face([609, 640, 278])
Face([292, 705, 387])
Face([454, 433, 618])
Face([342, 387, 413])
Face([506, 432, 589])
Face([69, 485, 366])
Face([500, 567, 510])
Face([144, 636, 641])
Face([106, 123, 222])
Face([314, 353, 164])
Face([327, 33, 476])
Face([397, 522, 493])
Face([603, 233, 53])
Face([469, 425, 462])
Face([309, 47, 315])
Face([14, 232, 372])
Face([11, 38, 286])
Face([452, 694, 215])
Face([171, 330, 554])
Face([187, 417, 79])
Face([706, 710, 215])
Face([23, 443, 303])
Face([143, 488, 439])
Face([228, 517, 340])
Face([286, 292, 181])
Face([246, 676, 565])
Face([197, 608, 358])
Face([220, 632, 245])
Face([145, 585, 600])
Face([209, 584, 508])
Face([385, 283, 446])
Face([499, 516, 378])
Face([42, 193, 605])
Face([709, 588, 414])
Face([398, 453, 639])
Face([78, 609, 383])
Face([578, 162, 282])
Face([69, 177, 226])
Face([261, 64, 566])
Face([43, 673, 267])
Face([272, 592, 381])
Face([137, 345, 510])
Face([4, 75, 382])
Face([248, 202, 251])
Face([316, 135, 428])
Face([519, 700, 623])
Face([363, 56, 506])
Face([23, 408, 443])
Face([402, 230, 423])
Face([642, 409, 451])
Face([127, 211, 500])
Face([96, 526, 639])
Face([183, 324, 140])
Face([263, 617, 533])
Face([246, 384, 291])
Face([376, 576, 366])
Face([231, 99, 716])
Face([583, 211, 158])
Face([582, 377, 466])
Face([235, 616, 504])
Face([221, 32, 515])
Face([87, 574, 370])
Face([500, 214, 510])
Face([159, 715, 294])
Face([329, 371, 639])
Face([120, 274, 284])
Face([6, 403, 431])
Face([303, 443, 712])
Face([229, 715, 703])
Face([235, 504, 696])
Face([339, 642, 82])
Face([635, 204, 311])
Face([344, 685, 51])
Face([181, 579, 95])
Face([154, 392, 687])
Face([379, 704, 709])
Face([597, 525, 596])
Face([650, 659, 596])
Face([78, 237, 447])
Face([173, 606, 77])
Face([15, 66, 404])
Face([6, 393, 220])
Face([261, 229, 703])
Face([202, 530, 110])
Face([32, 402, 71])
Face([50, 219, 151])
Face([417, 162, 282])
Face([34, 309, 109])
Face([389, 123, 195])
Face([474, 615, 671])
Face([578, 204, 383])
Face([481, 130, 491])
Face([374, 81, 246])
Face([279, 48, 514])
Face([194, 84, 575])
Face([386, 313, 586])
Face([38, 212, 430])
Face([281, 566, 343])
Face([148, 322, 534])
Face([60, 187, 398])
Face([151, 608, 241])
Face([445, 136, 637])
Face([644, 60, 572])
Face([208, 210, 316])
Face([346, 188, 711])
Face([122, 585, 145])
Face([480, 113, 568])
Face([59, 60, 412])
Face([158, 211, 251])
Face([152, 612, 477])
Face([529, 552, 405])
Face([561, 387, 292])
Face([183, 546, 717])
Face([187, 244, 92])
Face([232, 372, 614])
Face([98, 202, 530])
Face([13, 531, 718])
Face([541, 344, 91])
Face([377, 585, 466])
Face([53, 142, 55])
Face([6, 593, 403])
Face([232, 466, 582])
Face([98, 113, 530])
Face([10, 96, 59])
Face([615, 147, 505])
Face([497, 698, 437])
Face([609, 640, 455])
Face([12, 463, 391])
Face([143, 700, 439])
Face([184, 421, 270])
Face([549, 563, 647])
Face([281, 409, 351])
Face([482, 713, 236])
Face([224, 456, 597])
Face([485, 19, 327])
Face([168, 531, 667])
Face([710, 390, 215])
Face([94, 468, 625])
Face([28, 712, 74])
Face([217, 621, 630])
Face([44, 459, 217])
Face([78, 132, 284])
Face([4, 501, 184])
Face([429, 345, 340])
Face([232, 131, 231])
Face([218, 384, 125])
Face([420, 32, 39])
Face([541, 603, 117])
Face([567, 654, 110])
Face([75, 360, 551])
Face([391, 536, 71])
Face([362, 490, 413])
Face([500, 214, 326])
Face([193, 543, 119])
Face([12, 550, 198])
Face([48, 424, 514])
Face([47, 549, 315])
Face([193, 252, 605])
Face([29, 176, 201])
Face([21, 344, 134])
Face([52, 312, 646])
Face([495, 465, 407])
Face([324, 679, 519])
Face([287, 597, 54])
Face([391, 536, 182])
Face([180, 86, 502])
Face([630, 112, 63])
Face([680, 300, 437])
Face([528, 290, 10])
Face([189, 257, 323])
Face([209, 369, 285])
Face([568, 113, 654])
Face([376, 352, 18])
Face([518, 709, 414])
Face([240, 355, 100])
Face([93, 597, 63])
Face([26, 512, 420])
Face([127, 554, 471])
Face([554, 638, 471])
Face([560, 216, 4])
Face([23, 520, 166])
Face([451, 648, 409])
Face([49, 68, 338])
Face([213, 409, 354])
Face([649, 654, 110])
Face([111, 257, 301])
Face([424, 461, 334])
Face([685, 308, 478])
Face([363, 483, 334])
Face([25, 426, 396])
Face([5, 650, 659])
Face([206, 601, 37])
Face([68, 121, 374])
Face([344, 425, 669])
Face([16, 364, 182])
Face([164, 353, 677])
Face([595, 651, 70])
Face([38, 680, 478])
Face([7, 686, 208])
Face([0, 459, 44])
Face([308, 462, 625])
Face([27, 430, 270])
Face([102, 424, 589])
Face([317, 633, 587])
Face([319, 186, 445])
Face([289, 130, 377])
Face([599, 268, 666])
Face([654, 618, 604])
Face([168, 195, 607])
Face([436, 440, 610])
Face([181, 705, 579])
Face([50, 457, 319])
Face([115, 82, 242])
Face([664, 579, 179])
Face([39, 170, 279])
Face([486, 619, 432])
Face([451, 648, 492])
Face([487, 25, 90])
Face([166, 451, 503])
Face([512, 619, 441])
Face([549, 401, 299])
Face([132, 337, 317])
Face([2, 138, 173])
Face([43, 597, 93])
Face([18, 548, 155])
Face([280, 571, 95])
Face([17, 487, 527])
Face([2, 480, 380])
Face([32, 102, 279])
Face([397, 674, 394])
Face([5, 397, 590])
Face([32, 643, 279])
Face([155, 652, 548])
Face([660, 613, 154])
Face([328, 532, 390])
Face([317, 592, 636])
Face([90, 426, 575])
Face([128, 692, 205])
Face([698, 201, 250])
Face([522, 673, 493])
Face([155, 277, 667])
Face([216, 427, 273])
Face([411, 576, 697])
Face([666, 130, 259])
Face([546, 331, 547])
Face([450, 672, 263])
Face([468, 682, 598])
Face([704, 482, 85])
Face([420, 102, 170])
Face([53, 135, 142])
Face([209, 534, 223])
Face([661, 465, 338])
Face([584, 148, 534])
Face([613, 657, 675])
Face([80, 297, 213])
Face([514, 449, 307])
Face([14, 660, 582])
Face([293, 125, 614])
Face([223, 564, 543])
Face([5, 522, 397])
Face([356, 353, 521])
Face([73, 449, 556])
Face([339, 408, 642])
Face([316, 129, 210])
Face([367, 439, 700])
Face([376, 352, 569])
Face([248, 251, 158])
Face([587, 689, 633])
Face([475, 234, 118])
Face([184, 556, 216])
Face([348, 623, 633])
Face([515, 73, 449])
Face([167, 330, 471])
Face([178, 477, 703])
Face([413, 619, 432])
Face([105, 515, 460])
Face([524, 185, 158])
Face([376, 352, 366])
Face([506, 413, 535])
Face([702, 626, 31])
Face([152, 512, 441])
Face([218, 264, 177])
Face([706, 192, 504])
Face([405, 56, 461])
Face([430, 51, 47])
Face([75, 216, 238])
Face([8, 128, 205])
Face([606, 540, 77])
Face([218, 384, 304])
Face([105, 449, 515])
Face([500, 567, 568])
Face([19, 293, 218])
Face([162, 689, 700])
Face([564, 160, 329])
Face([226, 652, 628])
Face([646, 312, 694])
Face([558, 649, 107])
Face([137, 574, 510])
Face([356, 611, 446])
Face([19, 218, 226])
Face([713, 140, 236])
Face([339, 714, 82])
Face([27, 506, 535])
Face([420, 32, 102])
Face([107, 649, 654])
Face([661, 465, 121])
Face([7, 528, 435])
Face([308, 468, 625])
Face([2, 480, 606])
Face([662, 516, 110])
Face([344, 91, 355])
Face([126, 600, 349])
Face([384, 688, 614])
Face([510, 107, 567])
Face([513, 644, 60])
Face([88, 612, 477])
Face([108, 632, 445])
Face([470, 474, 688])
Face([220, 632, 345])
Face([5, 650, 228])
Face([625, 418, 322])
Face([237, 598, 278])
Face([30, 474, 615])
Face([522, 651, 415])
Face([20, 65, 359])
Face([35, 199, 350])
Face([387, 537, 619])
Face([143, 602, 259])
Face([43, 644, 267])
Face([440, 247, 423])
Face([50, 151, 319])
Face([131, 392, 482])
Face([506, 432, 413])
Face([192, 215, 222])
Face([410, 660, 375])
Face([15, 599, 156])
Face([38, 478, 286])
Face([30, 470, 422])
Face([249, 601, 396])
Face([115, 409, 539])
Face([316, 129, 369])
Face([79, 204, 311])
Face([364, 178, 703])
Face([428, 135, 63])
Face([578, 282, 284])
Face([488, 439, 367])
Face([214, 345, 326])
Face([89, 717, 85])
Face([184, 538, 556])
Face([305, 188, 332])
Face([48, 89, 424])
Face([429, 137, 574])
Face([324, 140, 357])
Face([577, 574, 137])
Face([102, 424, 170])
Face([306, 300, 437])
Face([12, 80, 198])
Face([172, 643, 460])
Face([658, 346, 711])
Face([0, 356, 521])
Face([699, 572, 439])
Face([354, 409, 281])
Face([196, 461, 695])
Face([263, 617, 207])
Face([90, 84, 70])
Face([28, 261, 375])
Face([106, 233, 627])
Face([165, 166, 503])
Face([686, 112, 513])
Face([213, 536, 354])
Face([29, 201, 250])
Face([376, 389, 18])
Face([21, 240, 561])
Face([44, 129, 459])
Face([328, 400, 390])
Face([546, 547, 678])
Face([495, 676, 157])
Face([1, 672, 87])
Face([288, 582, 377])
Face([397, 522, 663])
Face([405, 56, 273])
Face([144, 306, 636])
Face([538, 563, 299])
Face([287, 325, 142])
Face([583, 341, 158])
Face([559, 160, 257])
Face([370, 124, 533])
Face([267, 673, 194])
Face([603, 283, 607])
Face([220, 260, 79])
Face([109, 315, 549])
Face([321, 141, 31])
Face([321, 409, 351])
Face([176, 277, 255])
Face([393, 513, 244])
Face([289, 585, 147])
Face([436, 202, 499])
Face([303, 520, 712])
Face([629, 241, 151])
Face([317, 633, 162])
Face([135, 233, 325])
Face([334, 414, 695])
Face([329, 453, 639])
Face([672, 258, 525])
Face([469, 462, 255])
Face([196, 338, 661])
Face([201, 462, 255])
Face([651, 491, 663])
Face([365, 259, 666])
Face([559, 655, 371])
Face([138, 234, 118])
Face([368, 652, 470])
Face([362, 26, 463])
Face([168, 195, 667])
Face([525, 258, 63])
Face([528, 419, 584])
Face([60, 572, 187])
Face([518, 458, 414])
Face([45, 500, 127])
Face([115, 297, 539])
Face([314, 433, 581])
Face([393, 244, 311])
Face([156, 580, 622])
Face([402, 440, 423])
Face([171, 275, 330])
Face([295, 366, 399])
Face([512, 619, 432])
Face([267, 153, 406])
Face([402, 64, 536])
Face([450, 586, 55])
Face([250, 322, 301])
Face([356, 446, 350])
Face([350, 353, 677])
Face([199, 41, 83])
Face([270, 421, 430])
Face([487, 90, 76])
Face([364, 702, 399])
Face([31, 626, 141])
Face([580, 331, 494])
Face([689, 203, 367])
Face([375, 715, 229])
Face([259, 130, 122])
Face([401, 682, 562])
Face([480, 606, 118])
Face([15, 66, 687])
Face([484, 663, 522])
Face([125, 384, 614])
Face([395, 265, 178])
Face([464, 144, 306])
Face([420, 170, 588])
Face([422, 505, 470])
Face([535, 41, 413])
Face([706, 408, 710])
Face([545, 697, 553])
Face([396, 33, 502])
Face([545, 463, 16])
Face([62, 690, 543])
Face([127, 637, 479])
Face([524, 98, 643])
Face([114, 219, 629])
Face([523, 400, 31])
Face([553, 624, 198])
Face([90, 84, 415])
Face([97, 163, 140])
Face([27, 363, 336])
Face([314, 353, 581])
Face([66, 156, 622])
Face([640, 598, 278])
Face([197, 24, 358])
Face([66, 72, 610])
Face([512, 458, 432])
Face([718, 201, 255])
Face([87, 104, 558])
Face([94, 625, 462])
Face([308, 425, 462])
Face([382, 637, 479])
Face([442, 521, 707])
Face([157, 150, 246])
Face([314, 146, 164])
Face([0, 386, 356])
Face([205, 9, 312])
Face([40, 656, 390])
Face([528, 290, 325])
Face([52, 539, 545])
Face([40, 452, 694])
Face([549, 682, 401])
Face([218, 226, 688])
Face([534, 625, 322])
Face([286, 698, 571])
Face([442, 707, 263])
Face([685, 425, 308])
Face([481, 320, 491])
Face([305, 453, 349])
Face([133, 268, 599])
Face([221, 634, 515])
Face([206, 372, 396])
Face([684, 57, 175])
Face([494, 514, 238])
Face([599, 365, 666])
Face([31, 178, 159])
Face([527, 192, 719])
Face([411, 697, 553])
Face([448, 681, 527])
Face([196, 461, 405])
Face([494, 238, 149])
Face([246, 384, 676])
Face([356, 91, 350])
Face([60, 412, 398])
Face([359, 674, 489])
Face([337, 544, 418])
Face([187, 311, 79])
Face([583, 211, 479])
Face([303, 443, 467])
Face([644, 260, 572])
Face([8, 411, 708])
Face([116, 509, 407])
Face([93, 112, 513])
Face([202, 530, 247])
Face([260, 517, 340])
Face([546, 547, 717])
Face([62, 609, 578])
Face([380, 438, 583])
Face([80, 146, 198])
Face([228, 43, 691])
Face([525, 104, 616])
Face([105, 444, 515])
Face([618, 433, 118])
Face([642, 451, 443])
Face([374, 713, 717])
Face([115, 242, 36])
Face([99, 346, 711])
Face([334, 461, 695])
Face([45, 137, 500])
Face([266, 434, 499])
Face([428, 686, 112])
Face([243, 441, 486])
Face([38, 292, 286])
Face([558, 649, 604])
Face([523, 31, 159])
Face([601, 191, 269])
Face([271, 320, 239])
Face([268, 320, 666])
Face([66, 72, 687])
Face([551, 641, 120])
Face([317, 633, 636])
Face([380, 211, 568])
Face([459, 129, 621])
Face([484, 520, 253])
Face([457, 417, 699])
Face([359, 489, 108])
Face([249, 426, 396])
Face([69, 226, 548])
Face([129, 555, 285])
Face([3, 324, 183])
Face([49, 483, 363])
Face([59, 224, 194])
Face([190, 420, 588])
Face([448, 323, 155])
Face([233, 419, 325])
Face([187, 417, 635])
Face([397, 491, 493])
Face([108, 489, 699])
Face([0, 521, 442])
Face([141, 400, 390])
Face([182, 364, 703])
Face([128, 123, 389])
Face([11, 336, 27])
Face([27, 529, 270])
Face([34, 552, 309])
Face([456, 76, 415])
Face([259, 488, 333])
Face([254, 17, 487])
Face([693, 384, 291])
Face([463, 697, 537])
Face([274, 136, 637])
Face([190, 64, 229])
Face([632, 186, 638])
Face([704, 709, 414])
Face([17, 448, 684])
Face([545, 463, 399])
Face([675, 657, 377])
Face([29, 116, 509])
Face([226, 368, 688])
Face([216, 238, 307])
Face([635, 690, 311])
Face([529, 56, 405])
Face([416, 640, 210])
Face([200, 253, 239])
Face([521, 353, 677])
Face([211, 479, 670])
Face([231, 466, 716])
Face([39, 610, 72])
Face([699, 489, 572])
Face([636, 592, 381])
Face([687, 704, 379])
Face([573, 188, 565])
Face([25, 328, 396])
Face([370, 558, 604])
Face([3, 658, 348])
Face([13, 561, 21])
Face([519, 689, 633])
Face([364, 178, 702])
Face([40, 452, 656])
Face([589, 432, 490])
Face([114, 608, 219])
Face([673, 194, 84])
Face([80, 318, 71])
Face([5, 522, 691])
Face([359, 674, 46])
Face([695, 414, 518])
Face([11, 38, 680])
Face([22, 547, 683])
Face([445, 136, 511])
Face([213, 648, 318])
Face([472, 452, 302])
Face([645, 320, 663])
Face([18, 667, 389])
Face([406, 496, 126])
Face([11, 27, 38])
Face([242, 82, 339])
Face([463, 364, 399])
Face([352, 18, 69])
Face([206, 594, 614])
Face([196, 461, 547])
Face([6, 429, 431])
Face([7, 564, 223])
Face([382, 471, 438])
Face([487, 656, 527])
Face([535, 41, 421])
Face([629, 241, 678])
Face([263, 617, 581])
Face([22, 196, 661])
Face([464, 497, 338])
Face([52, 312, 141])
Face([360, 298, 341])
Face([229, 392, 715])
Face([109, 237, 315])
Face([21, 240, 385])
Face([567, 662, 107])
Face([0, 603, 541])
Face([594, 131, 660])
Face([138, 98, 172])
Face([430, 47, 647])
Face([415, 651, 595])
Face([615, 600, 174])
Face([542, 225, 275])
Face([526, 655, 600])
Face([571, 579, 95])
Face([365, 163, 602])
Face([208, 210, 223])
Face([190, 229, 703])
Face([121, 465, 346])
Face([374, 717, 695])
Face([105, 444, 556])
Face([60, 406, 398])
Face([554, 638, 326])
Face([16, 321, 539])
Face([244, 690, 92])
Face([5, 590, 103])
Face([131, 392, 665])
Face([288, 657, 613])
Face([361, 502, 25])
Face([321, 523, 351])
Face([680, 300, 308])
Face([161, 185, 279])
Face([675, 377, 357])
Face([404, 72, 440])
Face([65, 50, 219])
Face([99, 711, 716])
Face([561, 387, 61])
Face([391, 26, 182])
Face([103, 662, 46])
Face([108, 79, 632])
Face([246, 291, 565])
Face([601, 328, 396])
Face([1, 533, 262])
Face([601, 373, 269])
Face([512, 441, 458])
Face([469, 718, 255])
Face([284, 186, 383])
Face([171, 225, 275])
Face([522, 696, 415])
Face([454, 648, 492])
Face([213, 409, 539])
Face([62, 337, 609])
Face([32, 402, 643])
Face([138, 480, 118])
Face([476, 37, 294])
Face([591, 401, 562])
Face([570, 305, 188])
Face([231, 713, 236])
Face([599, 365, 197])
Face([50, 108, 445])
Face([356, 91, 521])
Face([593, 598, 278])
Face([152, 441, 612])
Face([28, 74, 653])
Face([14, 288, 582])
Face([580, 331, 622])
Face([498, 653, 271])
Face([494, 341, 238])
Face([209, 210, 223])
Face([359, 50, 511])
Face([218, 293, 688])
Face([301, 322, 252])
Face([361, 426, 25])
Face([89, 424, 414])
Face([183, 121, 99])
Face([361, 505, 426])
Face([473, 330, 562])
Face([393, 513, 517])
Face([180, 323, 631])
Face([532, 467, 269])
Face([74, 271, 645])
Face([435, 10, 686])
Face([394, 489, 674])
Face([170, 48, 424])
Face([459, 555, 591])
Face([420, 512, 588])
Face([7, 208, 316])
Face([527, 192, 656])
Face([217, 258, 335])
Face([169, 627, 419])
Face([227, 78, 447])
Face([591, 562, 276])
Face([481, 651, 645])
Face([405, 683, 461])
Face([644, 260, 517])
Face([362, 512, 26])
Face([145, 488, 126])
Face([295, 705, 619])
Face([309, 315, 300])
Face([542, 167, 438])
Face([168, 469, 255])
Face([352, 569, 61])
Face([189, 368, 652])
Face([206, 33, 37])
Face([365, 259, 602])
Face([79, 417, 204])
Face([473, 682, 562])
Face([65, 489, 699])
Face([369, 508, 117])
Face([550, 35, 199])
Face([274, 186, 637])
Face([14, 601, 206])
Face([237, 682, 473])
Face([661, 636, 381])
Face([324, 519, 711])
Face([3, 629, 623])
Face([391, 16, 182])
Face([201, 322, 462])
Face([80, 475, 318])
Face([395, 265, 399])
Face([699, 572, 79])
Face([644, 153, 572])
Face([422, 505, 615])
Face([159, 178, 294])
Face([281, 451, 409])
Face([306, 592, 337])
Face([127, 554, 326])
Face([417, 439, 700])
Face([298, 341, 670])
Face([106, 388, 222])
Face([359, 214, 511])
Face([156, 197, 599])
Face([227, 120, 501])
Face([401, 91, 557])
Face([39, 64, 402])
Face([497, 698, 509])
Face([544, 625, 455])
Face([559, 42, 570])
Face([113, 654, 110])
Face([687, 379, 392])
Face([551, 683, 149])
Face([81, 482, 131])
Face([565, 716, 188])
Face([665, 392, 715])
Face([500, 296, 567])
Face([711, 716, 701])
Face([167, 473, 299])
Face([37, 294, 159])
Face([518, 612, 458])
Face([354, 523, 261])
Face([314, 433, 164])
Face([89, 717, 695])
Face([6, 621, 593])
Face([376, 708, 569])
Face([568, 211, 251])
Face([386, 507, 313])
Face([99, 565, 346])
Face([49, 497, 338])
Face([191, 481, 645])
Face([53, 313, 106])
Face([80, 297, 475])
Face([358, 511, 670])
Face([521, 347, 677])
Face([230, 530, 234])
Face([87, 672, 104])
Face([155, 652, 86])
Face([36, 314, 581])
Face([459, 139, 621])
Face([28, 281, 566])
Face([373, 375, 159])
Face([332, 272, 407])
Face([221, 634, 71])
Face([557, 540, 677])
Face([201, 322, 250])
Face([544, 418, 252])
Face([128, 692, 507])
Face([141, 400, 351])
Face([59, 194, 267])
Face([370, 577, 124])
Face([53, 106, 142])
Face([360, 136, 274])
Face([113, 234, 530])
Face([42, 160, 193])
Face([402, 643, 230])
Face([172, 158, 583])
Face([436, 524, 610])
Face([106, 233, 325])
Face([168, 134, 469])
Face([481, 320, 657])
Face([438, 127, 479])
Face([137, 500, 510])
Face([45, 225, 124])
Face([233, 508, 607])
Face([393, 244, 208])
Face([662, 649, 107])
Face([18, 485, 472])
Face([602, 122, 679])
Face([180, 323, 652])
Face([213, 648, 297])
Face([75, 683, 551])
Face([623, 256, 282])
Face([142, 525, 63])
Face([581, 433, 707])
Face([111, 368, 30])
Face([249, 288, 289])
Face([469, 134, 425])
Face([435, 329, 371])
Face([382, 274, 637])
Face([99, 716, 565])
Face([164, 433, 118])
Face([350, 624, 446])
Face([271, 378, 239])
Face([114, 140, 324])
Face([208, 244, 686])
Face([710, 390, 467])
Face([9, 710, 642])
Face([498, 712, 271])
Face([3, 348, 623])
Face([193, 587, 119])
Face([431, 554, 171])
Face([379, 229, 392])
Face([442, 217, 459])
Face([324, 602, 357])
Face([97, 482, 687])
Face([55, 616, 388])
Face([128, 312, 58])
Face([416, 593, 210])
Face([75, 273, 683])
Face([710, 141, 351])
Face([397, 674, 590])
Face([119, 689, 587])
Face([184, 563, 647])
Face([716, 701, 174])
Face([7, 584, 528])
Face([401, 682, 669])
Face([667, 169, 277])
Face([50, 108, 699])
Face([209, 285, 94])
Face([557, 299, 540])
Face([286, 571, 718])
Face([87, 104, 596])
Face([67, 408, 504])
Face([349, 203, 174])
Face([53, 233, 135])
Face([21, 561, 212])
Face([131, 236, 231])
Face([103, 650, 107])
Face([623, 162, 700])
Face([531, 667, 277])
Face([19, 628, 327])
Face([220, 517, 429])
Face([44, 450, 53])
Face([678, 547, 149])
Face([386, 450, 53])
Face([284, 256, 282])
Face([501, 120, 34])
Face([2, 560, 583])
Face([290, 681, 684])
Face([573, 565, 693])
Face([587, 592, 381])
Face([66, 24, 161])
Face([209, 210, 316])
Face([102, 514, 279])
Face([237, 278, 447])
Face([84, 668, 575])
Face([684, 57, 419])
Face([687, 72, 379])
Face([248, 670, 358])
Face([453, 349, 639])
Face([295, 441, 619])
Face([696, 456, 415])
Face([28, 712, 498])
Face([268, 499, 378])
Face([656, 390, 215])
Face([122, 357, 377])
Face([705, 486, 619])
Face([658, 381, 661])
Face([360, 341, 479])
Face([9, 706, 710])
Face([187, 635, 92])
Face([81, 131, 231])
Face([687, 704, 482])
Face([577, 171, 45])
Face([582, 675, 236])
Face([416, 640, 278])
Face([342, 387, 100])
Face([573, 565, 407])
Face([65, 489, 359])
Face([169, 277, 255])
Face([503, 310, 649])
Face([481, 491, 651])
Face([128, 58, 692])
Face([59, 513, 43])
Face([24, 499, 436])
Face([141, 390, 694])
Face([683, 273, 427])
Face([442, 707, 262])
Face([254, 101, 17])
Face([57, 257, 175])
Face([168, 531, 255])
Face([12, 80, 391])
Face([545, 16, 539])
Face([262, 225, 124])
Face([422, 655, 559])
Face([204, 417, 282])
Face([114, 241, 629])
Face([680, 437, 698])
Face([424, 414, 334])
Face([484, 23, 696])
Face([216, 449, 307])
Face([62, 578, 317])
Face([27, 529, 363])
Face([594, 660, 715])
Face([483, 664, 157])
Face([524, 610, 643])
Face([516, 239, 378])
Face([190, 379, 588])
Face([249, 372, 396])
Face([332, 272, 381])
Face([494, 298, 149])
Face([485, 395, 626])
Face([364, 152, 703])
Face([509, 179, 571])
Face([205, 539, 553])
Face([114, 546, 140])
Face([35, 624, 350])
Face([12, 362, 342])
Face([81, 231, 246])
Face([655, 600, 349])
Face([46, 296, 567])
Face([335, 621, 431])
Face([412, 329, 92])
Face([46, 567, 662])
Face([224, 194, 254])
Face([123, 627, 195])
Face([494, 185, 341])
Face([361, 575, 487])
Face([318, 648, 492])
Face([128, 708, 507])
Face([29, 201, 571])
Face([364, 152, 26])
Face([55, 525, 142])
Face([116, 676, 179])
Face([254, 101, 575])
Face([369, 233, 508])
Face([358, 608, 580])
Face([448, 323, 684])
Face([231, 713, 99])
Face([100, 199, 41])
Face([603, 117, 369])
Face([698, 437, 250])
Face([39, 610, 402])
Face([411, 569, 240])
Face([687, 704, 622])
Face([102, 449, 589])
Face([111, 368, 116])
Face([46, 214, 510])
Face([176, 322, 301])
Face([530, 247, 423])
Face([71, 460, 230])
Face([463, 537, 399])
Face([321, 523, 31])
Face([34, 132, 306])
Face([486, 458, 432])
Face([250, 272, 437])
Face([103, 674, 590])
Face([93, 258, 63])
Face([190, 379, 229])
Face([127, 637, 471])
Face([447, 330, 473])
Face([249, 289, 70])
Face([128, 389, 646])
Face([408, 467, 443])
Face([68, 483, 695])
Face([14, 232, 582])
Face([594, 665, 131])
Face([133, 657, 599])
Face([646, 485, 472])
Face([519, 689, 700])
Face([133, 320, 271])
Face([475, 433, 118])
Face([706, 192, 388])
Face([128, 123, 507])
Face([535, 41, 100])
Face([264, 88, 243])
Face([183, 121, 658])
Face([261, 64, 229])
Face([67, 696, 504])
Face([34, 109, 78])
Face([13, 385, 168])
Face([148, 94, 534])
Face([48, 514, 494])
Face([544, 640, 455])
Face([335, 577, 574])
Face([206, 294, 293])
Face([656, 215, 452])
Face([80, 146, 475])
Face([1, 577, 335])
Face([264, 265, 295])
Face([240, 350, 355])
Face([403, 139, 593])
Face([659, 691, 696])
Face([245, 204, 383])
Face([590, 260, 340])
Face([339, 714, 235])
Face([538, 83, 563])
Face([634, 515, 460])
Face([29, 571, 509])
Face([2, 105, 173])
Face([108, 632, 345])
Face([632, 638, 326])
Face([533, 618, 604])
Face([641, 120, 34])
Face([454, 617, 604])
Face([342, 35, 550])
Face([232, 594, 131])
Face([133, 320, 268])
Face([200, 662, 253])
Face([374, 99, 246])
Face([540, 275, 299])
Face([57, 169, 277])
Face([184, 270, 647])
Face([710, 141, 390])
Face([208, 690, 244])
Face([28, 74, 373])
Face([221, 26, 391])
Face([59, 267, 43])
Face([111, 573, 42])
Face([510, 340, 345])
Face([270, 273, 56])
Face([114, 602, 163])
Face([231, 99, 246])
Face([167, 227, 473])
Face([227, 109, 78])
Face([20, 365, 197])
Face([528, 419, 325])
Face([549, 299, 563])
Face([419, 681, 325])
Face([336, 579, 664])
Face([102, 170, 279])
Face([547, 683, 149])
Face([6, 220, 429])
Face([540, 275, 347])
Face([316, 630, 135])
Face([127, 211, 479])
Face([7, 428, 528])
Face([268, 378, 239])
Face([380, 438, 542])
Face([27, 292, 535])
Face([13, 352, 531])
Face([209, 94, 534])
Face([8, 128, 646])
Face([436, 378, 247])
Face([683, 149, 238])
Face([144, 661, 636])
Face([480, 225, 124])
Face([631, 371, 175])
Face([49, 363, 336])
Face([363, 432, 334])
Face([57, 257, 323])
Face([182, 26, 364])
Face([80, 146, 634])
Face([168, 134, 607])
Face([570, 615, 174])
Face([3, 629, 678])
Face([67, 467, 532])
Face([19, 628, 293])
Face([659, 104, 558])
Face([81, 150, 246])
Face([135, 325, 142])
Face([414, 458, 588])
Face([303, 74, 712])
Face([544, 625, 534])
Face([522, 673, 691])
Face([182, 354, 261])
Face([434, 662, 46])
Face([553, 297, 36])
Face([443, 281, 351])
Face([20, 266, 197])
Face([70, 84, 668])
Face([82, 648, 451])
Face([123, 302, 222])
Face([547, 683, 461])
Face([516, 239, 253])
Face([454, 234, 492])
Face([308, 468, 315])
Face([305, 203, 188])
Face([424, 589, 334])
Face([122, 488, 145])
Face([65, 489, 394])
Face([668, 600, 147])
Face([227, 471, 447])
Face([297, 648, 475])
Face([442, 459, 276])
Face([123, 627, 302])
Face([496, 145, 126])
Face([631, 257, 175])
Face([570, 305, 349])
Face([402, 610, 440])
Face([31, 37, 159])
Face([410, 74, 373])
Face([231, 466, 236])
Face([60, 412, 244])
Face([472, 86, 452])
Face([9, 242, 115])
Face([237, 473, 447])
Face([410, 373, 375])
Face([631, 684, 175])
Face([133, 378, 271])
Face([354, 261, 566])
Face([148, 322, 462])
Face([380, 225, 45])
Face([646, 485, 626])
Face([659, 235, 696])
Face([650, 659, 558])
Face([548, 280, 95])
Face([97, 85, 622])
Face([262, 707, 347])
Face([170, 704, 414])
Face([96, 412, 639])
Face([54, 388, 616])
Face([339, 706, 616])
Face([666, 657, 130])
Face([387, 705, 619])
Face([501, 552, 34])
Face([43, 513, 644])
Face([46, 296, 214])
Face([108, 260, 345])
Face([355, 557, 51])
Face([549, 299, 473])
Face([623, 457, 700])
Face([429, 340, 574])
Face([129, 210, 285])
Face([330, 562, 275])
Face([199, 557, 677])
Face([62, 640, 690])
Face([331, 85, 622])
Face([5, 200, 397])
Face([629, 457, 219])
Face([435, 412, 686])
Face([183, 713, 140])
Face([605, 592, 587])
Face([48, 331, 494])
Face([30, 570, 559])
Face([708, 195, 507])
Face([189, 368, 280])
Face([310, 516, 247])
Face([20, 674, 394])
Face([691, 456, 597])
Face([400, 467, 269])
Face([693, 384, 676])
Face([151, 241, 298])
Face([324, 701, 357])
Face([198, 35, 697])
Face([106, 313, 123])
Face([54, 192, 719])
Face([599, 657, 666])
Face([242, 617, 581])
Face([184, 563, 421])
Face([559, 160, 42])
Face([436, 202, 247])
Face([362, 619, 413])
Face([220, 245, 311])
Face([19, 476, 327])
Face([66, 72, 404])
Face([519, 689, 203])
Face([514, 427, 238])
Face([308, 300, 315])
Face([384, 291, 614])
Face([601, 37, 373])
Face([416, 690, 311])
Face([14, 206, 594])
Face([541, 344, 669])
Face([3, 678, 348])
Face([530, 492, 423])
Face([590, 489, 153])
Face([73, 556, 421])
Face([170, 704, 48])
Face([344, 401, 51])
Face([471, 637, 638])
Face([447, 330, 471])
Face([129, 369, 285])
Face([510, 340, 574])
Face([635, 417, 204])
Face([266, 511, 359])
Face([53, 233, 106])
Face([21, 344, 355])
Face([668, 496, 526])
Face([396, 426, 505])
Face([7, 209, 316])
Face([219, 602, 143])
Face([335, 258, 620])
Face([520, 253, 239])
Face([411, 35, 624])
Face([162, 689, 633])
Face([0, 44, 603])
Face([71, 536, 318])
Face([337, 544, 455])
Face([52, 205, 312])
Face([154, 229, 375])
Face([515, 73, 444])
Face([52, 321, 539])
Face([476, 626, 31])
Face([380, 568, 45])
Face([152, 190, 703])
Face([401, 299, 562])
Face([716, 466, 671])
Face([528, 684, 175])
Face([184, 538, 563])
Face([500, 296, 214])
Face([521, 91, 591])
Face([383, 186, 638])
Face([116, 573, 407])
Face([10, 224, 59])
Face([403, 554, 431])
Face([672, 104, 525])
Face([74, 191, 645])
Face([519, 679, 203])
Face([155, 667, 302])
Face([195, 283, 507])
Face([514, 185, 307])
Face([184, 501, 647])
Face([601, 328, 37])
Face([403, 330, 447])
Face([199, 83, 77])
Face([480, 118, 618])
Face([62, 544, 640])
Face([554, 330, 471])
Face([549, 473, 682])
Face([318, 234, 492])
Face([262, 707, 533])
Face([365, 608, 219])
Face([662, 649, 110])
Face([402, 610, 643])
Face([180, 631, 422])
Face([132, 578, 284])
Face([430, 563, 421])
Face([678, 256, 551])
Face([570, 655, 615])
Face([566, 536, 423])
Face([14, 594, 660])
Face([61, 537, 295])
Face([361, 505, 422])
Face([182, 190, 703])
Face([691, 456, 673])
Face([41, 73, 413])
Face([248, 202, 499])
Face([368, 688, 470])
Face([157, 246, 374])
Face([324, 602, 679])
Face([524, 98, 158])
Face([609, 455, 237])
Face([372, 505, 474])
Face([11, 336, 286])
Face([584, 57, 148])
Face([263, 586, 207])
Face([212, 51, 685])
Face([326, 637, 638])
Face([494, 298, 341])
Face([89, 331, 85])
Face([181, 718, 95])
Face([631, 257, 323])
Face([224, 673, 194])
Face([301, 160, 252])
Face([196, 338, 405])
Face([200, 674, 397])
Face([577, 45, 124])
Face([105, 449, 556])
Face([25, 396, 502])
Face([87, 650, 596])
Face([287, 597, 63])
Face([78, 609, 237])
Face([315, 549, 682])
Face([546, 331, 241])
Face([1, 577, 370])
Face([108, 260, 489])
Face([177, 579, 179])
Face([200, 239, 663])
Face([242, 586, 207])
Face([335, 577, 431])
Face([87, 258, 335])
Face([246, 99, 565])
Face([81, 665, 709])
Face([386, 611, 507])
Face([143, 602, 679])
Face([401, 299, 557])
Face([148, 462, 255])
Face([45, 171, 554])
Face([545, 16, 702])
Face([522, 673, 415])
Face([334, 432, 589])
Face([230, 423, 318])
Face([526, 600, 126])
Face([154, 72, 404])
Face([58, 706, 215])
Face([398, 453, 367])
Face([348, 641, 22])
Face([22, 144, 661])
Face([240, 35, 100])
Face([371, 655, 639])
Face([68, 374, 695])
Face([144, 338, 405])
Face([80, 391, 213])
Face([428, 135, 325])
Face([649, 253, 310])
Face([550, 41, 199])
Face([16, 321, 702])
Face([49, 664, 483])
Face([402, 64, 440])
Face([339, 408, 235])
Face([288, 289, 481])
Face([403, 139, 431])
Face([48, 89, 331])
Face([4, 167, 538])
Face([223, 564, 534])
Face([606, 164, 118])
Face([672, 55, 525])
Face([224, 43, 597])
Face([565, 291, 716])
Face([21, 685, 212])
Face([498, 378, 271])
Face([128, 646, 312])
Face([44, 129, 369])
Face([8, 545, 52])
Face([148, 94, 508])
Face([7, 584, 564])
Face([665, 612, 709])
Face([410, 613, 653])
Face([581, 433, 617])
Face([187, 635, 311])
Face([159, 715, 703])
Face([336, 705, 486])
Face([525, 258, 596])
Face([193, 587, 605])
Face([155, 472, 302])
Face([386, 53, 313])
Face([55, 616, 207])
Face([192, 504, 76])
Face([628, 652, 86])
Face([303, 269, 467])
Face([561, 100, 240])
Face([90, 84, 575])
Face([227, 501, 109])
Face([285, 555, 598])
Face([148, 169, 255])
Face([16, 364, 702])
Face([376, 18, 485])
Face([121, 99, 374])
Face([309, 552, 647])
Face([254, 17, 290])
Face([400, 467, 390])
Face([152, 588, 190])
Face([584, 57, 419])
Face([66, 24, 156])
Face([242, 586, 692])
Face([350, 353, 624])
Face([418, 300, 437])
Face([555, 682, 562])
Face([254, 194, 575])
Face([266, 296, 248])
Face([281, 712, 343])
Face([288, 657, 377])
Face([435, 329, 412])
Face([380, 45, 127])
Face([146, 475, 118])
Face([376, 708, 389])
Face([263, 586, 581])
Face([40, 328, 390])
Face([13, 352, 569])
Face([327, 40, 694])
Face([266, 358, 511])
Face([268, 434, 499])
Face([386, 53, 603])
Face([224, 673, 43])
Face([428, 10, 287])
Face([13, 168, 531])
Face([412, 92, 398])
Face([20, 434, 674])
Face([529, 552, 270])
Face([531, 548, 95])
Face([19, 264, 395])
Face([442, 1, 263])
Face([232, 671, 466])
Face([111, 257, 189])
Face([487, 656, 25])
Face([221, 362, 26])
Face([1, 263, 533])
Face([609, 278, 383])
Face([286, 579, 571])
Face([19, 264, 218])
Face([306, 337, 300])
Face([642, 408, 710])
Face([38, 685, 478])
Face([12, 697, 342])
Face([270, 552, 273])
Face([692, 611, 507])
Face([442, 521, 276])
Face([25, 40, 656])
Face([339, 714, 207])
Face([479, 136, 637])
Face([469, 425, 685])
Face([101, 371, 655])
Face([23, 67, 696])
Face([16, 354, 182])
Face([212, 430, 535])
Face([166, 712, 343])
Face([83, 540, 557])
Face([28, 373, 375])
Face([24, 524, 248])
Face([385, 240, 446])
Face([442, 450, 217])
Face([200, 484, 663])
Face([396, 505, 502])
Face([69, 264, 177])
Face([516, 247, 378])
Face([576, 366, 399])
Face([55, 586, 207])
Face([266, 434, 46])
Face([532, 390, 656])
Face([158, 211, 670])
Face([213, 648, 409])
Face([200, 239, 434])
Face([126, 349, 367])
Face([81, 665, 131])
Face([546, 241, 678])
Face([281, 451, 343])
Face([113, 110, 251])
Face([2, 606, 542])
Face([106, 325, 142])
Face([264, 265, 395])
Face([119, 92, 543])
Face([615, 147, 671])
Face([181, 352, 95])
Face([328, 33, 37])
Face([362, 512, 490])
Face([216, 449, 427])
Face([9, 242, 339])
Face([38, 430, 47])
Face([29, 301, 111])
Face([214, 445, 326])
Face([296, 211, 251])
Face([180, 448, 323])
Face([573, 42, 332])
Face([468, 598, 455])
Face([585, 600, 147])
Face([521, 353, 707])
Face([16, 321, 354])
Face([152, 512, 588])
Face([32, 460, 71])
Face([180, 652, 86])
Face([93, 112, 63])
Face([580, 241, 331])
Face([306, 592, 437])
Face([16, 539, 213])
Face([116, 676, 407])
Face([106, 627, 123])
Face([72, 379, 229])
Face([543, 690, 92])
Face([702, 395, 626])
Face([485, 19, 395])
Face([714, 604, 558])
Face([528, 419, 684])
Face([710, 467, 408])
Face([561, 569, 61])
Face([459, 139, 276])
Face([167, 438, 471])
Face([115, 648, 409])
Face([464, 529, 338])
Face([59, 96, 412])
Face([28, 712, 281])
Face([24, 248, 499])
Face([533, 618, 124])
Face([46, 510, 567])
Face([217, 672, 258])
Face([207, 617, 714])
Face([109, 549, 647])
Face([2, 138, 172])
Face([108, 260, 79])
Face([180, 652, 470])
Face([513, 644, 517])
Face([550, 444, 634])
Face([113, 110, 530])
Face([553, 297, 198])
Face([582, 466, 236])
Face([463, 16, 364])
Face([581, 353, 707])
Face([593, 129, 555])
Face([40, 33, 328])
Face([435, 564, 175])
Face([137, 345, 326])
Face([24, 161, 580])
Face([280, 177, 95])
Face([564, 329, 543])
Face([580, 298, 494])
Face([629, 219, 151])
Face([168, 385, 134])
Face([361, 487, 25])
Face([166, 451, 443])
Face([355, 199, 557])
Face([403, 554, 638])
Face([551, 256, 641])
Face([0, 450, 442])
Face([173, 444, 634])
Face([450, 672, 55])
Face([380, 480, 225])
Face([59, 513, 60])
Face([109, 237, 473])
Face([10, 224, 254])
Face([200, 484, 253])
Face([557, 91, 677])
Face([469, 478, 462])
Face([334, 458, 432])
Face([568, 251, 567])
Face([312, 694, 215])
Face([542, 225, 606])
Face([168, 385, 195])
Face([23, 408, 235])
Face([716, 174, 188])
Face([25, 328, 532])
Face([20, 394, 666])
Face([50, 457, 699])
Face([337, 609, 455])
Face([436, 499, 378])
Face([380, 211, 583])
Face([1, 370, 87])
Face([542, 275, 167])
Face([285, 468, 669])
Face([293, 294, 476])
Face([165, 649, 253])
Face([646, 626, 694])
Face([51, 401, 557])
Face([90, 595, 415])
Face([410, 653, 375])
Face([68, 483, 157])
Face([304, 676, 179])
Face([75, 120, 551])
Face([67, 467, 303])
Face([196, 121, 68])
Face([232, 614, 594])
Face([8, 646, 52])
Face([224, 287, 597])
Face([484, 522, 696])
Face([134, 425, 117])
Face([335, 429, 431])
Face([261, 159, 375])
Face([154, 72, 687])
Face([393, 620, 112])
Face([475, 648, 454])
Face([196, 547, 717])
Face([105, 460, 173])
Face([442, 1, 217])
Face([290, 719, 527])
Face([359, 46, 214])
Face([578, 635, 162])
Face([2, 542, 560])
Face([606, 347, 164])
Face([39, 170, 379])
Face([8, 576, 411])
Face([82, 617, 714])
Face([17, 448, 180])
Face([268, 239, 434])
Face([542, 560, 538])
Face([151, 136, 319])
Face([138, 460, 230])
Face([116, 179, 280])
Face([391, 26, 463])
Face([181, 352, 61])
Face([538, 83, 556])
Face([83, 556, 421])
Face([2, 105, 172])
Face([2, 583, 380])
Face([706, 504, 616])
Face([482, 85, 713])
Face([364, 265, 178])
Face([301, 160, 257])
Face([591, 562, 555])
Face([632, 345, 326])
Face([509, 407, 495])
Face([288, 613, 410])
Face([464, 306, 309])
Face([218, 88, 125])
Face([154, 229, 72])
Face([576, 569, 61])
Face([342, 35, 100])
Face([18, 548, 69])
Face([290, 684, 17])
Face([8, 128, 708])
Face([529, 56, 270])
Face([115, 409, 642])
Face([32, 279, 39])
Face([130, 657, 377])
Face([205, 9, 115])
Face([543, 544, 252])
Face([133, 653, 271])
Face([566, 64, 536])
Face([606, 540, 347])
Face([80, 634, 71])
Face([56, 427, 589])
Face([693, 676, 565])
Face([156, 608, 197])
Face([254, 719, 487])
Face([412, 92, 244])
Face([249, 70, 191])
Face([262, 577, 124])
Face([8, 708, 376])
Face([456, 504, 76])
Face([266, 46, 359])
Face([668, 526, 575])
Face([487, 656, 76])
Face([94, 425, 117])
Face([171, 330, 139])
Face([485, 395, 366])
Face([20, 268, 666])
Face([564, 584, 175])
Face([451, 492, 343])
Face([356, 283, 386])
Face([485, 626, 327])
Face([448, 302, 155])
Face([103, 46, 510])
Face([457, 417, 282])
Face([289, 585, 145])
Face([52, 205, 539])
Face([305, 689, 203])
Face([198, 146, 314])
Face([643, 98, 230])
Face([324, 701, 711])
Face([4, 227, 382])
Face([464, 552, 529])
Face([44, 135, 630])
Face([202, 516, 247])
Face([228, 650, 596])
Face([391, 16, 463])
Face([170, 588, 414])
Face([44, 129, 630])
Face([484, 165, 253])
Face([150, 612, 518])
Face([447, 638, 471])
Face([262, 347, 276])
Face([241, 298, 149])
Face([89, 704, 414])
Face([393, 416, 208])
Face([189, 652, 323])
Face([410, 601, 373])
Face([284, 186, 282])
Face([202, 110, 251])
Face([156, 163, 599])
Face([475, 433, 454])
Face([557, 563, 299])
Face([114, 546, 241])
Face([67, 76, 415])
Face([611, 507, 446])
Face([602, 122, 357])
Face([686, 513, 244])
Face([585, 466, 671])
Face([54, 504, 616])
Face([376, 389, 646])
Face([128, 58, 123])
Face([391, 536, 213])
Face([218, 384, 688])
Face([200, 434, 662])
Face([134, 117, 607])
Face([109, 315, 309])
Face([221, 490, 420])
Face([547, 331, 89])
Face([152, 265, 441])
Face([173, 444, 77])
Face([716, 671, 291])
Face([709, 612, 588])
Face([6, 620, 429])
Face([122, 130, 145])
Face([50, 457, 219])
Face([81, 150, 665])
Face([336, 705, 292])
Face([13, 385, 21])
Face([665, 715, 477])
Face([169, 419, 508])
Face([4, 382, 438])
Face([348, 256, 641])
Face([370, 558, 107])
Face([301, 252, 605])
Face([13, 469, 21])
Face([151, 136, 511])
Face([90, 426, 70])
Face([97, 482, 236])
Face([29, 250, 509])
Face([389, 472, 302])
Face([88, 477, 125])
Face([364, 265, 152])
Face([190, 64, 39])
Face([641, 34, 132])
Face([641, 132, 284])
Face([228, 644, 590])
Face([346, 188, 565])
Face([472, 86, 327])
Face([6, 416, 393])
Face([171, 139, 276])
Face([693, 384, 688])
Face([279, 514, 185])
Face([375, 715, 159])
Face([227, 471, 382])
Face([544, 625, 418])
Face([150, 612, 88])
Face([26, 512, 152])
Face([166, 310, 503])
Face([71, 536, 402])
Face([692, 586, 611])
Face([564, 160, 252])
Face([380, 225, 542])
Face([180, 448, 86])
Face([403, 278, 447])
Face([358, 511, 151])
Face([62, 640, 609])
Face([312, 694, 141])
Face([17, 448, 527])
Face([166, 520, 712])
Face([148, 169, 508])
Face([168, 169, 255])
Face([541, 117, 134])
Face([201, 478, 462])
Face([8, 545, 553])
Face([362, 537, 619])
Face([170, 379, 588])
Face([61, 705, 295])
Face([67, 595, 303])
Face([227, 109, 473])
Face([68, 465, 338])
Face([284, 274, 186])
Face([416, 593, 278])
Face([570, 188, 174])
Face([308, 300, 625])
Face([93, 258, 596])
Face([487, 719, 76])
Face([94, 425, 462])
Face([119, 162, 317])
Face([658, 633, 381])
Face([448, 452, 527])
Face([160, 257, 175])
Face([374, 518, 81])
Face([66, 622, 687])
Face([597, 525, 54])
Face([192, 388, 222])
Face([698, 250, 509])
Face([691, 43, 597])
Face([183, 99, 711])
Face([595, 651, 645])
Face([15, 404, 154])
Face([142, 388, 54])
Face([111, 368, 189])
Face([30, 693, 573])
Face([29, 250, 301])
Face([522, 651, 493])
Face([116, 573, 693])
Face([411, 708, 446])
Face([32, 643, 460])
Face([69, 177, 95])
Face([1, 577, 262])
Face([58, 313, 123])
Face([103, 107, 510])
Face([573, 188, 332])
Face([27, 535, 430])
Face([65, 259, 143])
Face([119, 92, 453])
Face([457, 700, 143])
Face([165, 649, 503])
Face([593, 129, 621])
Face([221, 32, 420])
Face([584, 57, 175])
Face([497, 465, 495])
Face([54, 192, 504])
Face([337, 418, 300])
Face([232, 372, 671])
Face([430, 51, 563])
Face([172, 98, 643])
Face([122, 701, 679])
Face([209, 584, 534])
Face([207, 104, 714])
Face([119, 689, 453])
Face([348, 661, 22])
Face([122, 585, 377])
Face([398, 453, 92])
Face([224, 456, 719])
Face([406, 488, 333])
Face([138, 460, 173])
Face([661, 465, 381])
Face([406, 496, 333])
Face([288, 410, 191])
Face([452, 222, 302])
Face([476, 178, 31])
Face([567, 110, 251])
Face([464, 497, 437])
Face([228, 93, 43])
Face([171, 275, 276])
Face([316, 112, 428])
Face([97, 236, 675])
Face([134, 344, 425])
Face([662, 649, 253])
Face([130, 491, 333])
Face([603, 233, 607])
Face([478, 462, 308])
Face([474, 505, 615])
Face([716, 174, 671])
Face([435, 96, 412])
Face([386, 586, 611])
Face([480, 113, 618])
Face([27, 430, 38])
Face([50, 151, 511])
Face([498, 378, 247])
Face([270, 506, 421])
Face([393, 620, 517])
Face([227, 120, 382])
Face([75, 216, 273])
Face([620, 112, 630])
Face([606, 164, 77])
Face([15, 97, 156])
Face([193, 252, 543])
Face([484, 520, 663])
Face([673, 84, 415])
Face([541, 91, 591])
Face([321, 354, 523])
Face([12, 697, 198])
Face([487, 719, 527])
Face([32, 402, 39])
Face([68, 495, 157])
Face([77, 540, 677])
Face([200, 397, 663])
Face([145, 488, 333])
Face([117, 508, 607])
Face([344, 401, 91])
Face([11, 497, 464])
Face([14, 660, 410])
Face([27, 292, 38])
Face([289, 147, 668])
Face([646, 472, 694])
Face([206, 294, 594])
Face([541, 283, 134])
Face([342, 41, 413])
Face([160, 329, 193])
Face([570, 42, 573])
Face([360, 136, 298])
Face([242, 36, 581])
Face([62, 544, 543])
Face([315, 237, 682])
Face([49, 336, 664])
Face([70, 651, 84])
Face([133, 404, 653])
Face([57, 169, 148])
Face([327, 33, 628])
Face([599, 163, 365])
Face([52, 626, 141])
Face([39, 64, 72])
Face([305, 587, 332])
Face([498, 712, 343])
Face([609, 237, 278])
Face([346, 565, 407])
Face([393, 112, 513])
Face([132, 578, 317])
Face([591, 401, 669])
Face([106, 313, 388])
Face([242, 617, 207])
Face([8, 553, 205])
Face([349, 174, 600])
Face([155, 548, 277])
Face([295, 537, 399])
Face([122, 679, 488])
Face([152, 612, 588])
Face([498, 247, 343])
Face([620, 93, 517])
Face([264, 295, 243])
Face([242, 207, 339])
Face([233, 627, 419])
Face([124, 618, 654])
Face([524, 185, 643])
Face([417, 162, 700])
Face([213, 536, 318])
Face([553, 36, 624])
Face([0, 450, 386])
Face([465, 272, 407])
Face([404, 436, 440])
Face([410, 74, 191])
Face([660, 154, 375])
Face([51, 549, 401])
Face([17, 361, 101])
Face([220, 260, 517])
Face([84, 496, 493])
Face([136, 298, 670])
Face([5, 522, 484])
Face([667, 195, 627])
Face([166, 451, 343])
Face([404, 436, 378])
Face([24, 161, 524])
Face([519, 711, 658])
Face([303, 595, 645])
Face([591, 555, 669])
Face([17, 361, 180])
Face([443, 281, 451])
Face([65, 50, 699])
Face([287, 719, 54])
Face([529, 338, 405])
Face([459, 555, 139])
Face([541, 669, 591])
Face([641, 636, 132])
Face([264, 88, 265])
Face([101, 575, 526])
Face([138, 480, 113])
Face([464, 680, 309])
Face([111, 573, 30])
Face([209, 369, 316])
Face([495, 179, 676])
Face([17, 101, 631])
Face([194, 496, 526])
Face([520, 712, 271])
Face([49, 495, 497])
Face([221, 490, 515])
Face([395, 366, 399])
Face([58, 706, 388])
Face([198, 35, 624])
Face([143, 700, 679])
Face([355, 350, 199])
Face([615, 147, 600])
Face([64, 72, 229])
Face([80, 391, 71])
Face([493, 491, 333])
Face([73, 444, 556])
Face([374, 713, 99])
Face([266, 296, 46])
Face([169, 627, 607])
Face([585, 147, 671])
Face([680, 308, 478])
Face([383, 638, 447])
Face([386, 450, 586])
Face([660, 392, 154])
Face([161, 610, 279])
Face([495, 676, 407])
Face([7, 584, 209])
Face([348, 256, 623])
Face([13, 352, 181])
Face([250, 418, 437])
Face([30, 474, 470])
Face([512, 458, 588])
Face([389, 667, 302])
Face([453, 349, 367])
Face([450, 53, 55])
Face([111, 116, 573])
Face([156, 608, 580])
Face([352, 531, 95])
Face([41, 73, 421])
Face([636, 633, 381])
Face([225, 275, 347])
Face([187, 417, 439])
Face([583, 341, 479])
Face([110, 516, 310])
Face([342, 537, 362])
Face([226, 368, 280])
Face([454, 618, 604])
Face([180, 361, 422])
Face([44, 369, 603])
Face([81, 713, 231])
Face([20, 365, 666])
Face([143, 259, 488])
Face([42, 332, 605])
Face([111, 30, 559])
Face([54, 504, 456])
Face([420, 102, 490])
Face([428, 10, 686])
Face([464, 306, 437])
Face([15, 675, 599])
Face([4, 75, 216])
Face([242, 692, 36])
Face([525, 104, 596])
Face([412, 329, 639])
Face([263, 533, 707])
Face([81, 709, 518])
Face([595, 70, 191])
Face([14, 601, 249])
Face([164, 353, 707])
Face([716, 466, 701])
Face([56, 461, 427])
Face([533, 618, 433])
Face([0, 459, 591])
Face([623, 162, 282])
Face([18, 69, 485])
Face([410, 74, 653])
Face([519, 203, 711])
Face([550, 146, 634])
Face([116, 368, 280])
Face([416, 640, 690])
Face([470, 505, 474])
Face([61, 387, 537])
Face([521, 591, 276])
Face([281, 523, 351])
Face([116, 368, 693])
Face([356, 283, 541])
Face([522, 696, 691])
Face([361, 426, 575])
Face([56, 589, 334])
Face([250, 301, 605])
Face([590, 644, 260])
Face([102, 490, 515])
Face([172, 185, 307])
Face([7, 428, 316])
Face([249, 426, 147])
Face([276, 275, 347])
Face([117, 425, 669])
Face([204, 186, 632])
Face([530, 492, 310])
Face([361, 505, 502])
Face([500, 296, 211])
Face([572, 489, 153])
Face([550, 77, 146])
Face([659, 165, 558])
Face([394, 491, 666])
Face([532, 76, 656])
Face([520, 271, 645])
Face([250, 418, 322])
Face([593, 598, 210])
Face([11, 680, 464])
Face([355, 100, 199])
Face([566, 440, 423])
Face([45, 137, 554])
Face([545, 399, 702])
Face([48, 704, 89])
Face([19, 395, 476])
Face([150, 665, 612])
Face([187, 398, 439])
Face([59, 224, 43])
Face([448, 452, 302])
Face([718, 571, 95])
Face([105, 444, 173])
Face([337, 455, 300])
Face([358, 298, 670])
Face([8, 411, 553])
Face([3, 546, 678])
Face([220, 79, 311])
Face([365, 602, 219])
Face([152, 265, 477])
Face([701, 203, 174])
Face([435, 175, 528])
Face([319, 282, 186])
Face([115, 642, 82])
Face([176, 201, 322])
Face([332, 346, 407])
Face([397, 394, 491])
Face([374, 81, 713])
Face([198, 624, 314])
Face([495, 179, 664])
Face([374, 518, 695])
Face([293, 688, 628])
Face([128, 708, 389])
Face([38, 680, 47])
Face([75, 273, 501])
Face([9, 710, 312])
Face([411, 240, 446])
Face([419, 681, 627])
Face([113, 234, 618])
Face([62, 543, 119])
Face([531, 18, 548])
Face([96, 371, 639])
Face([167, 538, 299])
Face([287, 142, 54])
Face([585, 174, 600])
Face([319, 457, 282])
Face([224, 254, 719])
Face([506, 73, 413])
Face([35, 100, 199])
Face([156, 24, 580])
Face([101, 422, 655])
Face([11, 529, 27])
Face([81, 482, 709])
Face([66, 436, 404])
Face([519, 633, 623])
Face([615, 655, 600])
Face([634, 444, 515])
Face([65, 219, 143])
Face([167, 275, 330])
Face([578, 609, 383])
Face([369, 285, 117])
Face([497, 465, 338])
Face([128, 312, 205])
Face([714, 104, 558])
Face([506, 73, 589])
Face([262, 171, 276])
Face([165, 253, 166])
Face([343, 492, 423])
Face([18, 472, 155])
Face([356, 353, 350])
Face([75, 360, 382])
Face([199, 677, 77])
Face([445, 632, 186])
Face([22, 144, 405])
Face([83, 540, 77])
Face([245, 638, 403])
Face([83, 444, 77])
Face([30, 570, 573])
Face([212, 292, 535])
Face([555, 682, 598])
Face([448, 155, 86])
Face([61, 295, 366])
Face([617, 714, 604])
Face([60, 406, 572])
Face([426, 668, 70])
Face([48, 331, 622])
Face([212, 355, 51])
Face([389, 195, 667])
Face([168, 169, 607])
Face([559, 160, 371])
Face([220, 345, 429])
Face([44, 450, 217])
Face([27, 506, 270])
Face([430, 563, 647])
Face([13, 181, 718])
Face([222, 681, 302])
Face([454, 234, 618])
Face([42, 193, 305])
Face([237, 598, 455])
Face([435, 96, 371])
Face([271, 320, 645])
Face([370, 577, 574])
Face([228, 644, 43])
Face([587, 633, 381])
Face([96, 194, 526])
Face([96, 194, 254])
Face([605, 418, 592])
Face([551, 256, 274])
Face([170, 414, 424])
Face([660, 392, 715])
Face([34, 306, 309])
Face([468, 682, 669])
Face([339, 616, 235])
Face([521, 347, 707])
Face([465, 272, 381])
Face([197, 266, 499])
Face([623, 256, 629])
Face([667, 169, 627])
Face([184, 273, 216])
Face([316, 129, 630])
Face([19, 226, 628])
Face([628, 86, 502])
Face([9, 312, 58])
Face([372, 474, 614])
Face([332, 272, 605])
Face([235, 408, 504])
Face([55, 313, 586])
Face([524, 202, 98])
Face([678, 22, 551])
Face([78, 120, 284])
Face([223, 640, 690])
Face([301, 160, 42])
Face([380, 211, 127])
Face([116, 179, 509])
Face([683, 427, 461])
Face([242, 617, 82])
Face([624, 611, 36])
Face([135, 233, 369])
Face([488, 367, 679])
Face([102, 424, 514])
Face([230, 234, 318])
Face([607, 283, 195])
Face([628, 33, 502])
Face([25, 40, 328])
Face([139, 330, 562])
Face([376, 569, 576])
Face([708, 446, 507])
Face([183, 713, 717])
Face([352, 18, 531])
Face([143, 488, 679])
Face([161, 185, 524])
Face([426, 668, 575])
Face([38, 685, 47])
Face([355, 91, 350])
Face([15, 675, 613])
Face([154, 653, 375])
Face([675, 236, 357])
Face([200, 434, 674])
Face([172, 185, 643])
Face([506, 421, 535])
Face([659, 104, 235])
Face([0, 386, 603])
Face([172, 307, 583])
Face([339, 616, 207])
Face([303, 74, 645])
Face([679, 700, 367])
Face([196, 717, 695])
Face([157, 518, 150])
Face([182, 64, 190])
Face([96, 101, 526])
Face([474, 291, 614])
Face([533, 617, 604])
Face([205, 36, 692])
Face([678, 547, 22])
Face([193, 305, 587])
Face([289, 481, 130])
Face([599, 163, 675])
Face([472, 694, 327])
Face([528, 290, 684])
Face([18, 472, 389])
Face([373, 523, 400])
Face([83, 563, 421])
Face([319, 136, 274])
Face([44, 603, 53])
Face([176, 57, 148])
Face([133, 378, 404])
Face([496, 333, 145])
Face([205, 9, 692])
Face([262, 225, 171])
Face([520, 663, 239])
Face([479, 341, 670])
Face([287, 290, 719])
Face([649, 604, 654])
Face([566, 343, 423])
Face([75, 683, 238])
Face([312, 141, 710])
Face([11, 698, 286])
Face([150, 384, 246])
Face([28, 498, 566])
Face([393, 416, 311])
Face([267, 644, 60])
Face([20, 434, 268])
Face([15, 133, 404])
Face([58, 123, 222])
Face([344, 355, 51])
Face([576, 537, 61])
Face([52, 626, 702])
Face([261, 703, 159])
Face([354, 281, 523])
Face([295, 265, 441])
Face([119, 587, 317])
Face([103, 590, 340])
Face([422, 655, 615])
Face([103, 674, 46])
Face([60, 187, 244])
Face([352, 69, 95])
Face([386, 507, 283])
Face([491, 320, 663])
Face([106, 681, 627])
Face([59, 96, 194])
Face([176, 257, 301])
Face([101, 526, 655])
Face([473, 299, 562])
Face([445, 637, 326])
Face([331, 149, 494])
Face([435, 371, 175])
Face([472, 485, 327])
Face([89, 414, 695])
Face([78, 383, 447])
Face([101, 361, 422])
Face([457, 417, 700])
Face([161, 48, 622])
Face([13, 561, 181])
Face([169, 508, 607])
Face([9, 242, 692])
Face([24, 580, 358])
Face([451, 492, 503])
