[0, 431]
[0, 638]
[0, 982]
[0, 1168]
[0, 1262]
[0, 1391]
[1, 357]
[1, 538]
[1, 579]
[1, 900]
[1, 1007]
[1, 1348]
[2, 211]
[2, 482]
[2, 587]
[2, 893]
[2, 1209]
[2, 1420]
[3, 260]
[3, 310]
[3, 642]
[3, 759]
[3, 1344]
[3, 1419]
[4, 12]
[4, 47]
[4, 520]
[4, 803]
[4, 827]
[4, 1107]
[5, 372]
[5, 674]
[5, 808]
[5, 986]
[5, 1133]
[5, 1199]
[6, 23]
[6, 474]
[6, 601]
[6, 935]
[6, 974]
[6, 1187]
[7, 681]
[7, 686]
[7, 837]
[7, 1026]
[7, 1129]
[7, 1313]
[8, 343]
[8, 480]
[8, 733]
[8, 1108]
[8, 1243]
[8, 1296]
[9, 25]
[9, 349]
[9, 740]
[9, 1094]
[9, 1134]
[9, 1433]
[10, 215]
[10, 326]
[10, 447]
[10, 452]
[10, 1044]
[10, 1377]
[11, 205]
[11, 472]
[11, 530]
[11, 693]
[11, 897]
[11, 1314]
[12, 57]
[12, 358]
[12, 520]
[12, 602]
[12, 827]
[13, 17]
[13, 112]
[13, 975]
[13, 1115]
[13, 1204]
[13, 1218]
[14, 176]
[14, 238]
[14, 257]
[14, 710]
[14, 741]
[14, 1106]
[15, 121]
[15, 180]
[15, 221]
[15, 941]
[15, 1125]
[15, 1411]
[16, 160]
[16, 364]
[16, 712]
[16, 729]
[16, 1099]
[16, 1128]
[17, 92]
[17, 112]
[17, 481]
[17, 681]
[17, 1218]
[18, 188]
[18, 304]
[18, 630]
[18, 958]
[18, 1388]
[18, 1425]
[19, 362]
[19, 392]
[19, 404]
[19, 738]
[19, 752]
[19, 1020]
[20, 214]
[20, 268]
[20, 532]
[20, 865]
[20, 900]
[20, 1348]
[21, 164]
[21, 269]
[21, 535]
[21, 608]
[21, 840]
[21, 931]
[22, 124]
[22, 131]
[22, 182]
[22, 522]
[22, 623]
[22, 680]
[23, 360]
[23, 935]
[23, 974]
[23, 1147]
[23, 1267]
[24, 219]
[24, 443]
[24, 696]
[24, 992]
[24, 1038]
[24, 1376]
[25, 178]
[25, 464]
[25, 666]
[25, 1134]
[25, 1433]
[26, 29]
[26, 120]
[26, 720]
[26, 962]
[26, 1189]
[26, 1372]
[27, 30]
[27, 868]
[27, 1037]
[27, 1103]
[27, 1219]
[27, 1438]
[28, 435]
[28, 1117]
[28, 1229]
[28, 1312]
[28, 1320]
[28, 1399]
[29, 120]
[29, 305]
[29, 720]
[29, 791]
[29, 918]
[30, 633]
[30, 717]
[30, 1004]
[30, 1037]
[30, 1219]
[31, 227]
[31, 261]
[31, 577]
[31, 616]
[31, 832]
[31, 888]
[32, 39]
[32, 45]
[32, 97]
[32, 226]
[32, 401]
[32, 505]
[33, 438]
[33, 651]
[33, 734]
[33, 817]
[33, 843]
[33, 1398]
[34, 140]
[34, 483]
[34, 625]
[34, 1036]
[34, 1070]
[34, 1182]
[35, 85]
[35, 174]
[35, 627]
[35, 692]
[35, 849]
[35, 1266]
[36, 213]
[36, 436]
[36, 567]
[36, 713]
[36, 1264]
[36, 1377]
[37, 361]
[37, 556]
[37, 737]
[37, 823]
[37, 999]
[37, 1188]
[38, 216]
[38, 377]
[38, 462]
[38, 614]
[38, 1189]
[38, 1249]
[39, 97]
[39, 226]
[39, 703]
[39, 1127]
[39, 1358]
[40, 191]
[40, 296]
[40, 388]
[40, 863]
[40, 877]
[40, 1430]
[41, 297]
[41, 635]
[41, 679]
[41, 732]
[41, 1311]
[41, 1356]
[42, 130]
[42, 228]
[42, 308]
[42, 450]
[42, 611]
[42, 1273]
[43, 240]
[43, 379]
[43, 563]
[43, 908]
[43, 947]
[43, 1304]
[44, 75]
[44, 78]
[44, 465]
[44, 587]
[44, 893]
[44, 1202]
[45, 105]
[45, 148]
[45, 196]
[45, 226]
[45, 505]
[46, 169]
[46, 370]
[46, 396]
[46, 475]
[46, 985]
[46, 1046]
[47, 453]
[47, 520]
[47, 803]
[47, 812]
[47, 1423]
[48, 51]
[48, 219]
[48, 236]
[48, 417]
[48, 653]
[48, 805]
[49, 74]
[49, 267]
[49, 331]
[49, 871]
[49, 940]
[49, 1436]
[50, 84]
[50, 223]
[50, 355]
[50, 576]
[50, 704]
[50, 727]
[51, 236]
[51, 610]
[51, 653]
[51, 810]
[51, 1005]
[52, 273]
[52, 274]
[52, 660]
[52, 766]
[52, 775]
[52, 899]
[53, 154]
[53, 248]
[53, 280]
[53, 544]
[53, 631]
[53, 1066]
[54, 64]
[54, 377]
[54, 462]
[54, 659]
[54, 854]
[54, 904]
[55, 334]
[55, 615]
[55, 682]
[55, 1180]
[55, 1212]
[55, 1404]
[56, 419]
[56, 534]
[56, 592]
[56, 951]
[56, 1318]
[56, 1347]
[57, 520]
[57, 602]
[57, 708]
[57, 864]
[57, 1423]
[58, 80]
[58, 320]
[58, 702]
[58, 1123]
[58, 1210]
[58, 1308]
[59, 144]
[59, 564]
[59, 712]
[59, 1144]
[59, 1193]
[59, 1345]
[60, 397]
[60, 640]
[60, 942]
[60, 991]
[60, 1030]
[60, 1416]
[61, 217]
[61, 293]
[61, 846]
[61, 1013]
[61, 1298]
[61, 1309]
[62, 155]
[62, 332]
[62, 473]
[62, 735]
[62, 1072]
[62, 1251]
[63, 885]
[63, 891]
[63, 932]
[63, 1029]
[63, 1148]
[63, 1295]
[64, 66]
[64, 380]
[64, 552]
[64, 659]
[64, 904]
[65, 116]
[65, 215]
[65, 509]
[65, 713]
[65, 811]
[65, 1024]
[66, 552]
[66, 614]
[66, 659]
[66, 1189]
[66, 1242]
[67, 197]
[67, 369]
[67, 469]
[67, 652]
[67, 807]
[67, 1288]
[68, 77]
[68, 146]
[68, 758]
[68, 771]
[68, 1009]
[68, 1091]
[69, 612]
[69, 975]
[69, 1031]
[69, 1120]
[69, 1352]
[69, 1353]
[70, 102]
[70, 149]
[70, 745]
[70, 1223]
[70, 1232]
[70, 1360]
[71, 620]
[71, 1001]
[71, 1071]
[71, 1166]
[71, 1269]
[71, 1301]
[72, 138]
[72, 442]
[72, 547]
[72, 961]
[72, 1277]
[72, 1364]
[73, 488]
[73, 755]
[73, 930]
[73, 978]
[73, 1274]
[73, 1332]
[74, 206]
[74, 221]
[74, 267]
[74, 940]
[74, 1429]
[75, 78]
[75, 554]
[75, 626]
[75, 860]
[75, 1202]
[76, 165]
[76, 262]
[76, 445]
[76, 588]
[76, 593]
[76, 874]
[77, 299]
[77, 663]
[77, 758]
[77, 1091]
[77, 1237]
[78, 554]
[78, 587]
[78, 834]
[78, 1209]
[79, 249]
[79, 519]
[79, 1238]
[79, 1287]
[79, 1322]
[79, 1369]
[80, 367]
[80, 875]
[80, 894]
[80, 971]
[80, 1214]
[81, 288]
[81, 348]
[81, 373]
[81, 871]
[81, 1220]
[81, 1436]
[82, 132]
[82, 362]
[82, 749]
[82, 752]
[82, 1090]
[82, 1093]
[83, 334]
[83, 575]
[83, 665]
[83, 682]
[83, 1068]
[83, 1250]
[84, 91]
[84, 355]
[84, 727]
[84, 1132]
[84, 1418]
[85, 174]
[85, 430]
[85, 503]
[85, 1012]
[85, 1266]
[86, 120]
[86, 216]
[86, 376]
[86, 1087]
[86, 1216]
[86, 1417]
[87, 329]
[87, 449]
[87, 549]
[87, 1039]
[87, 1142]
[87, 1224]
[88, 661]
[88, 770]
[88, 776]
[88, 1021]
[88, 1221]
[88, 1233]
[89, 119]
[89, 245]
[89, 313]
[89, 351]
[89, 802]
[89, 1327]
[90, 99]
[90, 468]
[90, 531]
[90, 626]
[90, 796]
[90, 1109]
[91, 355]
[91, 367]
[91, 393]
[91, 1002]
[91, 1418]
[92, 112]
[92, 481]
[92, 794]
[92, 1081]
[92, 1245]
[93, 289]
[93, 290]
[93, 486]
[93, 890]
[93, 1097]
[93, 1361]
[94, 253]
[94, 512]
[94, 521]
[94, 590]
[94, 968]
[94, 1060]
[95, 373]
[95, 719]
[95, 779]
[95, 849]
[95, 949]
[95, 1272]
[96, 371]
[96, 526]
[96, 622]
[96, 647]
[96, 1040]
[96, 1241]
[97, 427]
[97, 505]
[97, 1319]
[97, 1358]
[98, 238]
[98, 532]
[98, 640]
[98, 822]
[98, 1106]
[98, 1352]
[99, 531]
[99, 626]
[99, 943]
[99, 1079]
[99, 1169]
[100, 101]
[100, 424]
[100, 572]
[100, 764]
[100, 1019]
[100, 1139]
[101, 104]
[101, 572]
[101, 631]
[101, 1019]
[101, 1158]
[102, 432]
[102, 745]
[102, 847]
[102, 1232]
[102, 1281]
[103, 171]
[103, 207]
[103, 337]
[103, 787]
[103, 960]
[103, 1163]
[104, 157]
[104, 572]
[104, 1070]
[104, 1158]
[104, 1175]
[105, 516]
[105, 809]
[105, 1274]
[105, 1354]
[105, 1360]
[106, 320]
[106, 500]
[106, 676]
[106, 1046]
[106, 1123]
[106, 1359]
[107, 115]
[107, 129]
[107, 488]
[107, 750]
[107, 978]
[107, 1384]
[108, 116]
[108, 143]
[108, 215]
[108, 700]
[108, 818]
[108, 966]
[109, 349]
[109, 537]
[109, 568]
[109, 1045]
[109, 1222]
[109, 1341]
[110, 141]
[110, 210]
[110, 754]
[110, 866]
[110, 881]
[110, 1110]
[111, 283]
[111, 593]
[111, 765]
[111, 778]
[111, 1028]
[111, 1400]
[112, 473]
[112, 1081]
[112, 1204]
[113, 180]
[113, 543]
[113, 597]
[113, 1025]
[113, 1125]
[113, 1127]
[114, 605]
[114, 1102]
[114, 1126]
[114, 1211]
[114, 1248]
[114, 1312]
[115, 123]
[115, 187]
[115, 956]
[115, 1155]
[115, 1302]
[116, 215]
[116, 508]
[116, 966]
[116, 1024]
[117, 239]
[117, 965]
[117, 1025]
[117, 1084]
[117, 1318]
[117, 1347]
[118, 233]
[118, 644]
[118, 824]
[118, 967]
[118, 1018]
[118, 1399]
[119, 937]
[119, 990]
[119, 1231]
[119, 1278]
[119, 1346]
[120, 305]
[120, 775]
[120, 962]
[121, 180]
[121, 844]
[121, 1127]
[121, 1409]
[121, 1411]
[122, 131]
[122, 207]
[122, 678]
[122, 880]
[122, 1321]
[122, 1427]
[123, 273]
[123, 956]
[123, 1065]
[123, 1302]
[123, 1371]
[124, 182]
[124, 414]
[124, 491]
[124, 522]
[124, 1104]
[125, 170]
[125, 275]
[125, 347]
[125, 457]
[125, 754]
[125, 1338]
[126, 523]
[126, 558]
[126, 1167]
[126, 1270]
[126, 1334]
[126, 1351]
[127, 322]
[127, 734]
[127, 801]
[127, 948]
[127, 1035]
[127, 1317]
[128, 144]
[128, 639]
[128, 712]
[128, 724]
[128, 1109]
[128, 1202]
[129, 488]
[129, 755]
[129, 1055]
[129, 1226]
[129, 1384]
[130, 306]
[130, 307]
[130, 496]
[130, 826]
[130, 1096]
[131, 280]
[131, 631]
[131, 1321]
[131, 1427]
[132, 156]
[132, 302]
[132, 685]
[132, 691]
[132, 1033]
[133, 342]
[133, 454]
[133, 558]
[133, 869]
[133, 1150]
[133, 1167]
[134, 553]
[134, 594]
[134, 689]
[134, 748]
[134, 833]
[134, 910]
[135, 424]
[135, 623]
[135, 632]
[135, 773]
[135, 830]
[135, 1422]
[136, 193]
[136, 194]
[136, 375]
[136, 613]
[136, 947]
[136, 1122]
[137, 234]
[137, 515]
[137, 539]
[137, 885]
[137, 932]
[137, 958]
[138, 618]
[138, 851]
[138, 870]
[138, 961]
[138, 1277]
[139, 185]
[139, 286]
[139, 425]
[139, 487]
[139, 814]
[139, 1190]
[140, 412]
[140, 483]
[140, 596]
[140, 1011]
[140, 1182]
[141, 173]
[141, 395]
[141, 881]
[141, 1110]
[141, 1172]
[142, 229]
[142, 235]
[142, 443]
[142, 696]
[142, 1118]
[142, 1334]
[143, 700]
[143, 966]
[143, 1180]
[143, 1269]
[143, 1335]
[144, 564]
[144, 639]
[144, 712]
[144, 904]
[145, 199]
[145, 227]
[145, 238]
[145, 612]
[145, 616]
[145, 876]
[146, 383]
[146, 480]
[146, 562]
[146, 1009]
[146, 1091]
[147, 196]
[147, 218]
[147, 345]
[147, 1059]
[147, 1240]
[147, 1280]
[148, 196]
[148, 505]
[148, 707]
[148, 1027]
[148, 1319]
[149, 226]
[149, 252]
[149, 259]
[149, 745]
[149, 1223]
[150, 447]
[150, 626]
[150, 796]
[150, 818]
[150, 895]
[150, 1079]
[151, 439]
[151, 600]
[151, 955]
[151, 1130]
[151, 1193]
[151, 1401]
[152, 258]
[152, 997]
[152, 1095]
[152, 1203]
[152, 1319]
[152, 1415]
[153, 316]
[153, 559]
[153, 796]
[153, 993]
[153, 1253]
[153, 1303]
[154, 280]
[154, 584]
[154, 880]
[154, 1066]
[154, 1427]
[155, 579]
[155, 852]
[155, 1072]
[155, 1174]
[155, 1251]
[156, 250]
[156, 302]
[156, 335]
[156, 584]
[156, 685]
[157, 278]
[157, 301]
[157, 573]
[157, 896]
[157, 933]
[158, 286]
[158, 414]
[158, 434]
[158, 690]
[158, 701]
[158, 1427]
[159, 389]
[159, 408]
[159, 514]
[159, 521]
[159, 706]
[159, 714]
[160, 169]
[160, 364]
[160, 371]
[160, 622]
[160, 1099]
[161, 248]
[161, 335]
[161, 344]
[161, 384]
[161, 671]
[161, 1151]
[162, 231]
[162, 599]
[162, 718]
[162, 737]
[162, 1006]
[162, 1116]
[163, 317]
[163, 846]
[163, 1047]
[163, 1185]
[163, 1298]
[163, 1400]
[164, 535]
[164, 840]
[164, 1200]
[164, 1289]
[164, 1434]
[165, 445]
[165, 856]
[165, 874]
[165, 936]
[165, 994]
[166, 430]
[166, 546]
[166, 595]
[166, 621]
[166, 1194]
[166, 1368]
[167, 227]
[167, 257]
[167, 422]
[167, 606]
[167, 825]
[167, 959]
[168, 529]
[168, 658]
[168, 677]
[168, 1003]
[168, 1129]
[168, 1325]
[169, 370]
[169, 465]
[169, 761]
[169, 1046]
[170, 347]
[170, 528]
[170, 1058]
[170, 1338]
[170, 1413]
[171, 241]
[171, 337]
[171, 784]
[171, 960]
[171, 1143]
[172, 486]
[172, 550]
[172, 658]
[172, 668]
[172, 983]
[172, 1325]
[173, 395]
[173, 823]
[173, 928]
[173, 1110]
[173, 1279]
[174, 321]
[174, 503]
[174, 627]
[174, 944]
[175, 247]
[175, 813]
[175, 906]
[175, 1349]
[175, 1366]
[175, 1382]
[176, 532]
[176, 594]
[176, 741]
[176, 1106]
[176, 1170]
[177, 218]
[177, 345]
[177, 484]
[177, 926]
[177, 1124]
[177, 1357]
[178, 352]
[178, 537]
[178, 1057]
[178, 1367]
[178, 1439]
[179, 441]
[179, 444]
[179, 549]
[179, 1174]
[179, 1181]
[179, 1183]
[180, 292]
[180, 1125]
[180, 1127]
[181, 339]
[181, 396]
[181, 868]
[181, 1004]
[181, 1037]
[181, 1099]
[182, 295]
[182, 368]
[182, 623]
[182, 1104]
[183, 679]
[183, 707]
[183, 801]
[183, 883]
[183, 979]
[183, 1035]
[184, 363]
[184, 828]
[184, 835]
[184, 1098]
[184, 1407]
[184, 1431]
[185, 410]
[185, 425]
[185, 495]
[185, 780]
[185, 1190]
[186, 189]
[186, 194]
[186, 478]
[186, 492]
[186, 743]
[186, 828]
[187, 580]
[187, 789]
[187, 1155]
[187, 1302]
[187, 1365]
[188, 354]
[188, 409]
[188, 855]
[188, 937]
[188, 1278]
[189, 263]
[189, 330]
[189, 478]
[189, 743]
[189, 1393]
[190, 428]
[190, 914]
[190, 955]
[190, 991]
[190, 1103]
[190, 1416]
[191, 388]
[191, 423]
[191, 746]
[191, 877]
[191, 1432]
[192, 363]
[192, 375]
[192, 416]
[192, 460]
[192, 518]
[192, 705]
[193, 310]
[193, 947]
[193, 997]
[193, 1095]
[193, 1122]
[194, 478]
[194, 492]
[194, 533]
[194, 1149]
[195, 234]
[195, 539]
[195, 687]
[195, 891]
[195, 902]
[195, 1148]
[196, 226]
[196, 703]
[196, 1027]
[197, 369]
[197, 561]
[197, 652]
[197, 819]
[197, 1341]
[198, 281]
[198, 610]
[198, 894]
[198, 1192]
[198, 1214]
[198, 1236]
[199, 227]
[199, 577]
[199, 876]
[199, 972]
[199, 1062]
[200, 287]
[200, 294]
[200, 790]
[200, 793]
[200, 1375]
[200, 1403]
[201, 303]
[201, 536]
[201, 1042]
[201, 1143]
[201, 1297]
[201, 1339]
[202, 383]
[202, 663]
[202, 758]
[202, 1009]
[202, 1023]
[202, 1350]
[203, 463]
[203, 506]
[203, 731]
[203, 739]
[203, 1068]
[203, 1154]
[204, 316]
[204, 377]
[204, 634]
[204, 768]
[204, 1253]
[204, 1257]
[205, 636]
[205, 726]
[205, 800]
[205, 879]
[205, 1255]
[206, 221]
[206, 267]
[206, 288]
[206, 348]
[206, 798]
[207, 544]
[207, 880]
[207, 1066]
[207, 1321]
[208, 315]
[208, 369]
[208, 374]
[208, 387]
[208, 1161]
[208, 1213]
[209, 430]
[209, 571]
[209, 578]
[209, 779]
[209, 921]
[209, 1368]
[210, 212]
[210, 472]
[210, 499]
[210, 530]
[210, 1165]
[211, 482]
[211, 554]
[211, 860]
[211, 980]
[211, 1209]
[212, 499]
[212, 645]
[212, 1050]
[212, 1165]
[212, 1327]
[213, 436]
[213, 567]
[213, 621]
[213, 803]
[213, 1437]
[214, 268]
[214, 357]
[214, 900]
[214, 910]
[214, 1284]
[215, 509]
[215, 700]
[216, 684]
[216, 980]
[216, 1087]
[216, 1216]
[217, 546]
[217, 1047]
[217, 1244]
[217, 1298]
[217, 1309]
[218, 345]
[218, 809]
[218, 1124]
[218, 1280]
[219, 236]
[219, 400]
[219, 417]
[219, 688]
[220, 381]
[220, 426]
[220, 431]
[220, 981]
[220, 1040]
[220, 1391]
[221, 288]
[221, 940]
[221, 1220]
[222, 328]
[222, 383]
[222, 569]
[222, 583]
[222, 619]
[222, 1225]
[223, 232]
[223, 838]
[223, 842]
[223, 1294]
[223, 1331]
[224, 232]
[224, 233]
[224, 872]
[224, 1229]
[224, 1294]
[224, 1404]
[225, 380]
[225, 628]
[225, 744]
[225, 853]
[225, 925]
[225, 1115]
[226, 703]
[227, 577]
[227, 616]
[228, 308]
[228, 359]
[228, 450]
[228, 501]
[228, 1338]
[229, 443]
[229, 992]
[229, 1118]
[229, 1200]
[229, 1414]
[230, 466]
[230, 643]
[230, 644]
[230, 954]
[230, 1104]
[230, 1399]
[231, 433]
[231, 599]
[231, 629]
[231, 1006]
[231, 1086]
[232, 233]
[232, 838]
[232, 969]
[232, 1294]
[233, 838]
[233, 1283]
[233, 1404]
[234, 539]
[234, 885]
[234, 891]
[234, 936]
[235, 648]
[235, 696]
[235, 1038]
[235, 1118]
[235, 1219]
[236, 610]
[236, 688]
[236, 927]
[237, 504]
[237, 781]
[237, 859]
[237, 884]
[237, 996]
[237, 1326]
[238, 640]
[238, 710]
[238, 1106]
[239, 243]
[239, 292]
[239, 427]
[239, 887]
[239, 1041]
[240, 241]
[240, 536]
[240, 563]
[240, 1304]
[240, 1424]
[241, 285]
[241, 337]
[241, 784]
[241, 1402]
[242, 251]
[242, 264]
[242, 325]
[242, 456]
[242, 633]
[242, 922]
[243, 292]
[243, 821]
[243, 1041]
[243, 1230]
[243, 1287]
[244, 436]
[244, 459]
[244, 672]
[244, 863]
[244, 877]
[244, 1432]
[245, 654]
[245, 802]
[245, 1172]
[245, 1327]
[245, 1336]
[246, 420]
[246, 428]
[246, 840]
[246, 914]
[246, 942]
[246, 1030]
[247, 816]
[247, 838]
[247, 906]
[247, 1063]
[247, 1349]
[248, 335]
[248, 344]
[248, 372]
[248, 674]
[249, 627]
[249, 636]
[249, 879]
[249, 1238]
[249, 1369]
[250, 255]
[250, 302]
[250, 584]
[250, 592]
[250, 1141]
[251, 320]
[251, 325]
[251, 850]
[251, 922]
[251, 1132]
[252, 259]
[252, 404]
[252, 745]
[252, 847]
[252, 1409]
[253, 407]
[253, 512]
[253, 968]
[253, 1133]
[253, 1387]
[254, 260]
[254, 462]
[254, 916]
[254, 1137]
[254, 1191]
[254, 1419]
[255, 302]
[255, 800]
[255, 1033]
[255, 1141]
[255, 1406]
[256, 852]
[256, 1007]
[256, 1053]
[256, 1078]
[256, 1354]
[256, 1360]
[257, 606]
[257, 776]
[257, 825]
[257, 1233]
[258, 524]
[258, 613]
[258, 947]
[258, 1095]
[258, 1415]
[259, 404]
[259, 1121]
[259, 1199]
[259, 1223]
[260, 438]
[260, 642]
[260, 916]
[260, 1419]
[261, 526]
[261, 577]
[261, 888]
[261, 1062]
[261, 1140]
[262, 493]
[262, 588]
[262, 874]
[262, 1023]
[262, 1426]
[263, 276]
[263, 330]
[263, 415]
[263, 560]
[263, 743]
[264, 325]
[264, 413]
[264, 456]
[264, 476]
[264, 1351]
[265, 536]
[265, 563]
[265, 908]
[265, 1179]
[265, 1186]
[265, 1367]
[266, 813]
[266, 816]
[266, 826]
[266, 1105]
[266, 1259]
[266, 1349]
[267, 329]
[267, 348]
[267, 1436]
[268, 865]
[268, 963]
[268, 1281]
[268, 1284]
[269, 535]
[269, 608]
[269, 753]
[269, 968]
[269, 1235]
[270, 381]
[270, 617]
[270, 647]
[270, 725]
[270, 1256]
[270, 1420]
[271, 421]
[271, 790]
[271, 976]
[271, 1085]
[271, 1195]
[271, 1375]
[272, 616]
[272, 637]
[272, 681]
[272, 1089]
[272, 1205]
[272, 1313]
[273, 660]
[273, 766]
[273, 1407]
[273, 1431]
[274, 309]
[274, 766]
[274, 828]
[274, 899]
[274, 1098]
[275, 347]
[275, 385]
[275, 457]
[275, 472]
[275, 923]
[276, 415]
[276, 492]
[276, 533]
[276, 743]
[276, 790]
[277, 494]
[277, 710]
[277, 972]
[277, 1160]
[277, 1164]
[277, 1333]
[278, 301]
[278, 372]
[278, 924]
[278, 933]
[278, 1146]
[279, 481]
[279, 1115]
[279, 1218]
[279, 1241]
[279, 1242]
[279, 1245]
[280, 631]
[280, 933]
[280, 1427]
[281, 300]
[281, 367]
[281, 562]
[281, 894]
[281, 1192]
[282, 398]
[282, 920]
[282, 1000]
[282, 1206]
[282, 1391]
[282, 1435]
[283, 457]
[283, 765]
[283, 1028]
[283, 1178]
[283, 1316]
[284, 498]
[284, 861]
[284, 984]
[284, 1120]
[284, 1348]
[284, 1352]
[285, 337]
[285, 479]
[285, 613]
[285, 787]
[285, 1402]
[286, 528]
[286, 690]
[286, 695]
[286, 701]
[287, 793]
[287, 1135]
[287, 1247]
[287, 1394]
[287, 1403]
[360, 525]
[360, 548]
[360, 905]
[360, 1056]
[360, 1228]
[361, 556]
[361, 670]
[361, 815]
[361, 823]
[361, 1153]
[362, 738]
[362, 752]
[362, 986]
[362, 1090]
[363, 416]
[363, 423]
[363, 460]
[363, 1067]
[364, 371]
[364, 647]
[364, 893]
[364, 1128]
[365, 433]
[365, 654]
[365, 1034]
[365, 1188]
[365, 1329]
[366, 589]
[366, 684]
[366, 980]
[366, 1051]
[366, 1393]
[366, 1396]
[367, 562]
[367, 894]
[367, 971]
[368, 623]
[368, 1052]
[368, 1104]
[368, 1307]
[368, 1381]
[369, 469]
[369, 819]
[369, 1414]
[370, 465]
[370, 724]
[370, 943]
[370, 985]
[371, 622]
[371, 647]
[371, 920]
[372, 674]
[372, 986]
[373, 836]
[373, 949]
[373, 1272]
[373, 1373]
[374, 387]
[374, 558]
[374, 1215]
[374, 1310]
[375, 613]
[375, 1122]
[375, 1203]
[375, 1415]
[376, 899]
[376, 1087]
[376, 1393]
[376, 1396]
[376, 1417]
[377, 462]
[377, 904]
[377, 1249]
[378, 386]
[378, 502]
[378, 662]
[378, 1017]
[378, 1136]
[378, 1342]
[379, 399]
[379, 759]
[379, 908]
[379, 1179]
[379, 1304]
[380, 600]
[380, 744]
[380, 853]
[380, 1193]
[381, 725]
[381, 762]
[381, 987]
[381, 1256]
[382, 477]
[382, 785]
[382, 821]
[382, 892]
[382, 956]
[382, 1230]
[383, 480]
[383, 1009]
[383, 1023]
[384, 534]
[384, 592]
[384, 939]
[384, 965]
[384, 1025]
[385, 457]
[385, 603]
[385, 923]
[385, 1185]
[385, 1408]
[386, 609]
[386, 737]
[386, 999]
[386, 1112]
[386, 1208]
[387, 1118]
[387, 1213]
[387, 1310]
[388, 390]
[388, 746]
[388, 835]
[389, 514]
[389, 706]
[389, 822]
[390, 459]
[390, 672]
[390, 746]
[390, 1396]
[391, 400]
[391, 774]
[391, 917]
[391, 1114]
[391, 1374]
[391, 1412]
[392, 551]
[392, 738]
[392, 1017]
[392, 1020]
[392, 1111]
[393, 467]
[393, 569]
[393, 1002]
[393, 1362]
[393, 1418]
[394, 448]
[394, 625]
[394, 1036]
[394, 1157]
[394, 1227]
[395, 716]
[395, 881]
[395, 928]
[395, 1034]
[396, 633]
[396, 1004]
[396, 1270]
[397, 420]
[397, 494]
[397, 942]
[397, 1103]
[397, 1416]
[398, 557]
[398, 1000]
[398, 1267]
[398, 1435]
[399, 1179]
[399, 1186]
[399, 1304]
[399, 1378]
[399, 1424]
[400, 402]
[400, 417]
[400, 688]
[400, 882]
[401, 441]
[401, 698]
[401, 844]
[401, 848]
[401, 1183]
[402, 599]
[402, 610]
[402, 688]
[402, 810]
[402, 882]
[403, 446]
[403, 464]
[403, 740]
[403, 854]
[403, 1419]
[403, 1433]
[404, 432]
[404, 847]
[404, 1121]
[405, 544]
[405, 635]
[405, 747]
[405, 777]
[405, 1080]
[406, 758]
[406, 906]
[406, 1063]
[406, 1105]
[406, 1259]
[406, 1382]
[407, 412]
[407, 968]
[407, 1133]
[407, 1175]
[407, 1300]
[408, 502]
[408, 963]
[408, 1136]
[408, 1315]
[409, 646]
[409, 1278]
[409, 1346]
[410, 425]
[410, 711]
[410, 780]
[410, 951]
[410, 1163]
[411, 414]
[411, 434]
[411, 437]
[411, 788]
[411, 806]
[411, 909]
[412, 953]
[412, 968]
[412, 1060]
[412, 1300]
[413, 456]
[413, 476]
[413, 927]
[413, 1184]
[413, 1385]
[414, 434]
[414, 690]
[414, 909]
[415, 533]
[415, 604]
[415, 1149]
[416, 423]
[416, 492]
[416, 705]
[417, 653]
[417, 882]
[417, 1157]
[418, 615]
[418, 1001]
[418, 1052]
[418, 1068]
[418, 1180]
[418, 1250]
[419, 534]
[419, 787]
[419, 939]
[419, 1084]
[419, 1347]
[420, 428]
[420, 648]
[420, 942]
[420, 1103]
[421, 1166]
[421, 1195]
[421, 1375]
[421, 1394]
[421, 1403]
[422, 770]
[422, 825]
[422, 959]
[422, 1168]
[422, 1221]
[423, 1067]
[423, 1076]
[424, 632]
[424, 1042]
[424, 1422]
[425, 487]
[425, 880]
[425, 951]
[426, 481]
[426, 757]
[426, 832]
[426, 981]
[426, 1040]
[427, 477]
[427, 887]
[427, 892]
[428, 914]
[428, 1103]
[429, 484]
[429, 715]
[429, 898]
[429, 995]
[429, 1265]
[429, 1379]
[430, 546]
[430, 578]
[430, 1368]
[431, 981]
[431, 1074]
[431, 1262]
[431, 1391]
[432, 847]
[432, 1121]
[432, 1232]
[432, 1315]
[433, 996]
[433, 1188]
[433, 1326]
[434, 437]
[434, 701]
[434, 858]
[435, 448]
[435, 1061]
[435, 1117]
[435, 1307]
[435, 1312]
[436, 621]
[436, 1264]
[436, 1271]
[437, 528]
[437, 542]
[437, 701]
[437, 806]
[438, 455]
[438, 651]
[438, 723]
[438, 817]
[439, 1008]
[439, 1215]
[439, 1285]
[439, 1310]
[440, 567]
[440, 574]
[440, 713]
[440, 813]
[440, 1437]
[441, 444]
[441, 698]
[441, 978]
[441, 1183]
[442, 585]
[442, 961]
[442, 1346]
[442, 1364]
[442, 1429]
[443, 485]
[443, 696]
[443, 992]
[444, 549]
[444, 698]
[444, 798]
[444, 1155]
[445, 588]
[445, 855]
[445, 936]
[445, 1268]
[446, 464]
[446, 651]
[446, 666]
[446, 854]
[446, 901]
[447, 452]
[447, 721]
[447, 1044]
[447, 1392]
[448, 485]
[448, 805]
[448, 1061]
[448, 1312]
[449, 829]
[449, 903]
[449, 1039]
[449, 1224]
[450, 501]
[450, 611]
[450, 1237]
[451, 733]
[451, 763]
[451, 802]
[451, 804]
[451, 1075]
[451, 1243]
[452, 721]
[452, 812]
[452, 1328]
[452, 1377]
[453, 672]
[453, 803]
[453, 864]
[453, 1234]
[453, 1423]
[454, 665]
[454, 709]
[454, 799]
[454, 1045]
[454, 1341]
[455, 591]
[455, 723]
[455, 817]
[455, 1372]
[456, 696]
[456, 922]
[456, 927]
[457, 1185]
[457, 1338]
[458, 630]
[458, 664]
[458, 912]
[458, 952]
[458, 1026]
[458, 1425]
[459, 566]
[459, 672]
[459, 746]
[459, 1432]
[460, 518]
[460, 519]
[460, 1041]
[460, 1067]
[461, 673]
[461, 760]
[461, 843]
[461, 898]
[461, 948]
[461, 1265]
[462, 659]
[462, 1189]
[463, 739]
[463, 786]
[463, 1064]
[463, 1154]
[463, 1339]
[464, 666]
[464, 1317]
[464, 1433]
[465, 761]
[465, 943]
[465, 946]
[466, 471]
[466, 620]
[466, 643]
[466, 644]
[466, 824]
[467, 576]
[467, 657]
[467, 704]
[467, 1002]
[467, 1362]
[468, 531]
[468, 796]
[468, 799]
[468, 895]
[468, 1077]
[469, 807]
[469, 919]
[469, 1414]
[469, 1434]
[470, 486]
[470, 513]
[470, 540]
[470, 1065]
[470, 1097]
[470, 1295]
[471, 643]
[471, 824]
[471, 1018]
[471, 1100]
[472, 499]
[472, 530]
[472, 693]
[473, 586]
[473, 735]
[473, 945]
[473, 1072]
[474, 601]
[474, 649]
[474, 675]
[474, 885]
[474, 974]
[475, 694]
[475, 985]
[475, 1046]
[476, 1132]
[476, 1294]
[476, 1385]
[477, 698]
[477, 821]
[477, 892]
[478, 938]
[478, 1149]
[479, 705]
[479, 787]
[479, 1069]
[479, 1163]
[479, 1402]
[480, 1023]
[480, 1091]
[481, 1218]
[481, 1245]
[482, 860]
[482, 893]
[482, 1202]
[482, 1249]
[483, 535]
[483, 596]
[483, 1036]
[483, 1227]
[484, 886]
[484, 948]
[484, 1265]
[484, 1379]
[485, 783]
[485, 805]
[485, 1061]
[485, 1184]
[486, 1097]
[486, 1295]
[487, 814]
[487, 951]
[487, 957]
[487, 1141]
[488, 755]
[488, 978]
[488, 1251]
[489, 637]
[489, 686]
[489, 689]
[489, 837]
[489, 900]
[489, 1089]
[490, 559]
[490, 604]
[490, 731]
[490, 786]
[490, 1154]
[490, 1292]
[491, 522]
[491, 845]
[491, 1104]
[491, 1211]
[491, 1307]
[492, 533]
[492, 743]
[493, 588]
[493, 619]
[493, 1119]
[493, 1268]
[493, 1426]
[494, 717]
[494, 972]
[494, 1010]
[494, 1160]
[495, 678]
[495, 911]
[495, 973]
[495, 1071]
[495, 1166]
[496, 699]
[496, 795]
[496, 1096]
[496, 1413]
[497, 561]
[497, 819]
[497, 919]
[497, 1061]
[497, 1355]
[497, 1414]
[498, 861]
[498, 984]
[498, 1053]
[498, 1171]
[498, 1282]
[499, 645]
[499, 693]
[499, 1316]
[500, 742]
[500, 1004]
[500, 1210]
[500, 1359]
[501, 555]
[501, 765]
[501, 1237]
[502, 590]
[502, 1017]
[502, 1136]
[502, 1315]
[503, 797]
[503, 1012]
[503, 1298]
[504, 859]
[504, 1034]
[504, 1188]
[504, 1326]
[504, 1421]
[505, 930]
[505, 1319]
[506, 700]
[506, 731]
[506, 739]
[506, 1085]
[506, 1292]
[507, 656]
[507, 718]
[507, 741]
[507, 889]
[507, 1101]
[507, 1116]
[508, 1083]
[508, 1196]
[508, 1328]
[508, 1343]
[508, 1366]
[509, 700]
[509, 811]
[509, 1195]
[509, 1269]
[510, 820]
[510, 1114]
[510, 1136]
[510, 1159]
[510, 1412]
[511, 583]
[511, 638]
[511, 770]
[511, 1014]
[511, 1225]
[511, 1370]
[512, 590]
[512, 782]
[512, 1121]
[512, 1133]
[513, 540]
[513, 660]
[513, 772]
[513, 1097]
[513, 1361]
[514, 521]
[514, 1389]
[515, 539]
[515, 862]
[515, 902]
[515, 932]
[515, 1029]
[516, 769]
[516, 809]
[516, 1274]
[516, 1291]
[517, 783]
[517, 1150]
[517, 1305]
[517, 1334]
[517, 1351]
[518, 519]
[518, 705]
[518, 1131]
[518, 1347]
[519, 1067]
[519, 1076]
[519, 1131]
[520, 1209]
[520, 1423]
[521, 714]
[521, 1201]
[521, 1389]
[522, 680]
[522, 845]
[522, 896]
[523, 869]
[523, 985]
[523, 1167]
[523, 1305]
[523, 1351]
[524, 679]
[524, 747]
[524, 777]
[524, 839]
[524, 1356]
[525, 541]
[525, 827]
[525, 867]
[525, 905]
[525, 1228]
[526, 622]
[526, 729]
[526, 1099]
[526, 1241]
[527, 543]
[527, 597]
[527, 752]
[527, 941]
[527, 1409]
[527, 1411]
[528, 695]
[528, 701]
[528, 806]
[529, 658]
[529, 668]
[529, 794]
[529, 945]
[529, 1129]
[530, 1033]
[530, 1165]
[530, 1314]
[531, 869]
[531, 1077]
[531, 1169]
[532, 822]
[532, 1106]
[532, 1170]
[533, 1149]
[533, 1402]
[534, 592]
[534, 939]
[534, 1066]
[535, 1235]
[535, 1434]
[536, 563]
[536, 1186]
[536, 1424]
[537, 1057]
[537, 1288]
[537, 1367]
[537, 1390]
[538, 1007]
[538, 1181]
[538, 1281]
[538, 1284]
[539, 902]
[540, 772]
[540, 1082]
[540, 1295]
[540, 1395]
[541, 582]
[541, 857]
[541, 867]
[541, 1228]
[541, 1437]
[542, 716]
[542, 754]
[542, 866]
[542, 928]
[542, 1279]
[543, 597]
[543, 1127]
[543, 1151]
[543, 1409]
[544, 631]
[544, 1066]
[544, 1321]
[545, 774]
[545, 820]
[545, 917]
[545, 931]
[545, 942]
[546, 578]
[546, 1194]
[546, 1198]
[547, 748]
[547, 756]
[547, 910]
[547, 1049]
[548, 657]
[548, 905]
[548, 1056]
[548, 1350]
[549, 798]
[549, 1181]
[550, 668]
[550, 794]
[550, 983]
[550, 987]
[550, 1145]
[551, 738]
[551, 1090]
[551, 1093]
[551, 1111]
[551, 1112]
[552, 614]
[552, 904]
[552, 1128]
[552, 1249]
[553, 594]
[553, 833]
[553, 1233]
[553, 1246]
[554, 721]
[554, 860]
[554, 1209]
[555, 697]
[555, 859]
[555, 1177]
[555, 1237]
[556, 670]
[556, 737]
[556, 882]
[556, 1208]
[557, 905]
[557, 964]
[557, 970]
[557, 1000]
[558, 1150]
[558, 1167]
[558, 1334]
[559, 624]
[559, 993]
[559, 1303]
[559, 1378]
[560, 566]
[560, 589]
[560, 1044]
[560, 1392]
[561, 575]
[561, 652]
[561, 819]
[561, 1355]
[562, 971]
[562, 1048]
[562, 1192]
[563, 908]
[563, 1356]
[564, 639]
[564, 728]
[564, 1094]
[564, 1144]
[565, 669]
[565, 775]
[565, 791]
[565, 1055]
[565, 1302]
[566, 589]
[566, 812]
[566, 1377]
[567, 713]
[567, 1196]
[567, 1437]
[568, 665]
[568, 1222]
[568, 1297]
[568, 1341]
[569, 583]
[569, 1370]
[569, 1380]
[570, 580]
[570, 751]
[570, 1029]
[570, 1065]
[570, 1365]
[570, 1371]
[571, 595]
[571, 921]
[571, 1082]
[571, 1187]
[571, 1368]
[572, 680]
[572, 764]
[572, 1070]
[573, 896]
[573, 1182]
[573, 1197]
[573, 1428]
[574, 713]
[574, 1162]
[574, 1264]
[574, 1271]
[575, 682]
[575, 1052]
[575, 1212]
[575, 1250]
[576, 704]
[576, 906]
[576, 1002]
[577, 742]
[577, 1062]
[578, 921]
[578, 1198]
[578, 1363]
[579, 586]
[579, 1032]
[579, 1072]
[579, 1174]
[580, 658]
[580, 1065]
[580, 1302]
[580, 1365]
[581, 849]
[581, 1067]
[581, 1272]
[581, 1286]
[581, 1373]
[581, 1430]
[582, 857]
[582, 1056]
[582, 1228]
[582, 1309]
[582, 1350]
[583, 971]
[583, 1225]
[583, 1370]
[584, 685]
[584, 1043]
[584, 1141]
[585, 618]
[585, 961]
[585, 1050]
[585, 1410]
[585, 1429]
[586, 686]
[586, 945]
[586, 1032]
[586, 1072]
[587, 893]
[587, 1209]
[588, 1108]
[588, 1268]
[589, 721]
[589, 812]
[589, 1392]
[590, 782]
[590, 953]
[590, 1060]
[591, 723]
[591, 934]
[591, 1204]
[591, 1263]
[592, 1025]
[592, 1318]
[593, 778]
[593, 841]
[593, 998]
[593, 1028]
[594, 910]
[595, 1187]
[595, 1194]
[595, 1234]
[595, 1368]
[596, 1011]
[596, 1157]
[596, 1227]
[596, 1374]
[597, 941]
[597, 1125]
[598, 697]
[598, 788]
[598, 1126]
[598, 1248]
[598, 1306]
[598, 1421]
[599, 1086]
[599, 1101]
[599, 1116]
[600, 744]
[600, 901]
[600, 1193]
[600, 1401]
[601, 649]
[601, 915]
[601, 935]
[602, 827]
[602, 864]
[602, 935]
[602, 1234]
[603, 650]
[603, 944]
[603, 1252]
[604, 786]
[604, 1064]
[604, 1085]
[604, 1292]
[605, 1102]
[605, 1153]
[605, 1211]
[606, 661]
[606, 776]
[606, 959]
[606, 1333]
[607, 717]
[607, 722]
[607, 922]
[607, 1010]
[607, 1340]
[607, 1386]
[608, 753]
[608, 840]
[608, 1389]
[609, 670]
[609, 815]
[609, 953]
[609, 1112]
[609, 1208]
[610, 688]
[610, 810]
[611, 1177]
[611, 1237]
[611, 1259]
[611, 1273]
[612, 616]
[612, 876]
[612, 888]
[612, 1140]
[613, 947]
[613, 1415]
[614, 617]
[614, 1189]
[614, 1249]
[615, 644]
[615, 1052]
[615, 1180]
[615, 1212]
[616, 888]
[617, 918]
[617, 1217]
[617, 1256]
[617, 1420]
[618, 851]
[618, 961]
[618, 1020]
[618, 1410]
[619, 1014]
[619, 1225]
[619, 1293]
[620, 911]
[620, 1001]
[620, 1071]
[621, 1271]
[621, 1437]
[622, 1099]
[622, 1359]
[623, 680]
[623, 1381]
[624, 634]
[624, 1257]
[624, 1303]
[624, 1378]
[625, 845]
[625, 1036]
[625, 1182]
[626, 796]
[626, 1079]
[627, 692]
[627, 1330]
[628, 853]
[628, 925]
[628, 955]
[628, 1130]
[628, 1140]
[629, 656]
[629, 889]
[629, 1006]
[629, 1075]
[629, 1086]
[630, 833]
[630, 912]
[630, 1388]
[630, 1425]
[631, 1321]
[632, 652]
[632, 830]
[632, 1297]
[633, 1004]
[633, 1219]
[633, 1270]
[634, 768]
[634, 1137]
[634, 1257]
[634, 1378]
[635, 1019]
[635, 1080]
[635, 1311]
[636, 879]
[636, 1255]
[636, 1369]
[637, 681]
[637, 686]
[637, 1089]
[637, 1120]
[638, 1014]
[638, 1293]
[638, 1370]
[638, 1380]
[639, 728]
[639, 1109]
[639, 1253]
[640, 710]
[640, 736]
[640, 822]
[641, 663]
[641, 1013]
[641, 1244]
[641, 1309]
[641, 1400]
[642, 916]
[642, 1226]
[643, 909]
[643, 954]
[643, 1100]
[644, 824]
[644, 1399]
[645, 693]
[645, 897]
[645, 1050]
[645, 1231]
[646, 829]
[646, 862]
[646, 1156]
[646, 1224]
[647, 1128]
[647, 1241]
[288, 348]
[288, 821]
[288, 1220]
[289, 708]
[289, 762]
[289, 918]
[289, 987]
[289, 1217]
[290, 486]
[290, 601]
[290, 890]
[290, 1082]
[290, 1295]
[291, 324]
[291, 389]
[291, 706]
[291, 861]
[291, 995]
[291, 1016]
[292, 427]
[292, 477]
[292, 821]
[293, 440]
[293, 574]
[293, 621]
[293, 1271]
[293, 1437]
[294, 416]
[294, 423]
[294, 705]
[294, 1076]
[294, 1131]
[295, 620]
[295, 678]
[295, 911]
[295, 1001]
[295, 1113]
[296, 388]
[296, 390]
[296, 672]
[296, 772]
[296, 863]
[297, 405]
[297, 635]
[297, 747]
[297, 1042]
[297, 1356]
[298, 394]
[298, 605]
[298, 625]
[298, 1011]
[298, 1157]
[298, 1182]
[299, 480]
[299, 663]
[299, 778]
[299, 1023]
[299, 1091]
[300, 771]
[300, 781]
[300, 907]
[300, 1005]
[300, 1092]
[301, 573]
[301, 924]
[301, 1300]
[301, 1428]
[302, 597]
[302, 1033]
[303, 424]
[303, 632]
[303, 1042]
[303, 1297]
[303, 1390]
[304, 683]
[304, 958]
[304, 1268]
[304, 1299]
[304, 1388]
[305, 565]
[305, 775]
[305, 791]
[305, 1097]
[306, 496]
[306, 795]
[306, 826]
[306, 846]
[306, 1162]
[307, 471]
[307, 826]
[307, 1073]
[307, 1096]
[307, 1258]
[308, 359]
[308, 697]
[308, 806]
[308, 1273]
[309, 310]
[309, 642]
[309, 916]
[309, 938]
[309, 1191]
[310, 642]
[310, 759]
[310, 938]
[311, 365]
[311, 433]
[311, 733]
[311, 884]
[311, 996]
[311, 1329]
[312, 603]
[312, 650]
[312, 944]
[312, 994]
[312, 1047]
[312, 1363]
[313, 351]
[313, 756]
[313, 792]
[313, 802]
[313, 913]
[314, 510]
[314, 514]
[314, 545]
[314, 820]
[314, 931]
[314, 1159]
[315, 374]
[315, 1045]
[315, 1161]
[315, 1215]
[315, 1285]
[316, 860]
[316, 1253]
[316, 1257]
[316, 1303]
[317, 450]
[317, 641]
[317, 846]
[317, 1013]
[317, 1400]
[318, 358]
[318, 587]
[318, 920]
[318, 929]
[318, 964]
[318, 1435]
[319, 387]
[319, 428]
[319, 439]
[319, 1008]
[319, 1213]
[319, 1310]
[320, 500]
[320, 1123]
[320, 1210]
[321, 503]
[321, 627]
[321, 797]
[321, 1330]
[321, 1408]
[322, 516]
[322, 707]
[322, 734]
[322, 1035]
[322, 1405]
[323, 605]
[323, 788]
[323, 1153]
[323, 1197]
[323, 1211]
[323, 1306]
[324, 389]
[324, 514]
[324, 995]
[324, 1030]
[324, 1389]
[325, 475]
[325, 476]
[325, 1132]
[326, 560]
[326, 566]
[326, 976]
[326, 1044]
[326, 1377]
[327, 408]
[327, 662]
[327, 963]
[327, 1136]
[327, 1170]
[327, 1261]
[328, 548]
[328, 569]
[328, 619]
[328, 1293]
[328, 1380]
[329, 646]
[329, 862]
[329, 1142]
[329, 1224]
[330, 415]
[330, 478]
[330, 624]
[330, 1149]
[331, 354]
[331, 409]
[331, 1231]
[331, 1254]
[331, 1346]
[332, 455]
[332, 591]
[332, 817]
[332, 1263]
[332, 1398]
[333, 475]
[333, 694]
[333, 727]
[333, 761]
[333, 946]
[333, 1046]
[334, 682]
[334, 1068]
[334, 1077]
[334, 1180]
[335, 372]
[335, 986]
[335, 1151]
[336, 608]
[336, 667]
[336, 753]
[336, 840]
[336, 1289]
[336, 1379]
[337, 747]
[337, 787]
[338, 349]
[338, 356]
[338, 709]
[338, 799]
[338, 993]
[338, 1222]
[339, 396]
[339, 868]
[339, 1270]
[339, 1345]
[339, 1438]
[340, 603]
[340, 636]
[340, 719]
[340, 944]
[340, 1015]
[340, 1252]
[341, 549]
[341, 798]
[341, 844]
[341, 848]
[341, 950]
[341, 1181]
[342, 517]
[342, 682]
[342, 869]
[342, 1150]
[342, 1305]
[343, 733]
[343, 1021]
[343, 1048]
[343, 1075]
[343, 1296]
[344, 671]
[344, 674]
[344, 808]
[344, 1080]
[345, 1035]
[345, 1240]
[345, 1357]
[346, 763]
[346, 804]
[346, 1021]
[346, 1108]
[346, 1296]
[346, 1388]
[347, 923]
[347, 1058]
[347, 1406]
[348, 751]
[348, 1436]
[349, 709]
[349, 1045]
[349, 1222]
[350, 353]
[350, 547]
[350, 594]
[350, 756]
[350, 910]
[350, 1261]
[351, 792]
[351, 961]
[351, 989]
[351, 1327]
[352, 886]
[352, 1022]
[352, 1057]
[352, 1152]
[352, 1439]
[353, 553]
[353, 594]
[353, 656]
[353, 756]
[353, 1246]
[354, 409]
[354, 539]
[354, 855]
[354, 1254]
[355, 576]
[355, 1002]
[355, 1092]
[356, 568]
[356, 665]
[356, 799]
[356, 1154]
[356, 1222]
[357, 449]
[357, 538]
[357, 900]
[357, 1284]
[358, 398]
[358, 557]
[358, 964]
[358, 1435]
[359, 501]
[359, 555]
[359, 697]
[359, 716]
[648, 1038]
[648, 1118]
[648, 1200]
[648, 1376]
[649, 675]
[649, 915]
[649, 983]
[649, 1074]
[650, 994]
[650, 1028]
[650, 1252]
[650, 1323]
[651, 723]
[651, 843]
[651, 934]
[652, 807]
[652, 1355]
[653, 810]
[653, 882]
[653, 1102]
[654, 802]
[654, 913]
[654, 1138]
[654, 1172]
[655, 732]
[655, 1022]
[655, 1139]
[655, 1152]
[655, 1288]
[655, 1390]
[656, 718]
[656, 889]
[656, 1006]
[657, 857]
[657, 867]
[657, 905]
[657, 1350]
[658, 668]
[658, 1325]
[659, 723]
[659, 1189]
[660, 835]
[660, 899]
[660, 1431]
[661, 770]
[661, 776]
[661, 875]
[661, 959]
[662, 718]
[662, 1136]
[662, 1261]
[662, 1342]
[663, 758]
[663, 1023]
[664, 677]
[664, 683]
[664, 952]
[664, 958]
[664, 1425]
[665, 799]
[665, 1341]
[666, 673]
[666, 901]
[666, 1134]
[667, 753]
[667, 1152]
[667, 1235]
[667, 1289]
[667, 1434]
[668, 791]
[668, 794]
[669, 720]
[669, 735]
[669, 791]
[669, 1055]
[669, 1372]
[670, 815]
[670, 1011]
[670, 1208]
[671, 703]
[671, 808]
[671, 1151]
[671, 1199]
[672, 863]
[673, 760]
[673, 886]
[673, 948]
[673, 1290]
[674, 808]
[674, 1158]
[675, 683]
[675, 974]
[675, 1074]
[675, 1147]
[676, 702]
[676, 1123]
[676, 1176]
[676, 1206]
[676, 1359]
[677, 983]
[677, 1129]
[677, 1145]
[677, 1325]
[678, 911]
[678, 973]
[678, 1113]
[679, 839]
[679, 1311]
[679, 1356]
[680, 845]
[680, 1381]
[681, 686]
[681, 1313]
[682, 1212]
[683, 952]
[683, 958]
[683, 1299]
[684, 980]
[684, 1087]
[684, 1257]
[684, 1393]
[685, 691]
[685, 1043]
[685, 1146]
[686, 837]
[687, 719]
[687, 994]
[687, 1015]
[687, 1323]
[687, 1363]
[688, 1386]
[689, 837]
[689, 1026]
[689, 1089]
[689, 1205]
[690, 695]
[690, 909]
[690, 911]
[691, 866]
[691, 1033]
[691, 1043]
[691, 1406]
[692, 1076]
[692, 1247]
[692, 1266]
[692, 1330]
[693, 897]
[693, 1252]
[694, 842]
[694, 943]
[694, 946]
[694, 985]
[695, 806]
[695, 909]
[695, 1096]
[696, 1038]
[697, 1177]
[697, 1273]
[698, 798]
[698, 844]
[699, 795]
[699, 1073]
[699, 1096]
[699, 1190]
[699, 1337]
[700, 1269]
[701, 1043]
[702, 1123]
[702, 1176]
[702, 1308]
[702, 1370]
[703, 1027]
[703, 1358]
[704, 727]
[704, 873]
[704, 1362]
[705, 1131]
[706, 714]
[706, 865]
[706, 1016]
[707, 979]
[707, 1035]
[707, 1405]
[708, 725]
[708, 762]
[708, 1217]
[708, 1420]
[709, 728]
[709, 799]
[709, 1045]
[710, 736]
[710, 741]
[711, 780]
[711, 951]
[711, 957]
[711, 1131]
[711, 1260]
[712, 724]
[712, 1345]
[713, 1264]
[714, 1016]
[714, 1201]
[714, 1232]
[715, 760]
[715, 898]
[715, 914]
[715, 1290]
[715, 1379]
[716, 754]
[716, 881]
[716, 928]
[717, 722]
[717, 972]
[717, 1010]
[718, 1006]
[718, 1116]
[719, 944]
[719, 1015]
[719, 1363]
[720, 791]
[720, 1081]
[720, 1372]
[721, 812]
[721, 1392]
[722, 972]
[722, 1210]
[722, 1333]
[722, 1340]
[723, 934]
[724, 730]
[724, 1109]
[724, 1345]
[725, 762]
[725, 1420]
[725, 1435]
[726, 800]
[726, 1125]
[726, 1255]
[726, 1287]
[726, 1322]
[727, 1362]
[727, 1418]
[728, 730]
[728, 1109]
[728, 1144]
[729, 853]
[729, 1099]
[729, 1128]
[729, 1241]
[730, 1109]
[730, 1144]
[730, 1167]
[730, 1345]
[731, 895]
[731, 1154]
[731, 1292]
[732, 1022]
[732, 1367]
[732, 1390]
[732, 1439]
[733, 1075]
[733, 1243]
[734, 1317]
[734, 1344]
[734, 1405]
[735, 789]
[735, 945]
[735, 1251]
[736, 741]
[736, 820]
[736, 822]
[736, 1170]
[737, 999]
[737, 1208]
[738, 782]
[738, 1090]
[739, 1064]
[739, 1085]
[739, 1301]
[740, 768]
[740, 854]
[740, 1094]
[740, 1433]
[741, 1170]
[742, 1176]
[742, 1210]
[742, 1308]
[742, 1359]
[743, 746]
[744, 925]
[744, 934]
[744, 1401]
[745, 847]
[745, 848]
[746, 1432]
[747, 777]
[747, 1356]
[748, 829]
[748, 833]
[748, 910]
[748, 1049]
[749, 752]
[749, 1020]
[749, 1093]
[749, 1111]
[749, 1165]
[750, 892]
[750, 930]
[750, 978]
[750, 1088]
[750, 1384]
[751, 956]
[751, 1155]
[751, 1365]
[751, 1371]
[752, 1020]
[753, 926]
[753, 1235]
[754, 866]
[754, 881]
[755, 817]
[755, 1226]
[755, 1332]
[756, 1049]
[756, 1246]
[757, 832]
[757, 981]
[757, 1168]
[757, 1262]
[757, 1313]
[758, 1009]
[759, 938]
[759, 1137]
[759, 1419]
[760, 898]
[760, 1290]
[760, 1401]
[761, 929]
[761, 946]
[761, 1046]
[762, 915]
[762, 987]
[763, 804]
[763, 937]
[763, 1108]
[763, 1243]
[764, 807]
[764, 831]
[764, 1070]
[764, 1139]
[765, 778]
[765, 1178]
[765, 1239]
[766, 1098]
[766, 1384]
[766, 1407]
[767, 771]
[767, 781]
[767, 1054]
[767, 1177]
[767, 1207]
[767, 1397]
[768, 993]
[768, 1253]
[768, 1378]
[769, 852]
[769, 1053]
[769, 1274]
[769, 1291]
[769, 1398]
[770, 959]
[770, 1221]
[771, 781]
[771, 1092]
[771, 1397]
[772, 890]
[772, 1082]
[772, 1361]
[773, 830]
[773, 1113]
[773, 1143]
[773, 1339]
[773, 1422]
[774, 917]
[774, 931]
[774, 1374]
[774, 1376]
[775, 962]
[775, 1055]
[776, 889]
[776, 1233]
[777, 839]
[777, 939]
[777, 1080]
[778, 841]
[778, 1239]
[779, 849]
[779, 949]
[779, 1395]
[779, 1430]
[780, 1190]
[780, 1260]
[780, 1403]
[781, 1005]
[781, 1054]
[782, 953]
[782, 1133]
[782, 1300]
[783, 1061]
[783, 1117]
[783, 1184]
[783, 1229]
[784, 960]
[784, 1064]
[784, 1069]
[784, 1402]
[785, 887]
[785, 892]
[785, 1041]
[785, 1230]
[785, 1407]
[786, 1064]
[786, 1154]
[786, 1424]
[787, 1163]
[788, 1211]
[788, 1248]
[788, 1306]
[789, 945]
[789, 1032]
[789, 1174]
[789, 1251]
[790, 793]
[790, 976]
[790, 1375]
[792, 913]
[792, 989]
[792, 1138]
[792, 1342]
[793, 976]
[793, 1135]
[793, 1432]
[794, 1129]
[794, 1145]
[795, 797]
[795, 1162]
[795, 1337]
[796, 895]
[797, 1012]
[797, 1247]
[797, 1330]
[798, 844]
[800, 879]
[800, 1238]
[800, 1322]
[801, 883]
[801, 1035]
[801, 1317]
[801, 1439]
[802, 913]
[803, 827]
[803, 1234]
[804, 1021]
[804, 1075]
[804, 1246]
[805, 1184]
[805, 1312]
[805, 1320]
[806, 909]
[807, 919]
[807, 1355]
[808, 1059]
[808, 1199]
[809, 1078]
[809, 1291]
[809, 1360]
[810, 882]
[810, 1326]
[811, 1024]
[811, 1258]
[811, 1269]
[811, 1335]
[812, 1377]
[813, 1105]
[813, 1349]
[813, 1382]
[814, 957]
[814, 1058]
[814, 1190]
[814, 1260]
[815, 823]
[815, 1112]
[815, 1428]
[816, 1018]
[816, 1063]
[816, 1259]
[816, 1349]
[817, 1398]
[818, 895]
[818, 1077]
[818, 1079]
[818, 1169]
[819, 1150]
[819, 1414]
[820, 917]
[820, 1114]
[821, 1230]
[822, 1170]
[823, 999]
[823, 1112]
[824, 1018]
[824, 1335]
[825, 1205]
[825, 1221]
[825, 1233]
[826, 1162]
[826, 1258]
[827, 1234]
[828, 835]
[828, 899]
[828, 1098]
[829, 903]
[829, 1156]
[829, 1224]
[830, 1250]
[830, 1297]
[830, 1339]
[831, 988]
[831, 1070]
[831, 1139]
[831, 1175]
[831, 1235]
[832, 982]
[832, 1040]
[832, 1168]
[833, 1049]
[833, 1246]
[834, 1083]
[834, 1107]
[834, 1275]
[834, 1328]
[834, 1383]
[835, 899]
[835, 1431]
[836, 949]
[836, 1286]
[836, 1371]
[836, 1373]
[836, 1395]
[837, 903]
[837, 1026]
[838, 1283]
[838, 1331]
[839, 1027]
[839, 1080]
[839, 1311]
[840, 1289]
[841, 998]
[841, 1239]
[841, 1243]
[841, 1336]
[842, 872]
[842, 1294]
[842, 1324]
[842, 1331]
[843, 934]
[843, 1263]
[843, 1398]
[844, 848]
[845, 1307]
[845, 1381]
[846, 1013]
[846, 1298]
[847, 851]
[848, 1181]
[848, 1183]
[849, 1272]
[849, 1430]
[850, 894]
[850, 922]
[850, 927]
[850, 1132]
[850, 1385]
[851, 950]
[851, 1277]
[851, 1410]
[852, 1053]
[852, 1274]
[852, 1354]
[853, 1130]
[853, 1193]
[854, 901]
[854, 1094]
[855, 937]
[855, 990]
[855, 1254]
[856, 874]
[856, 936]
[856, 1119]
[856, 1198]
[856, 1426]
[857, 867]
[857, 1350]
[857, 1382]
[858, 896]
[858, 933]
[858, 1146]
[858, 1197]
[858, 1276]
[859, 884]
[859, 1034]
[859, 1329]
[860, 1202]
[861, 1282]
[861, 1352]
[861, 1353]
[862, 1003]
[862, 1142]
[862, 1156]
[863, 877]
[863, 1368]
[864, 890]
[864, 1234]
[864, 1423]
[865, 1007]
[865, 1281]
[865, 1348]
[866, 1110]
[866, 1279]
[867, 905]
[867, 1173]
[868, 1037]
[868, 1130]
[868, 1438]
[869, 1167]
[869, 1305]
[870, 963]
[870, 1017]
[870, 1261]
[870, 1315]
[870, 1342]
[871, 940]
[871, 1015]
[871, 1220]
[871, 1436]
[872, 1294]
[872, 1305]
[872, 1324]
[872, 1404]
[873, 1173]
[873, 1275]
[873, 1343]
[873, 1366]
[873, 1383]
[874, 1244]
[874, 1426]
[875, 971]
[875, 1048]
[875, 1214]
[875, 1236]
[876, 1062]
[876, 1140]
[876, 1416]
[877, 1266]
[877, 1432]
[878, 907]
[878, 969]
[878, 1005]
[878, 1054]
[878, 1207]
[878, 1320]
[879, 923]
[879, 1238]
[880, 1066]
[880, 1427]
[881, 1178]
[883, 908]
[883, 979]
[883, 1317]
[883, 1344]
[884, 996]
[884, 1091]
[884, 1329]
[885, 891]
[885, 932]
[886, 948]
[886, 1290]
[886, 1379]
[887, 892]
[887, 1041]
[887, 1203]
[888, 1140]
[888, 1218]
[889, 1086]
[889, 1101]
[890, 1082]
[890, 1361]
[891, 921]
[891, 1148]
[893, 1202]
[894, 1214]
[895, 1077]
[896, 933]
[896, 1197]
[897, 940]
[897, 1050]
[897, 1314]
[898, 1265]
[898, 1282]
[900, 1348]
[901, 1094]
[901, 1134]
[902, 1029]
[902, 1148]
[902, 1436]
[903, 1003]
[903, 1039]
[903, 1156]
[904, 1249]
[906, 1063]
[906, 1382]
[907, 969]
[907, 1005]
[907, 1092]
[907, 1385]
[908, 1179]
[911, 1071]
[912, 952]
[912, 1221]
[912, 1299]
[912, 1388]
[913, 1006]
[913, 1138]
[914, 991]
[914, 1030]
[915, 935]
[915, 1074]
[915, 1267]
[916, 962]
[916, 1191]
[917, 1114]
[917, 1160]
[918, 987]
[918, 1217]
[918, 1256]
[919, 1036]
[919, 1355]
[919, 1414]
[920, 929]
[920, 1206]
[920, 1435]
[921, 1187]
[921, 1198]
[922, 927]
[923, 1058]
[923, 1408]
[924, 1090]
[924, 1146]
[924, 1276]
[924, 1428]
[925, 955]
[925, 1031]
[925, 1401]
[926, 977]
[926, 1124]
[926, 1357]
[926, 1387]
[927, 1385]
[928, 1279]
[928, 1306]
[929, 964]
[929, 970]
[929, 1206]
[930, 978]
[930, 1088]
[930, 1332]
[931, 1159]
[931, 1374]
[932, 1029]
[932, 1325]
[933, 1146]
[934, 1263]
[935, 1267]
[936, 1119]
[936, 1268]
[937, 990]
[937, 1278]
[938, 1137]
[938, 1191]
[939, 965]
[939, 1084]
[940, 1220]
[941, 1125]
[941, 1314]
[941, 1411]
[942, 1030]
[943, 946]
[943, 985]
[944, 1363]
[945, 1032]
[946, 1275]
[947, 1095]
[948, 1265]
[949, 1148]
[949, 1395]
[950, 1277]
[950, 1364]
[950, 1410]
[950, 1429]
[951, 957]
[952, 1262]
[952, 1299]
[953, 1060]
[953, 1300]
[954, 967]
[954, 1100]
[954, 1248]
[954, 1399]
[955, 1130]
[955, 1401]
[956, 1155]
[956, 1371]
[957, 1238]
[957, 1260]
[958, 1425]
[959, 1308]
[960, 973]
[960, 1069]
[960, 1163]
[962, 1055]
[962, 1372]
[963, 1261]
[963, 1315]
[964, 970]
[964, 1383]
[965, 1025]
[965, 1084]
[965, 1358]
[966, 1024]
[966, 1283]
[966, 1335]
[967, 1018]
[967, 1100]
[967, 1207]
[967, 1399]
[968, 1060]
[969, 1092]
[969, 1207]
[969, 1397]
[970, 1000]
[970, 1206]
[970, 1362]
[971, 1048]
[972, 1333]
[973, 1113]
[973, 1166]
[973, 1301]
[974, 1119]
[974, 1147]
[975, 984]
[975, 1031]
[975, 1120]
[975, 1171]
[976, 1135]
[976, 1195]
[977, 988]
[977, 1059]
[977, 1240]
[977, 1357]
[977, 1387]
[979, 1095]
[979, 1344]
[979, 1405]
[980, 1051]
[980, 1216]
[981, 1145]
[981, 1262]
[982, 1040]
[982, 1168]
[982, 1176]
[982, 1391]
[983, 1145]
[983, 1325]
[984, 1072]
[984, 1120]
[984, 1171]
[986, 1151]
[986, 1199]
[987, 1256]
[988, 1019]
[988, 1139]
[988, 1158]
[988, 1175]
[989, 1111]
[989, 1138]
[989, 1172]
[989, 1327]
[990, 998]
[990, 1231]
[990, 1254]
[991, 1030]
[991, 1353]
[991, 1416]
[992, 1200]
[992, 1227]
[992, 1376]
[993, 1253]
[993, 1378]
[994, 1323]
[994, 1363]
[995, 1016]
[995, 1201]
[995, 1389]
[996, 1192]
[996, 1326]
[997, 1088]
[997, 1095]
[997, 1122]
[997, 1203]
[998, 1028]
[998, 1316]
[998, 1336]
[999, 1112]
[999, 1138]
[1000, 1206]
[1000, 1380]
[1001, 1113]
[1001, 1301]
[1002, 1009]
[1003, 1039]
[1003, 1142]
[1003, 1156]
[1004, 1037]
[1005, 1054]
[1007, 1281]
[1007, 1348]
[1008, 1161]
[1008, 1213]
[1008, 1285]
[1008, 1290]
[1010, 1038]
[1010, 1160]
[1010, 1386]
[1011, 1157]
[1011, 1182]
[1012, 1247]
[1012, 1266]
[1012, 1271]
[1013, 1105]
[1013, 1309]
[1014, 1225]
[1014, 1293]
[1014, 1299]
[1015, 1252]
[1015, 1323]
[1016, 1078]
[1016, 1201]
[1017, 1315]
[1017, 1342]
[1018, 1100]
[1019, 1139]
[1019, 1158]
[1020, 1111]
[1021, 1075]
[1021, 1296]
[1022, 1152]
[1022, 1357]
[1022, 1439]
[1024, 1335]
[1024, 1349]
[1025, 1318]
[1026, 1205]
[1026, 1313]
[1027, 1319]
[1027, 1358]
[1028, 1316]
[1029, 1148]
[1031, 1171]
[1031, 1282]
[1031, 1353]
[1032, 1039]
[1032, 1174]
[1033, 1406]
[1034, 1188]
[1034, 1329]
[1036, 1227]
[1037, 1062]
[1038, 1376]
[1039, 1142]
[1040, 1391]
[1041, 1230]
[1042, 1143]
[1042, 1422]
[1043, 1141]
[1043, 1406]
[1044, 1292]
[1044, 1392]
[1045, 1341]
[1047, 1244]
[1047, 1298]
[1047, 1400]
[1048, 1192]
[1048, 1236]
[1049, 1246]
[1049, 1278]
[1050, 1165]
[1050, 1314]
[1051, 1216]
[1051, 1396]
[1051, 1417]
[1051, 1423]
[1052, 1212]
[1052, 1250]
[1053, 1078]
[1053, 1291]
[1054, 1126]
[1054, 1207]
[1055, 1372]
[1056, 1228]
[1056, 1350]
[1056, 1426]
[1057, 1152]
[1057, 1161]
[1057, 1288]
[1058, 1408]
[1058, 1413]
[1059, 1240]
[1059, 1280]
[1059, 1387]
[1060, 1159]
[1061, 1117]
[1062, 1140]
[1063, 1259]
[1063, 1397]
[1064, 1085]
[1065, 1302]
[1065, 1371]
[1067, 1076]
[1068, 1180]
[1068, 1250]
[1069, 1163]
[1069, 1375]
[1069, 1402]
[1070, 1175]
[1071, 1073]
[1071, 1166]
[1073, 1096]
[1073, 1258]
[1073, 1337]
[1074, 1147]
[1074, 1267]
[1076, 1131]
[1077, 1169]
[1078, 1291]
[1078, 1360]
[1079, 1083]
[1079, 1169]
[1080, 1311]
[1081, 1204]
[1081, 1242]
[1081, 1245]
[1082, 1295]
[1083, 1275]
[1083, 1328]
[1083, 1343]
[1084, 1347]
[1084, 1415]
[1085, 1292]
[1086, 1101]
[1086, 1236]
[1087, 1191]
[1087, 1393]
[1088, 1226]
[1088, 1332]
[1088, 1384]
[1089, 1106]
[1089, 1205]
[1090, 1093]
[1092, 1397]
[1093, 1110]
[1093, 1111]
[1094, 1134]
[1097, 1361]
[1098, 1122]
[1098, 1407]
[1100, 1273]
[1101, 1116]
[1101, 1164]
[1102, 1126]
[1102, 1153]
[1102, 1421]
[1103, 1416]
[1104, 1307]
[1105, 1259]
[1105, 1382]
[1107, 1173]
[1107, 1196]
[1107, 1328]
[1107, 1383]
[1108, 1243]
[1108, 1296]
[1110, 1279]
[1113, 1301]
[1114, 1116]
[1114, 1412]
[1115, 1204]
[1115, 1218]
[1115, 1242]
[1117, 1212]
[1117, 1229]
[1118, 1200]
[1119, 1268]
[1119, 1426]
[1120, 1352]
[1121, 1223]
[1121, 1232]
[1122, 1203]
[1123, 1418]
[1124, 1201]
[1124, 1280]
[1124, 1387]
[1126, 1248]
[1126, 1421]
[1127, 1409]
[1128, 1241]
[1129, 1145]
[1130, 1193]
[1132, 1385]
[1133, 1300]
[1134, 1285]
[1135, 1195]
[1135, 1264]
[1135, 1394]
[1137, 1191]
[1137, 1419]
[1138, 1172]
[1141, 1406]
[1142, 1365]
[1143, 1339]
[1143, 1422]
[1144, 1215]
[1144, 1345]
[1146, 1276]
[1147, 1267]
[1147, 1293]
[1149, 1304]
[1150, 1334]
[1151, 1199]
[1152, 1288]
[1153, 1306]
[1153, 1421]
[1155, 1365]
[1156, 1425]
[1157, 1227]
[1158, 1175]
[1159, 1374]
[1159, 1412]
[1160, 1164]
[1160, 1386]
[1161, 1213]
[1161, 1285]
[1162, 1258]
[1162, 1337]
[1164, 1333]
[1164, 1340]
[1164, 1386]
[1165, 1314]
[1166, 1301]
[1168, 1262]
[1169, 1324]
[1171, 1263]
[1171, 1282]
[1172, 1327]
[1173, 1196]
[1173, 1366]
[1173, 1383]
[1174, 1251]
[1176, 1308]
[1176, 1359]
[1177, 1237]
[1177, 1273]
[1178, 1239]
[1178, 1316]
[1178, 1336]
[1179, 1186]
[1179, 1433]
[1181, 1183]
[1183, 1354]
[1184, 1229]
[1184, 1320]
[1185, 1338]
[1185, 1408]
[1185, 1413]
[1186, 1222]
[1186, 1424]
[1187, 1194]
[1187, 1198]
[1188, 1326]
[1190, 1260]
[1192, 1236]
[1194, 1198]
[1194, 1228]
[1195, 1394]
[1196, 1328]
[1196, 1366]
[1197, 1276]
[1197, 1428]
[1200, 1376]
[1201, 1389]
[1203, 1415]
[1204, 1242]
[1205, 1313]
[1207, 1397]
[1208, 1412]
[1210, 1308]
[1211, 1248]
[1213, 1289]
[1214, 1236]
[1214, 1340]
[1215, 1285]
[1215, 1310]
[1216, 1217]
[1216, 1417]
[1217, 1420]
[1219, 1270]
[1219, 1438]
[1220, 1255]
[1221, 1233]
[1223, 1232]
[1223, 1280]
[1224, 1364]
[1225, 1296]
[1226, 1332]
[1226, 1384]
[1229, 1320]
[1230, 1373]
[1231, 1254]
[1231, 1346]
[1235, 1434]
[1238, 1322]
[1239, 1329]
[1239, 1336]
[1240, 1311]
[1240, 1357]
[1242, 1245]
[1244, 1309]
[1244, 1400]
[1245, 1256]
[1247, 1266]
[1247, 1330]
[1252, 1323]
[1254, 1323]
[1255, 1287]
[1255, 1369]
[1257, 1303]
[1258, 1337]
[1260, 1330]
[1261, 1342]
[1263, 1398]
[1264, 1271]
[1265, 1291]
[1269, 1335]
[1270, 1438]
[1272, 1369]
[1272, 1373]
[1274, 1354]
[1275, 1343]
[1275, 1383]
[1276, 1279]
[1276, 1428]
[1277, 1284]
[1277, 1364]
[1278, 1346]
[1280, 1387]
[1281, 1284]
[1282, 1353]
[1283, 1324]
[1283, 1331]
[1283, 1404]
[1286, 1373]
[1286, 1395]
[1286, 1430]
[1286, 1431]
[1287, 1322]
[1287, 1369]
[1288, 1390]
[1289, 1434]
[1290, 1379]
[1293, 1380]
[1297, 1339]
[1299, 1388]
[1303, 1392]
[1304, 1424]
[1305, 1351]
[1306, 1421]
[1307, 1381]
[1310, 1438]
[1312, 1320]
[1316, 1336]
[1317, 1344]
[1318, 1322]
[1318, 1347]
[1319, 1358]
[1321, 1422]
[1324, 1331]
[1324, 1404]
[1331, 1343]
[1332, 1405]
[1333, 1340]
[1334, 1351]
[1337, 1394]
[1338, 1413]
[1340, 1386]
[1343, 1366]
[1344, 1405]
[1352, 1353]
[1354, 1360]
[1355, 1381]
[1361, 1417]
[1362, 1418]
[1364, 1429]
[1367, 1390]
[1367, 1439]
[1370, 1380]
[1374, 1412]
[1375, 1403]
[1393, 1396]
[1394, 1403]
[1395, 1430]
[1396, 1417]
[1407, 1431]
[1408, 1413]
[1409, 1411]
[1410, 1411]
[1410, 1429]
