[360, 662]
[360, 759]
[360, 1128]
[360, 1547]
[360, 2373]
[361, 993]
[361, 1077]
[361, 2098]
[361, 2258]
[361, 2262]
[362, 1146]
[362, 1155]
[362, 1180]
[362, 1188]
[362, 1201]
[362, 2115]
[363, 899]
[363, 1542]
[363, 1593]
[363, 1890]
[363, 1896]
[364, 393]
[364, 504]
[364, 786]
[364, 1518]
[364, 1960]
[365, 366]
[365, 674]
[365, 896]
[365, 1116]
[365, 1251]
[365, 1437]
[366, 451]
[366, 1024]
[366, 1100]
[366, 1390]
[366, 1849]
[367, 450]
[367, 900]
[367, 923]
[367, 974]
[367, 1364]
[368, 513]
[368, 945]
[368, 1122]
[368, 1525]
[368, 2182]
[369, 671]
[369, 889]
[369, 997]
[369, 1293]
[369, 1453]
[369, 2332]
[370, 440]
[370, 458]
[370, 1176]
[370, 1376]
[370, 1586]
[371, 481]
[371, 975]
[371, 1118]
[371, 1119]
[371, 1681]
[371, 1934]
[372, 1163]
[372, 1480]
[372, 1700]
[372, 1932]
[372, 2095]
[372, 2247]
[373, 857]
[373, 1659]
[373, 1884]
[373, 2326]
[373, 2382]
[374, 1151]
[374, 1351]
[374, 1666]
[374, 1977]
[375, 840]
[375, 883]
[375, 1256]
[375, 1643]
[375, 2215]
[375, 2237]
[376, 787]
[376, 1874]
[376, 1943]
[376, 1966]
[376, 2204]
[377, 496]
[377, 867]
[377, 1237]
[377, 2079]
[378, 513]
[378, 1257]
[378, 1421]
[378, 1487]
[378, 1827]
[378, 2080]
[379, 523]
[379, 691]
[379, 1142]
[379, 1305]
[379, 1456]
[379, 1896]
[380, 704]
[380, 1192]
[380, 1378]
[380, 1617]
[380, 2025]
[381, 751]
[381, 754]
[381, 896]
[381, 1275]
[381, 1615]
[381, 2063]
[382, 401]
[382, 725]
[382, 1739]
[382, 1919]
[382, 2289]
[383, 922]
[383, 954]
[383, 1018]
[383, 1570]
[383, 2049]
[384, 1271]
[384, 1416]
[384, 1470]
[384, 1837]
[384, 1893]
[385, 548]
[385, 1170]
[385, 1701]
[386, 546]
[386, 690]
[386, 1341]
[386, 2302]
[387, 1040]
[387, 1479]
[387, 1815]
[387, 2326]
[388, 1048]
[388, 1179]
[388, 1909]
[388, 2294]
[389, 608]
[389, 613]
[389, 961]
[389, 1043]
[389, 1426]
[389, 2125]
[390, 391]
[390, 469]
[390, 958]
[390, 1124]
[390, 2092]
[390, 2116]
[391, 655]
[391, 842]
[391, 1046]
[391, 2284]
[392, 643]
[392, 1096]
[392, 1101]
[392, 1621]
[392, 2228]
[393, 859]
[393, 973]
[393, 1548]
[393, 1923]
[394, 412]
[394, 1274]
[394, 1332]
[394, 1612]
[395, 480]
[395, 539]
[395, 817]
[395, 972]
[395, 1274]
[395, 1650]
[396, 549]
[396, 796]
[396, 1087]
[396, 1383]
[396, 1588]
[396, 2241]
[397, 444]
[397, 616]
[397, 1199]
[397, 1694]
[397, 2175]
[397, 2211]
[398, 437]
[398, 1721]
[398, 2306]
[399, 423]
[399, 471]
[399, 1423]
[399, 1584]
[399, 2324]
[399, 2372]
[400, 427]
[400, 675]
[400, 753]
[400, 886]
[400, 1233]
[400, 2134]
[401, 702]
[401, 821]
[401, 1288]
[401, 1422]
[401, 1549]
[402, 644]
[402, 1213]
[402, 1537]
[402, 1839]
[403, 754]
[403, 869]
[403, 1275]
[403, 1794]
[403, 2137]
[403, 2316]
[404, 542]
[404, 1149]
[404, 1508]
[404, 1538]
[404, 1943]
[405, 418]
[405, 473]
[405, 685]
[405, 834]
[405, 1660]
[406, 481]
[406, 1681]
[406, 1787]
[406, 2014]
[406, 2261]
[407, 632]
[407, 1120]
[407, 1483]
[407, 1826]
[407, 1895]
[408, 755]
[408, 911]
[408, 1178]
[408, 1627]
[408, 1942]
[409, 621]
[409, 645]
[409, 688]
[409, 814]
[409, 1409]
[409, 2385]
[410, 665]
[410, 1176]
[410, 1223]
[410, 1876]
[411, 830]
[411, 1052]
[411, 1095]
[411, 1618]
[412, 885]
[412, 972]
[412, 1612]
[412, 2327]
[413, 530]
[413, 1092]
[413, 1552]
[413, 2322]
[414, 908]
[414, 1080]
[414, 1252]
[414, 1574]
[414, 2169]
[415, 881]
[415, 1438]
[415, 2002]
[415, 2069]
[416, 665]
[416, 1397]
[416, 1486]
[416, 1661]
[416, 2290]
[417, 696]
[417, 1134]
[417, 1956]
[417, 2056]
[417, 2350]
[418, 752]
[418, 1370]
[418, 1497]
[418, 1618]
[418, 2210]
[419, 485]
[419, 799]
[419, 918]
[419, 1596]
[419, 1833]
[419, 2249]
[420, 620]
[420, 763]
[420, 831]
[420, 1229]
[420, 1237]
[420, 1636]
[421, 919]
[421, 1040]
[421, 1349]
[421, 1815]
[422, 847]
[422, 2015]
[422, 2073]
[422, 2089]
[423, 536]
[423, 877]
[423, 1771]
[423, 2280]
[423, 2356]
[424, 1665]
[424, 1911]
[424, 1949]
[424, 2128]
[424, 2183]
[425, 1154]
[425, 1309]
[425, 1343]
[425, 1436]
[425, 1506]
[426, 750]
[426, 826]
[426, 839]
[426, 853]
[426, 969]
[427, 675]
[427, 1233]
[427, 1381]
[427, 2107]
[427, 2265]
[428, 1053]
[428, 1235]
[428, 1318]
[428, 2135]
[428, 2286]
[429, 450]
[429, 515]
[429, 1319]
[429, 1361]
[429, 1684]
[430, 844]
[430, 923]
[430, 961]
[430, 2348]
[430, 2366]
[431, 975]
[431, 1089]
[431, 1277]
[431, 1639]
[431, 1812]
[432, 537]
[432, 1200]
[432, 2051]
[432, 2310]
[433, 580]
[433, 617]
[433, 853]
[433, 1289]
[433, 1555]
[433, 2285]
[434, 445]
[434, 540]
[434, 1203]
[434, 1320]
[434, 1453]
[434, 1745]
[435, 562]
[435, 931]
[435, 1416]
[435, 2113]
[435, 2227]
[436, 453]
[436, 729]
[436, 1027]
[436, 1169]
[436, 1856]
[437, 977]
[437, 1537]
[437, 1564]
[438, 520]
[438, 603]
[438, 659]
[438, 1432]
[438, 1608]
[439, 692]
[439, 1433]
[439, 1543]
[439, 2131]
[440, 1033]
[440, 1153]
[440, 1861]
[441, 554]
[441, 679]
[441, 1329]
[441, 1585]
[441, 1719]
[442, 518]
[442, 795]
[442, 947]
[442, 1075]
[442, 1559]
[442, 2351]
[443, 871]
[443, 940]
[443, 1202]
[443, 1400]
[443, 1553]
[443, 2392]
[444, 993]
[444, 1682]
[444, 1950]
[444, 2192]
[445, 517]
[445, 572]
[445, 1327]
[445, 1651]
[445, 1775]
[446, 511]
[446, 576]
[446, 1050]
[446, 1335]
[446, 1685]
[446, 2149]
[447, 660]
[447, 690]
[447, 1068]
[447, 1298]
[447, 2302]
[448, 568]
[448, 672]
[448, 986]
[448, 2323]
[449, 701]
[449, 962]
[449, 1158]
[449, 2289]
[449, 2375]
[450, 1114]
[450, 2048]
[450, 2070]
[450, 2151]
[451, 802]
[451, 950]
[451, 1307]
[451, 2177]
[451, 2384]
[452, 930]
[452, 1128]
[452, 1183]
[452, 2023]
[452, 2045]
[453, 729]
[453, 1169]
[453, 1526]
[453, 2020]
[453, 2165]
[454, 1038]
[454, 1221]
[454, 1418]
[454, 1974]
[454, 1980]
[455, 700]
[455, 779]
[455, 1324]
[455, 1470]
[455, 1580]
[456, 550]
[456, 637]
[456, 654]
[456, 995]
[456, 1030]
[457, 813]
[457, 1185]
[457, 1435]
[458, 1153]
[458, 1376]
[458, 1586]
[459, 768]
[459, 816]
[459, 1198]
[459, 1224]
[459, 1706]
[459, 2345]
[460, 644]
[460, 831]
[460, 1287]
[460, 1928]
[460, 2037]
[461, 1465]
[461, 1855]
[461, 1989]
[461, 2336]
[461, 2341]
[461, 2387]
[462, 531]
[462, 2019]
[462, 2126]
[462, 2383]
[463, 597]
[463, 973]
[463, 1398]
[463, 1548]
[463, 1996]
[463, 2247]
[464, 518]
[464, 832]
[464, 1947]
[464, 2281]
[464, 2363]
[465, 650]
[465, 1009]
[465, 1629]
[465, 1875]
[465, 1988]
[466, 599]
[466, 1712]
[466, 2007]
[466, 2287]
[466, 2338]
[467, 594]
[467, 1163]
[467, 1276]
[467, 1932]
[467, 1979]
[468, 922]
[468, 933]
[468, 954]
[468, 1307]
[468, 1544]
[469, 842]
[469, 902]
[469, 1816]
[469, 2092]
[469, 2116]
[470, 639]
[470, 1128]
[470, 1467]
[470, 1999]
[470, 2004]
[471, 1444]
[471, 1567]
[471, 1763]
[471, 1872]
[471, 2094]
[472, 873]
[472, 1079]
[472, 1253]
[473, 685]
[473, 834]
[473, 1096]
[473, 1618]
[473, 2198]
[474, 694]
[474, 1129]
[474, 1799]
[474, 1801]
[474, 1994]
[475, 709]
[475, 1593]
[475, 1749]
[475, 1804]
[476, 829]
[476, 1004]
[476, 1427]
[476, 1855]
[476, 2164]
[477, 1151]
[477, 1434]
[477, 1747]
[477, 1924]
[478, 1055]
[478, 1779]
[478, 1952]
[478, 1998]
[478, 2357]
[479, 563]
[479, 1509]
[479, 1589]
[479, 2194]
[479, 2251]
[479, 2350]
[840, 1484]
[840, 1946]
[840, 2298]
[841, 1185]
[841, 1862]
[841, 2123]
[842, 1046]
[842, 2209]
[842, 2284]
[843, 901]
[843, 1226]
[843, 1634]
[843, 1733]
[843, 1958]
[843, 2304]
[844, 923]
[844, 2348]
[845, 1296]
[845, 1633]
[845, 1899]
[846, 1034]
[846, 1379]
[846, 1396]
[846, 1535]
[846, 1764]
[846, 1866]
[847, 966]
[847, 1495]
[847, 2073]
[848, 978]
[848, 1156]
[848, 1730]
[848, 2140]
[849, 1063]
[849, 1076]
[849, 1303]
[849, 1876]
[849, 1912]
[850, 901]
[850, 1330]
[850, 1634]
[850, 1997]
[850, 2072]
[850, 2269]
[851, 1717]
[851, 1927]
[851, 2199]
[852, 1217]
[852, 1881]
[852, 1969]
[852, 2101]
[853, 1289]
[853, 1662]
[854, 1093]
[854, 1236]
[854, 1599]
[854, 1958]
[854, 2157]
[855, 861]
[855, 885]
[855, 1126]
[855, 1473]
[855, 2048]
[855, 2207]
[856, 860]
[856, 1002]
[856, 1369]
[857, 1607]
[857, 1885]
[858, 1079]
[858, 1164]
[858, 1384]
[858, 1476]
[858, 1732]
[858, 1920]
[859, 1276]
[859, 1331]
[859, 1548]
[859, 1996]
[860, 874]
[860, 1234]
[860, 1669]
[860, 1672]
[861, 1114]
[861, 1266]
[861, 2048]
[861, 2207]
[862, 1291]
[862, 1445]
[863, 1110]
[863, 1550]
[863, 1730]
[863, 1881]
[863, 2140]
[864, 1653]
[865, 2042]
[865, 2138]
[865, 2184]
[865, 2299]
[865, 2399]
[866, 1474]
[866, 1773]
[866, 1917]
[867, 1014]
[867, 2079]
[868, 1212]
[868, 1225]
[868, 1318]
[868, 1973]
[869, 1138]
[869, 1348]
[869, 1611]
[869, 2347]
[870, 1333]
[870, 1897]
[870, 2061]
[870, 2271]
[871, 958]
[871, 1411]
[871, 1795]
[871, 2092]
[872, 1065]
[872, 1526]
[872, 2245]
[872, 2337]
[873, 1137]
[873, 1384]
[874, 932]
[874, 1002]
[874, 1234]
[874, 1672]
[874, 1826]
[875, 1652]
[875, 2149]
[876, 1054]
[876, 1060]
[876, 1519]
[876, 1702]
[876, 2082]
[877, 1423]
[877, 1472]
[877, 1927]
[877, 2280]
[877, 2356]
[878, 1370]
[878, 1664]
[878, 2228]
[879, 944]
[879, 945]
[879, 946]
[879, 1727]
[879, 2182]
[880, 1276]
[880, 1979]
[880, 1985]
[880, 2166]
[881, 953]
[881, 1438]
[881, 1802]
[881, 2001]
[882, 998]
[882, 1225]
[882, 1294]
[882, 1398]
[882, 1973]
[883, 1643]
[883, 1746]
[883, 1805]
[883, 2206]
[883, 2215]
[884, 1380]
[884, 1788]
[884, 1800]
[884, 1844]
[884, 2256]
[885, 1332]
[885, 2085]
[885, 2091]
[886, 1143]
[886, 1354]
[886, 1378]
[886, 2107]
[886, 2112]
[887, 888]
[887, 1242]
[887, 1310]
[887, 1434]
[888, 1014]
[888, 1434]
[888, 1924]
[888, 2397]
[889, 997]
[889, 1203]
[889, 1453]
[890, 1652]
[890, 1762]
[890, 1766]
[890, 2176]
[890, 2346]
[891, 1256]
[891, 1435]
[891, 1514]
[891, 1643]
[891, 1805]
[892, 1355]
[892, 1515]
[892, 1517]
[892, 2222]
[893, 895]
[893, 1279]
[893, 2027]
[893, 2145]
[893, 2158]
[893, 2398]
[894, 973]
[894, 1388]
[894, 1806]
[894, 2024]
[895, 1279]
[895, 2145]
[895, 2202]
[896, 950]
[896, 1275]
[896, 1821]
[897, 2098]
[897, 2120]
[897, 2204]
[897, 2262]
[898, 920]
[898, 1033]
[898, 1076]
[898, 1590]
[898, 1861]
[898, 1879]
[899, 1542]
[900, 974]
[900, 1479]
[900, 2070]
[900, 2348]
[901, 936]
[901, 1955]
[901, 1997]
[901, 2269]
[902, 935]
[902, 1189]
[902, 1407]
[903, 976]
[903, 1786]
[903, 1834]
[903, 2010]
[904, 2276]
[904, 2389]
[905, 1250]
[905, 1280]
[905, 1730]
[905, 1803]
[905, 1908]
[905, 2365]
[906, 1419]
[906, 1696]
[906, 1991]
[907, 1248]
[907, 1465]
[907, 1466]
[907, 1867]
[907, 1897]
[907, 2341]
[908, 1039]
[908, 1080]
[908, 1574]
[908, 1899]
[909, 1142]
[909, 1305]
[909, 1710]
[909, 2013]
[910, 1543]
[910, 1628]
[910, 1752]
[910, 2297]
[911, 961]
[911, 1178]
[911, 1193]
[911, 1346]
[911, 1942]
[912, 1227]
[912, 1509]
[912, 1715]
[913, 1021]
[913, 1094]
[913, 1659]
[913, 1725]
[913, 2382]
[914, 929]
[914, 1228]
[914, 1631]
[914, 1717]
[914, 2266]
[915, 1198]
[915, 1554]
[915, 1842]
[915, 2333]
[916, 1387]
[916, 1394]
[916, 1773]
[916, 1840]
[917, 970]
[917, 1512]
[917, 1784]
[917, 2008]
[917, 2102]
[917, 2265]
[918, 1007]
[918, 1596]
[918, 1833]
[918, 2136]
[918, 2308]
[919, 1201]
[919, 1265]
[920, 1104]
[920, 1262]
[920, 1869]
[920, 2060]
[921, 1030]
[921, 1262]
[921, 1941]
[921, 1944]
[922, 1544]
[922, 2146]
[922, 2177]
[923, 2348]
[924, 1581]
[924, 1765]
[924, 2332]
[924, 2360]
[925, 966]
[925, 1141]
[925, 1238]
[925, 1372]
[925, 2201]
[926, 1059]
[926, 1853]
[926, 2056]
[926, 2077]
[926, 2350]
[927, 1220]
[927, 2095]
[927, 2124]
[927, 2173]
[928, 1678]
[928, 1721]
[929, 1424]
[929, 1717]
[929, 2266]
[930, 1183]
[930, 1312]
[930, 2273]
[931, 1122]
[931, 1295]
[931, 2227]
[932, 1960]
[932, 1981]
[932, 2254]
[932, 2342]
[933, 1953]
[933, 2253]
[934, 939]
[934, 1106]
[934, 1184]
[934, 1579]
[935, 1407]
[935, 1731]
[935, 2116]
[936, 1049]
[936, 1097]
[936, 1202]
[936, 2072]
[937, 1183]
[937, 1880]
[937, 1910]
[937, 2045]
[937, 2273]
[938, 1237]
[938, 2305]
[939, 1106]
[939, 1579]
[939, 2153]
[940, 1400]
[940, 1411]
[940, 1737]
[940, 2392]
[941, 1164]
[941, 1684]
[941, 2034]
[941, 2114]
[942, 1263]
[942, 1404]
[942, 1594]
[942, 2030]
[942, 2161]
[942, 2324]
[943, 2040]
[944, 1122]
[944, 1727]
[944, 1748]
[944, 2182]
[945, 1122]
[945, 2227]
[946, 1421]
[946, 1827]
[946, 2068]
[946, 2371]
[947, 1075]
[948, 1321]
[948, 1529]
[948, 1771]
[948, 1850]
[948, 2214]
[948, 2356]
[949, 1062]
[949, 1496]
[949, 1621]
[949, 1705]
[949, 1852]
[949, 2124]
[950, 1366]
[950, 1615]
[950, 2296]
[951, 1783]
[951, 1867]
[951, 2162]
[951, 2246]
[952, 1873]
[953, 1773]
[953, 2002]
[953, 2050]
[954, 1458]
[954, 2049]
[955, 1039]
[955, 1093]
[955, 1599]
[955, 1600]
[955, 2322]
[956, 1445]
[956, 1568]
[956, 1875]
[956, 1988]
[957, 1087]
[957, 1383]
[957, 1556]
[958, 1067]
[958, 1411]
[959, 1207]
[959, 1828]
[959, 1856]
[959, 2320]
[959, 2379]
[600, 1313]
[600, 1500]
[600, 1754]
[600, 2039]
[600, 2264]
[601, 740]
[601, 1925]
[601, 2156]
[602, 689]
[602, 1114]
[602, 1878]
[603, 659]
[603, 720]
[603, 1246]
[604, 624]
[604, 1119]
[604, 1140]
[604, 1337]
[605, 697]
[605, 771]
[605, 1221]
[605, 1414]
[605, 2093]
[606, 777]
[606, 790]
[606, 1162]
[606, 1432]
[606, 1947]
[606, 2315]
[607, 1658]
[607, 1675]
[607, 2016]
[607, 2055]
[608, 613]
[608, 1426]
[609, 649]
[609, 717]
[609, 1563]
[609, 1667]
[609, 1818]
[610, 622]
[610, 952]
[610, 1373]
[610, 1531]
[610, 1886]
[610, 2053]
[611, 1282]
[611, 1820]
[611, 2361]
[612, 904]
[612, 1330]
[612, 1616]
[612, 2269]
[613, 1426]
[613, 1627]
[613, 1854]
[613, 1922]
[614, 1194]
[614, 1304]
[614, 1571]
[614, 1724]
[614, 2307]
[615, 1197]
[615, 1374]
[615, 2071]
[615, 2120]
[616, 1279]
[616, 1917]
[616, 2369]
[617, 1071]
[617, 1629]
[618, 1769]
[618, 2042]
[618, 2123]
[618, 2138]
[618, 2313]
[619, 753]
[619, 1377]
[619, 1680]
[619, 2088]
[620, 638]
[620, 831]
[620, 938]
[620, 1229]
[620, 2037]
[621, 705]
[621, 1078]
[621, 1165]
[621, 1785]
[622, 631]
[622, 1347]
[622, 1385]
[622, 1531]
[622, 2053]
[623, 2028]
[623, 2059]
[623, 2235]
[624, 1038]
[624, 1337]
[624, 1787]
[624, 2191]
[625, 785]
[625, 1177]
[625, 1830]
[625, 1907]
[625, 2195]
[626, 1360]
[626, 1542]
[626, 1896]
[626, 2012]
[626, 2031]
[627, 1161]
[627, 1501]
[627, 1567]
[627, 1931]
[627, 2196]
[627, 2372]
[628, 739]
[628, 1358]
[628, 2254]
[629, 1041]
[629, 1964]
[629, 2024]
[629, 2142]
[630, 636]
[630, 1343]
[630, 1819]
[630, 2088]
[630, 2394]
[631, 749]
[631, 1167]
[631, 1677]
[631, 2308]
[632, 1002]
[632, 1426]
[632, 1704]
[632, 1854]
[632, 2125]
[633, 719]
[633, 734]
[633, 807]
[633, 2038]
[634, 1116]
[634, 1173]
[634, 1281]
[634, 1348]
[634, 2160]
[635, 1219]
[635, 1519]
[635, 1581]
[635, 1585]
[635, 1644]
[635, 1702]
[636, 953]
[636, 960]
[636, 1604]
[636, 1819]
[636, 2394]
[637, 681]
[637, 1494]
[637, 1609]
[637, 2119]
[638, 1084]
[638, 1298]
[638, 1636]
[638, 1847]
[639, 662]
[639, 666]
[639, 1467]
[639, 1999]
[639, 2011]
[640, 815]
[640, 1084]
[640, 1817]
[640, 2037]
[641, 959]
[641, 1196]
[641, 1828]
[641, 2320]
[641, 2364]
[641, 2390]
[642, 729]
[642, 872]
[642, 1065]
[642, 1177]
[642, 1526]
[642, 1640]
[643, 878]
[643, 1101]
[643, 1852]
[643, 2230]
[644, 1808]
[645, 688]
[645, 1078]
[645, 1591]
[645, 1779]
[645, 2385]
[646, 967]
[646, 1583]
[646, 1619]
[646, 2038]
[646, 2049]
[647, 1004]
[647, 1642]
[647, 1689]
[647, 1855]
[648, 1397]
[648, 1570]
[648, 1760]
[648, 2049]
[648, 2290]
[648, 2291]
[649, 1088]
[649, 1556]
[649, 1563]
[649, 1728]
[650, 969]
[650, 1875]
[650, 1991]
[651, 944]
[651, 1013]
[651, 1295]
[651, 1405]
[651, 1420]
[652, 876]
[652, 1060]
[652, 1644]
[652, 1702]
[652, 1763]
[653, 664]
[653, 1718]
[653, 2325]
[654, 681]
[654, 995]
[654, 1030]
[654, 1057]
[654, 1941]
[655, 788]
[655, 933]
[655, 1067]
[655, 2253]
[656, 806]
[656, 1252]
[656, 1574]
[656, 1719]
[657, 784]
[657, 969]
[657, 1264]
[657, 1841]
[657, 1987]
[658, 1412]
[658, 1499]
[658, 1578]
[658, 1851]
[658, 1938]
[659, 752]
[659, 1150]
[659, 1166]
[660, 690]
[660, 1068]
[660, 1847]
[660, 2009]
[661, 864]
[661, 1350]
[661, 2388]
[662, 1128]
[662, 1133]
[662, 1183]
[662, 2373]
[663, 745]
[663, 840]
[663, 1321]
[663, 1424]
[663, 1631]
[663, 2148]
[664, 1498]
[664, 1786]
[664, 1834]
[664, 1903]
[665, 1661]
[665, 2290]
[665, 2291]
[666, 937]
[666, 1072]
[666, 1323]
[666, 2004]
[667, 762]
[667, 1035]
[667, 1577]
[667, 2061]
[668, 708]
[668, 897]
[668, 1197]
[668, 2098]
[668, 2204]
[669, 680]
[669, 688]
[669, 814]
[669, 1591]
[670, 819]
[670, 968]
[670, 988]
[670, 1097]
[670, 1099]
[671, 1415]
[671, 1697]
[671, 2078]
[671, 2203]
[672, 1095]
[672, 1283]
[672, 1873]
[672, 2323]
[673, 722]
[673, 1539]
[673, 1626]
[674, 1024]
[674, 1116]
[674, 1251]
[674, 1275]
[674, 1348]
[675, 1233]
[675, 2008]
[675, 2222]
[676, 740]
[676, 1001]
[676, 1559]
[676, 1708]
[677, 890]
[677, 2129]
[677, 2176]
[677, 2257]
[677, 2346]
[678, 759]
[678, 1235]
[678, 2133]
[678, 2135]
[678, 2224]
[679, 793]
[679, 1262]
[679, 1278]
[679, 2078]
[680, 814]
[680, 1591]
[680, 1679]
[680, 2082]
[681, 1609]
[681, 1868]
[681, 2355]
[682, 1102]
[682, 1562]
[682, 1752]
[682, 1863]
[682, 1984]
[682, 2057]
[683, 851]
[683, 935]
[683, 1098]
[683, 1189]
[683, 2094]
[683, 2238]
[684, 781]
[684, 1714]
[684, 2117]
[684, 2214]
[684, 2328]
[685, 834]
[685, 1497]
[685, 2063]
[686, 1168]
[686, 1829]
[686, 2123]
[686, 2313]
[687, 1057]
[687, 1210]
[687, 1522]
[687, 1535]
[687, 1844]
[688, 722]
[688, 2167]
[688, 2385]
[689, 943]
[689, 1916]
[689, 2040]
[690, 1068]
[690, 1864]
[691, 760]
[691, 1142]
[691, 1360]
[691, 1456]
[692, 966]
[692, 1195]
[692, 1703]
[692, 2195]
[693, 803]
[693, 947]
[693, 1284]
[693, 1559]
[693, 2159]
[694, 1452]
[694, 1801]
[694, 1930]
[694, 1994]
[695, 857]
[695, 1572]
[695, 1610]
[695, 1625]
[696, 841]
[696, 1134]
[696, 1509]
[696, 2350]
[697, 1594]
[697, 1711]
[697, 1974]
[697, 2093]
[698, 916]
[698, 1123]
[698, 1126]
[698, 1840]
[698, 2050]
[699, 929]
[699, 991]
[699, 1013]
[699, 1228]
[699, 1405]
[699, 2231]
[700, 797]
[700, 1324]
[700, 1580]
[700, 1698]
[700, 1893]
[701, 805]
[701, 1108]
[701, 1687]
[701, 2039]
[702, 725]
[702, 1129]
[702, 1422]
[702, 1549]
[703, 952]
[703, 957]
[703, 1915]
[703, 2185]
[704, 1176]
[704, 1223]
[704, 2220]
[704, 2311]
[705, 924]
[705, 1219]
[705, 1254]
[705, 1655]
[705, 2370]
[706, 711]
[706, 761]
[706, 1353]
[706, 2106]
[706, 2240]
[707, 958]
[707, 1223]
[707, 1722]
[707, 1795]
[707, 2221]
[708, 1624]
[708, 1753]
[708, 2084]
[708, 2171]
[709, 1112]
[709, 1152]
[709, 1749]
[709, 2031]
[710, 1159]
[710, 1227]
[710, 1739]
[710, 1919]
[710, 1951]
[711, 761]
[711, 1182]
[711, 1353]
[711, 1605]
[711, 2096]
[712, 978]
[712, 1273]
[712, 2179]
[712, 2236]
[713, 764]
[713, 817]
[713, 1197]
[713, 1431]
[713, 1682]
[714, 762]
[714, 777]
[714, 999]
[714, 1432]
[714, 1768]
[715, 764]
[715, 1181]
[715, 1332]
[715, 1902]
[715, 2091]
[716, 1475]
[716, 1874]
[716, 2217]
[716, 2258]
[716, 2343]
[717, 1292]
[717, 1728]
[718, 862]
[718, 1713]
[719, 1583]
[719, 1587]
[719, 1688]
[480, 972]
[480, 1274]
[480, 1612]
[480, 1723]
[480, 2097]
[481, 1038]
[481, 1118]
[481, 1934]
[482, 719]
[482, 1688]
[482, 1796]
[482, 2033]
[482, 2223]
[483, 887]
[483, 888]
[483, 965]
[483, 1434]
[483, 1747]
[484, 550]
[484, 1074]
[484, 1388]
[484, 1494]
[484, 1668]
[484, 2144]
[485, 1137]
[485, 1186]
[485, 1402]
[485, 1757]
[486, 701]
[486, 1096]
[486, 1108]
[486, 1286]
[486, 1687]
[486, 2264]
[487, 1034]
[487, 1165]
[487, 1396]
[487, 2232]
[488, 607]
[488, 770]
[488, 1671]
[488, 1884]
[488, 2348]
[488, 2366]
[489, 587]
[489, 1451]
[489, 1461]
[489, 1935]
[490, 575]
[490, 712]
[490, 1127]
[490, 2202]
[490, 2398]
[491, 638]
[491, 985]
[491, 1863]
[491, 2132]
[492, 988]
[492, 1194]
[492, 1354]
[492, 1634]
[492, 2304]
[493, 928]
[493, 1125]
[493, 1247]
[493, 1678]
[493, 1985]
[494, 814]
[494, 1263]
[494, 1616]
[494, 1702]
[494, 2082]
[495, 647]
[495, 1004]
[495, 1008]
[495, 1091]
[495, 1205]
[495, 1642]
[496, 599]
[496, 910]
[496, 2015]
[496, 2059]
[497, 647]
[497, 878]
[497, 981]
[497, 986]
[497, 1008]
[498, 1306]
[498, 1337]
[498, 1338]
[498, 2191]
[498, 2338]
[499, 875]
[499, 1105]
[499, 1446]
[499, 1743]
[500, 808]
[500, 904]
[500, 1110]
[500, 1330]
[500, 1961]
[501, 866]
[501, 1474]
[501, 1917]
[501, 2050]
[501, 2150]
[501, 2369]
[502, 833]
[502, 1003]
[502, 1402]
[502, 1461]
[503, 611]
[503, 686]
[503, 964]
[503, 1006]
[503, 1168]
[503, 2313]
[504, 545]
[504, 856]
[504, 1021]
[504, 1598]
[504, 1725]
[505, 1264]
[505, 1720]
[505, 1848]
[505, 1987]
[505, 2127]
[505, 2243]
[506, 965]
[506, 1858]
[506, 1928]
[506, 1967]
[507, 767]
[507, 1362]
[507, 1879]
[507, 1954]
[508, 1797]
[508, 2101]
[509, 736]
[509, 1020]
[509, 1126]
[509, 1840]
[509, 2207]
[510, 750]
[510, 990]
[510, 1528]
[510, 1692]
[510, 1744]
[510, 2113]
[511, 653]
[511, 1718]
[511, 2096]
[511, 2325]
[512, 766]
[512, 1611]
[512, 1777]
[512, 2318]
[512, 2358]
[513, 718]
[513, 1291]
[513, 1406]
[514, 601]
[514, 1916]
[514, 1925]
[514, 2032]
[514, 2114]
[515, 941]
[515, 1079]
[515, 1164]
[515, 2034]
[515, 2085]
[516, 640]
[516, 815]
[516, 951]
[516, 1287]
[516, 1623]
[516, 1817]
[517, 741]
[517, 1327]
[517, 1651]
[517, 1769]
[518, 947]
[518, 1075]
[518, 1391]
[518, 2315]
[519, 548]
[519, 1003]
[519, 1170]
[519, 2046]
[519, 2388]
[520, 720]
[520, 1166]
[520, 1184]
[520, 1579]
[520, 1947]
[521, 1514]
[521, 1951]
[521, 2301]
[521, 2354]
[522, 550]
[522, 1074]
[522, 1510]
[522, 1939]
[522, 2142]
[523, 584]
[523, 760]
[523, 1673]
[523, 2041]
[523, 2386]
[524, 1005]
[524, 1356]
[524, 1442]
[524, 1459]
[524, 1558]
[524, 2283]
[525, 538]
[525, 556]
[525, 1321]
[525, 1551]
[525, 2214]
[525, 2331]
[526, 1115]
[526, 1286]
[526, 1687]
[526, 1741]
[526, 2124]
[527, 689]
[527, 943]
[527, 1630]
[527, 2040]
[527, 2122]
[528, 698]
[528, 916]
[528, 953]
[528, 1632]
[528, 1840]
[529, 1243]
[529, 1362]
[529, 1443]
[529, 1755]
[529, 2205]
[529, 2386]
[530, 553]
[530, 1599]
[530, 1679]
[530, 2322]
[531, 611]
[531, 1172]
[531, 1888]
[531, 2252]
[532, 1174]
[532, 1511]
[532, 1532]
[532, 1667]
[532, 1760]
[532, 1865]
[533, 580]
[533, 617]
[533, 862]
[533, 1629]
[533, 1875]
[534, 561]
[534, 685]
[534, 1313]
[534, 1615]
[534, 2198]
[534, 2296]
[535, 1139]
[535, 1317]
[535, 1498]
[535, 1860]
[535, 2047]
[535, 2395]
[536, 851]
[536, 1927]
[536, 2094]
[536, 2266]
[537, 1071]
[537, 1352]
[537, 1403]
[537, 1450]
[538, 555]
[538, 1051]
[538, 1340]
[538, 1814]
[538, 2028]
[539, 587]
[539, 1430]
[539, 1538]
[539, 2097]
[539, 2190]
[540, 997]
[540, 1203]
[540, 1320]
[540, 1871]
[541, 940]
[541, 968]
[541, 1499]
[541, 1505]
[541, 1553]
[541, 2362]
[542, 1508]
[542, 1653]
[542, 1943]
[542, 1966]
[543, 784]
[543, 1647]
[543, 2046]
[543, 2058]
[544, 694]
[544, 732]
[544, 982]
[544, 1339]
[544, 2229]
[545, 1002]
[545, 1021]
[545, 1598]
[545, 1960]
[545, 2164]
[546, 1825]
[546, 2007]
[546, 2301]
[547, 1651]
[547, 1775]
[547, 2360]
[547, 2399]
[548, 2388]
[549, 796]
[549, 1246]
[549, 1328]
[549, 1383]
[550, 1510]
[550, 1939]
[550, 2060]
[551, 1085]
[551, 1559]
[551, 1683]
[551, 1732]
[551, 1905]
[552, 565]
[552, 875]
[552, 1105]
[552, 1335]
[552, 2066]
[552, 2149]
[553, 656]
[553, 1092]
[554, 793]
[554, 806]
[554, 1260]
[554, 1329]
[554, 1719]
[555, 623]
[555, 1051]
[555, 1551]
[555, 1814]
[556, 745]
[556, 1357]
[556, 1441]
[556, 2068]
[556, 2154]
[557, 646]
[557, 766]
[557, 954]
[557, 967]
[557, 1012]
[557, 1619]
[558, 572]
[558, 741]
[558, 1269]
[558, 1435]
[558, 1463]
[558, 2340]
[559, 805]
[559, 1096]
[559, 1101]
[559, 1108]
[560, 820]
[560, 1066]
[560, 1269]
[560, 1715]
[560, 2087]
[560, 2289]
[561, 1052]
[561, 1088]
[561, 1637]
[562, 931]
[562, 1449]
[562, 1957]
[562, 2227]
[563, 798]
[563, 1227]
[563, 1509]
[563, 2251]
[564, 667]
[564, 777]
[564, 1948]
[564, 2315]
[564, 2351]
[565, 875]
[565, 1685]
[565, 1690]
[565, 2074]
[565, 2149]
[566, 1218]
[566, 1333]
[566, 1897]
[566, 2055]
[567, 1050]
[567, 1273]
[567, 1317]
[567, 1789]
[567, 2047]
[568, 592]
[568, 1283]
[568, 1516]
[568, 1826]
[568, 2254]
[569, 608]
[569, 770]
[569, 1043]
[569, 1427]
[569, 1971]
[569, 2164]
[570, 1102]
[570, 1257]
[570, 1752]
[570, 2248]
[571, 1302]
[571, 1450]
[571, 1624]
[571, 1736]
[571, 2084]
[572, 741]
[572, 1261]
[572, 1463]
[573, 825]
[573, 934]
[573, 1084]
[573, 1847]
[573, 2281]
[573, 2363]
[574, 755]
[574, 996]
[574, 1029]
[574, 1836]
[574, 1900]
[574, 2043]
[575, 1037]
[575, 1654]
[575, 1686]
[575, 1694]
[575, 2277]
[576, 1157]
[576, 1504]
[576, 1842]
[577, 1072]
[577, 1107]
[577, 1367]
[577, 1484]
[577, 1936]
[578, 1109]
[578, 1830]
[578, 1832]
[578, 2101]
[579, 631]
[579, 791]
[579, 1382]
[579, 1699]
[579, 2100]
[580, 750]
[580, 853]
[580, 1289]
[580, 1638]
[581, 605]
[581, 697]
[581, 1297]
[581, 1418]
[581, 2093]
[581, 2197]
[582, 989]
[582, 1023]
[582, 1506]
[582, 2017]
[582, 2174]
[582, 2279]
[583, 679]
[583, 769]
[583, 793]
[583, 1104]
[583, 1278]
[583, 1303]
[584, 760]
[584, 1144]
[584, 1456]
[584, 1546]
[584, 1673]
[585, 892]
[585, 1031]
[585, 1355]
[585, 1381]
[586, 857]
[586, 1572]
[586, 1607]
[586, 1721]
[586, 2233]
[587, 1149]
[587, 1249]
[587, 1461]
[588, 1588]
[588, 1596]
[588, 2136]
[588, 2185]
[588, 2249]
[589, 1552]
[589, 1995]
[589, 2017]
[589, 2181]
[589, 2279]
[590, 1614]
[590, 1793]
[590, 2130]
[591, 1581]
[591, 1585]
[591, 1772]
[591, 2078]
[591, 2332]
[592, 628]
[592, 1017]
[592, 1283]
[592, 1516]
[593, 869]
[593, 1138]
[593, 1258]
[593, 1375]
[593, 2316]
[593, 2347]
[594, 724]
[594, 987]
[594, 1620]
[594, 1780]
[595, 887]
[595, 1014]
[595, 1606]
[595, 2014]
[595, 2079]
[595, 2261]
[596, 822]
[596, 1009]
[596, 1597]
[596, 1991]
[596, 2127]
[597, 882]
[597, 973]
[597, 1996]
[597, 2024]
[598, 894]
[598, 1389]
[598, 1964]
[598, 2024]
[598, 2144]
[599, 623]
[599, 2028]
[0, 319]
[0, 425]
[0, 845]
[0, 1633]
[0, 1970]
[0, 2088]
[1, 779]
[1, 807]
[1, 1160]
[1, 1324]
[1, 1350]
[1, 2334]
[2, 4]
[2, 458]
[2, 760]
[2, 1144]
[2, 1377]
[2, 1838]
[3, 197]
[3, 252]
[3, 617]
[3, 718]
[3, 862]
[3, 1406]
[4, 1144]
[4, 1376]
[4, 1822]
[4, 1838]
[4, 1892]
[5, 241]
[5, 262]
[5, 478]
[5, 794]
[5, 1591]
[5, 1679]
[6, 41]
[6, 410]
[6, 1176]
[6, 1376]
[6, 1661]
[6, 2220]
[7, 374]
[7, 1666]
[7, 1747]
[7, 1977]
[7, 2156]
[7, 2274]
[8, 76]
[8, 467]
[8, 1163]
[8, 1276]
[8, 1620]
[8, 1985]
[9, 615]
[9, 822]
[9, 1285]
[9, 1430]
[9, 1538]
[9, 1597]
[10, 428]
[10, 868]
[10, 1053]
[10, 2133]
[10, 2135]
[10, 2141]
[11, 29]
[11, 299]
[11, 508]
[11, 1217]
[11, 1594]
[11, 1734]
[12, 821]
[12, 840]
[12, 1367]
[12, 1484]
[12, 1643]
[12, 1946]
[13, 903]
[13, 976]
[13, 1290]
[13, 1533]
[13, 1539]
[13, 1834]
[14, 46]
[14, 1059]
[14, 1140]
[14, 1337]
[14, 1787]
[14, 2036]
[15, 219]
[15, 1401]
[15, 1541]
[15, 1755]
[15, 1845]
[15, 1992]
[16, 634]
[16, 1228]
[16, 1767]
[16, 1809]
[16, 2295]
[16, 2318]
[17, 149]
[17, 203]
[17, 385]
[17, 734]
[17, 1170]
[17, 2388]
[18, 123]
[18, 1006]
[18, 1041]
[18, 1168]
[18, 1203]
[18, 1829]
[19, 803]
[19, 1071]
[19, 2188]
[19, 2285]
[19, 2310]
[19, 2393]
[20, 800]
[20, 856]
[20, 1002]
[20, 1234]
[20, 1593]
[20, 1704]
[21, 196]
[21, 346]
[21, 1515]
[21, 1650]
[21, 1950]
[21, 2150]
[22, 301]
[22, 447]
[22, 939]
[22, 1864]
[22, 1933]
[22, 1962]
[23, 288]
[23, 628]
[23, 981]
[23, 1368]
[23, 1496]
[23, 1621]
[24, 875]
[24, 979]
[24, 1413]
[24, 1766]
[24, 2066]
[24, 2074]
[25, 724]
[25, 780]
[25, 987]
[25, 1005]
[25, 1705]
[25, 1852]
[26, 836]
[26, 908]
[26, 1226]
[26, 1378]
[26, 1733]
[26, 2025]
[27, 88]
[27, 923]
[27, 961]
[27, 1178]
[27, 1627]
[27, 1898]
[28, 608]
[28, 1091]
[28, 1642]
[28, 1887]
[28, 1922]
[28, 2396]
[29, 299]
[29, 508]
[29, 771]
[29, 1539]
[29, 2006]
[30, 103]
[30, 184]
[30, 602]
[30, 1155]
[30, 1504]
[30, 2040]
[31, 747]
[31, 867]
[31, 938]
[31, 1237]
[31, 2305]
[31, 2397]
[32, 695]
[32, 721]
[32, 1132]
[32, 1937]
[32, 2081]
[32, 2105]
[33, 490]
[33, 772]
[33, 848]
[33, 1545]
[33, 1908]
[33, 2163]
[34, 457]
[34, 813]
[34, 841]
[34, 912]
[34, 1435]
[34, 1463]
[35, 194]
[35, 391]
[35, 742]
[35, 1044]
[35, 1214]
[35, 1976]
[36, 298]
[36, 468]
[36, 655]
[36, 922]
[36, 1214]
[36, 1544]
[37, 209]
[37, 462]
[37, 1208]
[37, 1331]
[37, 1389]
[37, 1806]
[38, 207]
[38, 570]
[38, 910]
[38, 1478]
[38, 1543]
[38, 2297]
[39, 353]
[39, 751]
[39, 1216]
[39, 1660]
[39, 1821]
[39, 2063]
[40, 952]
[40, 957]
[40, 1087]
[40, 1095]
[40, 1556]
[40, 1563]
[41, 258]
[41, 410]
[41, 416]
[41, 1176]
[41, 1586]
[42, 626]
[42, 899]
[42, 960]
[42, 1142]
[42, 1360]
[42, 1896]
[43, 465]
[43, 596]
[43, 650]
[43, 1264]
[43, 1568]
[43, 1875]
[44, 164]
[44, 214]
[44, 1260]
[44, 1329]
[44, 1729]
[44, 1816]
[45, 438]
[45, 603]
[45, 659]
[45, 999]
[45, 1239]
[45, 1428]
[46, 290]
[46, 1135]
[46, 1530]
[46, 1824]
[46, 2338]
[47, 132]
[47, 407]
[47, 448]
[47, 1873]
[47, 1887]
[47, 1915]
[48, 105]
[48, 287]
[48, 508]
[48, 673]
[48, 903]
[48, 1539]
[49, 547]
[49, 889]
[49, 924]
[49, 1765]
[49, 2332]
[49, 2370]
[50, 97]
[50, 110]
[50, 265]
[50, 612]
[50, 808]
[50, 1330]
[51, 174]
[51, 767]
[51, 963]
[51, 1669]
[51, 1672]
[51, 1804]
[52, 341]
[52, 716]
[52, 835]
[52, 2000]
[52, 2217]
[52, 2343]
[53, 708]
[53, 1736]
[53, 2084]
[53, 2171]
[53, 2245]
[53, 2377]
[54, 145]
[54, 477]
[54, 664]
[54, 1238]
[54, 1457]
[54, 2054]
[55, 62]
[55, 782]
[55, 2105]
[55, 2187]
[55, 2213]
[55, 2344]
[56, 564]
[56, 1075]
[56, 1162]
[56, 1393]
[56, 2315]
[56, 2351]
[57, 589]
[57, 989]
[57, 1766]
[57, 2181]
[57, 2256]
[57, 2279]
[58, 212]
[58, 1018]
[58, 1088]
[58, 1204]
[58, 1818]
[58, 2022]
[59, 209]
[59, 531]
[59, 629]
[59, 1006]
[59, 1041]
[59, 1964]
[60, 787]
[60, 1190]
[60, 1813]
[60, 1940]
[60, 1966]
[60, 2168]
[61, 211]
[61, 274]
[61, 726]
[61, 1555]
[61, 1638]
[61, 2057]
[62, 462]
[62, 721]
[62, 1208]
[62, 2019]
[62, 2383]
[63, 570]
[63, 1339]
[63, 1421]
[63, 1752]
[63, 2057]
[63, 2248]
[64, 491]
[64, 747]
[64, 938]
[64, 1016]
[64, 1478]
[64, 1628]
[65, 223]
[65, 710]
[65, 725]
[65, 1739]
[65, 1951]
[65, 2301]
[66, 128]
[66, 234]
[66, 349]
[66, 1219]
[66, 1254]
[66, 1591]
[67, 76]
[67, 364]
[67, 1021]
[67, 1518]
[67, 1901]
[67, 1960]
[68, 432]
[68, 1200]
[68, 1403]
[68, 1613]
[68, 2051]
[68, 2368]
[69, 717]
[69, 828]
[69, 1111]
[69, 1794]
[69, 2038]
[69, 2321]
[70, 196]
[70, 280]
[70, 1249]
[70, 1517]
[70, 1784]
[70, 2000]
[71, 104]
[71, 147]
[71, 176]
[71, 398]
[71, 1630]
[71, 2130]
[72, 578]
[72, 684]
[72, 1109]
[72, 1175]
[72, 1217]
[72, 1830]
[73, 509]
[73, 528]
[73, 980]
[73, 1020]
[73, 1126]
[73, 1802]
[74, 89]
[74, 226]
[74, 475]
[74, 1896]
[74, 2031]
[74, 2041]
[75, 591]
[75, 1241]
[75, 1581]
[75, 1765]
[75, 1772]
[75, 2023]
[76, 154]
[76, 393]
[76, 859]
[76, 1548]
[77, 456]
[77, 920]
[77, 921]
[77, 1941]
[77, 1944]
[77, 2244]
[78, 457]
[78, 912]
[78, 1227]
[78, 1715]
[78, 1951]
[78, 2251]
[79, 763]
[79, 1090]
[79, 1135]
[79, 1229]
[79, 2108]
[79, 2302]
[80, 489]
[80, 587]
[80, 833]
[80, 1461]
[80, 1778]
[80, 2190]
[81, 899]
[81, 980]
[81, 1349]
[81, 1632]
[81, 1906]
[81, 2005]
[82, 971]
[82, 1334]
[82, 1429]
[82, 1455]
[82, 1781]
[82, 2163]
[83, 334]
[83, 820]
[83, 927]
[83, 1086]
[83, 1220]
[83, 2309]
[84, 367]
[84, 387]
[84, 430]
[84, 900]
[84, 974]
[84, 1193]
[85, 100]
[85, 361]
[85, 668]
[85, 993]
[85, 1682]
[85, 2262]
[86, 271]
[86, 514]
[86, 601]
[86, 676]
[86, 1683]
[86, 1925]
[87, 289]
[87, 392]
[87, 643]
[87, 1101]
[87, 1370]
[87, 1595]
[88, 608]
[88, 733]
[88, 844]
[88, 961]
[88, 1627]
[89, 226]
[89, 1154]
[89, 1360]
[89, 1857]
[89, 2031]
[90, 360]
[90, 452]
[90, 769]
[90, 930]
[90, 1044]
[90, 1183]
[91, 186]
[91, 962]
[91, 1158]
[91, 1410]
[91, 1999]
[91, 2011]
[92, 413]
[92, 414]
[92, 955]
[92, 1039]
[92, 1599]
[92, 1995]
[93, 102]
[93, 772]
[93, 848]
[93, 1156]
[93, 1569]
[93, 2140]
[94, 499]
[94, 1380]
[94, 1413]
[94, 1665]
[94, 2208]
[94, 2376]
[95, 1454]
[95, 1597]
[95, 1742]
[95, 2029]
[95, 2127]
[95, 2212]
[96, 868]
[96, 1318]
[96, 1398]
[96, 1973]
[96, 2118]
[96, 2173]
[97, 102]
[97, 262]
[97, 1602]
[97, 2140]
[97, 2157]
[98, 733]
[98, 799]
[98, 1520]
[98, 1577]
[98, 1648]
[98, 1898]
[99, 614]
[99, 1031]
[99, 1211]
[99, 1304]
[99, 1657]
[99, 2307]
[100, 1077]
[100, 1686]
[100, 1753]
[100, 1776]
[100, 2277]
[101, 132]
[101, 205]
[101, 703]
[101, 952]
[101, 1531]
[101, 2136]
[102, 794]
[102, 1093]
[102, 1602]
[102, 2157]
[103, 184]
[103, 602]
[103, 943]
[103, 1921]
[103, 2070]
[104, 359]
[104, 437]
[104, 506]
[104, 977]
[104, 1537]
[105, 248]
[105, 673]
[105, 976]
[105, 1539]
[105, 2395]
[106, 283]
[106, 919]
[106, 1026]
[106, 1180]
[106, 1265]
[106, 1762]
[107, 1205]
[107, 1248]
[107, 1466]
[107, 1608]
[107, 1670]
[107, 1689]
[108, 1281]
[108, 1489]
[108, 1695]
[108, 1799]
[108, 1930]
[108, 1994]
[109, 348]
[109, 474]
[109, 544]
[109, 546]
[109, 982]
[109, 2229]
[110, 612]
[110, 1330]
[110, 1997]
[110, 2082]
[110, 2157]
[111, 363]
[111, 899]
[111, 1346]
[111, 1542]
[111, 1561]
[111, 2005]
[112, 812]
[112, 1071]
[112, 1147]
[112, 1403]
[112, 1419]
[112, 2393]
[113, 835]
[113, 993]
[113, 1031]
[113, 1355]
[113, 2258]
[113, 2307]
[114, 563]
[114, 1159]
[114, 1342]
[114, 1442]
[114, 1558]
[114, 2194]
[115, 145]
[115, 232]
[115, 925]
[115, 1048]
[115, 1141]
[115, 1372]
[116, 1206]
[116, 1579]
[116, 1608]
[116, 1751]
[116, 2153]
[116, 2246]
[117, 340]
[117, 1209]
[117, 1698]
[117, 1737]
[117, 1831]
[117, 2086]
[118, 168]
[118, 185]
[118, 576]
[118, 1842]
[118, 1878]
[118, 2333]
[119, 615]
[119, 713]
[119, 715]
[119, 817]
[119, 1274]
[119, 1431]
[240, 259]
[240, 271]
[240, 590]
[240, 943]
[240, 1319]
[240, 1916]
[241, 413]
[241, 530]
[241, 1231]
[241, 2322]
[242, 475]
[242, 709]
[242, 1369]
[242, 1669]
[242, 1749]
[242, 2374]
[243, 306]
[243, 370]
[243, 380]
[243, 775]
[243, 1471]
[243, 1759]
[244, 344]
[244, 493]
[244, 928]
[244, 1213]
[244, 1299]
[244, 1678]
[245, 522]
[245, 1415]
[245, 1521]
[245, 1823]
[245, 2060]
[245, 2203]
[246, 476]
[246, 1427]
[246, 1855]
[246, 1901]
[246, 1971]
[246, 2336]
[247, 1516]
[247, 1672]
[247, 1755]
[247, 1826]
[247, 2143]
[247, 2205]
[248, 722]
[248, 1779]
[248, 2183]
[248, 2186]
[248, 2357]
[249, 499]
[249, 782]
[249, 1180]
[249, 2105]
[249, 2115]
[250, 1027]
[250, 1169]
[250, 1365]
[250, 1676]
[250, 2292]
[250, 2365]
[251, 1382]
[251, 1935]
[251, 2100]
[251, 2102]
[251, 2288]
[251, 2300]
[252, 718]
[252, 862]
[252, 994]
[252, 1629]
[252, 1738]
[253, 506]
[253, 977]
[253, 1287]
[253, 1928]
[253, 1967]
[254, 926]
[254, 2108]
[254, 2194]
[255, 507]
[255, 1362]
[255, 1443]
[255, 1983]
[255, 2064]
[256, 377]
[256, 867]
[256, 1824]
[256, 2015]
[256, 2079]
[256, 2261]
[257, 616]
[257, 866]
[257, 1387]
[257, 2145]
[257, 2369]
[258, 849]
[258, 1590]
[258, 1770]
[258, 1876]
[258, 1912]
[259, 271]
[259, 527]
[259, 601]
[259, 1916]
[259, 2130]
[260, 316]
[260, 455]
[260, 658]
[260, 1270]
[260, 1698]
[260, 2044]
[261, 665]
[261, 707]
[261, 967]
[261, 1047]
[261, 1583]
[261, 2223]
[262, 669]
[262, 794]
[262, 1679]
[262, 1998]
[263, 344]
[263, 594]
[263, 1125]
[263, 1316]
[263, 1678]
[263, 1989]
[264, 748]
[264, 1053]
[264, 1547]
[264, 1871]
[264, 2203]
[264, 2286]
[265, 494]
[265, 669]
[265, 1616]
[265, 2082]
[265, 2161]
[266, 439]
[266, 966]
[266, 1200]
[266, 1433]
[266, 2297]
[267, 718]
[267, 1190]
[267, 1445]
[267, 1525]
[267, 1738]
[267, 2168]
[268, 938]
[268, 965]
[268, 1011]
[268, 1310]
[268, 1967]
[268, 2397]
[269, 758]
[269, 804]
[269, 1433]
[269, 1487]
[269, 2131]
[269, 2337]
[270, 899]
[270, 909]
[270, 1346]
[270, 1890]
[270, 1942]
[271, 1361]
[271, 1793]
[271, 1916]
[272, 533]
[272, 617]
[272, 650]
[272, 853]
[272, 1419]
[272, 1629]
[273, 821]
[273, 1129]
[273, 1422]
[273, 1946]
[273, 1994]
[273, 2298]
[274, 513]
[274, 945]
[274, 1291]
[274, 1406]
[274, 1421]
[275, 517]
[275, 547]
[275, 1297]
[275, 1501]
[275, 1775]
[275, 2360]
[276, 284]
[276, 695]
[276, 1572]
[276, 1607]
[276, 1610]
[276, 1921]
[277, 1152]
[277, 1469]
[277, 1494]
[277, 1609]
[277, 2144]
[277, 2374]
[278, 431]
[278, 838]
[278, 1255]
[278, 1277]
[278, 1812]
[278, 2240]
[279, 796]
[279, 1726]
[279, 1728]
[279, 1982]
[279, 2241]
[280, 585]
[280, 1082]
[280, 1517]
[280, 1784]
[280, 2265]
[281, 326]
[281, 386]
[281, 1135]
[281, 1341]
[281, 1560]
[281, 2302]
[282, 336]
[282, 566]
[282, 844]
[282, 1488]
[282, 1846]
[282, 1877]
[283, 292]
[283, 919]
[283, 1146]
[283, 1265]
[283, 2213]
[284, 943]
[284, 1605]
[284, 1630]
[284, 2306]
[285, 325]
[285, 542]
[285, 956]
[285, 1190]
[285, 1568]
[285, 1988]
[286, 304]
[286, 1124]
[286, 1816]
[286, 2092]
[286, 2311]
[287, 1557]
[287, 1626]
[287, 1709]
[287, 1860]
[287, 2395]
[288, 497]
[288, 1028]
[288, 1368]
[288, 1496]
[288, 1852]
[289, 405]
[289, 559]
[289, 805]
[289, 1096]
[289, 1645]
[290, 377]
[290, 466]
[290, 763]
[290, 1530]
[290, 1824]
[291, 1042]
[291, 1216]
[291, 1246]
[291, 1870]
[291, 1926]
[291, 2242]
[292, 421]
[292, 1315]
[292, 1815]
[292, 2326]
[293, 325]
[293, 330]
[293, 661]
[293, 1271]
[293, 2172]
[293, 2303]
[294, 1268]
[294, 1395]
[294, 1504]
[294, 1878]
[294, 2129]
[295, 979]
[295, 1055]
[295, 1230]
[295, 1413]
[295, 1565]
[295, 1952]
[296, 332]
[296, 487]
[296, 865]
[296, 1267]
[296, 1477]
[296, 1810]
[297, 946]
[297, 1727]
[297, 1827]
[297, 1968]
[297, 2154]
[297, 2371]
[298, 383]
[298, 954]
[298, 967]
[298, 2049]
[298, 2291]
[299, 508]
[299, 673]
[299, 852]
[299, 2167]
[300, 1351]
[300, 1706]
[300, 1925]
[300, 1977]
[300, 2032]
[300, 2156]
[301, 660]
[301, 934]
[301, 1113]
[301, 1864]
[301, 1933]
[302, 324]
[302, 500]
[302, 808]
[302, 904]
[302, 1440]
[302, 1550]
[303, 318]
[303, 464]
[303, 832]
[303, 947]
[303, 1084]
[303, 2281]
[304, 704]
[304, 1124]
[304, 1260]
[304, 1816]
[305, 496]
[305, 847]
[305, 867]
[305, 2015]
[305, 2059]
[305, 2297]
[306, 458]
[306, 619]
[306, 1471]
[306, 1759]
[306, 1970]
[307, 621]
[307, 1078]
[307, 1165]
[307, 1414]
[307, 2232]
[307, 2385]
[308, 727]
[308, 735]
[308, 827]
[308, 866]
[308, 1460]
[308, 1566]
[309, 686]
[309, 696]
[309, 964]
[309, 1480]
[309, 1956]
[309, 2367]
[310, 1181]
[310, 1683]
[310, 1889]
[310, 1905]
[310, 2034]
[310, 2114]
[311, 485]
[311, 1003]
[311, 1402]
[311, 1596]
[311, 1757]
[311, 2021]
[312, 753]
[312, 845]
[312, 1460]
[312, 1566]
[312, 2088]
[312, 2380]
[313, 402]
[313, 437]
[313, 928]
[313, 1213]
[313, 1839]
[313, 2330]
[314, 1151]
[314, 1791]
[314, 1891]
[314, 2096]
[314, 2325]
[315, 1113]
[315, 1481]
[315, 1933]
[315, 1965]
[315, 2111]
[315, 2349]
[316, 1270]
[316, 1698]
[316, 1938]
[316, 2086]
[316, 2109]
[317, 385]
[317, 633]
[317, 734]
[317, 807]
[317, 1160]
[318, 491]
[318, 803]
[318, 1447]
[318, 1662]
[318, 2285]
[319, 845]
[319, 1309]
[319, 1633]
[319, 1995]
[319, 2169]
[320, 394]
[320, 412]
[320, 472]
[320, 776]
[320, 1612]
[320, 2085]
[321, 502]
[321, 579]
[321, 1382]
[321, 1677]
[321, 1699]
[321, 2300]
[322, 578]
[322, 625]
[322, 785]
[322, 1195]
[322, 2067]
[322, 2195]
[323, 440]
[323, 723]
[323, 775]
[323, 1240]
[323, 1944]
[323, 2244]
[324, 1207]
[324, 1676]
[324, 1828]
[324, 1961]
[324, 2276]
[325, 330]
[325, 864]
[325, 1470]
[325, 2172]
[326, 521]
[326, 546]
[326, 1825]
[326, 2007]
[326, 2338]
[327, 548]
[327, 661]
[327, 864]
[327, 1160]
[327, 1451]
[328, 747]
[328, 1016]
[328, 1200]
[328, 1613]
[328, 2263]
[328, 2310]
[329, 677]
[329, 919]
[329, 1023]
[329, 1300]
[329, 1762]
[329, 2275]
[330, 384]
[330, 956]
[330, 1807]
[330, 2172]
[331, 619]
[331, 675]
[331, 753]
[331, 1680]
[331, 2018]
[331, 2380]
[332, 611]
[332, 1168]
[332, 1172]
[332, 1282]
[332, 1820]
[333, 555]
[333, 1109]
[333, 1175]
[333, 1832]
[333, 2089]
[334, 526]
[334, 927]
[334, 1066]
[334, 1220]
[334, 1392]
[335, 519]
[335, 548]
[335, 833]
[335, 1647]
[335, 2388]
[336, 429]
[336, 923]
[336, 1846]
[336, 1877]
[337, 424]
[337, 487]
[337, 1034]
[337, 1477]
[337, 1764]
[337, 2232]
[338, 745]
[338, 1405]
[338, 1424]
[338, 1452]
[338, 2147]
[338, 2154]
[339, 388]
[339, 567]
[339, 915]
[339, 1000]
[339, 1037]
[339, 2218]
[340, 512]
[340, 797]
[340, 1777]
[340, 2295]
[340, 2358]
[341, 376]
[341, 404]
[341, 897]
[341, 1874]
[341, 1966]
[342, 1380]
[342, 1490]
[342, 1665]
[342, 1764]
[342, 1866]
[342, 2187]
[343, 543]
[343, 1186]
[343, 1328]
[343, 1848]
[343, 1987]
[343, 2021]
[344, 1125]
[344, 1989]
[344, 2162]
[344, 2387]
[345, 1015]
[345, 1113]
[345, 1502]
[345, 1663]
[345, 2009]
[345, 2103]
[346, 444]
[346, 817]
[346, 1682]
[346, 2192]
[346, 2262]
[347, 931]
[347, 1375]
[347, 1416]
[347, 1893]
[347, 2347]
[348, 690]
[348, 732]
[348, 1663]
[348, 1984]
[348, 2009]
[349, 1219]
[349, 1585]
[349, 1655]
[350, 559]
[350, 737]
[350, 765]
[350, 1073]
[350, 1645]
[350, 1919]
[351, 630]
[351, 691]
[351, 1377]
[351, 1491]
[351, 1604]
[351, 2225]
[352, 812]
[352, 1302]
[352, 1750]
[352, 2071]
[352, 2152]
[353, 1882]
[353, 2111]
[353, 2278]
[353, 2317]
[353, 2349]
[354, 1100]
[354, 1107]
[354, 1245]
[354, 1288]
[354, 1422]
[354, 1849]
[355, 1070]
[355, 1344]
[355, 1714]
[355, 1735]
[355, 1968]
[355, 2371]
[356, 415]
[356, 1485]
[356, 2001]
[356, 2003]
[356, 2225]
[356, 2288]
[357, 651]
[357, 879]
[357, 1405]
[357, 1420]
[357, 1452]
[357, 2234]
[358, 481]
[358, 1533]
[358, 1758]
[358, 2010]
[359, 483]
[359, 761]
[359, 1242]
[359, 1564]
[359, 2106]
[120, 852]
[120, 1217]
[120, 1440]
[120, 1830]
[120, 2101]
[120, 2268]
[121, 599]
[121, 982]
[121, 1339]
[121, 1441]
[121, 1752]
[121, 2235]
[122, 950]
[122, 1018]
[122, 1313]
[122, 1366]
[122, 1615]
[122, 2177]
[123, 187]
[123, 540]
[123, 629]
[123, 1006]
[123, 1829]
[124, 1503]
[124, 1512]
[124, 1796]
[124, 1892]
[124, 2102]
[124, 2178]
[125, 402]
[125, 773]
[125, 1853]
[125, 2077]
[125, 2139]
[125, 2330]
[126, 861]
[126, 885]
[126, 941]
[126, 1332]
[126, 1902]
[126, 2085]
[127, 192]
[127, 511]
[127, 1083]
[127, 1182]
[127, 1743]
[127, 1835]
[128, 129]
[128, 241]
[128, 553]
[128, 687]
[128, 1092]
[129, 200]
[129, 349]
[129, 553]
[129, 1092]
[129, 1522]
[130, 637]
[130, 681]
[130, 1036]
[130, 1152]
[130, 1326]
[130, 1609]
[131, 470]
[131, 572]
[131, 992]
[131, 1269]
[131, 1603]
[131, 1745]
[132, 1873]
[132, 1895]
[132, 1915]
[132, 1922]
[133, 1300]
[133, 1394]
[133, 1632]
[133, 1906]
[133, 2012]
[133, 2275]
[134, 489]
[134, 502]
[134, 548]
[134, 833]
[134, 1003]
[134, 1382]
[135, 801]
[135, 1241]
[135, 1567]
[135, 1763]
[135, 1772]
[135, 2273]
[136, 902]
[136, 935]
[136, 1202]
[136, 1407]
[136, 1955]
[136, 2092]
[137, 577]
[137, 666]
[137, 774]
[137, 1107]
[137, 1245]
[137, 1367]
[138, 368]
[138, 435]
[138, 945]
[138, 1122]
[138, 1291]
[138, 1837]
[139, 670]
[139, 819]
[139, 936]
[139, 988]
[139, 1553]
[139, 2304]
[140, 314]
[140, 477]
[140, 653]
[140, 706]
[140, 1791]
[140, 2096]
[141, 144]
[141, 352]
[141, 571]
[141, 1403]
[141, 1624]
[141, 1736]
[142, 728]
[142, 871]
[142, 958]
[142, 1411]
[142, 2116]
[142, 2392]
[143, 586]
[143, 792]
[143, 857]
[143, 1247]
[143, 1607]
[143, 2382]
[144, 217]
[144, 816]
[144, 1706]
[144, 2250]
[144, 2368]
[145, 1151]
[145, 1238]
[145, 1903]
[145, 2054]
[146, 566]
[146, 590]
[146, 607]
[146, 1218]
[146, 1333]
[146, 1846]
[147, 176]
[147, 398]
[147, 977]
[147, 1299]
[147, 1614]
[148, 415]
[148, 881]
[148, 1438]
[148, 1485]
[148, 1723]
[148, 1836]
[149, 385]
[149, 633]
[149, 717]
[149, 809]
[149, 1170]
[150, 963]
[150, 998]
[150, 1294]
[150, 1388]
[150, 1668]
[150, 1669]
[151, 159]
[151, 254]
[151, 1059]
[151, 1135]
[151, 1342]
[151, 2108]
[152, 257]
[152, 616]
[152, 895]
[152, 1576]
[152, 2175]
[152, 2369]
[153, 743]
[153, 1668]
[153, 1823]
[153, 1879]
[153, 2060]
[153, 2141]
[154, 792]
[154, 913]
[154, 1331]
[154, 1923]
[154, 2329]
[155, 327]
[155, 335]
[155, 661]
[155, 864]
[155, 1778]
[155, 2172]
[156, 492]
[156, 819]
[156, 1211]
[156, 1354]
[156, 2107]
[156, 2304]
[157, 417]
[157, 604]
[157, 618]
[157, 841]
[157, 1185]
[157, 1862]
[158, 440]
[158, 1033]
[158, 1153]
[158, 1586]
[158, 1590]
[158, 2064]
[159, 254]
[159, 644]
[159, 1090]
[159, 1853]
[159, 2108]
[160, 411]
[160, 448]
[160, 592]
[160, 672]
[160, 981]
[160, 2323]
[161, 676]
[161, 693]
[161, 740]
[161, 1001]
[161, 1011]
[161, 1527]
[162, 317]
[162, 482]
[162, 719]
[162, 970]
[162, 1081]
[162, 1688]
[163, 536]
[163, 851]
[163, 929]
[163, 1927]
[163, 2280]
[163, 2364]
[164, 286]
[164, 1226]
[164, 1260]
[164, 1729]
[164, 1955]
[165, 406]
[165, 838]
[165, 1118]
[165, 1606]
[165, 1681]
[165, 2014]
[166, 218]
[166, 254]
[166, 644]
[166, 1316]
[166, 1808]
[166, 1839]
[167, 219]
[167, 678]
[167, 1063]
[167, 1399]
[167, 1707]
[167, 1716]
[168, 689]
[168, 1157]
[168, 1891]
[168, 2032]
[168, 2122]
[169, 460]
[169, 815]
[169, 1229]
[169, 1287]
[169, 1808]
[169, 2037]
[170, 212]
[170, 1017]
[170, 1500]
[170, 1622]
[170, 1845]
[170, 1992]
[171, 210]
[171, 472]
[171, 873]
[171, 1029]
[171, 1336]
[171, 1612]
[172, 358]
[172, 422]
[172, 837]
[172, 1457]
[172, 1495]
[172, 2261]
[173, 702]
[173, 1437]
[173, 1695]
[173, 1799]
[173, 2278]
[173, 2317]
[174, 255]
[174, 507]
[174, 1362]
[174, 1755]
[174, 1978]
[175, 304]
[175, 793]
[175, 1303]
[175, 1592]
[175, 1912]
[175, 1976]
[176, 284]
[176, 398]
[176, 590]
[176, 1658]
[177, 179]
[177, 186]
[177, 600]
[177, 1687]
[177, 2039]
[177, 2264]
[178, 186]
[178, 759]
[178, 1133]
[178, 1235]
[178, 2359]
[178, 2373]
[179, 1115]
[179, 1235]
[179, 1500]
[179, 1843]
[179, 2381]
[180, 604]
[180, 624]
[180, 1306]
[180, 1337]
[180, 1862]
[180, 2076]
[181, 249]
[181, 1446]
[181, 2081]
[181, 2105]
[181, 2115]
[181, 2187]
[182, 671]
[182, 748]
[182, 1453]
[182, 1697]
[182, 2023]
[182, 2203]
[183, 712]
[183, 1789]
[183, 2074]
[183, 2179]
[183, 2202]
[183, 2236]
[184, 294]
[184, 602]
[184, 1536]
[184, 2151]
[185, 576]
[185, 1268]
[185, 1554]
[185, 1685]
[185, 1842]
[186, 802]
[186, 1754]
[186, 2083]
[187, 597]
[187, 1523]
[187, 1756]
[187, 2035]
[187, 2247]
[188, 373]
[188, 387]
[188, 1094]
[188, 1884]
[188, 2366]
[188, 2382]
[189, 746]
[189, 1526]
[189, 1713]
[189, 2168]
[189, 2245]
[189, 2353]
[190, 667]
[190, 730]
[190, 1035]
[190, 1670]
[190, 2061]
[190, 2315]
[191, 895]
[191, 1766]
[191, 1782]
[191, 2074]
[191, 2158]
[191, 2346]
[192, 653]
[192, 1083]
[192, 1386]
[192, 1835]
[192, 2240]
[193, 878]
[193, 1150]
[193, 1239]
[193, 1608]
[193, 1689]
[193, 1751]
[194, 742]
[194, 1044]
[194, 1046]
[194, 1183]
[194, 1493]
[195, 347]
[195, 562]
[195, 1138]
[195, 1375]
[195, 1416]
[195, 1929]
[196, 585]
[196, 835]
[196, 892]
[196, 1355]
[197, 537]
[197, 758]
[197, 804]
[197, 994]
[197, 1713]
[198, 889]
[198, 1041]
[198, 1045]
[198, 1293]
[198, 1301]
[198, 2142]
[199, 854]
[199, 1093]
[199, 1236]
[199, 1334]
[199, 1602]
[199, 1634]
[200, 441]
[200, 656]
[200, 806]
[200, 921]
[200, 1252]
[201, 603]
[201, 714]
[201, 790]
[201, 999]
[201, 1328]
[201, 1432]
[202, 1042]
[202, 1308]
[202, 1726]
[202, 1959]
[202, 1982]
[202, 2316]
[203, 717]
[203, 1292]
[203, 1726]
[203, 1728]
[203, 2321]
[204, 599]
[204, 623]
[204, 1051]
[204, 2015]
[204, 2028]
[204, 2287]
[205, 588]
[205, 703]
[205, 952]
[205, 1087]
[205, 2053]
[206, 457]
[206, 498]
[206, 521]
[206, 891]
[206, 1256]
[206, 1805]
[207, 266]
[207, 432]
[207, 439]
[207, 758]
[207, 1433]
[208, 292]
[208, 421]
[208, 1265]
[208, 1425]
[208, 1815]
[208, 1906]
[209, 598]
[209, 894]
[209, 1996]
[209, 2024]
[210, 394]
[210, 472]
[210, 873]
[210, 1742]
[210, 1920]
[211, 1289]
[211, 1555]
[211, 1562]
[211, 1638]
[211, 2103]
[212, 561]
[212, 1052]
[212, 1313]
[212, 1637]
[213, 628]
[213, 1115]
[213, 1212]
[213, 1286]
[213, 2118]
[213, 2381]
[214, 652]
[214, 902]
[214, 1054]
[214, 1955]
[214, 1963]
[215, 279]
[215, 543]
[215, 549]
[215, 1042]
[215, 1726]
[215, 2241]
[216, 960]
[216, 1343]
[216, 1394]
[216, 1506]
[216, 1819]
[216, 2012]
[217, 232]
[217, 388]
[217, 816]
[217, 1198]
[217, 2250]
[218, 644]
[218, 1213]
[218, 1287]
[218, 1808]
[218, 2162]
[219, 1707]
[219, 1716]
[219, 1978]
[219, 2133]
[220, 253]
[220, 1527]
[220, 1614]
[220, 1623]
[220, 1708]
[220, 1858]
[221, 951]
[221, 1751]
[221, 1783]
[221, 2026]
[221, 2246]
[221, 2341]
[222, 270]
[222, 408]
[222, 1346]
[222, 1710]
[222, 1854]
[222, 1890]
[223, 386]
[223, 1159]
[223, 1187]
[223, 1462]
[223, 1560]
[224, 436]
[224, 1524]
[224, 1813]
[224, 1993]
[224, 2109]
[224, 2165]
[225, 411]
[225, 561]
[225, 830]
[225, 1095]
[225, 1497]
[225, 1556]
[226, 1749]
[226, 1954]
[226, 2031]
[226, 2119]
[227, 358]
[227, 454]
[227, 1734]
[227, 1797]
[227, 2006]
[227, 2089]
[228, 1222]
[228, 1927]
[228, 2199]
[228, 2320]
[228, 2364]
[228, 2379]
[229, 426]
[229, 657]
[229, 750]
[229, 826]
[229, 984]
[229, 1744]
[230, 336]
[230, 1079]
[230, 1476]
[230, 1488]
[230, 1577]
[230, 1898]
[231, 791]
[231, 809]
[231, 1064]
[231, 1170]
[231, 1699]
[231, 1701]
[232, 374]
[232, 1136]
[232, 2201]
[232, 2368]
[233, 382]
[233, 449]
[233, 725]
[233, 737]
[233, 1549]
[233, 1919]
[234, 349]
[234, 553]
[234, 680]
[234, 1219]
[234, 1519]
[235, 551]
[235, 906]
[235, 1085]
[235, 1393]
[235, 1905]
[235, 2159]
[236, 640]
[236, 795]
[236, 947]
[236, 1391]
[236, 1527]
[236, 1623]
[237, 333]
[237, 422]
[237, 692]
[237, 847]
[237, 2059]
[237, 2073]
[238, 992]
[238, 1086]
[238, 1320]
[238, 1745]
[238, 1871]
[238, 2180]
[239, 609]
[239, 649]
[239, 1064]
[239, 1087]
[239, 1292]
[239, 1563]
[1080, 1574]
[1080, 2025]
[1081, 1587]
[1081, 1701]
[1081, 1790]
[1081, 1796]
[1081, 2102]
[1082, 1792]
[1082, 2000]
[1082, 2335]
[1082, 2343]
[1083, 1105]
[1083, 1718]
[1083, 1740]
[1083, 1835]
[1084, 2363]
[1085, 1284]
[1085, 1889]
[1085, 1905]
[1086, 1392]
[1086, 1523]
[1086, 1756]
[1086, 2173]
[1087, 1556]
[1088, 1103]
[1088, 1818]
[1088, 2022]
[1089, 1259]
[1089, 1681]
[1089, 2139]
[1090, 1135]
[1090, 1530]
[1091, 1145]
[1091, 1887]
[1091, 1915]
[1091, 1922]
[1092, 1252]
[1093, 1236]
[1093, 1429]
[1094, 1598]
[1094, 1659]
[1094, 1725]
[1094, 1761]
[1095, 1637]
[1097, 1171]
[1097, 1207]
[1097, 2072]
[1098, 1189]
[1098, 1407]
[1098, 1872]
[1098, 1927]
[1098, 2094]
[1099, 1365]
[1099, 1524]
[1099, 1657]
[1099, 1724]
[1100, 1158]
[1100, 1245]
[1100, 1288]
[1100, 1549]
[1101, 1408]
[1102, 1555]
[1102, 1562]
[1102, 2057]
[1103, 1111]
[1103, 1458]
[1103, 1615]
[1104, 1262]
[1104, 1521]
[1104, 1869]
[1105, 1446]
[1105, 1743]
[1105, 2208]
[1106, 1166]
[1106, 1206]
[1106, 1579]
[1106, 1933]
[1107, 1367]
[1107, 1946]
[1108, 1687]
[1108, 1741]
[1108, 2375]
[1109, 1714]
[1109, 1830]
[1109, 2195]
[1110, 1156]
[1110, 1550]
[1110, 1730]
[1110, 1803]
[1111, 1728]
[1111, 1794]
[1111, 2321]
[1112, 1369]
[1112, 1425]
[1112, 1542]
[1112, 1561]
[1112, 1593]
[1113, 1311]
[1113, 1965]
[1113, 2349]
[1114, 1684]
[1114, 2070]
[1114, 2151]
[1115, 1212]
[1115, 1318]
[1115, 2118]
[1116, 1251]
[1116, 1695]
[1116, 1849]
[1117, 1255]
[1117, 1290]
[1117, 1810]
[1117, 1934]
[1117, 1972]
[1118, 1255]
[1118, 1758]
[1118, 1934]
[1119, 2076]
[1119, 2099]
[1119, 2138]
[1120, 1373]
[1120, 1483]
[1120, 1873]
[1120, 1895]
[1120, 2143]
[1121, 1196]
[1121, 1735]
[1121, 1828]
[1121, 1856]
[1121, 2020]
[1122, 2319]
[1123, 1387]
[1123, 1473]
[1123, 1576]
[1123, 2257]
[1123, 2369]
[1124, 1223]
[1124, 1816]
[1124, 1976]
[1125, 1620]
[1125, 1989]
[1125, 2336]
[1126, 2327]
[1127, 1279]
[1127, 1694]
[1127, 2163]
[1127, 2202]
[1127, 2398]
[1128, 2373]
[1129, 2298]
[1129, 2301]
[1130, 1258]
[1130, 2038]
[1130, 2226]
[1130, 2321]
[1131, 1417]
[1131, 1505]
[1131, 1688]
[1131, 2033]
[1131, 2334]
[1132, 1148]
[1132, 1572]
[1132, 1937]
[1132, 2081]
[1132, 2267]
[1133, 1493]
[1133, 2083]
[1133, 2359]
[1134, 1185]
[1134, 2251]
[1134, 2350]
[1136, 1372]
[1136, 2051]
[1136, 2201]
[1136, 2250]
[1136, 2368]
[1137, 1336]
[1137, 1601]
[1137, 1742]
[1137, 2029]
[1138, 1173]
[1138, 2137]
[1138, 2347]
[1139, 1273]
[1139, 1557]
[1139, 1811]
[1139, 1860]
[1139, 2047]
[1140, 1681]
[1140, 1787]
[1140, 2036]
[1140, 2056]
[1141, 1195]
[1141, 1372]
[1141, 1894]
[1141, 2054]
[1142, 1456]
[1142, 1604]
[1143, 1617]
[1143, 2107]
[1143, 2112]
[1143, 2200]
[1143, 2304]
[1144, 1693]
[1144, 1838]
[1144, 2155]
[1145, 1215]
[1145, 1322]
[1145, 1520]
[1145, 2185]
[1145, 2396]
[1146, 1180]
[1146, 1201]
[1146, 1625]
[1146, 2105]
[1147, 1419]
[1147, 1450]
[1147, 1629]
[1148, 1975]
[1148, 2126]
[1148, 2233]
[1149, 1451]
[1149, 1653]
[1149, 1778]
[1149, 2000]
[1150, 1206]
[1150, 1239]
[1150, 1370]
[1150, 1608]
[1151, 1747]
[1151, 1924]
[1152, 1494]
[1152, 1635]
[1152, 2374]
[1153, 1857]
[1154, 2119]
[1154, 2355]
[1155, 1536]
[1155, 1610]
[1155, 1625]
[1155, 1921]
[1156, 1545]
[1156, 1602]
[1156, 2140]
[1157, 1891]
[1157, 2040]
[1157, 2096]
[1157, 2122]
[1158, 1410]
[1158, 2011]
[1159, 1462]
[1159, 1560]
[1160, 1350]
[1160, 2352]
[1161, 1501]
[1161, 1641]
[1161, 1931]
[1161, 2360]
[1162, 2243]
[1163, 1276]
[1163, 1548]
[1163, 1780]
[1164, 1361]
[1164, 1683]
[1164, 2034]
[1165, 2370]
[1165, 2399]
[1166, 1184]
[1166, 1481]
[1167, 1596]
[1167, 1677]
[1167, 1699]
[1167, 2053]
[1167, 2308]
[1168, 2042]
[1168, 2313]
[1169, 1993]
[1170, 1292]
[1171, 1202]
[1171, 1222]
[1171, 1400]
[1171, 1731]
[1171, 2379]
[1172, 1396]
[1172, 1888]
[1172, 2252]
[1173, 1251]
[1173, 1348]
[1173, 1957]
[1173, 2160]
[1174, 1347]
[1174, 1511]
[1174, 1546]
[1174, 1693]
[1174, 1865]
[1175, 1734]
[1175, 1814]
[1175, 1832]
[1175, 2089]
[1176, 1912]
[1177, 1344]
[1177, 1735]
[1177, 2219]
[1177, 2337]
[1178, 1364]
[1178, 1942]
[1179, 1909]
[1179, 2065]
[1179, 2250]
[1179, 2294]
[1179, 2377]
[1180, 1201]
[1180, 1652]
[1181, 1224]
[1181, 1750]
[1181, 2071]
[1181, 2391]
[1182, 1859]
[1182, 1937]
[1182, 2240]
[1182, 2267]
[1184, 1311]
[1185, 1337]
[1185, 1862]
[1186, 1720]
[1186, 1768]
[1186, 1848]
[1186, 2021]
[1187, 1864]
[1187, 1962]
[1187, 2339]
[1188, 1504]
[1188, 1652]
[1188, 1690]
[1188, 2129]
[1188, 2149]
[1189, 1763]
[1189, 2094]
[1189, 2209]
[1190, 1445]
[1190, 1738]
[1190, 1913]
[1191, 1363]
[1191, 1557]
[1191, 1709]
[1191, 1730]
[1191, 1881]
[1191, 2268]
[1192, 1378]
[1192, 1617]
[1192, 1759]
[1192, 2112]
[1192, 2220]
[1193, 1364]
[1193, 2005]
[1194, 1211]
[1194, 1334]
[1194, 1455]
[1194, 1986]
[1195, 1703]
[1195, 2073]
[1196, 1464]
[1196, 1856]
[1196, 1968]
[1196, 2020]
[1197, 1374]
[1197, 2120]
[1197, 2152]
[1198, 1351]
[1198, 1706]
[1198, 2345]
[1199, 1682]
[1199, 1686]
[1199, 2104]
[1199, 2175]
[1199, 2211]
[1920, 2034]
[1923, 2329]
[1926, 2312]
[1928, 1967]
[1929, 1959]
[1929, 2193]
[1930, 2234]
[1932, 2367]
[1933, 2339]
[1934, 2099]
[1935, 2189]
[1936, 2266]
[1937, 2081]
[1937, 2115]
[1940, 1993]
[1940, 2168]
[1941, 1944]
[1943, 1988]
[1945, 2213]
[1945, 2216]
[1945, 2344]
[1948, 2029]
[1949, 2183]
[1949, 2376]
[1950, 2150]
[1952, 1998]
[1952, 2357]
[1953, 2318]
[1954, 2041]
[1954, 2064]
[1955, 1963]
[1956, 2313]
[1956, 2367]
[1957, 2234]
[1958, 1997]
[1959, 1982]
[1959, 2137]
[1961, 2072]
[1961, 2276]
[1961, 2292]
[1962, 2339]
[1963, 2269]
[1964, 2252]
[1965, 2278]
[1965, 2349]
[1966, 2217]
[1967, 2037]
[1968, 2328]
[1969, 2030]
[1969, 2161]
[1969, 2389]
[1970, 2169]
[1971, 2164]
[1972, 2128]
[1975, 2019]
[1975, 2081]
[1975, 2126]
[1977, 2368]
[1978, 1983]
[1978, 2141]
[1979, 1985]
[1980, 2191]
[1981, 2342]
[1982, 2242]
[1984, 2009]
[1986, 2134]
[1987, 2243]
[1989, 2026]
[1990, 2172]
[1990, 2303]
[1991, 2212]
[1993, 2165]
[1994, 2147]
[1995, 2062]
[1996, 2035]
[1997, 2269]
[1998, 2357]
[1999, 2373]
[2000, 2335]
[2001, 2003]
[2001, 2013]
[2002, 2050]
[2002, 2394]
[2003, 2100]
[2004, 2045]
[2008, 2265]
[2011, 2083]
[2013, 2043]
[2014, 2036]
[2015, 2059]
[2016, 2055]
[2016, 2336]
[2017, 2174]
[2018, 2155]
[2018, 2225]
[2019, 2187]
[2019, 2383]
[2021, 2046]
[2023, 2078]
[2026, 2162]
[2029, 2127]
[2029, 2212]
[2030, 2389]
[2032, 2156]
[2032, 2345]
[2035, 2247]
[2038, 2226]
[2039, 2264]
[2039, 2296]
[1560, 1951]
[1561, 1593]
[1561, 1761]
[1562, 2009]
[1562, 2057]
[1562, 2132]
[1563, 1886]
[1563, 2022]
[1564, 2106]
[1565, 2181]
[1565, 2256]
[1565, 2322]
[1566, 1633]
[1566, 1819]
[1566, 2088]
[1566, 2380]
[1567, 1880]
[1568, 1988]
[1568, 2172]
[1569, 1691]
[1569, 1952]
[1569, 2179]
[1570, 2170]
[1570, 2291]
[1571, 1646]
[1571, 1803]
[1571, 1908]
[1571, 2293]
[1572, 1610]
[1572, 2306]
[1573, 1902]
[1573, 2104]
[1573, 2333]
[1574, 1599]
[1575, 1578]
[1575, 1657]
[1575, 2343]
[1576, 1656]
[1576, 2257]
[1576, 2346]
[1578, 1813]
[1578, 2217]
[1579, 2363]
[1581, 1772]
[1582, 1748]
[1582, 2020]
[1582, 2052]
[1582, 2182]
[1582, 2282]
[1583, 2223]
[1583, 2290]
[1584, 1641]
[1584, 2324]
[1585, 1644]
[1586, 1838]
[1587, 1790]
[1587, 1796]
[1588, 1768]
[1588, 2021]
[1589, 1932]
[1589, 2095]
[1589, 2309]
[1590, 1861]
[1590, 1983]
[1592, 1816]
[1592, 1976]
[1594, 2167]
[1595, 2230]
[1595, 2339]
[1596, 1833]
[1597, 1696]
[1597, 1991]
[1600, 1995]
[1600, 2027]
[1600, 2062]
[1600, 2181]
[1601, 1742]
[1601, 1757]
[1601, 2127]
[1601, 2190]
[1602, 2157]
[1603, 1999]
[1603, 2180]
[1604, 2001]
[1604, 2225]
[1605, 1610]
[1605, 1630]
[1605, 2040]
[1605, 2306]
[1606, 2261]
[1607, 1658]
[1607, 1884]
[1610, 1937]
[1611, 2314]
[1612, 1836]
[1613, 2310]
[1613, 2393]
[1614, 1793]
[1614, 2130]
[1616, 2082]
[1617, 2311]
[1618, 2210]
[1618, 2228]
[1619, 2226]
[1620, 1780]
[1620, 1901]
[1621, 1852]
[1622, 1637]
[1622, 1992]
[1623, 2271]
[1624, 1736]
[1624, 2152]
[1625, 1921]
[1625, 2326]
[1626, 1691]
[1626, 1881]
[1626, 2395]
[1627, 1648]
[1628, 1863]
[1630, 2306]
[1631, 1946]
[1631, 2147]
[1631, 2148]
[1632, 2275]
[1633, 2062]
[1634, 1733]
[1634, 1958]
[1635, 1798]
[1635, 2121]
[1635, 2216]
[1636, 1847]
[1636, 1863]
[1637, 2022]
[1638, 2113]
[1639, 1914]
[1639, 2361]
[1640, 1907]
[1641, 1711]
[1641, 2093]
[1641, 2197]
[1641, 2372]
[1643, 2215]
[1643, 2340]
[1644, 1772]
[1645, 2111]
[1645, 2339]
[1646, 1776]
[1646, 1908]
[1646, 2163]
[1646, 2293]
[1646, 2307]
[1647, 1848]
[1647, 1990]
[1647, 2046]
[1647, 2058]
[1648, 1898]
[1649, 1710]
[1649, 2013]
[1649, 2043]
[1649, 2308]
[1650, 1723]
[1650, 2069]
[1651, 2042]
[1652, 1690]
[1652, 2129]
[1653, 1778]
[1653, 1792]
[1654, 1686]
[1654, 1694]
[1654, 2175]
[1654, 2202]
[1655, 2270]
[1655, 2332]
[1655, 2370]
[1657, 1724]
[1658, 1721]
[1659, 1725]
[1659, 2329]
[1660, 1821]
[1660, 1870]
[1660, 2063]
[1660, 2111]
[1661, 1822]
[1661, 2223]
[1661, 2290]
[1662, 2188]
[1662, 2285]
[1663, 1799]
[1663, 1965]
[1664, 2210]
[1664, 2228]
[1665, 2208]
[1665, 2376]
[1666, 1924]
[1666, 1977]
[1666, 2201]
[1666, 2263]
[1667, 1886]
[1669, 1804]
[1670, 2090]
[1671, 1971]
[1671, 2016]
[1671, 2366]
[1671, 2382]
[1672, 2342]
[1673, 1838]
[1673, 2064]
[1674, 2107]
[1674, 2200]
[1674, 2362]
[1675, 2016]
[1675, 2055]
[1675, 2387]
[1676, 2292]
[1677, 1833]
[1677, 2043]
[1677, 2308]
[1678, 1839]
[1678, 1979]
[1679, 2157]
[1200, 2051]
[1200, 2201]
[1201, 1536]
[1201, 2129]
[1202, 1222]
[1202, 1731]
[1203, 1320]
[1203, 1651]
[1204, 1570]
[1204, 1760]
[1204, 1845]
[1204, 1918]
[1204, 2259]
[1205, 1239]
[1205, 1248]
[1205, 1322]
[1205, 1689]
[1206, 1595]
[1206, 1751]
[1206, 2153]
[1207, 1961]
[1207, 2276]
[1208, 1389]
[1208, 1806]
[1208, 2121]
[1208, 2329]
[1209, 1439]
[1209, 1748]
[1209, 2110]
[1210, 1522]
[1210, 2378]
[1211, 1381]
[1211, 1455]
[1211, 1986]
[1212, 1358]
[1212, 1843]
[1212, 2118]
[1213, 1839]
[1214, 1359]
[1214, 1493]
[1214, 2075]
[1214, 2146]
[1215, 1520]
[1215, 1648]
[1215, 1922]
[1215, 2136]
[1215, 2396]
[1216, 1870]
[1216, 1959]
[1216, 2242]
[1216, 2312]
[1217, 2030]
[1217, 2101]
[1218, 1333]
[1218, 1614]
[1218, 1675]
[1218, 2271]
[1220, 1741]
[1220, 2087]
[1221, 1418]
[1221, 1974]
[1221, 2006]
[1221, 2099]
[1222, 1407]
[1222, 1731]
[1223, 2220]
[1223, 2311]
[1224, 1750]
[1224, 2152]
[1224, 2391]
[1225, 1294]
[1225, 1398]
[1225, 2342]
[1226, 1617]
[1226, 2025]
[1227, 1715]
[1227, 2087]
[1228, 1420]
[1228, 2231]
[1229, 1298]
[1230, 1413]
[1230, 2066]
[1230, 2208]
[1230, 2357]
[1231, 1552]
[1231, 1565]
[1231, 1844]
[1231, 2256]
[1232, 1492]
[1232, 1639]
[1232, 1956]
[1232, 2139]
[1232, 2166]
[1233, 1512]
[1233, 1680]
[1233, 2112]
[1234, 1672]
[1234, 1804]
[1234, 2205]
[1235, 2133]
[1235, 2224]
[1236, 1733]
[1236, 1781]
[1237, 1628]
[1237, 2305]
[1238, 1495]
[1238, 1924]
[1238, 2054]
[1239, 1608]
[1239, 1664]
[1240, 1941]
[1240, 2169]
[1240, 2244]
[1240, 2355]
[1241, 1567]
[1241, 1931]
[1241, 2045]
[1242, 1537]
[1242, 1564]
[1242, 2106]
[1243, 1244]
[1243, 1401]
[1243, 1443]
[1243, 1755]
[1243, 2143]
[1244, 1371]
[1244, 1373]
[1244, 1511]
[1244, 1546]
[1244, 2386]
[1245, 1288]
[1245, 1390]
[1245, 2011]
[1246, 1428]
[1246, 2272]
[1247, 1299]
[1247, 1658]
[1247, 1721]
[1247, 2016]
[1248, 1642]
[1248, 1689]
[1248, 2090]
[1249, 1540]
[1249, 1650]
[1249, 1935]
[1249, 2189]
[1250, 1550]
[1250, 1640]
[1250, 1676]
[1250, 1803]
[1250, 2365]
[1251, 2317]
[1252, 1941]
[1253, 1898]
[1254, 1535]
[1254, 1655]
[1254, 2370]
[1255, 1386]
[1255, 1972]
[1256, 1338]
[1256, 1805]
[1256, 2354]
[1257, 1406]
[1257, 1421]
[1257, 2080]
[1258, 1580]
[1258, 1611]
[1258, 2314]
[1259, 1277]
[1259, 1564]
[1259, 2330]
[1260, 1729]
[1260, 2025]
[1261, 1746]
[1261, 1931]
[1261, 2004]
[1261, 2196]
[1261, 2340]
[1262, 1415]
[1262, 1869]
[1263, 1404]
[1263, 1409]
[1263, 1584]
[1263, 2161]
[1264, 1841]
[1264, 1990]
[1265, 1300]
[1265, 2216]
[1266, 1395]
[1266, 1473]
[1266, 1573]
[1266, 1656]
[1266, 1878]
[1267, 1282]
[1267, 1477]
[1267, 1810]
[1267, 2138]
[1268, 1504]
[1268, 1656]
[1268, 1690]
[1268, 1878]
[1269, 1467]
[1269, 1603]
[1270, 1324]
[1270, 1499]
[1270, 1698]
[1270, 1737]
[1271, 1375]
[1271, 1470]
[1271, 1580]
[1271, 1893]
[1272, 1440]
[1272, 1472]
[1272, 1828]
[1272, 2117]
[1272, 2390]
[1273, 1317]
[1273, 1789]
[1274, 1430]
[1275, 1366]
[1276, 1700]
[1277, 1812]
[1277, 2267]
[1278, 1312]
[1278, 1329]
[1278, 1592]
[1279, 2145]
[1280, 1363]
[1280, 1448]
[1280, 1640]
[1281, 1295]
[1281, 1420]
[1281, 1957]
[1281, 2234]
[1282, 1639]
[1282, 1820]
[1282, 2313]
[1283, 1516]
[1283, 1622]
[1283, 2143]
[1284, 1559]
[1284, 2159]
[1284, 2393]
[1285, 1374]
[1285, 1538]
[1285, 1943]
[1286, 1621]
[1286, 1741]
[1286, 2124]
[1287, 2037]
[1288, 1367]
[1288, 1410]
[1289, 1447]
[1290, 1386]
[1290, 1740]
[1290, 1911]
[1290, 2128]
[1291, 1406]
[1291, 1638]
[1292, 1728]
[1292, 2241]
[1293, 1939]
[1293, 2142]
[1293, 2270]
[1294, 1398]
[1295, 1957]
[1295, 2160]
[1295, 2234]
[1296, 1600]
[1296, 1904]
[1296, 1995]
[1296, 2062]
[1297, 1414]
[1297, 1785]
[1297, 2184]
[1297, 2399]
[1298, 1636]
[1298, 1847]
[1299, 1658]
[1299, 1675]
[1299, 1721]
[1300, 1762]
[1300, 2174]
[1301, 1396]
[1301, 1535]
[1301, 2270]
[1301, 2370]
[1301, 2378]
[1302, 1374]
[1302, 2071]
[1302, 2152]
[1303, 1592]
[1303, 1976]
[1304, 1365]
[1304, 2258]
[1304, 2293]
[1304, 2307]
[1305, 1710]
[1305, 1774]
[1305, 1890]
[1306, 1338]
[1306, 1805]
[1306, 1883]
[1306, 2191]
[1307, 1366]
[1307, 2177]
[1307, 2384]
[1308, 1375]
[1308, 1528]
[1308, 1929]
[1308, 2193]
[1308, 2303]
[1309, 1436]
[1309, 1506]
[1309, 2017]
[1309, 2355]
[1310, 1928]
[1310, 2305]
[1310, 2397]
[1311, 1481]
[1311, 1926]
[1311, 2312]
[1312, 1772]
[1312, 2023]
[1312, 2078]
[1313, 2198]
[1313, 2296]
[1314, 1438]
[1314, 1650]
[1314, 1723]
[1314, 2069]
[1314, 2150]
[1315, 1425]
[1315, 1659]
[1315, 1761]
[1315, 2121]
[1316, 1356]
[1316, 2026]
[1316, 2162]
[1316, 2283]
[1317, 1335]
[1317, 1789]
[1317, 2236]
[1318, 1392]
[1318, 1973]
[1319, 1361]
[1319, 1684]
[1319, 1846]
[1319, 2070]
[1800, 1844]
[1800, 1868]
[1801, 1994]
[1801, 2229]
[1801, 2298]
[1802, 1836]
[1802, 1900]
[1802, 2327]
[1803, 2292]
[1803, 2365]
[1806, 1923]
[1807, 1841]
[1807, 1990]
[1807, 2303]
[1808, 2108]
[1809, 2231]
[1809, 2295]
[1809, 2318]
[1810, 2232]
[1810, 2299]
[1811, 1894]
[1811, 1909]
[1811, 2065]
[1812, 1859]
[1812, 1914]
[1812, 1972]
[1813, 1993]
[1813, 2044]
[1813, 2165]
[1814, 2214]
[1815, 2005]
[1817, 2246]
[1817, 2363]
[1818, 2022]
[1819, 2394]
[1820, 1888]
[1820, 1914]
[1821, 1882]
[1821, 2063]
[1823, 2141]
[1824, 2287]
[1825, 2007]
[1825, 2229]
[1825, 2354]
[1826, 2143]
[1826, 2205]
[1827, 2182]
[1827, 2371]
[1828, 2320]
[1830, 2117]
[1831, 2086]
[1831, 2110]
[1831, 2392]
[1832, 2073]
[1832, 2089]
[1835, 1859]
[1835, 2128]
[1836, 2327]
[1837, 1913]
[1837, 2319]
[1839, 2077]
[1840, 2257]
[1840, 2275]
[1841, 1875]
[1842, 1891]
[1843, 1992]
[1843, 2133]
[1843, 2381]
[1844, 1866]
[1846, 1877]
[1846, 2348]
[1847, 2132]
[1848, 2021]
[1850, 2206]
[1850, 2237]
[1850, 2239]
[1851, 2334]
[1851, 2352]
[1853, 2036]
[1853, 2056]
[1854, 1895]
[1854, 2125]
[1856, 2020]
[1856, 2282]
[1857, 1954]
[1857, 2041]
[1857, 2064]
[1858, 2130]
[1859, 2081]
[1859, 2240]
[1859, 2267]
[1860, 1894]
[1860, 2047]
[1861, 1869]
[1861, 1912]
[1863, 2132]
[1864, 1933]
[1864, 1965]
[1865, 2259]
[1866, 2376]
[1867, 2271]
[1867, 2341]
[1867, 2387]
[1868, 2017]
[1869, 1944]
[1870, 2242]
[1871, 2180]
[1873, 1915]
[1874, 1940]
[1874, 1966]
[1874, 2098]
[1876, 1912]
[1876, 1976]
[1876, 2075]
[1879, 1978]
[1879, 1983]
[1880, 2045]
[1880, 2273]
[1881, 2268]
[1882, 2111]
[1882, 2278]
[1883, 1980]
[1883, 2206]
[1884, 2382]
[1885, 2233]
[1885, 2329]
[1887, 1922]
[1888, 2019]
[1888, 2252]
[1889, 1925]
[1889, 2114]
[1891, 2122]
[1892, 2018]
[1892, 2155]
[1893, 2319]
[1894, 2065]
[1894, 2067]
[1895, 2255]
[1897, 2271]
[1899, 1970]
[1899, 2169]
[1900, 1942]
[1900, 2013]
[1902, 2091]
[1902, 2391]
[1903, 2047]
[1903, 2325]
[1904, 2027]
[1906, 2005]
[1907, 2067]
[1907, 2260]
[1907, 2268]
[1908, 2277]
[1908, 2293]
[1909, 2294]
[1910, 2209]
[1910, 2238]
[1911, 1949]
[1911, 2183]
[1911, 2186]
[1911, 2232]
[1913, 2044]
[1913, 2319]
[1914, 1975]
[1914, 2361]
[1915, 2323]
[1917, 1950]
[1918, 2022]
[1918, 2259]
[1919, 2375]
[1680, 1759]
[1680, 1892]
[1681, 2014]
[1682, 2192]
[1683, 1889]
[1683, 2114]
[1684, 1916]
[1685, 1789]
[1686, 1694]
[1686, 2218]
[1689, 2341]
[1690, 2129]
[1690, 2346]
[1691, 1998]
[1691, 2140]
[1692, 1744]
[1692, 1929]
[1692, 2312]
[1693, 1790]
[1693, 1822]
[1694, 1776]
[1695, 2317]
[1696, 1905]
[1696, 2071]
[1697, 2203]
[1700, 1932]
[1700, 2035]
[1704, 1854]
[1704, 1890]
[1704, 2125]
[1705, 1780]
[1705, 2095]
[1706, 1750]
[1706, 2345]
[1707, 1716]
[1707, 1770]
[1707, 1983]
[1708, 1793]
[1708, 1858]
[1709, 1881]
[1709, 2067]
[1709, 2101]
[1709, 2268]
[1710, 2255]
[1711, 1850]
[1711, 2197]
[1711, 2324]
[1711, 2372]
[1712, 1825]
[1712, 2028]
[1712, 2287]
[1712, 2338]
[1714, 2117]
[1714, 2328]
[1715, 1739]
[1716, 1845]
[1716, 2170]
[1716, 2224]
[1717, 2231]
[1717, 2266]
[1718, 2325]
[1719, 1729]
[1720, 1987]
[1720, 2029]
[1720, 2243]
[1722, 1795]
[1722, 2220]
[1722, 2221]
[1722, 2223]
[1723, 2069]
[1723, 2189]
[1724, 2292]
[1725, 1923]
[1726, 2058]
[1726, 2241]
[1727, 2182]
[1731, 2199]
[1731, 2392]
[1732, 1948]
[1732, 2351]
[1733, 1958]
[1734, 1797]
[1734, 1974]
[1734, 2006]
[1735, 1968]
[1735, 2117]
[1736, 2250]
[1737, 1831]
[1737, 2086]
[1737, 2358]
[1738, 1988]
[1739, 1951]
[1740, 2128]
[1740, 2183]
[1741, 2124]
[1743, 2115]
[1743, 2149]
[1744, 1926]
[1744, 2193]
[1745, 1871]
[1745, 2180]
[1746, 2196]
[1746, 2340]
[1747, 1791]
[1747, 1924]
[1748, 2282]
[1750, 1889]
[1750, 2391]
[1751, 2153]
[1751, 2230]
[1752, 2248]
[1753, 2294]
[1753, 2377]
[1754, 2083]
[1754, 2177]
[1754, 2359]
[1756, 1871]
[1756, 1973]
[1756, 2173]
[1757, 1848]
[1758, 1834]
[1758, 2010]
[1760, 1818]
[1760, 1918]
[1760, 2259]
[1761, 1815]
[1763, 1872]
[1764, 1888]
[1765, 1775]
[1765, 2332]
[1766, 1782]
[1766, 2158]
[1767, 1849]
[1767, 1953]
[1768, 2249]
[1769, 1862]
[1769, 2042]
[1769, 2123]
[1769, 2184]
[1770, 2075]
[1770, 2170]
[1771, 2148]
[1771, 2239]
[1773, 1819]
[1773, 2002]
[1773, 2050]
[1774, 2255]
[1774, 2386]
[1775, 1931]
[1775, 2360]
[1776, 2277]
[1777, 1809]
[1777, 1831]
[1777, 2358]
[1779, 1949]
[1779, 2186]
[1781, 1904]
[1781, 1986]
[1782, 2145]
[1782, 2158]
[1782, 2176]
[1782, 2279]
[1783, 2153]
[1783, 2246]
[1784, 1935]
[1784, 2335]
[1785, 2093]
[1785, 2360]
[1785, 2399]
[1786, 1860]
[1786, 1903]
[1786, 2054]
[1787, 1824]
[1787, 2036]
[1788, 1868]
[1790, 1796]
[1790, 2178]
[1791, 2096]
[1791, 2122]
[1792, 1851]
[1792, 2000]
[1792, 2217]
[1792, 2335]
[1793, 2130]
[1794, 2321]
[1795, 2200]
[1795, 2221]
[1795, 2311]
[1796, 1822]
[1797, 1832]
[1797, 2006]
[1797, 2010]
[1798, 1806]
[1798, 2121]
[1798, 2374]
[1799, 1930]
[2041, 2064]
[2042, 2123]
[2044, 2052]
[2044, 2109]
[2045, 2273]
[2046, 2058]
[2046, 2241]
[2048, 2085]
[2048, 2207]
[2052, 2109]
[2052, 2165]
[2056, 2139]
[2058, 2303]
[2058, 2388]
[2061, 2351]
[2062, 2279]
[2063, 2242]
[2065, 2260]
[2066, 2074]
[2066, 2236]
[2067, 2260]
[2068, 2154]
[2070, 2151]
[2071, 2152]
[2075, 2170]
[2075, 2291]
[2076, 2099]
[2076, 2184]
[2077, 2139]
[2077, 2330]
[2079, 2305]
[2080, 2131]
[2080, 2248]
[2080, 2371]
[2083, 2384]
[2084, 2171]
[2084, 2204]
[2084, 2353]
[2087, 2375]
[2088, 2380]
[2090, 2396]
[2092, 2116]
[2095, 2309]
[2097, 2190]
[2098, 2171]
[2098, 2204]
[2099, 2299]
[2100, 2178]
[2100, 2288]
[2100, 2300]
[2102, 2178]
[2103, 2113]
[2105, 2115]
[2107, 2112]
[2109, 2282]
[2110, 2199]
[2110, 2231]
[2111, 2278]
[2114, 2391]
[2116, 2284]
[2117, 2328]
[2118, 2124]
[2119, 2244]
[2119, 2355]
[2121, 2213]
[2122, 2156]
[2126, 2361]
[2127, 2212]
[2133, 2224]
[2134, 2222]
[2136, 2185]
[2136, 2249]
[2137, 2316]
[2138, 2184]
[2138, 2299]
[2139, 2330]
[2143, 2205]
[2146, 2170]
[2146, 2359]
[2148, 2266]
[2150, 2192]
[2151, 2207]
[2154, 2331]
[2155, 2178]
[2158, 2181]
[2159, 2188]
[2160, 2295]
[2160, 2347]
[2161, 2167]
[2165, 2168]
[2166, 2361]
[2173, 2247]
[2175, 2211]
[2176, 2346]
[2177, 2384]
[2179, 2236]
[2179, 2398]
[2180, 2286]
[2181, 2279]
[2183, 2208]
[2184, 2299]
[2185, 2249]
[2186, 2385]
[2187, 2344]
[2188, 2393]
[2189, 2300]
[2191, 2287]
[2192, 2211]
[2194, 2283]
[2196, 2215]
[2196, 2340]
[2197, 2206]
[2197, 2372]
[2198, 2264]
[2198, 2296]
[2199, 2364]
[2199, 2379]
[2201, 2368]
[2202, 2398]
[2206, 2237]
[2206, 2239]
[2208, 2376]
[2209, 2238]
[2209, 2273]
[2211, 2369]
[2212, 2243]
[2213, 2216]
[2214, 2331]
[2215, 2239]
[2217, 2343]
[2218, 2294]
[2219, 2337]
[2220, 2311]
[2224, 2359]
[2225, 2394]
[2226, 2314]
[2227, 2234]
[2235, 2248]
[2237, 2239]
[2238, 2284]
[2239, 2372]
[2240, 2267]
[2242, 2272]
[2245, 2353]
[2252, 2383]
[2253, 2284]
[2263, 2274]
[2263, 2397]
[2264, 2381]
[2270, 2378]
[2276, 2320]
[1320, 1327]
[1320, 1829]
[1321, 1529]
[1321, 1771]
[1321, 2237]
[1322, 1670]
[1322, 2090]
[1323, 1367]
[1323, 1467]
[1323, 2004]
[1323, 2340]
[1324, 1580]
[1324, 2314]
[1325, 1569]
[1325, 1691]
[1325, 2236]
[1325, 2357]
[1325, 2395]
[1326, 1788]
[1326, 1868]
[1326, 2174]
[1326, 2216]
[1327, 1463]
[1327, 1651]
[1327, 2123]
[1328, 1534]
[1328, 1588]
[1328, 1768]
[1329, 1644]
[1329, 1719]
[1330, 1602]
[1331, 1923]
[1331, 2329]
[1332, 2034]
[1332, 2085]
[1333, 1793]
[1333, 1877]
[1334, 1429]
[1334, 1545]
[1334, 1781]
[1335, 1685]
[1335, 1718]
[1336, 1402]
[1336, 1601]
[1336, 1742]
[1336, 2097]
[1338, 1340]
[1338, 1712]
[1338, 2191]
[1339, 1441]
[1339, 2068]
[1339, 2235]
[1340, 1883]
[1340, 1980]
[1340, 2237]
[1341, 2007]
[1341, 2302]
[1342, 1442]
[1342, 1560]
[1342, 2194]
[1342, 2251]
[1343, 1360]
[1343, 2012]
[1344, 2131]
[1344, 2195]
[1344, 2219]
[1344, 2337]
[1345, 1507]
[1345, 1767]
[1345, 1809]
[1345, 1953]
[1345, 2253]
[1346, 1890]
[1346, 2125]
[1347, 1667]
[1347, 1886]
[1348, 2160]
[1348, 2318]
[1349, 1906]
[1349, 2005]
[1349, 2275]
[1350, 1580]
[1351, 1891]
[1351, 2032]
[1351, 2156]
[1352, 1403]
[1352, 1450]
[1352, 1736]
[1352, 2051]
[1353, 1564]
[1353, 2267]
[1353, 2306]
[1354, 1733]
[1354, 1986]
[1354, 2304]
[1355, 1950]
[1356, 1783]
[1356, 1808]
[1356, 2026]
[1356, 2162]
[1357, 1551]
[1357, 2068]
[1357, 2154]
[1357, 2235]
[1357, 2371]
[1358, 1516]
[1358, 2254]
[1358, 2342]
[1359, 1493]
[1359, 2146]
[1360, 1896]
[1361, 1684]
[1361, 1877]
[1362, 1804]
[1362, 2041]
[1363, 1811]
[1363, 1907]
[1363, 2067]
[1363, 2260]
[1365, 1475]
[1365, 1657]
[1365, 1724]
[1366, 1458]
[1366, 1615]
[1368, 1496]
[1368, 2254]
[1369, 1561]
[1369, 1593]
[1370, 1664]
[1370, 2228]
[1371, 1443]
[1371, 1546]
[1371, 1673]
[1371, 1865]
[1371, 2386]
[1372, 1703]
[1372, 2065]
[1373, 1385]
[1373, 1774]
[1373, 2255]
[1374, 2120]
[1374, 2204]
[1375, 1416]
[1376, 1586]
[1376, 1759]
[1377, 1892]
[1377, 2018]
[1377, 2155]
[1378, 1471]
[1378, 1617]
[1379, 1396]
[1379, 1490]
[1379, 1764]
[1379, 2252]
[1379, 2378]
[1380, 1490]
[1380, 1866]
[1381, 2134]
[1381, 2222]
[1382, 1699]
[1382, 1701]
[1383, 1428]
[1383, 1534]
[1384, 1577]
[1384, 1920]
[1384, 1948]
[1385, 1546]
[1385, 1774]
[1385, 2255]
[1386, 1740]
[1386, 1834]
[1386, 2128]
[1387, 1576]
[1387, 2176]
[1387, 2257]
[1388, 2144]
[1388, 2374]
[1389, 1469]
[1389, 1806]
[1389, 2383]
[1390, 1507]
[1390, 1849]
[1390, 2384]
[1391, 1623]
[1391, 1817]
[1392, 1756]
[1392, 2173]
[1392, 2180]
[1393, 1454]
[1393, 1732]
[1393, 1948]
[1393, 2212]
[1394, 1632]
[1394, 2275]
[1395, 1473]
[1395, 1656]
[1395, 2207]
[1395, 2257]
[1396, 1764]
[1397, 1570]
[1397, 1770]
[1397, 2259]
[1397, 2291]
[1398, 1981]
[1399, 1879]
[1399, 1978]
[1399, 1983]
[1400, 2086]
[1400, 2392]
[1401, 1541]
[1401, 1622]
[1401, 1845]
[1401, 1918]
[1402, 1757]
[1402, 1833]
[1403, 1450]
[1404, 1423]
[1404, 1616]
[1404, 2161]
[1404, 2389]
[1405, 1420]
[1405, 1727]
[1406, 1555]
[1407, 1963]
[1408, 1459]
[1408, 1558]
[1408, 1595]
[1408, 2230]
[1409, 1594]
[1409, 2093]
[1409, 2167]
[1410, 1467]
[1410, 2011]
[1410, 2289]
[1411, 2221]
[1412, 1499]
[1412, 1575]
[1412, 1938]
[1412, 2362]
[1413, 2256]
[1414, 1785]
[1414, 2299]
[1414, 2399]
[1415, 1521]
[1415, 1939]
[1415, 2060]
[1416, 1528]
[1417, 1674]
[1417, 2033]
[1417, 2265]
[1418, 1883]
[1418, 1974]
[1418, 2076]
[1419, 2188]
[1420, 2147]
[1421, 2080]
[1422, 1549]
[1422, 1695]
[1423, 1584]
[1423, 1872]
[1423, 2324]
[1424, 1529]
[1424, 1631]
[1424, 2148]
[1425, 1635]
[1425, 1761]
[1426, 1887]
[1426, 2164]
[1427, 1465]
[1427, 1642]
[1427, 1855]
[1428, 2210]
[1428, 2272]
[1429, 1781]
[1429, 2027]
[1430, 1742]
[1430, 2097]
[1430, 2190]
[1431, 2091]
[1431, 2192]
[1432, 1670]
[1433, 1703]
[1433, 2051]
[1434, 1606]
[1434, 2106]
[1435, 1715]
[1436, 1506]
[1436, 2012]
[1436, 2174]
[1437, 1549]
[1437, 1695]
[1437, 1882]
[1437, 2317]
[1438, 2050]
[1438, 2327]
[1439, 2086]
[1439, 2110]
[1439, 2282]
[1439, 2379]
[2280, 2356]
[2280, 2390]
[2286, 2373]
[2287, 2338]
[2288, 2300]
[2289, 2375]
[2293, 2365]
[2295, 2318]
[2298, 2354]
[2301, 2354]
[2312, 2349]
[2314, 2358]
[2315, 2351]
[2316, 2321]
[2324, 2356]
[2328, 2331]
[2328, 2390]
[2333, 2345]
[2334, 2352]
[2335, 2352]
[2336, 2387]
[2344, 2383]
[2345, 2391]
[2350, 2367]
[2364, 2379]
[2380, 2394]
[720, 984]
[720, 1166]
[720, 1184]
[720, 1926]
[721, 1148]
[721, 1885]
[721, 1975]
[721, 2126]
[722, 1779]
[722, 1998]
[722, 2186]
[723, 1153]
[723, 1154]
[723, 1240]
[723, 1970]
[723, 2244]
[724, 780]
[724, 1589]
[724, 1705]
[724, 2283]
[725, 765]
[725, 1919]
[726, 1449]
[726, 1502]
[726, 2103]
[726, 2113]
[726, 2227]
[727, 971]
[727, 1904]
[727, 2027]
[727, 2062]
[727, 2145]
[728, 766]
[728, 1056]
[728, 1067]
[728, 1777]
[728, 2253]
[729, 1121]
[729, 1169]
[729, 1676]
[730, 870]
[730, 1391]
[730, 1466]
[730, 1897]
[730, 2271]
[731, 880]
[731, 928]
[731, 1492]
[731, 1979]
[731, 1985]
[731, 2233]
[732, 1502]
[732, 1984]
[732, 2009]
[732, 2057]
[733, 1488]
[733, 1648]
[733, 1898]
[733, 2396]
[734, 807]
[734, 1130]
[734, 1350]
[735, 827]
[735, 971]
[735, 1032]
[735, 1460]
[735, 1917]
[736, 974]
[736, 980]
[736, 1193]
[736, 1349]
[736, 1364]
[737, 765]
[737, 805]
[737, 1645]
[737, 1882]
[738, 1880]
[738, 1910]
[738, 1936]
[738, 2094]
[738, 2209]
[738, 2238]
[739, 1358]
[739, 1496]
[739, 1981]
[739, 2118]
[739, 2254]
[740, 1001]
[740, 1858]
[740, 2274]
[741, 813]
[741, 1463]
[741, 1746]
[742, 842]
[742, 930]
[742, 1044]
[742, 1592]
[743, 1399]
[743, 1521]
[743, 1823]
[743, 2135]
[743, 2141]
[744, 812]
[744, 906]
[744, 1009]
[744, 1147]
[744, 1302]
[744, 1696]
[745, 1452]
[745, 1801]
[745, 2147]
[746, 1065]
[746, 1940]
[746, 2171]
[746, 2245]
[746, 2353]
[747, 1478]
[747, 1628]
[747, 2297]
[748, 1128]
[748, 1547]
[748, 1745]
[748, 2286]
[749, 789]
[749, 1649]
[749, 2003]
[749, 2013]
[749, 2043]
[750, 826]
[750, 1841]
[751, 896]
[751, 1251]
[751, 1275]
[751, 2137]
[752, 1246]
[752, 1428]
[752, 1870]
[752, 2272]
[753, 1471]
[753, 1680]
[754, 1111]
[754, 1982]
[754, 2137]
[754, 2316]
[755, 996]
[755, 1007]
[755, 1649]
[755, 1900]
[756, 774]
[756, 824]
[756, 914]
[756, 1107]
[756, 1767]
[756, 1936]
[757, 1082]
[757, 1412]
[757, 1417]
[757, 1851]
[757, 2334]
[757, 2352]
[758, 1257]
[758, 1487]
[758, 2131]
[759, 1133]
[759, 1359]
[759, 2359]
[760, 1673]
[760, 1857]
[761, 1353]
[761, 1630]
[761, 1791]
[762, 1322]
[762, 1520]
[762, 1670]
[762, 2090]
[763, 1090]
[763, 1135]
[763, 1341]
[764, 1224]
[764, 1902]
[764, 2091]
[764, 2104]
[765, 1187]
[765, 1645]
[765, 2278]
[766, 933]
[766, 1056]
[766, 1067]
[767, 1668]
[767, 1669]
[767, 1749]
[767, 1804]
[768, 915]
[768, 1554]
[768, 2104]
[768, 2218]
[768, 2333]
[769, 1312]
[769, 1697]
[769, 2023]
[769, 2078]
[770, 844]
[770, 1671]
[770, 2055]
[770, 2366]
[771, 1409]
[771, 1594]
[771, 2167]
[771, 2385]
[772, 1429]
[772, 1545]
[772, 2163]
[772, 2398]
[773, 838]
[773, 1089]
[773, 1242]
[773, 1259]
[773, 2014]
[774, 824]
[774, 1507]
[774, 1910]
[774, 1936]
[775, 1080]
[775, 1899]
[775, 1970]
[775, 2169]
[776, 996]
[776, 1020]
[776, 1802]
[776, 1836]
[776, 2327]
[777, 790]
[777, 1162]
[777, 1720]
[778, 872]
[778, 983]
[778, 1280]
[778, 1640]
[778, 2260]
[778, 2377]
[779, 864]
[779, 1160]
[779, 1350]
[779, 1851]
[780, 798]
[780, 1062]
[780, 1558]
[780, 1705]
[781, 1272]
[781, 1472]
[781, 2030]
[781, 2356]
[781, 2390]
[782, 1026]
[782, 1380]
[782, 2187]
[782, 2344]
[783, 792]
[783, 880]
[783, 1331]
[783, 1885]
[783, 2126]
[783, 2233]
[784, 1807]
[784, 1990]
[784, 2193]
[784, 2303]
[785, 1703]
[785, 2195]
[785, 2260]
[785, 2337]
[786, 860]
[786, 932]
[786, 1294]
[786, 1981]
[786, 2342]
[787, 1738]
[787, 1940]
[787, 2168]
[787, 2353]
[788, 933]
[788, 1046]
[788, 1507]
[788, 1544]
[788, 2253]
[789, 909]
[789, 1305]
[789, 1385]
[789, 1456]
[789, 1710]
[790, 984]
[790, 1162]
[790, 1987]
[791, 809]
[791, 1347]
[791, 1701]
[791, 1790]
[792, 1885]
[792, 1985]
[792, 2233]
[793, 1278]
[793, 1869]
[794, 1679]
[794, 1952]
[794, 2322]
[795, 870]
[795, 1391]
[795, 1623]
[795, 1708]
[796, 1383]
[796, 1556]
[796, 2272]
[797, 1258]
[797, 1611]
[797, 2314]
[797, 2347]
[798, 1220]
[798, 1589]
[798, 2095]
[798, 2309]
[799, 873]
[799, 1007]
[799, 1029]
[799, 1253]
[800, 856]
[800, 1002]
[800, 1561]
[800, 1598]
[800, 2125]
[801, 1161]
[801, 1241]
[801, 1444]
[801, 1567]
[801, 1581]
[802, 1158]
[802, 1754]
[802, 2039]
[802, 2083]
[803, 1016]
[803, 2188]
[803, 2393]
[804, 994]
[804, 1352]
[804, 1713]
[804, 2245]
[805, 834]
[805, 1096]
[806, 1080]
[806, 1252]
[806, 1944]
[807, 1688]
[807, 2226]
[808, 863]
[808, 904]
[808, 1969]
[809, 1587]
[809, 1667]
[809, 1701]
[810, 1232]
[810, 1492]
[810, 1979]
[810, 2077]
[810, 2166]
[810, 2367]
[811, 1148]
[811, 1277]
[811, 1492]
[811, 1639]
[811, 1914]
[811, 2361]
[812, 906]
[812, 1085]
[812, 1696]
[813, 1435]
[813, 1805]
[813, 1862]
[814, 1219]
[814, 1591]
[815, 825]
[815, 1783]
[815, 1817]
[816, 1624]
[816, 2250]
[816, 2294]
[817, 1431]
[817, 2120]
[818, 1001]
[818, 1011]
[818, 1613]
[818, 1977]
[818, 2263]
[818, 2274]
[819, 988]
[819, 1657]
[819, 2362]
[820, 912]
[820, 992]
[820, 1066]
[820, 2087]
[821, 1129]
[821, 1514]
[821, 2298]
[822, 1285]
[822, 1508]
[822, 1538]
[822, 2190]
[823, 884]
[823, 1019]
[823, 1210]
[823, 1490]
[823, 1800]
[823, 1844]
[824, 1345]
[824, 1717]
[824, 1936]
[824, 2238]
[825, 939]
[825, 1084]
[825, 1298]
[825, 2363]
[826, 990]
[826, 1069]
[826, 1289]
[827, 1460]
[827, 1474]
[827, 2222]
[827, 2380]
[828, 1018]
[828, 1103]
[828, 1458]
[828, 1818]
[828, 2049]
[829, 1028]
[829, 1368]
[829, 1482]
[829, 1901]
[829, 1960]
[830, 957]
[830, 1095]
[830, 2210]
[830, 2323]
[831, 1090]
[831, 1229]
[831, 2305]
[832, 839]
[832, 1075]
[832, 1662]
[832, 2281]
[833, 1003]
[833, 1757]
[834, 1821]
[834, 2296]
[835, 1031]
[835, 2258]
[835, 2262]
[836, 1226]
[836, 1574]
[836, 1729]
[836, 1958]
[836, 2025]
[837, 1457]
[837, 1495]
[837, 2010]
[837, 2054]
[837, 2073]
[838, 1089]
[838, 1259]
[838, 2106]
[839, 984]
[839, 1069]
[839, 1162]
[839, 1947]
[1440, 1969]
[1440, 2030]
[1440, 2389]
[1441, 2028]
[1441, 2229]
[1441, 2235]
[1442, 1462]
[1442, 2108]
[1442, 2194]
[1443, 1541]
[1443, 1755]
[1444, 1584]
[1444, 1702]
[1444, 1763]
[1444, 1872]
[1445, 1738]
[1445, 1837]
[1446, 1665]
[1446, 1743]
[1446, 1835]
[1447, 1662]
[1447, 2132]
[1447, 2281]
[1447, 2285]
[1448, 1753]
[1448, 1909]
[1448, 2277]
[1448, 2377]
[1449, 1692]
[1449, 2103]
[1449, 2113]
[1451, 1653]
[1451, 1778]
[1451, 2335]
[1452, 2068]
[1452, 2147]
[1453, 1765]
[1454, 1732]
[1454, 1905]
[1454, 1920]
[1454, 1948]
[1455, 1986]
[1455, 2307]
[1456, 1491]
[1457, 1495]
[1457, 1606]
[1457, 1758]
[1458, 1794]
[1459, 1595]
[1459, 1962]
[1459, 2153]
[1459, 2230]
[1460, 1904]
[1460, 2134]
[1461, 2097]
[1461, 2189]
[1462, 1560]
[1462, 1962]
[1462, 2302]
[1464, 1582]
[1464, 1727]
[1464, 1748]
[1464, 2282]
[1465, 2055]
[1465, 2336]
[1465, 2387]
[1466, 1867]
[1466, 2246]
[1466, 2341]
[1467, 1999]
[1468, 1513]
[1468, 1554]
[1468, 1573]
[1468, 1656]
[1468, 2104]
[1468, 2175]
[1469, 1635]
[1469, 1798]
[1469, 1945]
[1469, 2121]
[1470, 1893]
[1470, 1913]
[1471, 1759]
[1471, 1899]
[1472, 2320]
[1472, 2389]
[1472, 2390]
[1473, 1513]
[1473, 1656]
[1474, 1515]
[1474, 1917]
[1474, 2002]
[1475, 1524]
[1475, 1575]
[1475, 1578]
[1475, 1993]
[1476, 1488]
[1476, 1577]
[1476, 1877]
[1476, 2061]
[1477, 1810]
[1477, 1820]
[1477, 1972]
[1478, 1628]
[1478, 2310]
[1479, 1884]
[1479, 1921]
[1479, 2326]
[1480, 1523]
[1480, 1700]
[1480, 1932]
[1480, 2309]
[1481, 1870]
[1481, 1926]
[1481, 2312]
[1482, 1496]
[1482, 1518]
[1482, 1780]
[1482, 1901]
[1483, 1704]
[1483, 1774]
[1483, 1895]
[1483, 2205]
[1484, 1946]
[1484, 2148]
[1484, 2215]
[1485, 2001]
[1485, 2003]
[1485, 2043]
[1485, 2300]
[1486, 1532]
[1486, 1693]
[1486, 1822]
[1486, 1838]
[1486, 1865]
[1487, 1713]
[1487, 2131]
[1487, 2219]
[1488, 1577]
[1489, 1799]
[1489, 1930]
[1489, 1957]
[1489, 2317]
[1490, 1866]
[1490, 2344]
[1491, 1604]
[1491, 2003]
[1491, 2155]
[1491, 2225]
[1492, 2166]
[1492, 2330]
[1493, 1544]
[1493, 2146]
[1494, 1749]
[1494, 2374]
[1497, 1618]
[1497, 2210]
[1497, 2272]
[1498, 1718]
[1498, 1786]
[1498, 1903]
[1499, 1938]
[1499, 2334]
[1500, 1843]
[1500, 2224]
[1500, 2381]
[1501, 1746]
[1501, 1931]
[1501, 2197]
[1502, 1663]
[1502, 1930]
[1503, 2008]
[1503, 2018]
[1503, 2102]
[1503, 2178]
[1503, 2288]
[1504, 1878]
[1505, 1674]
[1505, 2200]
[1505, 2221]
[1506, 1633]
[1507, 1767]
[1507, 1953]
[1508, 1568]
[1508, 1778]
[1508, 1943]
[1509, 2251]
[1509, 2309]
[1510, 1939]
[1510, 2144]
[1511, 1865]
[1511, 1886]
[1511, 1918]
[1512, 2008]
[1512, 2033]
[1512, 2265]
[1513, 1573]
[1513, 2091]
[1513, 2104]
[1513, 2211]
[1514, 1739]
[1514, 2301]
[1514, 2354]
[1515, 1950]
[1515, 2069]
[1515, 2150]
[1516, 1992]
[1517, 1540]
[1517, 1784]
[1517, 2008]
[1518, 1548]
[1518, 1960]
[1518, 1981]
[1519, 1585]
[1519, 1644]
[1519, 1719]
[1520, 2249]
[1520, 2396]
[1521, 1697]
[1521, 2060]
[1522, 2270]
[1523, 1829]
[1523, 2035]
[1523, 2247]
[1524, 1575]
[1524, 1578]
[1524, 1938]
[1525, 1837]
[1525, 1913]
[1525, 2052]
[1525, 2319]
[1526, 2219]
[1527, 1708]
[1527, 1858]
[1527, 1967]
[1528, 1807]
[1528, 1929]
[1528, 2193]
[1529, 1771]
[1529, 2280]
[1529, 2331]
[1530, 1824]
[1530, 2036]
[1530, 2079]
[1531, 2053]
[1531, 2255]
[1531, 2308]
[1532, 1587]
[1532, 1693]
[1532, 1822]
[1532, 2290]
[1533, 1758]
[1533, 1934]
[1533, 2006]
[1533, 2010]
[1534, 1588]
[1534, 1768]
[1534, 2185]
[1535, 2270]
[1535, 2378]
[1536, 1625]
[1536, 1921]
[1537, 1928]
[1538, 2120]
[1539, 2186]
[1540, 1935]
[1540, 2069]
[1540, 2189]
[1540, 2288]
[1541, 1707]
[1541, 1845]
[1541, 2259]
[1542, 1906]
[1543, 2059]
[1543, 2248]
[1543, 2297]
[1544, 2384]
[1545, 1571]
[1545, 2163]
[1546, 2386]
[1547, 1697]
[1547, 2135]
[1547, 2286]
[1550, 1730]
[1550, 2268]
[1551, 1714]
[1551, 2214]
[1551, 2331]
[1552, 1565]
[1552, 1800]
[1552, 2256]
[1553, 2200]
[1553, 2362]
[1554, 2333]
[1555, 1638]
[1557, 1626]
[1557, 2395]
[1558, 2283]
[1559, 2159]
[960, 1343]
[960, 1632]
[960, 2012]
[961, 1627]
[962, 1066]
[962, 1687]
[962, 2289]
[962, 2375]
[963, 998]
[963, 1225]
[963, 1668]
[963, 2141]
[964, 1700]
[964, 1956]
[964, 2166]
[964, 2367]
[965, 1310]
[965, 2274]
[965, 2397]
[966, 1195]
[966, 1703]
[967, 1067]
[967, 1619]
[968, 1400]
[968, 1553]
[968, 1938]
[968, 2362]
[969, 1264]
[969, 1841]
[969, 2243]
[970, 1131]
[970, 1417]
[970, 2033]
[970, 2352]
[971, 1279]
[971, 1904]
[971, 2027]
[972, 1274]
[972, 1314]
[972, 1431]
[973, 1294]
[973, 1996]
[974, 1040]
[974, 2151]
[975, 1117]
[975, 1255]
[975, 1267]
[975, 1972]
[976, 1498]
[976, 1740]
[976, 1834]
[977, 1213]
[977, 1537]
[978, 1325]
[978, 1557]
[978, 1569]
[978, 1691]
[979, 2066]
[979, 2074]
[979, 2158]
[979, 2179]
[980, 1193]
[980, 1364]
[980, 1942]
[981, 986]
[981, 1008]
[981, 2228]
[982, 1984]
[982, 2007]
[982, 2229]
[983, 1058]
[983, 1065]
[983, 1280]
[983, 1640]
[983, 2365]
[984, 1069]
[984, 1947]
[985, 1102]
[985, 1478]
[985, 1863]
[985, 2132]
[985, 2285]
[986, 1004]
[986, 1008]
[986, 1368]
[987, 1028]
[987, 1620]
[987, 1780]
[987, 1989]
[988, 1724]
[988, 2072]
[989, 1762]
[989, 1788]
[989, 2017]
[989, 2174]
[990, 1311]
[990, 1692]
[990, 1744]
[990, 2103]
[991, 1209]
[991, 1439]
[991, 1464]
[991, 2110]
[991, 2364]
[992, 1269]
[992, 1463]
[992, 1603]
[993, 1776]
[993, 2262]
[994, 1450]
[994, 1713]
[994, 2353]
[995, 1030]
[995, 1210]
[995, 1510]
[995, 1609]
[996, 1178]
[996, 1253]
[996, 1900]
[997, 1453]
[997, 2142]
[997, 2203]
[998, 1074]
[998, 1668]
[998, 1823]
[999, 1322]
[999, 1432]
[999, 1534]
[1000, 1037]
[1000, 1554]
[1000, 1654]
[1000, 1789]
[1000, 2218]
[1001, 1284]
[1001, 1925]
[1003, 1699]
[1004, 1642]
[1004, 1887]
[1005, 1558]
[1005, 2026]
[1005, 2230]
[1005, 2283]
[1006, 1829]
[1006, 2035]
[1007, 1029]
[1007, 1253]
[1007, 1648]
[1008, 1664]
[1008, 2323]
[1009, 1285]
[1009, 1597]
[1009, 1991]
[1010, 1505]
[1010, 1674]
[1010, 1722]
[1010, 2033]
[1010, 2112]
[1010, 2200]
[1011, 1016]
[1011, 2263]
[1011, 2274]
[1012, 1130]
[1012, 1611]
[1012, 1794]
[1012, 2038]
[1012, 2226]
[1013, 1209]
[1013, 1228]
[1013, 2231]
[1013, 2295]
[1014, 1495]
[1014, 1606]
[1014, 2261]
[1015, 1449]
[1015, 1489]
[1015, 1502]
[1015, 1663]
[1015, 2349]
[1016, 1613]
[1016, 2310]
[1017, 1052]
[1017, 1622]
[1017, 1992]
[1017, 2381]
[1018, 1103]
[1018, 1458]
[1019, 1326]
[1019, 1609]
[1019, 1788]
[1019, 1868]
[1019, 1945]
[1020, 1126]
[1020, 1364]
[1020, 2048]
[1021, 1598]
[1021, 1971]
[1022, 1698]
[1022, 1748]
[1022, 2044]
[1022, 2052]
[1022, 2109]
[1022, 2319]
[1023, 1300]
[1023, 1394]
[1023, 1762]
[1023, 2176]
[1024, 1307]
[1024, 1390]
[1024, 1849]
[1024, 1953]
[1025, 1315]
[1025, 1369]
[1025, 1425]
[1025, 1725]
[1025, 1761]
[1025, 1798]
[1026, 1788]
[1026, 1945]
[1026, 2213]
[1026, 2216]
[1027, 1099]
[1027, 1207]
[1027, 1676]
[1027, 2292]
[1028, 1482]
[1028, 1855]
[1028, 1901]
[1029, 1253]
[1029, 1833]
[1030, 1522]
[1030, 1939]
[1031, 2258]
[1031, 2343]
[1032, 1355]
[1032, 1381]
[1032, 1455]
[1032, 2134]
[1032, 2222]
[1033, 1153]
[1033, 1954]
[1033, 2244]
[1034, 1078]
[1034, 1949]
[1034, 2232]
[1035, 1488]
[1035, 1897]
[1035, 2061]
[1035, 2090]
[1036, 1154]
[1036, 1436]
[1036, 2031]
[1036, 2119]
[1036, 2355]
[1037, 1273]
[1037, 1909]
[1037, 2218]
[1038, 1119]
[1038, 2076]
[1038, 2099]
[1039, 1236]
[1039, 1296]
[1039, 1599]
[1040, 1479]
[1040, 1536]
[1040, 2326]
[1041, 1172]
[1041, 1964]
[1042, 1959]
[1042, 1982]
[1042, 2193]
[1043, 1598]
[1043, 1971]
[1043, 2164]
[1043, 2366]
[1044, 1303]
[1044, 1359]
[1045, 1293]
[1045, 1510]
[1045, 1964]
[1045, 2142]
[1045, 2378]
[1046, 1910]
[1046, 2284]
[1047, 1583]
[1047, 1619]
[1047, 1688]
[1047, 2221]
[1047, 2223]
[1048, 1811]
[1048, 1894]
[1048, 2047]
[1048, 2065]
[1049, 1097]
[1049, 1222]
[1049, 2072]
[1049, 2269]
[1049, 2276]
[1050, 1335]
[1050, 1685]
[1050, 1842]
[1050, 2325]
[1051, 1814]
[1051, 1980]
[1051, 2089]
[1052, 1637]
[1052, 2198]
[1053, 1823]
[1053, 1973]
[1053, 2135]
[1054, 1729]
[1054, 1955]
[1054, 1963]
[1054, 1997]
[1055, 1230]
[1055, 1231]
[1055, 1413]
[1055, 2376]
[1056, 1067]
[1056, 1411]
[1056, 1619]
[1056, 2358]
[1057, 1092]
[1057, 1210]
[1057, 1522]
[1057, 1800]
[1058, 1077]
[1058, 1448]
[1058, 1753]
[1058, 2171]
[1058, 2377]
[1059, 1134]
[1059, 1853]
[1059, 2056]
[1060, 1616]
[1060, 1702]
[1060, 1872]
[1060, 1963]
[1061, 1340]
[1061, 1814]
[1061, 1850]
[1061, 1883]
[1061, 1974]
[1061, 1980]
[1062, 1101]
[1062, 1621]
[1062, 1741]
[1062, 1852]
[1063, 1359]
[1063, 1770]
[1063, 2075]
[1063, 2170]
[1064, 1347]
[1064, 1667]
[1064, 1886]
[1064, 2053]
[1065, 1169]
[1065, 1526]
[1066, 1603]
[1066, 2087]
[1068, 1341]
[1068, 1636]
[1068, 1984]
[1069, 1184]
[1069, 1947]
[1069, 2281]
[1070, 1735]
[1070, 1827]
[1070, 1968]
[1070, 2020]
[1070, 2219]
[1071, 1147]
[1071, 1419]
[1072, 1323]
[1072, 1880]
[1072, 2004]
[1072, 2196]
[1073, 1159]
[1073, 1187]
[1073, 1408]
[1073, 1962]
[1073, 2339]
[1074, 1388]
[1074, 2024]
[1074, 2144]
[1075, 2159]
[1076, 1104]
[1076, 1399]
[1076, 1590]
[1076, 1861]
[1077, 1776]
[1077, 2277]
[1077, 2293]
[1078, 1165]
[1078, 1254]
[1079, 1384]
[1079, 1920]
