[3421, 3492]
[3422, 3517]
[3432, 3534]
[3434, 3539]
[3437, 3563]
[3440, 3551]
[3444, 3584]
[3448, 3559]
[3456, 3540]
[3461, 3567]
[3482, 3552]
[3493, 3550]
[3497, 3509]
[3500, 3594]
[3510, 3540]
[3519, 3530]
[3527, 3584]
[3530, 3541]
[3531, 3537]
[3533, 3543]
[3541, 3576]
[3544, 3599]
[3549, 3579]
[3552, 3569]
[3240, 3330]
[3241, 3331]
[3243, 3282]
[3245, 3373]
[3246, 3477]
[3248, 3475]
[3253, 3320]
[3254, 3491]
[3254, 3515]
[3257, 3328]
[3259, 3313]
[3266, 3449]
[3266, 3583]
[3267, 3290]
[3267, 3585]
[3268, 3305]
[3269, 3485]
[3271, 3346]
[3273, 3490]
[3275, 3388]
[3277, 3462]
[3281, 3293]
[3285, 3476]
[3290, 3585]
[3306, 3319]
[3309, 3586]
[3310, 3504]
[3310, 3547]
[3312, 3323]
[3312, 3407]
[3317, 3517]
[3322, 3446]
[3323, 3459]
[3331, 3578]
[3335, 3511]
[3335, 3589]
[3337, 3383]
[3343, 3350]
[3343, 3392]
[3348, 3466]
[3352, 3363]
[3353, 3508]
[3356, 3447]
[3361, 3518]
[3369, 3412]
[3370, 3409]
[3374, 3596]
[3376, 3402]
[3376, 3540]
[3382, 3389]
[3391, 3408]
[3397, 3495]
[3397, 3506]
[3398, 3452]
[3398, 3486]
[3401, 3493]
[3403, 3597]
[3406, 3572]
[3060, 3564]
[3061, 3336]
[3066, 3079]
[3072, 3536]
[3073, 3282]
[3074, 3170]
[3074, 3599]
[3075, 3417]
[3079, 3298]
[3080, 3355]
[3081, 3371]
[3082, 3587]
[3083, 3222]
[3086, 3381]
[3087, 3390]
[3090, 3321]
[3096, 3573]
[3098, 3517]
[3099, 3393]
[3100, 3223]
[3100, 3360]
[3101, 3109]
[3102, 3350]
[3104, 3286]
[3105, 3453]
[3106, 3303]
[3110, 3120]
[3111, 3180]
[3111, 3483]
[3117, 3361]
[3125, 3336]
[3126, 3314]
[3127, 3176]
[3131, 3462]
[3132, 3154]
[3133, 3527]
[3133, 3584]
[3136, 3147]
[3136, 3542]
[3138, 3268]
[3138, 3342]
[3141, 3185]
[3141, 3318]
[3141, 3406]
[3145, 3161]
[3146, 3570]
[3147, 3542]
[3149, 3565]
[3151, 3436]
[3152, 3160]
[3153, 3173]
[3161, 3398]
[3161, 3452]
[3163, 3440]
[3164, 3579]
[3165, 3263]
[3165, 3534]
[3167, 3591]
[3170, 3484]
[3170, 3599]
[3171, 3414]
[3174, 3207]
[3175, 3507]
[3177, 3182]
[3178, 3397]
[3178, 3495]
[3179, 3256]
[3180, 3353]
[3181, 3566]
[3183, 3457]
[3184, 3408]
[3185, 3406]
[3186, 3459]
[3188, 3197]
[3191, 3471]
[3193, 3559]
[3194, 3229]
[3199, 3332]
[3200, 3217]
[3200, 3227]
[3204, 3392]
[3205, 3444]
[3208, 3262]
[3210, 3479]
[3211, 3590]
[3212, 3354]
[3212, 3427]
[3219, 3222]
[3219, 3384]
[3225, 3500]
[3231, 3232]
[3237, 3257]
[3238, 3260]
[2700, 2754]
[2700, 3216]
[2701, 2771]
[2701, 3140]
[2702, 2804]
[2703, 2903]
[2703, 3083]
[2703, 3222]
[2704, 2780]
[2704, 3144]
[2704, 3522]
[2705, 2987]
[2705, 3175]
[2705, 3507]
[2706, 3487]
[2707, 3030]
[2707, 3425]
[2708, 2939]
[2708, 3305]
[2708, 3588]
[2710, 2961]
[2711, 3545]
[2712, 2830]
[2712, 3092]
[2713, 3069]
[2713, 3411]
[2715, 2985]
[2716, 2720]
[2716, 3305]
[2717, 2791]
[2717, 2985]
[2720, 3189]
[2720, 3342]
[2721, 2987]
[2721, 3433]
[2724, 2827]
[2728, 3124]
[2729, 2948]
[2730, 3160]
[2731, 2921]
[2731, 3383]
[2731, 3489]
[2731, 3585]
[2732, 3430]
[2734, 3007]
[2734, 3398]
[2735, 2752]
[2736, 2806]
[2737, 3430]
[2739, 3159]
[2741, 2828]
[2742, 3238]
[2742, 3368]
[2744, 2841]
[2745, 3321]
[2746, 2761]
[2747, 3340]
[2748, 3179]
[2749, 3100]
[2749, 3223]
[2752, 2774]
[2753, 2883]
[2756, 3027]
[2756, 3265]
[2757, 3216]
[2757, 3445]
[2758, 2764]
[2759, 3248]
[2759, 3475]
[2762, 3502]
[2763, 3274]
[2766, 3033]
[2766, 3271]
[2766, 3287]
[2767, 3525]
[2768, 3151]
[2771, 3586]
[2773, 3599]
[2774, 3415]
[2778, 2984]
[2779, 3228]
[2779, 3325]
[2781, 3159]
[2782, 2837]
[2782, 2931]
[2782, 3367]
[2785, 3215]
[2785, 3365]
[2787, 2823]
[2787, 2924]
[2789, 2917]
[2791, 3455]
[2792, 2990]
[2793, 3192]
[2795, 3591]
[2796, 3224]
[2796, 3268]
[2797, 2900]
[2797, 3270]
[2798, 2897]
[2799, 3168]
[2800, 3054]
[2801, 3426]
[2802, 3235]
[2803, 2841]
[2804, 3316]
[2805, 3042]
[2805, 3315]
[2808, 2980]
[2809, 3014]
[2810, 3561]
[2811, 3069]
[2814, 3078]
[2815, 3334]
[2816, 3387]
[2817, 3035]
[2819, 3308]
[2820, 3098]
[2821, 3251]
[2822, 3297]
[2822, 3440]
[2822, 3551]
[2823, 2924]
[2826, 3209]
[2827, 3089]
[2828, 3464]
[2832, 2838]
[2832, 3203]
[2833, 3103]
[2833, 3259]
[2834, 2835]
[2835, 3209]
[2836, 3548]
[2837, 2931]
[2838, 3203]
[2839, 3402]
[2840, 2940]
[2843, 3117]
[2843, 3128]
[2844, 3373]
[2845, 3166]
[2846, 3288]
[2849, 3535]
[2850, 3091]
[2850, 3142]
[2852, 3135]
[2852, 3276]
[2853, 2900]
[2856, 3192]
[2858, 3050]
[2859, 2983]
[2859, 3222]
[2860, 2901]
[2860, 3109]
[2863, 3447]
[2864, 2871]
[2865, 3169]
[2865, 3550]
[2866, 3333]
[2869, 2878]
[2870, 3226]
[2872, 3414]
[2874, 3006]
[2874, 3214]
[2875, 2932]
[2877, 2910]
[2882, 3164]
[2882, 3579]
[2884, 3220]
[2885, 2907]
[2885, 3153]
[2885, 3173]
[2886, 2931]
[2888, 2967]
[2888, 3548]
[2889, 2960]
[2891, 3024]
[2892, 2924]
[2892, 2927]
[2894, 2899]
[2898, 2961]
[2898, 3335]
[2901, 2912]
[2901, 3120]
[2902, 3483]
[2903, 2925]
[2905, 3372]
[2906, 3563]
[2906, 3571]
[2907, 3499]
[2908, 3065]
[2909, 3289]
[2910, 3264]
[2911, 3515]
[2915, 3546]
[2916, 3173]
[2918, 3450]
[2919, 3337]
[2920, 3227]
[2921, 3040]
[2921, 3489]
[2922, 3062]
[2929, 2949]
[2932, 3145]
[2935, 2957]
[2935, 3278]
[2936, 2959]
[2936, 3358]
[2937, 3012]
[2937, 3119]
[2941, 2952]
[2942, 3000]
[2942, 3181]
[2942, 3575]
[2943, 3155]
[2944, 3446]
[2946, 2954]
[2946, 3040]
[2949, 3132]
[2949, 3555]
[2952, 3191]
[2953, 3280]
[2956, 3460]
[2956, 3480]
[2957, 3057]
[2958, 3403]
[2967, 3503]
[2970, 3596]
[2973, 3113]
[2975, 3064]
[2975, 3156]
[2976, 3420]
[2979, 3008]
[2979, 3534]
[2980, 3081]
[2984, 3121]
[2986, 3035]
[2988, 3075]
[2988, 3529]
[2989, 3354]
[2990, 3270]
[2992, 3189]
[2997, 3560]
[2999, 3566]
[3000, 3181]
[3002, 3044]
[3004, 3106]
[3004, 3303]
[3005, 3291]
[3009, 3324]
[3010, 3583]
[3013, 3558]
[3015, 3116]
[3015, 3472]
[3016, 3019]
[3017, 3385]
[3022, 3582]
[3025, 3034]
[3025, 3158]
[3026, 3261]
[3027, 3132]
[3028, 3035]
[3030, 3363]
[3031, 3115]
[3032, 3175]
[3033, 3287]
[3036, 3468]
[3037, 3210]
[3039, 3300]
[3041, 3281]
[3043, 3180]
[3044, 3332]
[3046, 3301]
[3047, 3050]
[3048, 3090]
[3051, 3078]
[3052, 3598]
[3056, 3067]
[3058, 3167]
[3058, 3362]
[1440, 2504]
[1441, 1805]
[1441, 2376]
[1441, 2401]
[1442, 1450]
[1442, 1507]
[1442, 3580]
[1443, 1492]
[1443, 3114]
[1444, 2306]
[1444, 2497]
[1445, 1769]
[1445, 2161]
[1445, 2829]
[1446, 3383]
[1447, 2796]
[1447, 2829]
[1447, 3224]
[1448, 3113]
[1449, 1520]
[1449, 1875]
[1449, 2452]
[1450, 2868]
[1451, 2722]
[1452, 2078]
[1452, 3250]
[1453, 2500]
[1453, 2781]
[1453, 3233]
[1454, 1992]
[1454, 2139]
[1454, 2448]
[1454, 3396]
[1455, 1502]
[1455, 1569]
[1455, 1776]
[1456, 2182]
[1456, 3424]
[1456, 3526]
[1457, 1681]
[1457, 1958]
[1457, 3076]
[1458, 2475]
[1458, 3237]
[1458, 3415]
[1459, 2007]
[1459, 2359]
[1459, 2551]
[1459, 2747]
[1460, 3163]
[1461, 2114]
[1461, 2353]
[1461, 3474]
[1462, 2186]
[1462, 2648]
[1463, 2058]
[1463, 2352]
[1464, 1571]
[1464, 3019]
[1465, 1920]
[1465, 3228]
[1466, 2537]
[1466, 2874]
[1466, 3552]
[1467, 2590]
[1467, 2745]
[1467, 3356]
[1468, 2854]
[1468, 3329]
[1469, 2613]
[1469, 2957]
[1469, 3057]
[1470, 2694]
[1470, 3334]
[1471, 2589]
[1471, 3473]
[1472, 2385]
[1472, 2652]
[1472, 3560]
[1473, 1509]
[1473, 2995]
[1474, 2243]
[1474, 2668]
[1475, 1670]
[1475, 2640]
[1475, 2744]
[1476, 1545]
[1476, 2443]
[1476, 2776]
[1476, 2893]
[1477, 2236]
[1477, 2430]
[1477, 2700]
[1477, 2754]
[1478, 1802]
[1478, 2702]
[1479, 2211]
[1480, 2463]
[1480, 3346]
[1480, 3465]
[1481, 1670]
[1481, 2127]
[1481, 2773]
[1482, 2899]
[1482, 3412]
[1483, 3119]
[1483, 3375]
[1484, 2193]
[1484, 2500]
[1484, 2887]
[1485, 2718]
[1485, 2971]
[1485, 3381]
[1486, 1787]
[1486, 2691]
[1486, 2851]
[1487, 1910]
[1487, 3045]
[1488, 2251]
[1488, 2977]
[1489, 2163]
[1489, 2177]
[1489, 2859]
[1490, 1635]
[1490, 2621]
[1490, 3086]
[1491, 2955]
[1491, 3488]
[1492, 2083]
[1492, 3530]
[1493, 2228]
[1493, 2739]
[1493, 3159]
[1494, 1971]
[1494, 3038]
[1495, 1552]
[1495, 1788]
[1495, 2381]
[1496, 1506]
[1496, 1701]
[1497, 1621]
[1497, 3244]
[1498, 1592]
[1498, 2104]
[1499, 3231]
[1500, 1733]
[1500, 2514]
[1501, 1777]
[1501, 2391]
[1501, 3203]
[1502, 1605]
[1502, 3477]
[1502, 3551]
[1503, 2045]
[1503, 2691]
[1503, 2950]
[1504, 1909]
[1504, 2153]
[1505, 1935]
[1506, 3373]
[1507, 2672]
[1507, 2836]
[1508, 2164]
[1508, 3098]
[1508, 3443]
[1509, 1798]
[1510, 2080]
[1510, 2136]
[1510, 2137]
[1511, 2448]
[1511, 3429]
[1512, 2301]
[1512, 2671]
[1513, 2284]
[1513, 2602]
[1513, 2745]
[1513, 2862]
[1514, 2806]
[1515, 1955]
[1515, 2868]
[1516, 1595]
[1516, 1707]
[1517, 1858]
[1517, 2717]
[1517, 2833]
[1518, 2513]
[1518, 2912]
[1518, 3051]
[1519, 1722]
[1519, 2563]
[1519, 3394]
[1520, 2452]
[1520, 2672]
[1520, 2876]
[1521, 2158]
[1521, 2766]
[1521, 2838]
[1522, 3308]
[1523, 1721]
[1523, 3121]
[1524, 2581]
[1524, 2767]
[1524, 3465]
[1524, 3525]
[1525, 1780]
[1525, 2231]
[1525, 2818]
[1526, 2287]
[1526, 2594]
[1526, 2684]
[1526, 2875]
[1527, 3592]
[1528, 2020]
[1528, 2414]
[1528, 2724]
[1528, 2827]
[1529, 1975]
[1529, 2780]
[1529, 2899]
[1529, 3205]
[1530, 2003]
[1531, 1551]
[1531, 2206]
[1531, 2252]
[1531, 3294]
[1532, 2544]
[1533, 2586]
[1533, 2763]
[1533, 3213]
[1534, 2036]
[1535, 1586]
[1535, 2784]
[1536, 1857]
[1536, 2234]
[1537, 2367]
[1537, 2433]
[1537, 2828]
[1537, 3019]
[1538, 3266]
[1538, 3420]
[1538, 3509]
[1539, 3003]
[1539, 3463]
[1540, 2000]
[1540, 3047]
[1540, 3553]
[1541, 2304]
[1541, 2313]
[1541, 3073]
[1542, 2795]
[1543, 2563]
[1543, 3070]
[1543, 3272]
[1544, 1972]
[1544, 2310]
[1544, 3570]
[1545, 2536]
[1545, 2953]
[1546, 2543]
[1546, 2760]
[1547, 2877]
[1547, 3559]
[1548, 1586]
[1548, 2171]
[1548, 2245]
[1548, 2352]
[1549, 2205]
[1550, 3279]
[1550, 3311]
[1551, 1597]
[1551, 2762]
[1552, 2434]
[1552, 2697]
[1552, 3200]
[1553, 2702]
[1553, 2804]
[1553, 3538]
[1554, 1842]
[1554, 2156]
[1554, 2515]
[1555, 2348]
[1555, 3391]
[1556, 2127]
[1556, 2557]
[1556, 2793]
[1556, 3192]
[1557, 3221]
[1557, 3338]
[1558, 2324]
[1558, 3067]
[1559, 3364]
[1559, 3387]
[1560, 1600]
[1560, 3283]
[1560, 3463]
[1560, 3521]
[1561, 1934]
[1562, 1589]
[1562, 1712]
[1562, 2736]
[1562, 3101]
[1563, 1795]
[1563, 2748]
[1564, 1736]
[1564, 2834]
[1564, 3007]
[1565, 2527]
[1565, 3163]
[1565, 3314]
[1566, 1677]
[1566, 2436]
[1566, 2768]
[1568, 1799]
[1568, 2276]
[1569, 1776]
[1569, 1849]
[1569, 2408]
[1570, 3024]
[1571, 3464]
[1572, 2168]
[1572, 2265]
[1572, 2536]
[1572, 3526]
[1573, 1976]
[1573, 3425]
[1574, 2430]
[1574, 2690]
[1574, 3052]
[1575, 3221]
[1575, 3354]
[1576, 1630]
[1576, 3316]
[1577, 2437]
[1577, 2484]
[1577, 3513]
[1578, 1652]
[1578, 2128]
[1578, 2176]
[1578, 2220]
[1579, 2498]
[1580, 2074]
[1580, 2190]
[1580, 3261]
[1581, 2698]
[1581, 3233]
[1582, 2753]
[1583, 2483]
[1583, 3385]
[1585, 2406]
[1585, 2972]
[1586, 1611]
[1587, 1854]
[1587, 2794]
[1587, 3118]
[1588, 2635]
[1588, 3370]
[1588, 3380]
[1588, 3479]
[1589, 2728]
[1589, 3124]
[1590, 3224]
[1591, 1830]
[1591, 2555]
[1592, 1741]
[1592, 2649]
[1593, 2317]
[1593, 2325]
[1593, 3595]
[1594, 2366]
[1594, 3549]
[1595, 1732]
[1595, 2294]
[1595, 3231]
[1596, 1611]
[1596, 2279]
[1596, 2300]
[1596, 2854]
[1597, 1667]
[1598, 2309]
[1598, 2973]
[1598, 3059]
[1598, 3433]
[1599, 2578]
[1599, 3082]
[1599, 3587]
[1600, 3463]
[1601, 2375]
[1601, 3315]
[1602, 1623]
[1602, 2153]
[1602, 2678]
[1603, 1845]
[1603, 2855]
[1603, 3389]
[1605, 3477]
[1605, 3528]
[1606, 2278]
[1606, 3159]
[1607, 2068]
[1607, 2659]
[1607, 3349]
[1608, 3299]
[1609, 2330]
[1609, 2393]
[1610, 1930]
[1610, 2305]
[1610, 2532]
[1611, 2300]
[1611, 2969]
[1612, 2475]
[1612, 2779]
[1612, 3257]
[1613, 1672]
[1614, 2359]
[1614, 2811]
[1615, 3014]
[1615, 3421]
[1616, 2418]
[1616, 3250]
[1617, 2310]
[1617, 3487]
[1618, 1958]
[1618, 1984]
[1618, 2454]
[1619, 1766]
[1619, 1872]
[1619, 1958]
[1619, 2282]
[2340, 2858]
[2340, 2954]
[2341, 2511]
[2341, 3293]
[2342, 3330]
[2344, 2403]
[2344, 3411]
[2344, 3458]
[2347, 2654]
[2348, 3460]
[2349, 3124]
[2350, 2991]
[2351, 2447]
[2353, 2375]
[2353, 3474]
[2354, 3236]
[2355, 3593]
[2357, 2998]
[2357, 3283]
[2358, 2978]
[2358, 3023]
[2359, 2747]
[2359, 3468]
[2362, 2960]
[2362, 3567]
[2363, 3418]
[2365, 3543]
[2366, 3004]
[2367, 3492]
[2368, 2533]
[2368, 2728]
[2369, 2441]
[2369, 3432]
[2369, 3526]
[2370, 3302]
[2371, 2714]
[2371, 3313]
[2372, 3316]
[2372, 3357]
[2374, 2871]
[2376, 2951]
[2377, 2698]
[2377, 2719]
[2378, 2726]
[2378, 3442]
[2378, 3529]
[2380, 3073]
[2380, 3282]
[2380, 3458]
[2382, 2425]
[2382, 3101]
[2383, 3095]
[2384, 3134]
[2384, 3474]
[2385, 2724]
[2386, 2919]
[2387, 3118]
[2387, 3558]
[2388, 3010]
[2388, 3473]
[2390, 2741]
[2392, 3164]
[2393, 3146]
[2395, 2516]
[2395, 2840]
[2396, 3312]
[2397, 2421]
[2397, 3126]
[2398, 2481]
[2398, 3524]
[2400, 3352]
[2400, 3363]
[2401, 3294]
[2402, 3549]
[2403, 3458]
[2404, 2915]
[2404, 3022]
[2404, 3223]
[2404, 3582]
[2405, 2878]
[2405, 2938]
[2405, 3162]
[2406, 2842]
[2407, 2493]
[2407, 2761]
[2407, 3301]
[2409, 2806]
[2409, 2904]
[2410, 2520]
[2410, 3169]
[2410, 3270]
[2410, 3379]
[2411, 2712]
[2411, 3092]
[2412, 3503]
[2413, 3404]
[2414, 2997]
[2414, 3560]
[2415, 2431]
[2415, 2625]
[2415, 2693]
[2416, 2768]
[2417, 2682]
[2418, 3279]
[2419, 2513]
[2419, 3262]
[2420, 2702]
[2421, 2527]
[2422, 2790]
[2422, 3561]
[2423, 2655]
[2423, 2991]
[2424, 3256]
[2425, 3110]
[2425, 3317]
[2426, 3207]
[2427, 2638]
[2427, 2930]
[2427, 3174]
[2427, 3235]
[2429, 2595]
[2429, 2628]
[2431, 3556]
[2432, 3289]
[2432, 3374]
[2432, 3443]
[2433, 3019]
[2434, 3200]
[2435, 2488]
[2435, 2757]
[2435, 2807]
[2435, 2894]
[2437, 3423]
[2438, 2815]
[2439, 2616]
[2440, 2452]
[2440, 2563]
[2440, 2711]
[2441, 2653]
[2442, 2906]
[2443, 2776]
[2444, 3308]
[2444, 3309]
[2445, 3037]
[2446, 2567]
[2446, 2673]
[2446, 3375]
[2446, 3581]
[2447, 3470]
[2447, 3574]
[2449, 2466]
[2450, 2783]
[2451, 3190]
[2451, 3453]
[2452, 3070]
[2453, 2711]
[2454, 2647]
[2455, 3378]
[2456, 2749]
[2457, 3072]
[2458, 2792]
[2458, 2900]
[2460, 2689]
[2460, 2820]
[2461, 2915]
[2461, 3128]
[2461, 3546]
[2462, 3018]
[2462, 3453]
[2463, 2571]
[2464, 3140]
[2465, 3324]
[2467, 2740]
[2468, 2481]
[2470, 2896]
[2470, 2986]
[2470, 3035]
[2471, 2948]
[2471, 2966]
[2472, 2958]
[2472, 3403]
[2473, 2508]
[2474, 2556]
[2474, 2997]
[2474, 3370]
[2475, 3158]
[2476, 2487]
[2477, 2489]
[2477, 3226]
[2478, 2610]
[2478, 2872]
[2478, 3414]
[2479, 3119]
[2480, 3120]
[2481, 2818]
[2482, 2877]
[2483, 3506]
[2484, 3240]
[2484, 3513]
[2485, 3186]
[2485, 3459]
[2487, 2569]
[2487, 2765]
[2488, 2807]
[2488, 2971]
[2488, 3086]
[2489, 2695]
[2490, 2921]
[2491, 3018]
[2491, 3045]
[2492, 3031]
[2492, 3251]
[2492, 3269]
[2494, 3203]
[2494, 3431]
[2495, 3339]
[2497, 3307]
[2500, 2898]
[2500, 2961]
[2501, 2983]
[2502, 2590]
[2502, 3447]
[2503, 3240]
[2503, 3423]
[2504, 3049]
[2505, 3288]
[2506, 3185]
[2507, 2650]
[2507, 2880]
[2508, 3096]
[2508, 3573]
[2509, 3010]
[2509, 3456]
[2510, 2785]
[2510, 3065]
[2512, 2530]
[2512, 2572]
[2512, 2854]
[2513, 2912]
[2513, 3535]
[2516, 3011]
[2519, 3374]
[2519, 3448]
[2520, 3379]
[2521, 2619]
[2522, 2905]
[2523, 3532]
[2523, 3573]
[2524, 3150]
[2524, 3298]
[2525, 3135]
[2527, 3163]
[2528, 2788]
[2530, 2784]
[2531, 2839]
[2531, 2918]
[2532, 2880]
[2533, 2689]
[2533, 3588]
[2535, 3071]
[2535, 3435]
[2537, 2543]
[2537, 2874]
[2537, 3084]
[2538, 3174]
[2539, 2826]
[2539, 2977]
[2540, 2917]
[2541, 2551]
[2541, 2736]
[2542, 2573]
[2542, 3265]
[2543, 3347]
[2544, 3053]
[2545, 3260]
[2546, 2996]
[2546, 3286]
[2547, 2823]
[2547, 2867]
[2547, 3021]
[2548, 3034]
[2550, 2963]
[2550, 3288]
[2550, 3434]
[2551, 3211]
[2552, 2775]
[2553, 3504]
[2554, 2632]
[2555, 3179]
[2556, 2923]
[2556, 3370]
[2556, 3488]
[2558, 2880]
[2559, 3378]
[2561, 2991]
[2561, 3515]
[2562, 3070]
[2563, 3394]
[2566, 2605]
[2567, 3375]
[2568, 3571]
[2569, 2764]
[2569, 2890]
[2570, 2816]
[2570, 3001]
[2571, 3125]
[2572, 2854]
[2574, 3520]
[2576, 2580]
[2578, 2959]
[2580, 2982]
[2582, 2594]
[2583, 3575]
[2584, 3162]
[2584, 3594]
[2585, 3393]
[2586, 2814]
[2586, 3213]
[2590, 2962]
[2591, 2603]
[2592, 3587]
[2593, 3142]
[2595, 2893]
[2596, 3454]
[2597, 2626]
[2597, 3013]
[2598, 2692]
[2598, 2884]
[2599, 2970]
[2599, 3596]
[2600, 2685]
[2600, 3521]
[2601, 3242]
[2601, 3258]
[2602, 2840]
[2602, 2862]
[2602, 2962]
[2604, 2963]
[2605, 2669]
[2605, 2989]
[2608, 2827]
[2608, 3482]
[2609, 3557]
[2611, 2883]
[2612, 3455]
[2613, 2627]
[2616, 2803]
[2616, 3114]
[2617, 3025]
[2617, 3168]
[2619, 3097]
[2620, 3480]
[2621, 3086]
[2621, 3347]
[2622, 3234]
[2624, 2894]
[2624, 2899]
[2625, 2726]
[2626, 2852]
[2628, 2870]
[2629, 3395]
[2629, 3514]
[2630, 2734]
[2632, 3343]
[2633, 3227]
[2634, 2826]
[2634, 3184]
[2635, 3380]
[2636, 2743]
[2637, 2773]
[2638, 3174]
[2639, 2896]
[2640, 3467]
[2641, 3090]
[2641, 3197]
[2641, 3218]
[2641, 3321]
[2642, 3544]
[2643, 3218]
[2643, 3399]
[2644, 3192]
[2644, 3372]
[2644, 3498]
[2645, 3103]
[2646, 2656]
[2646, 3384]
[2648, 3436]
[2649, 3122]
[2652, 3055]
[2655, 2746]
[2655, 3077]
[2656, 2703]
[2657, 2902]
[2657, 3483]
[2660, 2979]
[2660, 3008]
[2662, 2800]
[2662, 3054]
[2662, 3510]
[2663, 2843]
[2664, 3252]
[2665, 2801]
[2665, 3149]
[2665, 3426]
[2665, 3516]
[2667, 2968]
[2668, 3023]
[2670, 2808]
[2670, 2980]
[2671, 2943]
[2672, 2836]
[2674, 2812]
[2675, 2848]
[2675, 3535]
[2678, 2788]
[2678, 3505]
[2679, 2965]
[2679, 3276]
[2680, 3217]
[2680, 3492]
[2681, 3401]
[2682, 3356]
[2683, 2937]
[2683, 3511]
[2684, 2875]
[2684, 3452]
[2685, 3551]
[2687, 3065]
[2687, 3215]
[2688, 2918]
[2689, 3588]
[2692, 3476]
[2693, 3294]
[2694, 3334]
[2695, 3486]
[2696, 2865]
[2696, 2949]
[2696, 3555]
[2698, 3531]
[2160, 2615]
[2160, 2909]
[2160, 3562]
[2161, 3338]
[2162, 2457]
[2162, 3448]
[2163, 2614]
[2164, 2345]
[2165, 2267]
[2165, 2882]
[2165, 3058]
[2166, 2744]
[2167, 2598]
[2167, 2692]
[2168, 2441]
[2169, 2389]
[2169, 3002]
[2170, 2469]
[2171, 2352]
[2171, 2385]
[2172, 2750]
[2173, 2906]
[2173, 3571]
[2174, 3117]
[2174, 3361]
[2174, 3546]
[2177, 3085]
[2178, 2614]
[2179, 2681]
[2180, 2593]
[2180, 2810]
[2181, 2248]
[2183, 2965]
[2183, 3254]
[2183, 3491]
[2184, 2466]
[2185, 2998]
[2186, 3063]
[2186, 3329]
[2187, 2374]
[2187, 3324]
[2188, 3291]
[2188, 3470]
[2189, 3043]
[2190, 3254]
[2191, 3391]
[2192, 3418]
[2192, 3420]
[2192, 3583]
[2193, 3233]
[2193, 3263]
[2195, 2877]
[2195, 2910]
[2195, 2913]
[2196, 3054]
[2197, 2322]
[2197, 2679]
[2197, 3135]
[2199, 2224]
[2200, 3243]
[2201, 2803]
[2202, 2739]
[2202, 3206]
[2203, 2259]
[2203, 2810]
[2204, 2648]
[2204, 3199]
[2204, 3332]
[2206, 3294]
[2207, 2307]
[2208, 2456]
[2208, 3022]
[2209, 3048]
[2210, 3341]
[2212, 3339]
[2213, 3494]
[2214, 2438]
[2215, 2992]
[2216, 2848]
[2216, 3274]
[2216, 3577]
[2217, 2730]
[2217, 3117]
[2219, 2857]
[2219, 2872]
[2219, 3410]
[2220, 3341]
[2221, 2320]
[2221, 3351]
[2222, 2388]
[2222, 3418]
[2222, 3473]
[2223, 2925]
[2223, 2958]
[2223, 3053]
[2224, 3173]
[2225, 3505]
[2226, 3563]
[2227, 3017]
[2227, 3501]
[2228, 2377]
[2228, 2698]
[2229, 2366]
[2229, 2587]
[2229, 2611]
[2230, 2929]
[2230, 2990]
[2230, 3169]
[2231, 2362]
[2231, 3438]
[2232, 2885]
[2232, 3484]
[2233, 2770]
[2233, 3421]
[2234, 3323]
[2235, 3266]
[2235, 3449]
[2236, 3445]
[2237, 2415]
[2237, 2693]
[2238, 3252]
[2241, 2759]
[2242, 2686]
[2242, 3030]
[2243, 2940]
[2243, 3011]
[2244, 2623]
[2244, 2661]
[2245, 2652]
[2245, 2969]
[2245, 3055]
[2246, 2911]
[2246, 3152]
[2248, 2935]
[2249, 2807]
[2250, 2608]
[2250, 3482]
[2251, 2924]
[2251, 2977]
[2254, 2258]
[2255, 2486]
[2255, 2676]
[2256, 2296]
[2257, 3520]
[2257, 3528]
[2259, 2969]
[2260, 2341]
[2261, 3388]
[2261, 3490]
[2261, 3547]
[2262, 3176]
[2262, 3466]
[2263, 2382]
[2263, 2425]
[2264, 2332]
[2264, 2449]
[2264, 2466]
[2265, 2536]
[2266, 2714]
[2266, 3062]
[2267, 2313]
[2268, 2346]
[2269, 2846]
[2270, 3187]
[2270, 3416]
[2271, 2724]
[2272, 3512]
[2273, 2786]
[2273, 3171]
[2274, 2346]
[2275, 2397]
[2275, 2421]
[2275, 3466]
[2276, 2941]
[2276, 2952]
[2276, 3130]
[2278, 3084]
[2280, 2318]
[2280, 3056]
[2281, 2882]
[2281, 3194]
[2282, 2397]
[2283, 2579]
[2283, 3359]
[2284, 2847]
[2285, 3113]
[2286, 2584]
[2286, 2727]
[2287, 2630]
[2287, 2734]
[2288, 2639]
[2289, 2541]
[2289, 2551]
[2291, 2319]
[2291, 2786]
[2291, 3462]
[2292, 2317]
[2292, 2334]
[2292, 2909]
[2293, 2376]
[2293, 2930]
[2294, 2574]
[2295, 3061]
[2296, 2466]
[2298, 3353]
[2298, 3368]
[2298, 3508]
[2299, 2515]
[2299, 3287]
[2299, 3598]
[2301, 2351]
[2301, 2671]
[2302, 3409]
[2302, 3560]
[2303, 2752]
[2303, 3237]
[2304, 2344]
[2304, 2412]
[2305, 3345]
[2305, 3475]
[2306, 3165]
[2307, 2815]
[2308, 2538]
[2309, 3433]
[2310, 2599]
[2311, 2881]
[2311, 3036]
[2311, 3340]
[2312, 2544]
[2312, 3053]
[2312, 3284]
[2314, 3592]
[2315, 2648]
[2315, 3436]
[2316, 3566]
[2317, 3562]
[2318, 2324]
[2318, 3494]
[2320, 2526]
[2320, 2542]
[2321, 2548]
[2322, 2370]
[2323, 2938]
[2323, 3500]
[2323, 3594]
[2325, 2345]
[2328, 2509]
[2328, 2674]
[2328, 3449]
[2329, 2443]
[2329, 3027]
[2330, 2458]
[2330, 2900]
[2330, 3178]
[2331, 3353]
[2332, 2373]
[2332, 3382]
[2333, 2417]
[2333, 2751]
[2334, 2664]
[2335, 3210]
[2335, 3301]
[2335, 3479]
[2336, 3161]
[2336, 3273]
[2339, 2468]
[2339, 2549]
[1800, 1891]
[1800, 2824]
[1801, 2387]
[1801, 2686]
[1801, 3118]
[1801, 3363]
[1802, 1814]
[1802, 1985]
[1802, 2416]
[1803, 2030]
[1803, 2073]
[1804, 1824]
[1804, 1843]
[1804, 2913]
[1805, 2112]
[1805, 3502]
[1806, 2270]
[1806, 2837]
[1807, 2342]
[1807, 2576]
[1808, 2686]
[1808, 3582]
[1809, 3322]
[1810, 2232]
[1811, 1822]
[1811, 2169]
[1811, 3580]
[1812, 2438]
[1812, 3041]
[1813, 2175]
[1813, 3428]
[1814, 2420]
[1814, 2465]
[1815, 1821]
[1816, 2637]
[1816, 2964]
[1817, 2328]
[1817, 2509]
[1817, 3402]
[1818, 3122]
[1818, 3215]
[1819, 2606]
[1819, 2718]
[1819, 2759]
[1820, 2467]
[1821, 2069]
[1821, 2845]
[1821, 3166]
[1822, 2868]
[1824, 3262]
[1824, 3264]
[1825, 2412]
[1825, 3411]
[1826, 1899]
[1826, 2180]
[1826, 2810]
[1827, 2222]
[1827, 3407]
[1828, 2789]
[1828, 2917]
[1829, 2831]
[1830, 2555]
[1831, 2419]
[1831, 2816]
[1831, 2849]
[1831, 3387]
[1833, 1903]
[1833, 2218]
[1833, 3045]
[1834, 2157]
[1834, 2821]
[1834, 2892]
[1834, 3251]
[1835, 2681]
[1836, 2463]
[1837, 2003]
[1837, 3257]
[1837, 3328]
[1839, 2119]
[1839, 2420]
[1840, 1851]
[1840, 2725]
[1841, 2141]
[1841, 3066]
[1843, 2770]
[1843, 3208]
[1844, 2558]
[1844, 3059]
[1845, 2079]
[1845, 2620]
[1845, 2754]
[1846, 2643]
[1846, 3013]
[1846, 3218]
[1847, 2002]
[1847, 2683]
[1847, 3249]
[1848, 1864]
[1848, 2472]
[1848, 2975]
[1849, 3246]
[1850, 2072]
[1850, 2571]
[1850, 3125]
[1851, 2437]
[1852, 1873]
[1852, 2740]
[1854, 2400]
[1854, 2794]
[1855, 1915]
[1855, 3419]
[1855, 3452]
[1856, 2087]
[1856, 2120]
[1856, 3130]
[1858, 2717]
[1859, 2587]
[1860, 3434]
[1861, 2583]
[1861, 3424]
[1862, 2498]
[1863, 2068]
[1863, 2954]
[1864, 2656]
[1864, 2925]
[1865, 2049]
[1865, 2846]
[1865, 3539]
[1866, 2007]
[1867, 2645]
[1867, 3039]
[1867, 3537]
[1868, 1876]
[1868, 1967]
[1868, 2495]
[1868, 3481]
[1869, 2423]
[1869, 2593]
[1869, 3142]
[1870, 2417]
[1871, 2119]
[1871, 2143]
[1871, 3426]
[1872, 2282]
[1872, 3112]
[1873, 2173]
[1873, 2354]
[1873, 3236]
[1874, 2277]
[1875, 3548]
[1876, 2450]
[1876, 2783]
[1877, 2639]
[1877, 3438]
[1877, 3567]
[1878, 1991]
[1878, 2364]
[1878, 3496]
[1879, 2005]
[1879, 3576]
[1880, 2751]
[1881, 2334]
[1882, 2976]
[1882, 3087]
[1882, 3554]
[1883, 2864]
[1884, 2297]
[1884, 3075]
[1885, 3440]
[1886, 2725]
[1887, 3039]
[1887, 3300]
[1888, 2528]
[1888, 2651]
[1888, 3017]
[1889, 3103]
[1889, 3300]
[1890, 3531]
[1891, 2554]
[1891, 2824]
[1891, 2933]
[1892, 2591]
[1893, 2085]
[1893, 2867]
[1894, 2296]
[1894, 3006]
[1895, 3358]
[1896, 2316]
[1896, 2722]
[1896, 2993]
[1898, 3017]
[1898, 3385]
[1898, 3386]
[1899, 2790]
[1900, 2423]
[1900, 2991]
[1900, 3491]
[1901, 3476]
[1902, 2616]
[1902, 2856]
[1902, 3114]
[1902, 3372]
[1903, 3362]
[1904, 2451]
[1904, 3243]
[1904, 3453]
[1904, 3532]
[1905, 2035]
[1905, 2256]
[1905, 2355]
[1906, 1956]
[1907, 2666]
[1907, 2797]
[1907, 3270]
[1907, 3495]
[1908, 2050]
[1909, 2301]
[1910, 2468]
[1910, 3045]
[1911, 2407]
[1911, 2493]
[1911, 3320]
[1912, 3038]
[1913, 2379]
[1913, 2562]
[1913, 3229]
[1914, 2130]
[1914, 2869]
[1914, 3555]
[1915, 2695]
[1915, 3419]
[1916, 2311]
[1916, 2361]
[1916, 3340]
[1917, 2881]
[1919, 3097]
[1919, 3474]
[1920, 3325]
[1921, 2519]
[1921, 3193]
[1921, 3317]
[1921, 3517]
[1922, 2159]
[1922, 2164]
[1922, 2460]
[1923, 2316]
[1923, 2992]
[1923, 3342]
[1923, 3566]
[1924, 3172]
[1926, 2025]
[1927, 3326]
[1928, 2830]
[1928, 3553]
[1930, 3311]
[1931, 2017]
[1931, 2934]
[1931, 3239]
[1932, 2254]
[1932, 3177]
[1933, 3271]
[1933, 3277]
[1933, 3346]
[1934, 2011]
[1934, 2022]
[1935, 2194]
[1935, 3108]
[1936, 2262]
[1936, 2873]
[1936, 3176]
[1937, 2866]
[1937, 3143]
[1937, 3430]
[1938, 2493]
[1938, 2965]
[1940, 2284]
[1940, 2395]
[1940, 2847]
[1941, 2670]
[1942, 3094]
[1942, 3500]
[1943, 2570]
[1943, 3001]
[1944, 2207]
[1945, 2083]
[1945, 2480]
[1945, 3114]
[1946, 2592]
[1946, 3337]
[1946, 3383]
[1947, 2191]
[1947, 2624]
[1947, 2631]
[1948, 2089]
[1948, 3127]
[1948, 3348]
[1949, 2879]
[1949, 3026]
[1949, 3177]
[1949, 3182]
[1950, 2603]
[1950, 3115]
[1951, 2778]
[1951, 2984]
[1951, 3307]
[1952, 1968]
[1952, 2373]
[1953, 2993]
[1953, 2999]
[1953, 3508]
[1955, 2046]
[1955, 2170]
[1956, 2737]
[1956, 3430]
[1957, 2983]
[1957, 3219]
[1957, 3341]
[1958, 1984]
[1959, 2220]
[1959, 3437]
[1960, 3580]
[1961, 2077]
[1961, 2476]
[1963, 1973]
[1963, 2283]
[1963, 3157]
[1963, 3230]
[1964, 2609]
[1965, 1996]
[1965, 2505]
[1966, 2308]
[1966, 2808]
[1967, 2898]
[1967, 3481]
[1968, 2855]
[1968, 3060]
[1969, 2673]
[1969, 2833]
[1969, 3259]
[1970, 2627]
[1972, 2519]
[1972, 3374]
[1973, 3157]
[1973, 3469]
[1974, 2049]
[1974, 3338]
[1975, 2780]
[1975, 3527]
[1976, 2242]
[1976, 3546]
[1977, 2196]
[1977, 3164]
[1978, 3520]
[1979, 3344]
[900, 1208]
[900, 1962]
[901, 1284]
[901, 1612]
[901, 2779]
[901, 3037]
[902, 917]
[902, 1058]
[902, 2126]
[903, 1353]
[903, 1970]
[903, 3057]
[904, 2358]
[904, 2978]
[904, 3032]
[905, 1076]
[905, 1300]
[905, 2947]
[906, 1852]
[906, 2033]
[906, 2922]
[907, 1068]
[907, 1158]
[907, 3106]
[908, 1439]
[908, 2631]
[908, 3248]
[909, 1187]
[909, 1259]
[909, 1352]
[909, 2354]
[910, 1775]
[910, 2277]
[911, 1558]
[911, 2324]
[911, 2754]
[911, 3389]
[912, 1138]
[912, 1724]
[912, 2908]
[913, 2390]
[913, 2419]
[913, 2860]
[913, 3262]
[914, 2723]
[914, 3183]
[914, 3187]
[914, 3457]
[915, 1099]
[915, 1912]
[915, 2455]
[916, 2109]
[916, 2268]
[916, 3107]
[917, 2618]
[917, 2913]
[918, 1499]
[918, 1776]
[918, 2257]
[918, 3528]
[919, 1747]
[919, 3012]
[919, 3249]
[920, 1687]
[920, 2091]
[921, 1451]
[921, 2424]
[921, 2722]
[922, 1020]
[922, 1412]
[922, 1836]
[922, 1994]
[923, 2327]
[924, 1950]
[924, 2031]
[924, 2603]
[925, 1508]
[925, 1769]
[925, 1972]
[925, 3098]
[926, 3077]
[926, 3253]
[926, 3320]
[927, 1269]
[927, 1534]
[927, 1772]
[927, 3369]
[929, 1405]
[929, 1876]
[929, 3258]
[929, 3339]
[930, 2019]
[930, 2097]
[930, 3149]
[931, 2392]
[931, 3002]
[931, 3044]
[932, 1137]
[932, 2926]
[932, 3253]
[933, 2278]
[933, 2495]
[933, 2781]
[934, 1436]
[934, 1944]
[934, 3056]
[934, 3255]
[935, 1498]
[935, 2371]
[936, 1823]
[936, 1959]
[936, 2210]
[937, 962]
[937, 1688]
[937, 2872]
[938, 1509]
[939, 1184]
[939, 1192]
[939, 1509]
[939, 1798]
[940, 1542]
[940, 2165]
[940, 2196]
[940, 3058]
[941, 1114]
[941, 2023]
[942, 1550]
[942, 2347]
[942, 2654]
[942, 2801]
[943, 1685]
[943, 2009]
[944, 1159]
[944, 1269]
[944, 2273]
[944, 3171]
[945, 1217]
[945, 3208]
[945, 3387]
[946, 1869]
[946, 2746]
[947, 3518]
[948, 957]
[948, 1547]
[949, 2172]
[949, 2633]
[949, 3227]
[950, 1090]
[950, 1494]
[950, 1971]
[951, 1991]
[951, 3277]
[952, 1418]
[952, 1512]
[952, 2968]
[952, 3470]
[953, 1536]
[953, 1857]
[953, 2208]
[953, 2485]
[954, 2189]
[955, 2021]
[955, 3020]
[955, 3029]
[956, 1171]
[957, 2482]
[958, 1104]
[958, 2028]
[959, 1808]
[959, 2209]
[959, 2461]
[959, 2686]
[960, 1173]
[960, 1466]
[960, 1606]
[961, 1199]
[961, 1781]
[961, 2160]
[961, 2615]
[962, 2408]
[962, 2857]
[963, 1475]
[963, 1707]
[963, 2640]
[963, 2914]
[964, 1222]
[964, 1384]
[964, 2315]
[965, 1018]
[965, 1052]
[966, 2279]
[967, 3297]
[968, 1823]
[968, 1954]
[968, 2518]
[969, 1400]
[969, 2111]
[969, 2508]
[970, 2409]
[970, 2541]
[970, 3069]
[971, 1530]
[971, 2303]
[971, 3237]
[971, 3307]
[972, 2445]
[972, 3037]
[972, 3158]
[972, 3168]
[973, 2378]
[973, 3107]
[973, 3442]
[974, 1451]
[974, 1980]
[975, 1614]
[975, 2238]
[975, 2289]
[975, 2811]
[976, 1328]
[976, 1971]
[977, 1091]
[977, 1575]
[978, 2494]
[978, 3155]
[978, 3431]
[979, 1005]
[979, 1432]
[979, 2443]
[979, 2756]
[980, 1279]
[980, 1860]
[980, 2808]
[981, 1255]
[981, 2710]
[982, 1652]
[982, 2501]
[982, 2983]
[983, 1745]
[983, 2363]
[983, 2730]
[983, 3554]
[984, 1648]
[984, 1743]
[984, 2321]
[984, 2778]
[985, 1201]
[985, 2857]
[986, 1511]
[986, 2659]
[987, 1761]
[987, 2214]
[987, 2438]
[988, 1859]
[988, 2926]
[988, 3292]
[989, 1180]
[989, 2101]
[989, 2258]
[990, 1506]
[991, 1045]
[991, 1808]
[991, 3507]
[992, 1031]
[992, 1334]
[992, 2751]
[993, 1567]
[993, 3007]
[993, 3486]
[994, 1974]
[994, 3146]
[994, 3487]
[994, 3570]
[995, 2249]
[995, 3216]
[995, 3245]
[996, 1564]
[996, 1759]
[996, 2178]
[996, 3007]
[997, 1657]
[997, 1730]
[997, 2478]
[998, 1764]
[998, 2331]
[999, 1988]
[999, 2581]
[1000, 1411]
[1000, 2588]
[1001, 2176]
[1001, 2442]
[1001, 3437]
[1002, 1892]
[1002, 2591]
[1003, 2692]
[1004, 2004]
[1004, 2006]
[1004, 2881]
[1005, 1432]
[1005, 1744]
[1006, 2372]
[1006, 3063]
[1006, 3316]
[1007, 1881]
[1007, 3252]
[1007, 3519]
[1008, 1656]
[1008, 1957]
[1008, 2564]
[1008, 3341]
[1009, 1479]
[1009, 1862]
[1010, 1053]
[1010, 1199]
[1010, 1283]
[1011, 1275]
[1011, 1722]
[1011, 2517]
[1012, 1092]
[1012, 2321]
[1012, 2497]
[1012, 3307]
[1013, 1448]
[1013, 1637]
[1013, 2309]
[1014, 1205]
[1014, 1404]
[1014, 1897]
[1014, 2326]
[1015, 2566]
[1015, 2713]
[1015, 2904]
[1015, 3411]
[1016, 1843]
[1016, 2015]
[1016, 2618]
[1016, 2770]
[1017, 2056]
[1017, 2175]
[1017, 2560]
[1018, 1704]
[1018, 3523]
[1019, 1279]
[1019, 1663]
[1019, 1941]
[1019, 3201]
[1020, 1412]
[1020, 2258]
[1020, 3525]
[1021, 1780]
[1021, 1810]
[1021, 3074]
[1022, 1315]
[1022, 1645]
[1022, 3595]
[1023, 1095]
[1023, 2667]
[1023, 3005]
[1024, 2667]
[1024, 2824]
[1024, 2968]
[1025, 2202]
[1025, 2955]
[1026, 1314]
[1026, 2175]
[1026, 2185]
[1026, 3092]
[1027, 1087]
[1027, 2914]
[1028, 1714]
[1028, 2145]
[1028, 3143]
[1029, 2090]
[1029, 2832]
[1029, 3185]
[1029, 3327]
[1030, 1483]
[1030, 2582]
[1030, 3589]
[1031, 1870]
[1031, 2250]
[1032, 1173]
[1032, 1493]
[1032, 2020]
[1033, 1113]
[1033, 1484]
[1033, 2887]
[1033, 3008]
[1034, 1468]
[1034, 2416]
[1034, 3329]
[1034, 3436]
[1035, 1144]
[1035, 1380]
[1035, 3151]
[1036, 1047]
[1036, 3033]
[1036, 3131]
[1037, 1179]
[1037, 1438]
[1037, 2290]
[1038, 1254]
[1038, 2582]
[1038, 3306]
[1038, 3375]
[1039, 1539]
[1039, 2357]
[1039, 3003]
[1040, 1118]
[1040, 2483]
[1040, 2959]
[1040, 3506]
[1041, 1793]
[1041, 2716]
[1041, 3588]
[1042, 1122]
[1042, 1347]
[1042, 2232]
[1042, 3484]
[1043, 3042]
[1043, 3244]
[1044, 3220]
[1045, 3118]
[1045, 3148]
[1046, 1567]
[1046, 1736]
[1046, 2886]
[1047, 2041]
[1048, 2001]
[1048, 2432]
[1048, 3317]
[1048, 3443]
[1049, 1954]
[1049, 2349]
[1049, 2755]
[1050, 1245]
[1050, 1836]
[1050, 2463]
[1050, 2767]
[1051, 2263]
[1051, 2860]
[1051, 2901]
[1051, 3264]
[1052, 1974]
[1052, 2706]
[1053, 2522]
[1053, 3150]
[1054, 1203]
[1054, 1610]
[1054, 1930]
[1054, 2654]
[1055, 1083]
[1055, 1650]
[1055, 2479]
[1056, 1278]
[1056, 2848]
[1057, 1514]
[1057, 2728]
[1057, 2806]
[1058, 2126]
[1058, 3157]
[1059, 1490]
[1059, 1546]
[1059, 2658]
[1059, 2760]
[1060, 1554]
[1060, 2338]
[1060, 3052]
[1061, 1497]
[1061, 2307]
[1061, 2815]
[1062, 1086]
[1062, 1385]
[1062, 2361]
[1062, 2981]
[1063, 1893]
[1063, 2867]
[1063, 3457]
[1064, 1514]
[1064, 3545]
[1065, 2740]
[1065, 3062]
[1066, 1897]
[1066, 2503]
[1066, 2727]
[1066, 3240]
[1067, 1165]
[1067, 1284]
[1067, 1713]
[1067, 1837]
[1068, 1138]
[1068, 2205]
[1069, 1495]
[1069, 2312]
[1069, 2381]
[1070, 1225]
[1070, 2239]
[1070, 2922]
[1071, 1166]
[1072, 2746]
[1072, 2761]
[1072, 2902]
[1072, 3253]
[1073, 1789]
[1073, 1813]
[1073, 3196]
[1074, 1315]
[1074, 2071]
[1074, 2274]
[1075, 1438]
[1075, 2560]
[1075, 2619]
[1075, 3428]
[1076, 1300]
[1076, 2350]
[1077, 1446]
[1078, 1695]
[1078, 2674]
[1078, 2812]
[1078, 3176]
[1079, 1579]
[1079, 2399]
[1079, 3099]
[1980, 3256]
[1981, 2059]
[1981, 2678]
[1981, 3505]
[1982, 2706]
[1982, 3371]
[1983, 2264]
[1983, 2535]
[1983, 3071]
[1984, 2558]
[1984, 2650]
[1985, 2416]
[1985, 2572]
[1986, 2104]
[1986, 2131]
[1986, 2210]
[1987, 2956]
[1987, 3460]
[1987, 3490]
[1988, 2941]
[1989, 2243]
[1989, 2940]
[1990, 2213]
[1990, 3435]
[1991, 2364]
[1992, 2448]
[1993, 2865]
[1993, 3169]
[1993, 3172]
[1994, 2862]
[1995, 2225]
[1996, 2505]
[1997, 2887]
[1997, 3165]
[1997, 3534]
[1998, 2201]
[1998, 2439]
[1998, 2675]
[1998, 3535]
[1999, 2324]
[1999, 2690]
[2001, 2664]
[2001, 3110]
[2002, 3249]
[2002, 3419]
[2003, 2813]
[2004, 2881]
[2004, 2967]
[2005, 3438]
[2006, 2469]
[2006, 2688]
[2007, 3590]
[2008, 2522]
[2008, 2909]
[2008, 3289]
[2010, 3285]
[2011, 2022]
[2011, 3529]
[2012, 3175]
[2013, 2024]
[2013, 2632]
[2013, 2879]
[2013, 2933]
[2014, 2585]
[2015, 2367]
[2015, 3492]
[2016, 2107]
[2016, 2982]
[2017, 2515]
[2017, 2934]
[2018, 2738]
[2018, 3450]
[2019, 3166]
[2021, 3275]
[2021, 3310]
[2023, 3413]
[2024, 2879]
[2024, 3102]
[2024, 3396]
[2025, 3510]
[2026, 2188]
[2026, 2490]
[2026, 3574]
[2027, 3290]
[2027, 3574]
[2028, 2638]
[2029, 3417]
[2029, 3562]
[2030, 3360]
[2030, 3578]
[2031, 2240]
[2031, 2454]
[2032, 2046]
[2032, 2598]
[2032, 2974]
[2033, 2173]
[2033, 2842]
[2034, 2707]
[2034, 3030]
[2034, 3186]
[2035, 2355]
[2035, 2955]
[2036, 2940]
[2036, 2962]
[2037, 2849]
[2037, 3364]
[2038, 2505]
[2038, 2963]
[2038, 3049]
[2039, 3214]
[2039, 3347]
[2040, 2198]
[2040, 3522]
[2041, 2249]
[2042, 3386]
[2043, 2635]
[2044, 2792]
[2044, 2990]
[2044, 3397]
[2045, 2255]
[2046, 2170]
[2047, 2439]
[2048, 2162]
[2048, 2970]
[2048, 3448]
[2049, 3338]
[2050, 2421]
[2050, 3112]
[2051, 3116]
[2051, 3255]
[2052, 2191]
[2053, 3295]
[2054, 2615]
[2054, 3417]
[2055, 2274]
[2055, 3523]
[2056, 3092]
[2056, 3232]
[2057, 2632]
[2057, 2789]
[2057, 3152]
[2057, 3343]
[2058, 2850]
[2058, 3055]
[2059, 3318]
[2059, 3472]
[2060, 2064]
[2060, 2607]
[2060, 2964]
[2061, 2606]
[2062, 2529]
[2063, 2241]
[2063, 2845]
[2064, 2546]
[2065, 2539]
[2065, 2591]
[2065, 2826]
[2066, 2289]
[2066, 3101]
[2066, 3109]
[2067, 2216]
[2067, 2994]
[2067, 3577]
[2068, 3349]
[2070, 3202]
[2070, 3473]
[2070, 3524]
[2072, 2295]
[2073, 3497]
[2074, 2679]
[2074, 2965]
[2074, 3302]
[2075, 2091]
[2076, 2098]
[2076, 2309]
[2076, 3009]
[2077, 2476]
[2077, 2758]
[2077, 3295]
[2078, 2801]
[2078, 3279]
[2079, 2620]
[2079, 2658]
[2080, 2517]
[2081, 3031]
[2081, 3115]
[2082, 2149]
[2082, 2677]
[2082, 3080]
[2083, 2238]
[2083, 3252]
[2084, 2097]
[2084, 3039]
[2085, 3416]
[2086, 2134]
[2087, 2355]
[2088, 2614]
[2088, 2697]
[2089, 3333]
[2090, 3327]
[2092, 2197]
[2092, 2322]
[2093, 2237]
[2093, 2252]
[2094, 2208]
[2094, 2456]
[2095, 3095]
[2095, 3593]
[2096, 2101]
[2096, 2663]
[2096, 2847]
[2097, 3516]
[2098, 2987]
[2100, 2316]
[2101, 3026]
[2101, 3261]
[2102, 2221]
[2102, 3154]
[2102, 3265]
[2103, 2247]
[2103, 2360]
[2104, 2622]
[2105, 2240]
[2106, 2179]
[2106, 2514]
[2107, 3225]
[2108, 2194]
[2109, 2206]
[2109, 2625]
[2109, 2726]
[2110, 2193]
[2110, 2660]
[2110, 3263]
[2111, 2403]
[2112, 2206]
[2112, 2268]
[2112, 3502]
[2114, 3198]
[2115, 3325]
[2116, 2841]
[2116, 2856]
[2117, 2338]
[2117, 2819]
[2118, 2758]
[2118, 3533]
[2119, 3009]
[2119, 3324]
[2120, 2743]
[2120, 3593]
[2121, 2944]
[2121, 3133]
[2122, 2459]
[2123, 2956]
[2124, 2980]
[2125, 2135]
[2125, 3304]
[2128, 2567]
[2129, 2474]
[2129, 2525]
[2131, 2152]
[2131, 2210]
[2131, 3384]
[2132, 3129]
[2133, 3063]
[2134, 2596]
[2134, 3496]
[2135, 2295]
[2135, 3304]
[2136, 3212]
[2136, 3427]
[2137, 3189]
[2138, 2172]
[2138, 2750]
[2139, 3087]
[2139, 3102]
[2140, 2972]
[2141, 3281]
[2142, 2520]
[2142, 2565]
[2142, 2666]
[2143, 3565]
[2144, 2884]
[2144, 2958]
[2144, 3220]
[2145, 2737]
[2146, 2544]
[2146, 2903]
[2146, 3085]
[2147, 2285]
[2147, 3285]
[2148, 2154]
[2148, 2723]
[2148, 3469]
[2149, 2677]
[2149, 2966]
[2149, 3224]
[2150, 2592]
[2151, 2181]
[2151, 3522]
[2152, 3234]
[2153, 2825]
[2154, 2723]
[2155, 2998]
[2156, 2515]
[2157, 2251]
[2158, 2534]
[2158, 3327]
[2159, 2989]
[2159, 3354]
[1260, 2221]
[1260, 3351]
[1260, 3366]
[1261, 1866]
[1261, 1916]
[1261, 2007]
[1261, 2981]
[1262, 1686]
[1262, 2189]
[1262, 2205]
[1263, 1642]
[1263, 1753]
[1263, 3435]
[1264, 2126]
[1264, 3230]
[1264, 3326]
[1265, 1302]
[1265, 1404]
[1265, 1809]
[1267, 1274]
[1267, 3362]
[1267, 3579]
[1268, 1928]
[1268, 2557]
[1268, 2830]
[1269, 2319]
[1270, 1516]
[1270, 3232]
[1271, 1775]
[1271, 2699]
[1271, 2985]
[1271, 3455]
[1272, 1494]
[1272, 2630]
[1272, 2932]
[1272, 3145]
[1273, 2643]
[1273, 3276]
[1274, 3362]
[1275, 2215]
[1275, 2517]
[1276, 1373]
[1276, 2453]
[1276, 3441]
[1277, 1323]
[1277, 1414]
[1277, 3357]
[1279, 1860]
[1279, 2604]
[1280, 1708]
[1280, 1711]
[1280, 1716]
[1280, 3304]
[1281, 2157]
[1281, 2928]
[1281, 3184]
[1282, 1372]
[1282, 2200]
[1283, 3289]
[1283, 3596]
[1284, 1713]
[1285, 1725]
[1285, 3304]
[1286, 2559]
[1286, 2945]
[1287, 1293]
[1287, 2667]
[1287, 2933]
[1288, 1467]
[1288, 2745]
[1288, 3061]
[1289, 3091]
[1289, 3352]
[1289, 3558]
[1290, 1391]
[1290, 2393]
[1290, 2677]
[1290, 2853]
[1291, 2212]
[1291, 2658]
[1292, 3267]
[1292, 3502]
[1293, 3396]
[1294, 1470]
[1294, 1522]
[1295, 2388]
[1295, 2396]
[1295, 3312]
[1295, 3456]
[1296, 3102]
[1296, 3160]
[1296, 3350]
[1296, 3554]
[1297, 2682]
[1297, 3090]
[1297, 3356]
[1298, 1492]
[1298, 1614]
[1298, 3530]
[1299, 1312]
[1299, 2244]
[1300, 1419]
[1301, 2566]
[1302, 1809]
[1302, 2627]
[1302, 3400]
[1303, 1310]
[1303, 1883]
[1303, 1985]
[1304, 2115]
[1304, 2496]
[1304, 3325]
[1304, 3328]
[1305, 2228]
[1305, 3139]
[1306, 1761]
[1306, 2044]
[1306, 3299]
[1307, 1721]
[1307, 1756]
[1307, 2106]
[1307, 2449]
[1308, 1561]
[1308, 2946]
[1308, 2954]
[1308, 3542]
[1309, 1853]
[1309, 1952]
[1309, 1968]
[1310, 2374]
[1310, 2465]
[1311, 2418]
[1311, 2559]
[1311, 3279]
[1312, 3193]
[1313, 2611]
[1313, 2947]
[1314, 2185]
[1315, 2274]
[1315, 3107]
[1316, 1765]
[1316, 2549]
[1316, 2818]
[1317, 1773]
[1317, 1919]
[1317, 3196]
[1317, 3428]
[1318, 3108]
[1319, 1855]
[1319, 2683]
[1319, 2937]
[1320, 1499]
[1320, 3231]
[1321, 1555]
[1321, 2348]
[1321, 2777]
[1322, 1988]
[1323, 1478]
[1323, 2512]
[1324, 2763]
[1324, 3274]
[1325, 3241]
[1326, 1714]
[1326, 2986]
[1327, 1521]
[1327, 2158]
[1328, 1912]
[1328, 3345]
[1329, 1571]
[1329, 1712]
[1329, 2349]
[1330, 1661]
[1330, 3223]
[1331, 3145]
[1331, 3242]
[1331, 3273]
[1332, 1690]
[1332, 1900]
[1332, 2850]
[1332, 3091]
[1333, 1343]
[1333, 1622]
[1333, 2876]
[1334, 1815]
[1334, 2751]
[1335, 2121]
[1335, 2613]
[1335, 2627]
[1335, 3278]
[1336, 1668]
[1336, 2368]
[1336, 2820]
[1336, 3422]
[1337, 1481]
[1337, 1516]
[1337, 1707]
[1337, 3544]
[1338, 1428]
[1338, 1676]
[1338, 2272]
[1338, 3386]
[1339, 2748]
[1339, 3179]
[1340, 1407]
[1340, 2957]
[1341, 1964]
[1341, 3429]
[1342, 1597]
[1342, 1667]
[1342, 2490]
[1342, 2946]
[1343, 1622]
[1343, 2152]
[1343, 2646]
[1344, 1892]
[1344, 2455]
[1344, 2835]
[1344, 3209]
[1345, 2001]
[1345, 2008]
[1345, 2664]
[1346, 2521]
[1346, 2560]
[1347, 2294]
[1347, 2642]
[1347, 3544]
[1348, 1535]
[1348, 1586]
[1348, 1883]
[1348, 2572]
[1349, 2267]
[1349, 2313]
[1349, 3503]
[1350, 1360]
[1350, 1470]
[1351, 1994]
[1351, 3557]
[1352, 1456]
[1352, 3526]
[1353, 3377]
[1354, 1895]
[1354, 1982]
[1354, 2706]
[1355, 2168]
[1355, 2179]
[1355, 3493]
[1356, 1710]
[1356, 3495]
[1357, 1567]
[1357, 2553]
[1357, 3020]
[1357, 3504]
[1358, 2054]
[1358, 2919]
[1358, 3136]
[1358, 3417]
[1359, 1448]
[1359, 1503]
[1359, 2045]
[1360, 1522]
[1360, 2286]
[1360, 2727]
[1361, 2617]
[1362, 2547]
[1362, 2831]
[1362, 2927]
[1362, 3021]
[1363, 1662]
[1363, 2764]
[1363, 3543]
[1364, 1645]
[1364, 2029]
[1364, 2386]
[1364, 3562]
[1365, 3178]
[1366, 1532]
[1367, 1487]
[1367, 2431]
[1367, 3556]
[1368, 1523]
[1368, 1835]
[1368, 3121]
[1369, 2234]
[1369, 2812]
[1369, 3456]
[1369, 3540]
[1370, 2677]
[1370, 2829]
[1370, 3146]
[1371, 1774]
[1371, 3027]
[1371, 3132]
[1372, 2380]
[1372, 3104]
[1373, 1519]
[1373, 2453]
[1374, 1573]
[1374, 3407]
[1374, 3425]
[1374, 3459]
[1375, 1445]
[1375, 2460]
[1375, 2820]
[1376, 1616]
[1376, 2178]
[1377, 2479]
[1377, 2628]
[1377, 2870]
[1377, 3012]
[1378, 2171]
[1378, 2271]
[1379, 2087]
[1380, 3151]
[1380, 3332]
[1381, 1434]
[1381, 1792]
[1381, 2557]
[1382, 2177]
[1382, 3478]
[1383, 2405]
[1383, 2938]
[1384, 3451]
[1385, 2046]
[1385, 2884]
[1386, 3056]
[1386, 3067]
[1387, 2695]
[1387, 3486]
[1387, 3504]
[1388, 3028]
[1389, 1532]
[1389, 3085]
[1390, 1584]
[1390, 1911]
[1390, 3296]
[1391, 2471]
[1391, 2853]
[1391, 3536]
[1392, 2895]
[1393, 1933]
[1393, 1991]
[1394, 1688]
[1394, 2290]
[1395, 3293]
[1396, 1582]
[1396, 2246]
[1396, 2753]
[1396, 2789]
[1397, 3202]
[1398, 1704]
[1398, 2124]
[1399, 2799]
[1399, 3168]
[1399, 3409]
[1399, 3479]
[1400, 2111]
[1400, 3282]
[1400, 3532]
[1401, 2422]
[1402, 2123]
[1402, 3140]
[1403, 1659]
[1403, 1946]
[1404, 2326]
[1405, 2394]
[1405, 2760]
[1405, 3258]
[1406, 1671]
[1406, 1825]
[1406, 1875]
[1407, 2219]
[1407, 2248]
[1407, 3410]
[1408, 2583]
[1408, 3413]
[1409, 1979]
[1409, 2532]
[1409, 2880]
[1410, 1530]
[1410, 2003]
[1410, 3195]
[1411, 3246]
[1413, 2357]
[1413, 3057]
[1413, 3283]
[1413, 3377]
[1414, 1553]
[1414, 1887]
[1414, 3357]
[1415, 1882]
[1415, 2199]
[1415, 3554]
[1416, 3104]
[1416, 3286]
[1416, 3519]
[1417, 2392]
[1417, 2402]
[1417, 3199]
[1418, 3470]
[1418, 3533]
[1419, 2891]
[1419, 3024]
[1419, 3425]
[1420, 2094]
[1420, 2721]
[1421, 1703]
[1421, 1849]
[1421, 2588]
[1422, 1590]
[1422, 2966]
[1423, 2126]
[1423, 2244]
[1423, 2623]
[1424, 2350]
[1424, 3091]
[1425, 1877]
[1425, 2531]
[1425, 2639]
[1426, 2365]
[1426, 3429]
[1427, 1971]
[1427, 2601]
[1428, 2272]
[1428, 2772]
[1428, 3116]
[1429, 1899]
[1429, 2790]
[1429, 3451]
[1430, 2721]
[1430, 2987]
[1431, 1856]
[1431, 3130]
[1434, 1693]
[1434, 2644]
[1434, 3498]
[1435, 3049]
[1436, 1944]
[1436, 2869]
[1437, 2492]
[1437, 2603]
[1437, 3269]
[1438, 3428]
[1439, 2099]
[1439, 3391]
[1439, 3408]
[0, 22]
[0, 1959]
[0, 2750]
[0, 3437]
[1, 332]
[1, 1241]
[1, 1431]
[1, 3572]
[2, 7]
[2, 173]
[2, 2103]
[2, 3366]
[3, 367]
[3, 2326]
[3, 2787]
[3, 3400]
[4, 1240]
[4, 1912]
[4, 3038]
[4, 3209]
[5, 222]
[5, 619]
[5, 1465]
[5, 3508]
[6, 786]
[6, 1181]
[6, 2182]
[6, 2265]
[7, 242]
[7, 640]
[7, 2103]
[8, 88]
[8, 2576]
[8, 2580]
[8, 3594]
[9, 1961]
[9, 2042]
[9, 2227]
[9, 3501]
[10, 316]
[10, 998]
[10, 1275]
[10, 2510]
[11, 427]
[11, 1482]
[11, 2807]
[11, 3412]
[12, 483]
[12, 1617]
[12, 1895]
[12, 3358]
[13, 25]
[13, 398]
[13, 1961]
[13, 2391]
[14, 438]
[14, 1862]
[14, 3001]
[14, 3093]
[15, 26]
[15, 71]
[15, 2581]
[15, 3155]
[16, 2040]
[16, 2198]
[16, 2928]
[16, 3408]
[17, 480]
[17, 1759]
[17, 2434]
[17, 2886]
[18, 958]
[18, 1805]
[18, 2028]
[18, 2293]
[19, 2292]
[19, 2334]
[19, 2345]
[19, 3443]
[20, 26]
[20, 103]
[20, 544]
[20, 3431]
[21, 1286]
[21, 1366]
[21, 2240]
[21, 2945]
[22, 968]
[22, 1927]
[22, 2518]
[23, 24]
[23, 395]
[23, 2520]
[23, 3401]
[24, 1682]
[24, 1791]
[24, 2565]
[25, 1207]
[25, 2391]
[25, 3315]
[26, 544]
[26, 3465]
[27, 1970]
[27, 2892]
[27, 2927]
[27, 3400]
[28, 586]
[28, 834]
[28, 1687]
[28, 3439]
[29, 330]
[29, 1113]
[29, 1483]
[29, 3119]
[30, 1064]
[30, 1449]
[30, 1671]
[30, 3545]
[31, 1473]
[31, 1512]
[31, 1752]
[31, 2995]
[32, 192]
[32, 896]
[32, 2715]
[32, 2985]
[33, 2114]
[33, 2194]
[33, 3134]
[33, 3198]
[34, 420]
[34, 862]
[34, 2428]
[34, 2712]
[35, 683]
[35, 958]
[35, 1591]
[35, 3207]
[36, 46]
[36, 450]
[36, 774]
[36, 3366]
[37, 98]
[37, 480]
[37, 993]
[37, 1567]
[38, 171]
[38, 1312]
[38, 2661]
[38, 3422]
[39, 1172]
[39, 1497]
[39, 2805]
[39, 3315]
[40, 303]
[40, 2675]
[40, 3051]
[40, 3274]
[41, 1469]
[41, 1789]
[41, 2155]
[41, 2998]
[42, 1071]
[42, 1166]
[42, 2111]
[42, 3427]
[43, 446]
[43, 573]
[43, 1648]
[43, 3206]
[44, 148]
[44, 1956]
[44, 2288]
[44, 3461]
[45, 603]
[45, 790]
[45, 870]
[45, 1847]
[46, 242]
[46, 1247]
[46, 2580]
[47, 75]
[47, 1161]
[47, 2935]
[47, 3278]
[48, 220]
[48, 2511]
[48, 2694]
[48, 3198]
[49, 412]
[49, 1518]
[49, 1824]
[49, 3264]
[50, 252]
[50, 1330]
[50, 1661]
[50, 2073]
[51, 1043]
[51, 1060]
[51, 1640]
[51, 3052]
[52, 199]
[52, 1366]
[52, 2105]
[52, 3284]
[53, 1686]
[53, 2577]
[53, 2587]
[53, 3004]
[54, 803]
[54, 1171]
[54, 2081]
[54, 3112]
[55, 137]
[55, 555]
[55, 1005]
[55, 1925]
[56, 1254]
[56, 1620]
[56, 1889]
[56, 2673]
[57, 625]
[57, 837]
[57, 1926]
[57, 2676]
[58, 1474]
[58, 1661]
[58, 2030]
[58, 3360]
[59, 620]
[59, 1055]
[59, 2442]
[59, 3236]
[60, 2183]
[60, 2493]
[60, 2655]
[60, 3077]
[61, 264]
[61, 443]
[61, 1063]
[61, 1762]
[62, 504]
[62, 2337]
[62, 2650]
[62, 3485]
[63, 153]
[63, 974]
[63, 1665]
[63, 1920]
[64, 886]
[64, 1158]
[64, 2281]
[64, 3194]
[65, 1427]
[65, 2450]
[65, 2601]
[65, 2932]
[66, 1021]
[66, 1810]
[66, 2642]
[66, 2960]
[67, 577]
[67, 815]
[67, 928]
[67, 2315]
[68, 1117]
[68, 1156]
[68, 1673]
[68, 3590]
[69, 1065]
[69, 1669]
[69, 3062]
[69, 3413]
[70, 223]
[70, 266]
[70, 2649]
[70, 3122]
[71, 2506]
[71, 2832]
[71, 3155]
[72, 213]
[72, 900]
[72, 1962]
[72, 2552]
[73, 273]
[73, 597]
[73, 732]
[73, 3024]
[74, 449]
[74, 976]
[74, 2063]
[74, 2241]
[75, 903]
[75, 1970]
[75, 2821]
[76, 888]
[76, 1795]
[76, 3105]
[76, 3292]
[77, 1737]
[77, 2120]
[77, 2743]
[77, 2952]
[78, 292]
[78, 405]
[78, 675]
[78, 1557]
[79, 768]
[79, 1193]
[79, 2069]
[79, 2394]
[80, 485]
[80, 682]
[80, 1381]
[80, 2557]
[81, 436]
[81, 675]
[81, 2071]
[81, 3523]
[82, 357]
[82, 1990]
[82, 3015]
[82, 3116]
[83, 1680]
[83, 2068]
[83, 2340]
[83, 3123]
[84, 468]
[84, 2920]
[84, 3230]
[84, 3359]
[85, 375]
[85, 430]
[85, 1010]
[85, 2524]
[86, 135]
[86, 383]
[86, 2817]
[86, 3576]
[87, 109]
[87, 469]
[87, 2379]
[87, 2473]
[88, 1168]
[88, 2286]
[88, 3330]
[89, 261]
[89, 401]
[89, 823]
[89, 1132]
[90, 229]
[90, 1316]
[90, 2818]
[90, 3591]
[91, 144]
[91, 1267]
[91, 1594]
[91, 2218]
[92, 221]
[92, 965]
[92, 1052]
[92, 3539]
[93, 2347]
[93, 2845]
[93, 3149]
[93, 3565]
[94, 148]
[94, 2531]
[94, 2738]
[94, 2839]
[95, 2320]
[95, 2526]
[95, 2948]
[95, 3536]
[96, 346]
[96, 1594]
[96, 2366]
[96, 2947]
[97, 127]
[97, 142]
[97, 382]
[97, 1134]
[98, 813]
[98, 1219]
[98, 2489]
[99, 118]
[99, 668]
[99, 705]
[99, 1901]
[100, 489]
[100, 1641]
[100, 2521]
[100, 3123]
[101, 804]
[101, 1536]
[101, 1691]
[101, 2812]
[102, 1326]
[102, 1388]
[102, 1714]
[102, 1943]
[103, 867]
[103, 1393]
[103, 2253]
[104, 826]
[104, 2051]
[104, 2207]
[104, 2772]
[105, 672]
[105, 2203]
[105, 3055]
[105, 3142]
[106, 1733]
[106, 1997]
[106, 2441]
[106, 2653]
[107, 1002]
[107, 1658]
[107, 2105]
[107, 3367]
[108, 406]
[108, 1320]
[108, 1346]
[108, 3349]
[109, 2267]
[109, 2281]
[109, 2379]
[110, 344]
[110, 807]
[110, 2032]
[110, 2974]
[111, 1479]
[111, 2211]
[111, 3093]
[111, 3143]
[112, 1309]
[112, 1386]
[112, 3382]
[112, 3389]
[113, 345]
[113, 1411]
[113, 1538]
[113, 3509]
[114, 1695]
[114, 2018]
[114, 2738]
[114, 3127]
[115, 1216]
[115, 2169]
[115, 2204]
[115, 2389]
[116, 461]
[116, 1387]
[116, 2336]
[116, 3547]
[117, 643]
[117, 2043]
[117, 2775]
[117, 3046]
[118, 731]
[118, 1901]
[118, 2945]
[119, 401]
[119, 864]
[119, 2250]
[119, 2271]
[120, 445]
[120, 858]
[120, 1174]
[120, 2499]
[121, 340]
[121, 701]
[121, 954]
[121, 1097]
[122, 332]
[122, 2213]
[122, 3071]
[122, 3494]
[123, 139]
[123, 356]
[123, 2190]
[123, 2911]
[124, 1386]
[124, 1853]
[124, 2869]
[124, 2878]
[125, 357]
[125, 2090]
[125, 2272]
[125, 3318]
[126, 251]
[126, 1424]
[126, 1527]
[126, 3352]
[127, 142]
[127, 2719]
[127, 3481]
[128, 1546]
[128, 2212]
[128, 3084]
[128, 3339]
[129, 1363]
[129, 2253]
[129, 3431]
[129, 3543]
[130, 1829]
[130, 1893]
[130, 2399]
[130, 2831]
[131, 471]
[131, 1432]
[131, 2542]
[131, 2573]
[132, 202]
[132, 1264]
[132, 2618]
[132, 3230]
[133, 999]
[133, 1224]
[133, 1746]
[133, 2506]
[134, 2107]
[134, 2154]
[134, 2576]
[134, 3225]
[135, 1298]
[135, 2817]
[135, 3468]
[136, 292]
[136, 977]
[136, 1339]
[136, 2071]
[137, 359]
[137, 2283]
[137, 2579]
[138, 1256]
[138, 1420]
[138, 3507]
[138, 3582]
[139, 356]
[139, 2217]
[139, 2663]
[140, 337]
[140, 1398]
[140, 1446]
[140, 3585]
[141, 275]
[141, 1076]
[141, 1570]
[141, 2561]
[142, 2019]
[142, 2783]
[143, 769]
[143, 2284]
[143, 3321]
[143, 3399]
[144, 719]
[144, 2218]
[144, 2589]
[145, 173]
[145, 948]
[145, 1729]
[145, 2048]
[146, 1836]
[146, 2862]
[146, 3061]
[146, 3336]
[147, 842]
[147, 1397]
[147, 1810]
[147, 2907]
[148, 1198]
[148, 2288]
[149, 1990]
[149, 2280]
[149, 3255]
[149, 3435]
[150, 462]
[150, 938]
[150, 2254]
[150, 3525]
[151, 850]
[151, 1155]
[151, 2351]
[151, 2651]
[152, 162]
[152, 1254]
[152, 1433]
[152, 3300]
[153, 1920]
[153, 2426]
[153, 2538]
[154, 1341]
[154, 1964]
[154, 1992]
[154, 2086]
[155, 165]
[155, 195]
[155, 2674]
[155, 3247]
[156, 595]
[156, 598]
[156, 1058]
[156, 2573]
[157, 164]
[157, 1816]
[157, 3541]
[157, 3576]
[158, 477]
[158, 1576]
[158, 1630]
[158, 2122]
[159, 603]
[159, 1727]
[159, 1952]
[159, 3088]
[160, 1232]
[160, 1724]
[160, 1913]
[160, 3229]
[161, 949]
[161, 982]
[161, 2088]
[161, 2697]
[162, 178]
[162, 582]
[162, 1433]
[163, 406]
[163, 1928]
[163, 2056]
[163, 3232]
[164, 188]
[164, 1183]
[164, 1443]
[165, 831]
[165, 3449]
[165, 3497]
[166, 1783]
[166, 2047]
[166, 2905]
[166, 3372]
[167, 182]
[167, 663]
[167, 1995]
[167, 2565]
[168, 2704]
[168, 3133]
[168, 3144]
[168, 3278]
[169, 279]
[169, 647]
[169, 2469]
[169, 2800]
[170, 819]
[170, 1645]
[170, 2055]
[170, 3523]
[171, 1589]
[171, 2382]
[171, 3422]
[172, 910]
[172, 2545]
[172, 3025]
[172, 3034]
[173, 209]
[173, 948]
[174, 1147]
[174, 2150]
[174, 2592]
[174, 3489]
[175, 476]
[175, 1545]
[175, 2953]
[175, 3550]
[176, 252]
[176, 947]
[176, 1000]
[176, 1135]
[177, 246]
[177, 809]
[177, 2411]
[177, 3467]
[178, 693]
[178, 1452]
[178, 3516]
[179, 666]
[179, 2629]
[179, 3068]
[179, 3395]
[360, 439]
[360, 543]
[360, 2108]
[361, 1094]
[361, 1278]
[361, 2585]
[361, 3003]
[362, 799]
[362, 1368]
[362, 1939]
[362, 3568]
[363, 1696]
[363, 2141]
[363, 2578]
[363, 2959]
[364, 1361]
[364, 2277]
[364, 2356]
[364, 2617]
[365, 830]
[365, 2061]
[365, 2532]
[365, 3475]
[366, 1416]
[366, 2060]
[366, 2607]
[366, 3541]
[367, 1697]
[367, 3021]
[367, 3400]
[368, 533]
[368, 1796]
[368, 2358]
[368, 2502]
[369, 409]
[369, 1236]
[369, 2070]
[369, 3202]
[370, 894]
[370, 917]
[370, 1973]
[370, 2618]
[371, 588]
[371, 2445]
[371, 3111]
[371, 3228]
[372, 408]
[372, 1438]
[372, 3405]
[373, 1453]
[373, 2377]
[373, 2781]
[373, 3481]
[374, 1188]
[374, 1325]
[374, 2151]
[374, 2337]
[375, 430]
[375, 665]
[375, 3066]
[376, 1170]
[376, 1203]
[376, 2076]
[376, 2098]
[377, 425]
[377, 2646]
[377, 2656]
[377, 3064]
[378, 510]
[378, 2424]
[378, 2709]
[378, 3256]
[379, 849]
[379, 986]
[379, 1705]
[379, 2343]
[380, 390]
[380, 774]
[380, 1755]
[380, 2360]
[381, 2266]
[381, 2612]
[381, 2714]
[381, 3122]
[382, 1433]
[382, 2084]
[382, 2097]
[383, 1678]
[383, 2005]
[383, 2896]
[384, 880]
[384, 2434]
[384, 2931]
[385, 568]
[385, 2022]
[385, 2297]
[385, 3170]
[386, 2497]
[386, 2752]
[386, 2774]
[387, 2261]
[387, 3547]
[387, 3564]
[388, 403]
[388, 417]
[388, 2332]
[388, 2373]
[389, 840]
[389, 1838]
[389, 2094]
[389, 3433]
[390, 1247]
[390, 2260]
[390, 2360]
[391, 736]
[391, 1522]
[391, 3162]
[391, 3308]
[392, 1056]
[392, 2014]
[392, 2037]
[392, 2848]
[393, 660]
[393, 2813]
[393, 3095]
[393, 3568]
[394, 396]
[394, 1303]
[394, 1310]
[394, 1854]
[395, 1642]
[395, 1993]
[395, 3401]
[396, 1566]
[396, 2768]
[397, 627]
[397, 920]
[397, 1576]
[397, 1787]
[398, 1172]
[398, 2042]
[398, 3512]
[399, 1192]
[399, 1604]
[399, 2995]
[400, 431]
[400, 1098]
[400, 3195]
[400, 3328]
[401, 823]
[401, 992]
[402, 547]
[402, 763]
[402, 1376]
[402, 2834]
[403, 1291]
[403, 1603]
[403, 2855]
[404, 885]
[404, 1640]
[404, 2819]
[405, 921]
[405, 1865]
[405, 3539]
[406, 1346]
[406, 1680]
[407, 730]
[407, 823]
[407, 1258]
[407, 1815]
[408, 962]
[408, 2290]
[408, 2408]
[409, 2199]
[409, 2907]
[409, 3499]
[410, 1197]
[410, 2150]
[410, 2858]
[410, 3040]
[411, 654]
[411, 1147]
[411, 1599]
[411, 3501]
[412, 666]
[412, 2482]
[412, 3078]
[413, 1071]
[413, 1563]
[413, 2523]
[413, 3532]
[414, 463]
[414, 1581]
[414, 1666]
[414, 1890]
[415, 551]
[415, 1875]
[415, 2562]
[415, 3548]
[416, 1200]
[416, 1696]
[416, 2214]
[417, 696]
[417, 2184]
[417, 2212]
[418, 825]
[418, 1216]
[418, 1257]
[418, 2133]
[419, 787]
[419, 1114]
[419, 2545]
[419, 3368]
[420, 479]
[420, 862]
[421, 1457]
[421, 1844]
[421, 2973]
[421, 3076]
[422, 706]
[422, 3327]
[422, 3572]
[423, 452]
[423, 691]
[423, 2534]
[423, 3033]
[424, 1559]
[424, 2498]
[424, 3001]
[424, 3364]
[425, 477]
[425, 488]
[425, 1082]
[426, 820]
[426, 966]
[426, 1223]
[426, 1401]
[427, 511]
[427, 791]
[427, 2041]
[428, 1731]
[428, 1981]
[428, 2825]
[428, 3141]
[429, 1625]
[429, 1918]
[429, 2981]
[429, 3220]
[430, 1729]
[430, 2970]
[431, 2496]
[431, 2604]
[431, 2963]
[432, 617]
[432, 2117]
[432, 2444]
[432, 2701]
[433, 614]
[433, 621]
[433, 712]
[433, 2723]
[434, 695]
[434, 1274]
[434, 1977]
[434, 2196]
[435, 628]
[435, 1842]
[435, 2338]
[435, 2575]
[436, 470]
[436, 2071]
[436, 3595]
[437, 837]
[437, 1120]
[437, 3186]
[438, 1044]
[438, 1918]
[438, 3093]
[439, 1253]
[439, 2108]
[439, 3047]
[440, 573]
[440, 1361]
[440, 2302]
[440, 3409]
[441, 526]
[441, 1025]
[441, 2020]
[441, 2202]
[442, 1018]
[442, 1077]
[442, 1354]
[442, 1704]
[443, 580]
[443, 718]
[443, 3514]
[444, 2063]
[444, 2305]
[444, 2347]
[444, 3345]
[445, 900]
[445, 1155]
[445, 1623]
[446, 1162]
[446, 1361]
[446, 2548]
[447, 1003]
[448, 658]
[448, 1644]
[448, 2428]
[449, 1124]
[449, 1427]
[449, 2394]
[450, 2102]
[450, 2982]
[450, 3154]
[451, 1168]
[451, 1350]
[451, 2260]
[452, 1047]
[452, 3245]
[452, 3373]
[453, 1585]
[453, 2226]
[453, 2518]
[453, 3563]
[454, 892]
[454, 1706]
[454, 1978]
[454, 3390]
[455, 705]
[455, 1286]
[455, 1389]
[456, 722]
[456, 1608]
[456, 2929]
[456, 3154]
[457, 528]
[457, 2669]
[457, 3104]
[457, 3458]
[458, 1859]
[458, 2587]
[458, 3018]
[458, 3105]
[459, 904]
[459, 2012]
[459, 2863]
[459, 3447]
[460, 989]
[460, 1351]
[460, 1994]
[460, 2847]
[461, 566]
[461, 2336]
[461, 3419]
[462, 938]
[462, 1322]
[462, 2370]
[463, 1666]
[463, 1858]
[463, 2110]
[464, 692]
[464, 1668]
[464, 2140]
[464, 2661]
[465, 798]
[465, 1948]
[465, 2010]
[465, 3127]
[466, 622]
[466, 3126]
[466, 3314]
[466, 3578]
[467, 1844]
[467, 1930]
[467, 2558]
[467, 2647]
[468, 1927]
[468, 2750]
[468, 2920]
[469, 969]
[469, 1541]
[469, 2304]
[470, 1575]
[470, 2325]
[470, 3221]
[471, 704]
[471, 2729]
[471, 2948]
[472, 1084]
[472, 1980]
[472, 2426]
[472, 2555]
[473, 694]
[473, 935]
[473, 1986]
[473, 2564]
[474, 770]
[474, 1894]
[474, 2035]
[474, 3006]
[475, 1246]
[475, 2554]
[475, 2917]
[475, 2951]
[476, 699]
[476, 2329]
[476, 2696]
[477, 488]
[478, 1669]
[478, 2023]
[478, 3238]
[478, 3260]
[479, 481]
[479, 1644]
[479, 3577]
[480, 1759]
[480, 2633]
[481, 852]
[481, 1644]
[481, 1851]
[482, 1371]
[482, 1914]
[482, 2130]
[482, 2938]
[483, 665]
[483, 1249]
[483, 2599]
[484, 502]
[484, 688]
[484, 898]
[484, 3206]
[485, 519]
[485, 1540]
[485, 3553]
[486, 668]
[486, 1359]
[486, 2285]
[487, 806]
[487, 2437]
[487, 3423]
[488, 627]
[488, 3083]
[489, 1607]
[489, 2062]
[489, 2521]
[490, 711]
[490, 1106]
[490, 2516]
[490, 3518]
[491, 1230]
[491, 2200]
[491, 3190]
[491, 3442]
[492, 649]
[492, 828]
[492, 1116]
[492, 3313]
[493, 1626]
[493, 1965]
[493, 2100]
[493, 2942]
[494, 495]
[494, 1832]
[494, 1995]
[494, 2788]
[495, 1676]
[495, 1898]
[495, 2788]
[496, 966]
[496, 1874]
[496, 2699]
[497, 1134]
[497, 1674]
[497, 2450]
[497, 2875]
[498, 840]
[498, 1013]
[498, 1448]
[498, 2486]
[499, 716]
[499, 1906]
[499, 2889]
[499, 3461]
[500, 1224]
[500, 1431]
[500, 2636]
[500, 3406]
[501, 1119]
[501, 1151]
[501, 1488]
[501, 2777]
[502, 1581]
[502, 2739]
[502, 3233]
[503, 1322]
[503, 2322]
[503, 3191]
[503, 3471]
[504, 884]
[504, 2282]
[504, 2650]
[505, 896]
[505, 1517]
[505, 1890]
[505, 2645]
[506, 2166]
[506, 2744]
[507, 1230]
[507, 1252]
[507, 2431]
[507, 2462]
[508, 1654]
[508, 1820]
[508, 1969]
[508, 3581]
[509, 599]
[509, 1464]
[509, 1571]
[509, 2132]
[510, 1702]
[510, 1896]
[510, 2993]
[511, 791]
[511, 1772]
[511, 3125]
[512, 2626]
[512, 2852]
[512, 3188]
[512, 3218]
[513, 803]
[513, 1479]
[513, 2866]
[513, 3333]
[514, 523]
[514, 1561]
[514, 1597]
[514, 2252]
[515, 1265]
[515, 2121]
[515, 2575]
[515, 2944]
[516, 1270]
[516, 2411]
[516, 2640]
[517, 614]
[517, 721]
[517, 2579]
[517, 3469]
[518, 2115]
[518, 2308]
[518, 2538]
[519, 2340]
[519, 2858]
[519, 3147]
[520, 1384]
[520, 2180]
[520, 2314]
[520, 3451]
[521, 997]
[521, 1325]
[521, 1657]
[521, 2181]
[522, 907]
[522, 1068]
[522, 2577]
[522, 3573]
[523, 869]
[523, 1561]
[523, 2733]
[524, 1194]
[524, 3303]
[524, 3451]
[525, 1085]
[525, 2156]
[525, 2353]
[525, 3239]
[526, 573]
[526, 2414]
[526, 3488]
[527, 757]
[527, 1024]
[527, 2188]
[527, 3291]
[528, 821]
[528, 2669]
[528, 2713]
[529, 1751]
[529, 1754]
[529, 2705]
[529, 3148]
[530, 1227]
[530, 2085]
[530, 2399]
[530, 2809]
[531, 1041]
[531, 1081]
[531, 1793]
[531, 2137]
[532, 670]
[532, 1157]
[532, 1881]
[532, 3286]
[533, 1534]
[533, 2036]
[533, 2668]
[534, 796]
[534, 1740]
[534, 2540]
[534, 2951]
[535, 735]
[535, 1996]
[535, 2082]
[535, 2269]
[536, 1491]
[536, 2095]
[536, 2923]
[536, 3593]
[537, 1376]
[537, 2178]
[537, 2287]
[538, 2270]
[538, 2867]
[538, 3187]
[539, 672]
[539, 946]
[539, 1758]
[1620, 1656]
[1620, 2673]
[1621, 2694]
[1621, 3244]
[1622, 1629]
[1622, 2132]
[1623, 2528]
[1624, 1832]
[1624, 3385]
[1625, 2981]
[1625, 3403]
[1626, 2100]
[1626, 3138]
[1627, 3505]
[1628, 1983]
[1628, 2280]
[1628, 2318]
[1628, 3382]
[1629, 1848]
[1629, 1864]
[1630, 2075]
[1630, 2133]
[1631, 1655]
[1631, 2821]
[1631, 2928]
[1632, 1827]
[1632, 2589]
[1632, 2891]
[1632, 3407]
[1633, 2033]
[1633, 2226]
[1633, 2239]
[1633, 2842]
[1634, 1899]
[1634, 2189]
[1634, 2657]
[1634, 3043]
[1635, 2079]
[1635, 2757]
[1635, 3216]
[1636, 2836]
[1636, 3156]
[1637, 2950]
[1637, 3009]
[1638, 2584]
[1638, 3094]
[1638, 3162]
[1638, 3309]
[1639, 2662]
[1639, 2918]
[1639, 3376]
[1639, 3450]
[1640, 2819]
[1641, 1646]
[1641, 2890]
[1643, 2100]
[1643, 2722]
[1643, 2846]
[1643, 3288]
[1644, 2763]
[1645, 3595]
[1646, 2765]
[1647, 1698]
[1647, 1859]
[1647, 2883]
[1648, 3206]
[1649, 2084]
[1649, 2719]
[1649, 3537]
[1650, 2176]
[1650, 2479]
[1650, 2567]
[1651, 1807]
[1651, 2154]
[1651, 3068]
[1652, 2172]
[1652, 2220]
[1653, 2089]
[1653, 2738]
[1654, 1820]
[1654, 1858]
[1654, 2660]
[1655, 2337]
[1655, 2928]
[1655, 3269]
[1656, 2128]
[1657, 3314]
[1657, 3410]
[1658, 1679]
[1658, 1950]
[1658, 2105]
[1659, 1757]
[1659, 2936]
[1659, 3587]
[1660, 2831]
[1660, 3099]
[1660, 3393]
[1661, 3011]
[1662, 2062]
[1662, 2529]
[1662, 2890]
[1663, 1941]
[1663, 3371]
[1664, 2440]
[1664, 2711]
[1665, 2496]
[1666, 2715]
[1667, 1675]
[1667, 3291]
[1668, 2368]
[1668, 2939]
[1669, 2612]
[1669, 3455]
[1670, 2116]
[1670, 2127]
[1671, 2409]
[1671, 2904]
[1672, 2086]
[1672, 2134]
[1672, 3557]
[1673, 2390]
[1673, 2741]
[1673, 2816]
[1674, 1967]
[1674, 3589]
[1675, 1863]
[1676, 2059]
[1676, 3472]
[1677, 1814]
[1677, 2465]
[1678, 1917]
[1678, 2896]
[1678, 3036]
[1679, 1785]
[1679, 1929]
[1680, 3123]
[1680, 3553]
[1681, 1766]
[1681, 2873]
[1682, 1791]
[1682, 1835]
[1682, 1939]
[1683, 1709]
[1683, 1828]
[1683, 3392]
[1683, 3556]
[1684, 1989]
[1684, 2610]
[1685, 2333]
[1685, 2417]
[1685, 2863]
[1686, 2577]
[1687, 2691]
[1688, 2273]
[1689, 1926]
[1689, 2800]
[1689, 2861]
[1690, 2597]
[1690, 3013]
[1691, 1838]
[1691, 1936]
[1692, 1943]
[1692, 2037]
[1692, 2849]
[1693, 1783]
[1693, 3150]
[1694, 2559]
[1694, 2647]
[1694, 3311]
[1694, 3378]
[1695, 3376]
[1695, 3402]
[1696, 3041]
[1697, 1897]
[1697, 3513]
[1698, 2540]
[1698, 2926]
[1699, 2626]
[1699, 3089]
[1700, 1932]
[1700, 2254]
[1700, 3261]
[1700, 3302]
[1701, 3130]
[1702, 2215]
[1702, 2992]
[1703, 2408]
[1703, 2596]
[1703, 3454]
[1704, 3081]
[1705, 2343]
[1705, 3349]
[1706, 1992]
[1706, 3390]
[1707, 2798]
[1708, 1716]
[1708, 2608]
[1709, 2693]
[1709, 3392]
[1710, 2666]
[1710, 3201]
[1711, 1725]
[1711, 3552]
[1711, 3569]
[1712, 1719]
[1712, 2736]
[1713, 2115]
[1714, 3093]
[1715, 1754]
[1715, 2012]
[1715, 2333]
[1716, 1870]
[1717, 2735]
[1717, 3424]
[1718, 3268]
[1718, 3305]
[1719, 3211]
[1719, 3464]
[1720, 2525]
[1720, 3135]
[1720, 3471]
[1721, 1756]
[1721, 2256]
[1722, 2908]
[1722, 3065]
[1723, 2507]
[1724, 2473]
[1725, 2039]
[1725, 3214]
[1726, 3003]
[1726, 3377]
[1726, 3393]
[1727, 2002]
[1727, 3088]
[1728, 1978]
[1728, 2916]
[1729, 1738]
[1729, 2247]
[1730, 3331]
[1730, 3578]
[1731, 2636]
[1731, 2825]
[1732, 2294]
[1732, 2897]
[1732, 3528]
[1733, 2514]
[1734, 1782]
[1734, 2117]
[1734, 2338]
[1734, 2430]
[1735, 2624]
[1735, 2971]
[1736, 2886]
[1737, 2923]
[1738, 2247]
[1739, 1999]
[1739, 2844]
[1739, 3494]
[1740, 3296]
[1740, 3320]
[1741, 3394]
[1741, 3441]
[1742, 2009]
[1742, 3381]
[1743, 2306]
[1743, 2321]
[1744, 2429]
[1745, 2363]
[1745, 3361]
[1746, 2506]
[1746, 2825]
[1747, 1915]
[1747, 2477]
[1747, 3012]
[1748, 2140]
[1748, 2623]
[1748, 2972]
[1749, 2124]
[1750, 1929]
[1750, 3014]
[1750, 3367]
[1751, 2098]
[1751, 2187]
[1752, 2968]
[1753, 1756]
[1753, 1835]
[1753, 2681]
[1754, 1880]
[1754, 3148]
[1755, 1812]
[1755, 3041]
[1755, 3299]
[1756, 2535]
[1757, 1841]
[1757, 2936]
[1758, 2799]
[1759, 2088]
[1760, 2326]
[1760, 2771]
[1760, 3586]
[1761, 3299]
[1762, 3021]
[1762, 3513]
[1763, 2839]
[1763, 3461]
[1763, 3567]
[1764, 1953]
[1764, 2215]
[1764, 2999]
[1765, 1784]
[1765, 1879]
[1765, 2607]
[1766, 3348]
[1766, 3466]
[1767, 1996]
[1767, 2504]
[1767, 3080]
[1768, 2025]
[1768, 2234]
[1768, 3323]
[1769, 2161]
[1769, 3570]
[1770, 2066]
[1770, 2238]
[1770, 3110]
[1770, 3120]
[1771, 2742]
[1771, 2999]
[1771, 3368]
[1772, 3369]
[1773, 1919]
[1773, 3239]
[1774, 2016]
[1774, 2323]
[1774, 2982]
[1775, 2699]
[1775, 3260]
[1776, 3405]
[1777, 2090]
[1777, 3512]
[1778, 1942]
[1778, 2021]
[1778, 3310]
[1779, 1839]
[1779, 3426]
[1779, 3538]
[1780, 1784]
[1780, 2231]
[1781, 2386]
[1781, 2919]
[1782, 2236]
[1782, 2464]
[1782, 3140]
[1783, 3150]
[1783, 3213]
[1784, 1879]
[1785, 3115]
[1786, 2123]
[1786, 2236]
[1786, 2620]
[1786, 3445]
[1787, 2804]
[1787, 2851]
[1788, 2146]
[1788, 2903]
[1790, 2043]
[1790, 2383]
[1792, 2000]
[1793, 2453]
[1794, 1803]
[1794, 2073]
[1794, 2749]
[1794, 3247]
[1795, 1830]
[1796, 2502]
[1796, 2769]
[1796, 3369]
[1797, 2568]
[1798, 1932]
[1799, 2125]
[1799, 3471]
[1080, 1266]
[1080, 1797]
[1081, 1301]
[1081, 2136]
[1082, 2075]
[1082, 2091]
[1083, 3581]
[1084, 1097]
[1084, 2426]
[1085, 3239]
[1086, 1385]
[1086, 2472]
[1086, 3156]
[1087, 2732]
[1087, 3463]
[1088, 1938]
[1088, 2092]
[1089, 1324]
[1089, 2629]
[1089, 2814]
[1089, 3078]
[1090, 1331]
[1090, 3242]
[1090, 3460]
[1091, 2709]
[1091, 3212]
[1092, 1458]
[1092, 3034]
[1092, 3415]
[1093, 1122]
[1093, 2343]
[1093, 2733]
[1093, 2916]
[1094, 1278]
[1094, 3577]
[1095, 1293]
[1095, 1511]
[1095, 3429]
[1096, 1486]
[1096, 1839]
[1096, 2420]
[1096, 2950]
[1097, 1131]
[1097, 1145]
[1098, 1126]
[1098, 2303]
[1098, 3195]
[1099, 1550]
[1099, 3311]
[1099, 3345]
[1100, 1587]
[1100, 2374]
[1100, 2871]
[1100, 3148]
[1101, 1813]
[1101, 2155]
[1101, 2175]
[1102, 1318]
[1102, 1395]
[1102, 3079]
[1103, 1842]
[1103, 2934]
[1103, 3584]
[1104, 2268]
[1104, 2346]
[1105, 1206]
[1105, 1491]
[1105, 1648]
[1105, 2955]
[1106, 1940]
[1106, 2843]
[1106, 3128]
[1107, 1351]
[1107, 1613]
[1107, 2395]
[1107, 2840]
[1108, 3144]
[1108, 3171]
[1108, 3205]
[1108, 3444]
[1109, 1412]
[1109, 2609]
[1109, 3557]
[1110, 1917]
[1110, 2795]
[1111, 1233]
[1111, 1426]
[1111, 2253]
[1112, 2313]
[1112, 3167]
[1112, 3591]
[1113, 3335]
[1113, 3511]
[1114, 2545]
[1114, 3415]
[1115, 1395]
[1115, 1935]
[1115, 2194]
[1115, 2511]
[1116, 1889]
[1116, 3103]
[1116, 3357]
[1117, 1152]
[1117, 1625]
[1117, 3590]
[1118, 1189]
[1118, 1365]
[1118, 3358]
[1119, 1151]
[1119, 3029]
[1119, 3275]
[1120, 1857]
[1120, 2486]
[1121, 2265]
[1121, 3379]
[1121, 3493]
[1121, 3550]
[1122, 2574]
[1122, 2916]
[1123, 2214]
[1123, 2772]
[1124, 2394]
[1124, 2783]
[1124, 3166]
[1125, 1312]
[1125, 2263]
[1125, 2910]
[1125, 3193]
[1126, 2038]
[1126, 2735]
[1126, 3049]
[1127, 2803]
[1127, 2841]
[1127, 3028]
[1128, 1234]
[1128, 1751]
[1128, 2143]
[1128, 2187]
[1129, 1136]
[1129, 1604]
[1129, 1752]
[1129, 1800]
[1130, 1410]
[1130, 1939]
[1131, 1145]
[1131, 1830]
[1131, 3292]
[1132, 1234]
[1132, 1880]
[1132, 2871]
[1133, 1507]
[1133, 1960]
[1133, 2562]
[1133, 3070]
[1134, 1195]
[1134, 1674]
[1135, 2516]
[1135, 3011]
[1136, 1752]
[1136, 1798]
[1137, 1145]
[1137, 2926]
[1139, 1505]
[1139, 1840]
[1139, 1851]
[1140, 2022]
[1140, 2733]
[1140, 3484]
[1141, 1276]
[1141, 2327]
[1141, 2716]
[1141, 2720]
[1142, 1510]
[1142, 1702]
[1142, 2080]
[1142, 2709]
[1143, 1925]
[1143, 2016]
[1143, 2756]
[1143, 3265]
[1144, 1148]
[1144, 1527]
[1146, 2391]
[1146, 2494]
[1146, 2758]
[1146, 2764]
[1147, 2053]
[1148, 2034]
[1149, 1388]
[1149, 1692]
[1149, 2201]
[1150, 1291]
[1150, 2658]
[1150, 3258]
[1151, 1760]
[1151, 2787]
[1152, 2828]
[1152, 3464]
[1152, 3597]
[1153, 2606]
[1153, 2769]
[1153, 2978]
[1154, 1716]
[1154, 2682]
[1154, 3197]
[1155, 1623]
[1155, 1909]
[1156, 1918]
[1156, 2570]
[1157, 1881]
[1157, 2669]
[1158, 1724]
[1158, 2473]
[1159, 1534]
[1159, 1684]
[1159, 2610]
[1160, 1424]
[1160, 2314]
[1160, 2350]
[1160, 2593]
[1161, 1631]
[1161, 2151]
[1161, 3522]
[1162, 2548]
[1163, 1866]
[1163, 2986]
[1163, 3036]
[1163, 3468]
[1164, 1440]
[1164, 2797]
[1165, 1790]
[1165, 2813]
[1166, 2080]
[1166, 3096]
[1167, 1903]
[1167, 2468]
[1167, 2481]
[1167, 3167]
[1168, 1247]
[1168, 3330]
[1169, 1613]
[1169, 1989]
[1169, 3454]
[1170, 1871]
[1170, 2143]
[1170, 2654]
[1172, 3512]
[1173, 2020]
[1173, 3482]
[1174, 1208]
[1174, 1966]
[1175, 1423]
[1175, 2755]
[1175, 3326]
[1176, 1412]
[1176, 1480]
[1176, 3465]
[1177, 2920]
[1177, 3016]
[1177, 3217]
[1178, 1818]
[1178, 2413]
[1178, 3215]
[1179, 2364]
[1180, 2258]
[1180, 2609]
[1180, 3182]
[1181, 1266]
[1181, 2182]
[1181, 3355]
[1182, 1444]
[1182, 2369]
[1182, 3432]
[1183, 2116]
[1183, 2637]
[1183, 2856]
[1184, 2370]
[1184, 3302]
[1185, 1211]
[1185, 1627]
[1185, 1731]
[1186, 2879]
[1186, 3152]
[1186, 3160]
[1187, 1259]
[1187, 3432]
[1188, 1723]
[1188, 2198]
[1188, 2337]
[1189, 1365]
[1189, 1982]
[1190, 1615]
[1190, 2837]
[1190, 3014]
[1190, 3416]
[1191, 1365]
[1191, 1609]
[1191, 1617]
[1191, 3487]
[1192, 1584]
[1192, 1604]
[1193, 1742]
[1193, 2760]
[1193, 3381]
[1194, 1222]
[1194, 2402]
[1195, 1433]
[1195, 2582]
[1195, 2594]
[1196, 1417]
[1196, 2389]
[1196, 2392]
[1196, 3194]
[1197, 3040]
[1197, 3136]
[1197, 3337]
[1198, 1653]
[1198, 1937]
[1198, 3143]
[1199, 1249]
[1199, 1283]
[1200, 1306]
[1200, 1696]
[1200, 3506]
[1201, 1455]
[1201, 2685]
[1201, 2857]
[1202, 1823]
[1202, 2152]
[1202, 3234]
[1203, 3059]
[1204, 2356]
[1204, 2799]
[1205, 2444]
[1205, 2727]
[1205, 3309]
[1206, 2778]
[1207, 2487]
[1207, 2569]
[1208, 3235]
[1209, 1406]
[1209, 1825]
[1210, 1219]
[1210, 2138]
[1210, 3226]
[1210, 3359]
[1211, 2383]
[1211, 2743]
[1211, 3095]
[1212, 2092]
[1212, 2129]
[1212, 3380]
[1213, 1382]
[1213, 1616]
[1213, 2163]
[1213, 3250]
[1214, 1496]
[1214, 1701]
[1214, 3214]
[1215, 1758]
[1215, 2445]
[1215, 3483]
[1216, 1462]
[1217, 2367]
[1217, 2741]
[1217, 3208]
[1218, 1251]
[1218, 1504]
[1218, 1746]
[1218, 2943]
[1219, 2633]
[1219, 3359]
[1220, 2163]
[1220, 2501]
[1220, 2614]
[1220, 3319]
[1221, 1249]
[1221, 1403]
[1221, 1781]
[1222, 3199]
[1223, 2699]
[1224, 2636]
[1224, 2941]
[1225, 2239]
[1225, 2327]
[1225, 3441]
[1226, 2133]
[1226, 2459]
[1226, 3063]
[1227, 1559]
[1227, 2809]
[1228, 1784]
[1228, 1816]
[1228, 2964]
[1228, 3074]
[1229, 1239]
[1229, 1273]
[1229, 1580]
[1229, 2190]
[1230, 2625]
[1230, 3190]
[1231, 1720]
[1231, 2125]
[1231, 3188]
[1232, 1543]
[1232, 2908]
[1232, 3272]
[1233, 2253]
[1233, 2364]
[1233, 2529]
[1234, 1258]
[1234, 1880]
[1235, 1800]
[1235, 2376]
[1235, 2951]
[1236, 1415]
[1236, 2192]
[1236, 3418]
[1237, 1401]
[1237, 2785]
[1237, 3365]
[1238, 1245]
[1238, 1568]
[1238, 1799]
[1239, 2096]
[1239, 2663]
[1239, 3399]
[1240, 2099]
[1240, 2634]
[1241, 1496]
[1241, 2844]
[1242, 1266]
[1242, 1352]
[1243, 2539]
[1244, 1430]
[1244, 1979]
[1244, 3032]
[1245, 2072]
[1245, 2295]
[1246, 1709]
[1246, 2401]
[1246, 2554]
[1248, 2765]
[1250, 1297]
[1250, 1715]
[1250, 2012]
[1251, 1473]
[1251, 2943]
[1252, 1910]
[1252, 2462]
[1253, 1318]
[1253, 2000]
[1253, 3108]
[1254, 3306]
[1255, 2373]
[1256, 1420]
[1256, 3100]
[1257, 1811]
[1257, 2075]
[1257, 3580]
[1258, 1815]
[1258, 3565]
[1259, 1861]
[180, 802]
[180, 1189]
[180, 1356]
[180, 1663]
[181, 1238]
[181, 1322]
[181, 1988]
[181, 2767]
[182, 243]
[182, 1130]
[182, 2565]
[183, 477]
[183, 694]
[183, 3219]
[183, 3384]
[184, 1504]
[184, 1909]
[184, 1962]
[184, 2995]
[185, 323]
[185, 2052]
[185, 2894]
[185, 3445]
[186, 746]
[186, 1244]
[186, 1256]
[186, 3032]
[187, 709]
[187, 973]
[187, 1022]
[187, 2996]
[188, 1127]
[188, 1443]
[188, 2817]
[189, 506]
[189, 1027]
[189, 2737]
[189, 2914]
[190, 1976]
[190, 2242]
[190, 2485]
[190, 3022]
[191, 912]
[191, 1138]
[191, 2517]
[191, 3096]
[192, 496]
[192, 1874]
[192, 2300]
[193, 386]
[193, 1182]
[193, 1861]
[193, 3424]
[194, 516]
[194, 1268]
[194, 1270]
[194, 2127]
[195, 677]
[195, 2262]
[195, 3247]
[196, 664]
[196, 825]
[196, 1960]
[196, 3272]
[197, 358]
[197, 1064]
[197, 2876]
[197, 3129]
[198, 681]
[198, 1763]
[198, 1817]
[198, 3137]
[199, 291]
[199, 447]
[199, 3284]
[200, 539]
[200, 946]
[200, 1826]
[200, 2657]
[201, 844]
[201, 3060]
[201, 3273]
[201, 3490]
[202, 1177]
[202, 2015]
[202, 3016]
[203, 319]
[203, 550]
[203, 1547]
[203, 3559]
[204, 1289]
[204, 1463]
[204, 2794]
[204, 3558]
[205, 455]
[205, 1311]
[205, 1382]
[205, 3478]
[206, 669]
[206, 1653]
[206, 2089]
[206, 2211]
[207, 259]
[207, 1590]
[207, 2140]
[207, 2939]
[208, 448]
[208, 1139]
[208, 2428]
[208, 3108]
[209, 550]
[209, 1260]
[209, 2457]
[210, 250]
[210, 726]
[210, 1793]
[210, 3545]
[211, 1345]
[211, 1945]
[211, 2480]
[211, 2905]
[212, 1277]
[212, 1867]
[212, 2530]
[212, 2645]
[213, 234]
[213, 1602]
[213, 2153]
[214, 416]
[214, 638]
[214, 657]
[214, 1583]
[215, 1489]
[215, 1788]
[215, 2697]
[215, 2859]
[216, 1349]
[216, 1542]
[216, 2004]
[216, 2795]
[217, 237]
[217, 1713]
[217, 2552]
[217, 2775]
[218, 745]
[218, 776]
[218, 894]
[218, 3068]
[219, 239]
[219, 829]
[219, 2977]
[219, 3029]
[220, 311]
[220, 333]
[220, 2511]
[221, 1860]
[221, 3081]
[221, 3371]
[222, 974]
[222, 1980]
[222, 2993]
[223, 1226]
[223, 2413]
[223, 3404]
[224, 945]
[224, 1227]
[224, 2233]
[224, 3421]
[225, 1664]
[225, 1741]
[225, 2622]
[225, 3441]
[226, 543]
[226, 1248]
[226, 2150]
[226, 3050]
[227, 1642]
[227, 2051]
[227, 3172]
[227, 3255]
[228, 926]
[228, 1582]
[228, 1698]
[228, 2540]
[229, 1110]
[229, 2005]
[229, 3438]
[230, 247]
[230, 620]
[230, 2568]
[230, 2595]
[231, 740]
[231, 1779]
[231, 2851]
[231, 3538]
[232, 351]
[232, 625]
[232, 1380]
[232, 2436]
[233, 357]
[233, 422]
[233, 2213]
[233, 3572]
[234, 661]
[234, 1185]
[234, 1627]
[235, 1030]
[235, 1319]
[235, 2684]
[235, 3589]
[236, 1379]
[236, 2256]
[236, 2296]
[236, 3071]
[237, 518]
[237, 1208]
[237, 3235]
[238, 346]
[238, 905]
[238, 2314]
[238, 3592]
[239, 538]
[239, 2823]
[239, 3029]
[240, 668]
[240, 1392]
[240, 1687]
[240, 2691]
[241, 1164]
[241, 2853]
[241, 3080]
[241, 3355]
[242, 848]
[242, 1247]
[243, 260]
[243, 1435]
[243, 3195]
[244, 338]
[244, 1074]
[244, 1339]
[244, 2113]
[245, 326]
[245, 341]
[245, 447]
[245, 1044]
[246, 420]
[246, 809]
[246, 1094]
[247, 1242]
[247, 2354]
[247, 2568]
[248, 447]
[248, 1003]
[248, 2144]
[248, 3053]
[249, 486]
[249, 668]
[249, 807]
[249, 3439]
[250, 726]
[250, 1301]
[250, 2904]
[251, 1300]
[251, 1527]
[251, 2707]
[252, 947]
[252, 3509]
[253, 404]
[253, 733]
[253, 736]
[253, 3067]
[254, 829]
[254, 1046]
[254, 1806]
[254, 3020]
[255, 263]
[255, 1841]
[255, 2141]
[255, 3082]
[256, 1601]
[256, 1621]
[256, 2375]
[256, 3198]
[257, 658]
[257, 865]
[257, 1318]
[257, 3298]
[258, 976]
[258, 1328]
[258, 2099]
[258, 3248]
[259, 1590]
[259, 1718]
[259, 2406]
[260, 1435]
[260, 2604]
[260, 3201]
[261, 767]
[261, 1378]
[261, 2864]
[262, 1892]
[262, 2031]
[262, 2240]
[262, 3378]
[263, 360]
[263, 1102]
[263, 1395]
[264, 1762]
[264, 1829]
[264, 2994]
[265, 1392]
[265, 2851]
[265, 2895]
[265, 3478]
[266, 935]
[266, 2371]
[266, 2459]
[267, 273]
[267, 1570]
[267, 2246]
[267, 2911]
[268, 2218]
[268, 2229]
[268, 2491]
[268, 2611]
[269, 738]
[269, 1461]
[269, 1886]
[269, 3196]
[270, 990]
[270, 1047]
[270, 1850]
[270, 2041]
[271, 919]
[271, 1744]
[271, 2429]
[271, 2776]
[272, 1947]
[272, 2040]
[272, 2191]
[272, 2780]
[273, 2217]
[273, 2730]
[274, 704]
[274, 1432]
[274, 2595]
[274, 2893]
[275, 1313]
[275, 1570]
[275, 2753]
[276, 540]
[276, 1422]
[276, 1748]
[276, 2729]
[277, 297]
[277, 1750]
[277, 3284]
[277, 3367]
[278, 372]
[278, 985]
[278, 1101]
[278, 3405]
[279, 344]
[279, 1515]
[279, 2861]
[280, 708]
[280, 1223]
[280, 1818]
[280, 2612]
[281, 2458]
[281, 3072]
[281, 3351]
[281, 3536]
[282, 1136]
[282, 1287]
[282, 2933]
[282, 3177]
[283, 746]
[283, 3023]
[283, 3331]
[283, 3344]
[284, 1749]
[284, 2124]
[284, 2499]
[284, 3290]
[285, 396]
[285, 1144]
[285, 1148]
[285, 2400]
[286, 897]
[286, 2247]
[286, 3066]
[286, 3079]
[287, 682]
[287, 827]
[287, 1884]
[287, 2793]
[288, 808]
[288, 2714]
[288, 2791]
[288, 3259]
[289, 1397]
[289, 2362]
[289, 2960]
[289, 3137]
[290, 2177]
[290, 2895]
[290, 3083]
[290, 3085]
[291, 341]
[291, 1679]
[291, 1929]
[292, 977]
[292, 2424]
[293, 970]
[293, 1209]
[293, 2747]
[293, 3069]
[294, 549]
[294, 756]
[294, 1906]
[294, 3297]
[295, 387]
[295, 1383]
[295, 1942]
[295, 3094]
[296, 2106]
[296, 2179]
[296, 2653]
[296, 3121]
[297, 384]
[297, 880]
[297, 1069]
[298, 2085]
[298, 2233]
[298, 3183]
[298, 3416]
[299, 1922]
[299, 2161]
[299, 2164]
[299, 3221]
[300, 1846]
[300, 2209]
[300, 2387]
[300, 3048]
[301, 1212]
[301, 1737]
[301, 2129]
[301, 3191]
[302, 325]
[302, 1549]
[302, 2331]
[302, 3043]
[303, 2047]
[303, 3051]
[303, 3213]
[304, 1077]
[304, 1221]
[304, 1403]
[304, 1895]
[305, 839]
[305, 1908]
[305, 2527]
[305, 3521]
[306, 2297]
[306, 2637]
[306, 2773]
[306, 2793]
[307, 1080]
[307, 2471]
[307, 2966]
[307, 3355]
[308, 1202]
[308, 1954]
[308, 2132]
[308, 3129]
[309, 1273]
[309, 1690]
[309, 3276]
[309, 3491]
[310, 782]
[310, 2776]
[310, 3249]
[310, 3280]
[311, 451]
[311, 1350]
[311, 2503]
[312, 399]
[312, 882]
[312, 1962]
[312, 2802]
[313, 487]
[313, 1886]
[313, 2725]
[313, 3322]
[314, 1789]
[314, 2613]
[314, 3322]
[314, 3446]
[315, 1487]
[315, 2398]
[315, 3499]
[315, 3524]
[316, 1138]
[316, 1549]
[316, 2510]
[317, 1355]
[317, 1500]
[317, 2168]
[317, 2953]
[318, 1426]
[318, 2062]
[318, 2365]
[318, 2659]
[319, 595]
[319, 778]
[319, 1299]
[320, 991]
[320, 1045]
[320, 1250]
[320, 3048]
[321, 923]
[321, 1718]
[321, 2327]
[321, 2842]
[322, 789]
[322, 2784]
[322, 3531]
[322, 3537]
[323, 1975]
[323, 2052]
[323, 2464]
[324, 1737]
[324, 2383]
[324, 2635]
[324, 2923]
[325, 1237]
[325, 1549]
[325, 2790]
[326, 1044]
[326, 2167]
[326, 2211]
[327, 345]
[327, 967]
[327, 1885]
[327, 2235]
[328, 1474]
[328, 1730]
[328, 2610]
[328, 2668]
[329, 757]
[329, 1441]
[329, 2401]
[329, 2824]
[330, 1083]
[330, 3008]
[330, 3581]
[331, 1320]
[331, 1705]
[331, 2574]
[331, 3520]
[332, 1241]
[332, 1379]
[333, 560]
[333, 1505]
[333, 3423]
[334, 1321]
[334, 1488]
[334, 2634]
[334, 3184]
[335, 337]
[335, 866]
[335, 1292]
[335, 2346]
[336, 669]
[336, 2010]
[336, 2018]
[336, 2974]
[337, 1398]
[337, 2055]
[338, 1104]
[338, 1591]
[338, 2113]
[339, 541]
[339, 995]
[339, 2249]
[339, 2621]
[340, 619]
[340, 3111]
[340, 3180]
[341, 1009]
[341, 1862]
[342, 637]
[342, 1206]
[342, 2095]
[342, 3568]
[343, 1656]
[343, 2128]
[343, 2501]
[343, 3306]
[344, 1515]
[344, 3439]
[345, 1885]
[345, 3477]
[346, 524]
[346, 1194]
[347, 1031]
[347, 1870]
[347, 2009]
[347, 3569]
[348, 1071]
[348, 1091]
[348, 2709]
[348, 2748]
[349, 696]
[349, 933]
[349, 2495]
[349, 2961]
[350, 656]
[350, 1987]
[350, 2777]
[350, 3388]
[351, 437]
[351, 1148]
[351, 2436]
[352, 1043]
[352, 2156]
[352, 2375]
[352, 3042]
[353, 537]
[353, 582]
[353, 2594]
[353, 3319]
[354, 1838]
[354, 2873]
[354, 2973]
[354, 3113]
[355, 506]
[355, 1388]
[355, 2145]
[355, 3028]
[356, 1186]
[356, 3026]
[357, 3318]
[358, 1664]
[358, 2876]
[358, 3234]
[359, 1744]
[359, 2477]
[359, 3226]
[540, 748]
[540, 1422]
[540, 1797]
[541, 990]
[541, 1506]
[541, 2039]
[542, 1333]
[542, 2672]
[542, 2975]
[542, 3064]
[543, 1248]
[543, 3082]
[544, 2838]
[544, 3271]
[545, 1723]
[545, 2507]
[545, 3241]
[545, 3344]
[546, 876]
[546, 1609]
[546, 2393]
[546, 3072]
[547, 915]
[547, 2418]
[547, 2455]
[548, 596]
[548, 641]
[548, 956]
[548, 3099]
[549, 1906]
[549, 2798]
[549, 2914]
[550, 2457]
[550, 2526]
[551, 2379]
[551, 2412]
[551, 3503]
[552, 1717]
[552, 1767]
[552, 2182]
[552, 2504]
[553, 966]
[553, 2259]
[553, 2279]
[553, 3561]
[554, 854]
[554, 1153]
[554, 2769]
[554, 2863]
[555, 1925]
[555, 2573]
[555, 3157]
[556, 956]
[556, 1600]
[556, 1726]
[556, 3377]
[557, 1154]
[557, 1288]
[557, 2135]
[557, 3197]
[558, 568]
[558, 2064]
[558, 2988]
[558, 3529]
[559, 1262]
[559, 1429]
[559, 2205]
[559, 3303]
[560, 1505]
[560, 1886]
[560, 2114]
[561, 1000]
[561, 1411]
[561, 2976]
[561, 3390]
[562, 1274]
[562, 1471]
[562, 2396]
[562, 2589]
[563, 1053]
[563, 2522]
[563, 2615]
[563, 3498]
[564, 1979]
[564, 2061]
[564, 2978]
[564, 3344]
[565, 817]
[565, 1111]
[565, 1341]
[565, 3496]
[566, 1727]
[566, 3060]
[566, 3564]
[567, 2454]
[567, 2647]
[567, 2945]
[567, 3076]
[568, 2297]
[568, 2964]
[569, 2291]
[569, 2786]
[569, 2934]
[569, 3444]
[570, 662]
[570, 1294]
[570, 1640]
[570, 3244]
[571, 1829]
[571, 2014]
[571, 2067]
[571, 2585]
[572, 852]
[572, 1324]
[572, 2994]
[572, 3514]
[573, 3488]
[574, 1281]
[574, 1437]
[574, 2065]
[574, 2157]
[575, 645]
[575, 1083]
[575, 2467]
[575, 3236]
[576, 632]
[576, 834]
[576, 2676]
[576, 2861]
[577, 928]
[577, 1468]
[577, 2279]
[578, 890]
[578, 1927]
[578, 3016]
[578, 3326]
[579, 1394]
[579, 1878]
[579, 2290]
[579, 2596]
[580, 1651]
[580, 3068]
[580, 3457]
[581, 1435]
[581, 1440]
[581, 2142]
[581, 2666]
[582, 3250]
[582, 3319]
[583, 773]
[583, 1340]
[583, 2600]
[583, 3283]
[584, 986]
[584, 1675]
[584, 2659]
[584, 3005]
[585, 1999]
[585, 2690]
[585, 2700]
[585, 3245]
[586, 1822]
[586, 2091]
[586, 2868]
[587, 780]
[587, 2649]
[587, 2687]
[587, 3394]
[588, 787]
[588, 2298]
[588, 3228]
[589, 601]
[589, 2104]
[589, 2239]
[589, 2622]
[590, 882]
[590, 1390]
[590, 1584]
[590, 3046]
[591, 1179]
[591, 2529]
[591, 2619]
[591, 3097]
[592, 600]
[592, 1853]
[592, 2130]
[592, 3088]
[593, 1735]
[593, 1819]
[593, 2606]
[593, 2631]
[594, 1011]
[594, 1373]
[594, 2137]
[594, 3189]
[595, 598]
[595, 2526]
[596, 824]
[596, 956]
[596, 3031]
[597, 732]
[597, 1573]
[597, 2174]
[598, 2623]
[598, 2729]
[599, 765]
[599, 1629]
[599, 3597]
[600, 1383]
[600, 1853]
[600, 3564]
[601, 936]
[601, 1823]
[601, 2226]
[602, 1061]
[602, 1123]
[602, 1172]
[602, 2772]
[603, 870]
[603, 1255]
[604, 1327]
[604, 1501]
[604, 1777]
[604, 2805]
[605, 1894]
[605, 2184]
[605, 2278]
[605, 3084]
[606, 646]
[606, 2255]
[606, 2436]
[606, 2486]
[607, 950]
[607, 1240]
[607, 2099]
[607, 2348]
[608, 3094]
[608, 3275]
[608, 3388]
[608, 3586]
[609, 640]
[609, 957]
[609, 1738]
[609, 2814]
[610, 1036]
[610, 2571]
[610, 3131]
[610, 3346]
[611, 2381]
[611, 2433]
[611, 2680]
[611, 3217]
[612, 1444]
[612, 2306]
[612, 2653]
[612, 2984]
[613, 1370]
[613, 2049]
[613, 2269]
[613, 2829]
[614, 621]
[614, 2553]
[615, 1884]
[615, 1934]
[615, 3075]
[615, 3542]
[616, 1263]
[616, 1642]
[616, 1791]
[616, 3015]
[617, 1404]
[617, 2575]
[617, 2701]
[618, 771]
[618, 1908]
[618, 2732]
[618, 2866]
[619, 1084]
[619, 1465]
[620, 2442]
[620, 2628]
[621, 1778]
[621, 3225]
[622, 677]
[622, 1460]
[622, 1803]
[623, 844]
[623, 1150]
[623, 3242]
[623, 3480]
[624, 1259]
[624, 1408]
[624, 1852]
[624, 2740]
[625, 2676]
[625, 3044]
[626, 790]
[626, 1733]
[626, 2710]
[626, 2887]
[627, 920]
[627, 2895]
[628, 2464]
[628, 2575]
[628, 3527]
[629, 1174]
[629, 1749]
[629, 1966]
[629, 2638]
[630, 723]
[630, 1624]
[630, 1832]
[630, 1941]
[631, 1563]
[631, 1795]
[631, 2113]
[631, 2451]
[632, 1822]
[632, 2861]
[632, 3002]
[633, 1646]
[633, 3047]
[633, 3050]
[633, 3123]
[634, 830]
[634, 908]
[634, 2198]
[634, 2631]
[635, 744]
[635, 1367]
[635, 3204]
[635, 3499]
[636, 1812]
[636, 2260]
[636, 2341]
[636, 3334]
[637, 1206]
[637, 1523]
[637, 1905]
[638, 1123]
[638, 2042]
[638, 3386]
[639, 998]
[639, 2331]
[639, 2742]
[639, 3365]
[640, 957]
[640, 3395]
[641, 835]
[641, 1579]
[641, 1785]
[642, 1079]
[642, 2014]
[642, 2399]
[642, 3364]
[643, 1284]
[643, 2043]
[643, 3210]
[644, 1110]
[644, 1425]
[644, 1917]
[644, 2688]
[645, 1187]
[645, 2467]
[645, 2979]
[646, 1637]
[646, 1677]
[646, 2950]
[647, 2469]
[647, 2974]
[647, 3450]
[648, 2053]
[648, 2227]
[648, 2651]
[648, 3295]
[649, 2122]
[649, 2372]
[649, 2459]
[650, 1883]
[650, 2352]
[650, 2794]
[650, 2864]
[651, 1471]
[651, 1833]
[651, 1903]
[651, 3524]
[652, 805]
[652, 1235]
[652, 1604]
[652, 3296]
[653, 1006]
[653, 1323]
[653, 1478]
[653, 3329]
[654, 1147]
[654, 1248]
[654, 2476]
[655, 923]
[655, 3000]
[655, 3138]
[655, 3342]
[656, 1402]
[656, 2771]
[656, 2777]
[657, 1583]
[657, 2578]
[657, 3501]
[658, 865]
[658, 1533]
[659, 2047]
[659, 2439]
[659, 2480]
[659, 2912]
[660, 764]
[660, 1627]
[660, 2813]
[661, 1165]
[661, 1790]
[661, 2552]
[662, 733]
[662, 1294]
[662, 2307]
[663, 1710]
[663, 1832]
[663, 3201]
[664, 1960]
[664, 2389]
[664, 3229]
[665, 1249]
[665, 1757]
[666, 776]
[666, 2482]
[667, 943]
[667, 1334]
[667, 2009]
[667, 2069]
[669, 2010]
[669, 2167]
[670, 1593]
[670, 2317]
[670, 2996]
[671, 777]
[671, 1243]
[671, 1736]
[671, 2835]
[672, 1204]
[672, 2203]
[673, 947]
[673, 1745]
[673, 2976]
[673, 3420]
[674, 1421]
[674, 1706]
[674, 2086]
[674, 2588]
[675, 965]
[675, 1557]
[676, 1135]
[676, 1169]
[676, 1613]
[676, 2588]
[677, 1460]
[677, 2275]
[678, 1088]
[678, 3046]
[678, 3301]
[678, 3380]
[679, 1088]
[679, 1184]
[679, 1584]
[679, 1938]
[680, 2050]
[680, 3112]
[680, 3333]
[680, 3348]
[681, 716]
[681, 2235]
[681, 3137]
[682, 827]
[682, 3147]
[683, 686]
[683, 1145]
[683, 3207]
[684, 2199]
[684, 2224]
[684, 3204]
[684, 3350]
[685, 2011]
[685, 2093]
[685, 2252]
[685, 2726]
[686, 796]
[686, 2293]
[686, 2930]
[687, 1017]
[687, 1499]
[687, 2560]
[687, 3405]
[688, 898]
[688, 1743]
[688, 3263]
[689, 980]
[689, 1665]
[689, 2308]
[689, 2496]
[690, 1156]
[690, 1326]
[690, 1866]
[690, 1918]
[691, 2534]
[691, 2690]
[691, 3598]
[692, 2661]
[692, 2755]
[692, 3124]
[693, 1887]
[693, 3516]
[693, 3538]
[694, 2122]
[694, 2564]
[695, 2025]
[695, 2396]
[695, 3510]
[696, 981]
[696, 2184]
[697, 896]
[697, 2300]
[697, 2530]
[697, 2784]
[698, 1157]
[698, 2325]
[698, 2345]
[698, 2989]
[699, 782]
[699, 2130]
[699, 2329]
[700, 1231]
[700, 1708]
[700, 3089]
[700, 3188]
[701, 932]
[701, 954]
[701, 2902]
[702, 717]
[702, 1463]
[702, 2058]
[702, 2597]
[703, 1329]
[703, 1514]
[703, 2349]
[703, 3129]
[704, 1080]
[704, 1797]
[705, 1389]
[705, 1392]
[706, 1739]
[706, 2534]
[706, 2844]
[707, 737]
[707, 1647]
[707, 1828]
[707, 2883]
[708, 1223]
[708, 3238]
[708, 3365]
[709, 2029]
[709, 2988]
[709, 2996]
[710, 1717]
[710, 1965]
[710, 2735]
[710, 3575]
[711, 1330]
[711, 2915]
[711, 3518]
[712, 955]
[712, 3020]
[712, 3187]
[713, 2642]
[713, 2798]
[713, 2889]
[713, 2897]
[714, 2027]
[714, 2053]
[714, 3489]
[714, 3574]
[715, 797]
[715, 1278]
[715, 2166]
[715, 3467]
[716, 967]
[716, 2889]
[717, 1472]
[717, 1699]
[717, 2385]
[718, 2342]
[718, 2484]
[718, 3514]
[719, 1313]
[719, 2891]
[719, 2947]
[720, 938]
[720, 999]
[720, 1251]
[720, 2581]
[721, 1925]
[721, 2107]
[721, 3469]
[722, 1608]
[722, 2792]
[722, 3351]
[723, 858]
[723, 1888]
[723, 2528]
[724, 730]
[724, 1649]
[724, 2719]
[724, 3139]
[725, 941]
[725, 2583]
[725, 2774]
[725, 3575]
[726, 1057]
[726, 2533]
[727, 2181]
[727, 2248]
[727, 3144]
[727, 3414]
[728, 937]
[728, 1684]
[728, 1688]
[728, 3454]
[729, 2403]
[729, 2566]
[729, 2605]
[729, 3427]
[730, 930]
[730, 2019]
[731, 2147]
[731, 2285]
[731, 3076]
[732, 1827]
[732, 2363]
[733, 736]
[733, 1944]
[734, 1214]
[734, 1379]
[734, 2087]
[734, 3006]
[735, 1626]
[735, 2269]
[735, 2796]
[736, 2878]
[737, 2491]
[737, 3018]
[737, 3556]
[738, 1085]
[738, 3196]
[738, 3446]
[739, 1252]
[739, 2200]
[739, 2339]
[739, 3243]
[740, 1452]
[740, 2078]
[740, 3478]
[741, 1772]
[741, 2590]
[741, 2962]
[741, 3336]
[742, 2026]
[742, 2490]
[742, 2762]
[742, 3267]
[743, 1451]
[743, 1665]
[743, 2550]
[743, 3434]
[744, 2237]
[744, 3153]
[744, 3204]
[745, 894]
[745, 2770]
[745, 3183]
[746, 3023]
[746, 3360]
[747, 1293]
[747, 1964]
[747, 3182]
[747, 3396]
[748, 1585]
[748, 2406]
[748, 3571]
[749, 1207]
[749, 1601]
[749, 2384]
[749, 3134]
[750, 967]
[750, 1605]
[750, 2897]
[750, 3297]
[751, 1699]
[751, 2525]
[751, 2997]
[751, 3089]
[752, 1735]
[752, 2769]
[752, 2971]
[752, 3412]
[753, 1582]
[753, 2561]
[753, 3077]
[753, 3515]
[754, 1242]
[754, 1266]
[754, 2536]
[754, 2893]
[755, 1742]
[755, 2543]
[755, 3347]
[755, 3569]
[756, 839]
[756, 1087]
[756, 2732]
[757, 1551]
[757, 2762]
[758, 1204]
[758, 2302]
[758, 2356]
[758, 2652]
[759, 1070]
[759, 1498]
[759, 1592]
[759, 2266]
[760, 1791]
[760, 1995]
[760, 2225]
[760, 3472]
[761, 1282]
[761, 2064]
[761, 2546]
[761, 3442]
[762, 1112]
[762, 2339]
[762, 2549]
[762, 3073]
[763, 2630]
[763, 2834]
[763, 3038]
[764, 1130]
[764, 1939]
[764, 2225]
[765, 822]
[765, 2433]
[765, 3597]
[766, 1082]
[766, 1442]
[766, 1450]
[766, 3064]
[767, 789]
[767, 1378]
[767, 1535]
[768, 2069]
[768, 2241]
[768, 2718]
[769, 2209]
[769, 3128]
[769, 3399]
[770, 960]
[770, 1025]
[770, 1606]
[771, 1171]
[771, 1600]
[771, 1908]
[772, 941]
[772, 1771]
[772, 2023]
[772, 3181]
[773, 985]
[773, 1340]
[773, 2155]
[774, 1608]
[774, 3366]
[775, 891]
[775, 1408]
[775, 3000]
[775, 3413]
[776, 1804]
[776, 2913]
[777, 1002]
[777, 1243]
[777, 2782]
[778, 902]
[778, 1299]
[778, 2195]
[779, 1203]
[779, 1409]
[779, 1430]
[779, 3059]
[780, 2687]
[780, 3272]
[780, 3404]
[781, 1792]
[781, 2000]
[781, 2428]
[781, 2830]
[782, 3088]
[782, 3280]
[783, 1641]
[783, 2384]
[783, 2890]
[783, 3097]
[784, 1436]
[784, 1924]
[784, 3172]
[784, 3555]
[785, 1450]
[785, 1636]
[785, 1955]
[785, 3156]
[786, 1164]
[786, 1440]
[786, 3379]
[787, 2475]
[787, 3158]
[788, 1565]
[788, 2600]
[788, 2685]
[788, 3410]
[789, 1305]
[789, 3139]
[790, 2710]
[790, 3511]
[791, 2319]
[791, 3131]
[792, 846]
[792, 951]
[792, 1394]
[792, 2786]
[793, 1023]
[793, 1418]
[793, 2365]
[793, 3005]
[794, 1269]
[794, 1482]
[794, 2319]
[794, 3205]
[795, 1375]
[795, 1447]
[795, 2708]
[795, 2939]
[796, 1137]
[796, 1740]
[797, 1027]
[797, 1539]
[797, 3467]
[798, 1681]
[798, 2147]
[798, 2873]
[799, 1530]
[799, 1951]
[799, 3568]
[800, 978]
[800, 2118]
[800, 2671]
[800, 3533]
[801, 1081]
[801, 1301]
[801, 2159]
[801, 2689]
[802, 1356]
[802, 1624]
[802, 2483]
[803, 835]
[803, 1171]
[804, 1691]
[804, 2456]
[804, 3247]
[805, 2802]
[805, 2930]
[805, 3296]
[806, 1697]
[806, 1809]
[806, 1897]
[807, 3285]
[807, 3476]
[808, 1065]
[808, 1820]
[808, 2791]
[809, 1039]
[809, 2185]
[810, 861]
[810, 1636]
[810, 2361]
[810, 2888]
[811, 1874]
[811, 2259]
[811, 2356]
[811, 2969]
[812, 1209]
[812, 2888]
[812, 2967]
[812, 3340]
[813, 2489]
[813, 2553]
[813, 2579]
[814, 1761]
[814, 1924]
[814, 2230]
[814, 2929]
[815, 1384]
[815, 2422]
[815, 3561]
[816, 1073]
[816, 1314]
[816, 1789]
[816, 2725]
[817, 867]
[817, 1109]
[817, 3496]
[818, 964]
[818, 1035]
[818, 1222]
[818, 3592]
[819, 1077]
[819, 1446]
[819, 2386]
[820, 928]
[820, 1178]
[820, 1401]
[821, 1007]
[821, 2811]
[821, 3519]
[822, 2223]
[822, 2381]
[822, 2925]
[823, 3139]
[824, 851]
[824, 1353]
[824, 3251]
[825, 1216]
[825, 3404]
[826, 987]
[826, 1924]
[826, 2207]
[827, 2054]
[827, 3498]
[828, 1620]
[828, 2564]
[828, 3313]
[829, 1243]
[829, 1806]
[830, 1723]
[830, 2061]
[831, 1460]
[831, 1885]
[831, 3497]
[832, 1719]
[832, 2390]
[832, 3109]
[832, 3211]
[833, 931]
[833, 1689]
[833, 1926]
[833, 1977]
[834, 2045]
[834, 3439]
[835, 1009]
[835, 1785]
[836, 1282]
[836, 1372]
[836, 2549]
[836, 2607]
[837, 1120]
[837, 1768]
[838, 1003]
[838, 1366]
[838, 1532]
[838, 1901]
[839, 2822]
[839, 3521]
[840, 1838]
[840, 1857]
[841, 1215]
[841, 1758]
[841, 2335]
[841, 2761]
[842, 1397]
[842, 1525]
[842, 2398]
[843, 1542]
[843, 2006]
[843, 2688]
[843, 3054]
[844, 2855]
[844, 3480]
[845, 1028]
[845, 2145]
[845, 2288]
[845, 2470]
[846, 872]
[846, 951]
[846, 1931]
[847, 2017]
[847, 3277]
[847, 3287]
[847, 3462]
[848, 1807]
[848, 2342]
[848, 3395]
[849, 1728]
[849, 1978]
[849, 2448]
[850, 2027]
[850, 2499]
[850, 2651]
[851, 1353]
[851, 1660]
[851, 2927]
[852, 1577]
[852, 2994]
[853, 981]
[853, 1255]
[853, 2449]
[853, 2514]
[854, 943]
[854, 1485]
[854, 2718]
[855, 1327]
[855, 2299]
[855, 3042]
[855, 3598]
[856, 873]
[856, 1872]
[856, 2081]
[856, 3485]
[857, 1140]
[857, 2093]
[857, 2733]
[857, 3153]
[858, 2499]
[858, 2670]
[859, 1646]
[859, 2108]
[859, 2765]
[859, 3134]
[860, 928]
[860, 1462]
[860, 2186]
[860, 2413]
[861, 1004]
[861, 2170]
[861, 2361]
[862, 1314]
[862, 1840]
[863, 1728]
[863, 2139]
[863, 2224]
[863, 3087]
[864, 1032]
[864, 1305]
[864, 2271]
[865, 1693]
[865, 1792]
[866, 1292]
[866, 1749]
[866, 2028]
[867, 1176]
[867, 1393]
[868, 2118]
[868, 2351]
[868, 2447]
[868, 3295]
[869, 1675]
[869, 1863]
[869, 2343]
[870, 1500]
[870, 3280]
[871, 1175]
[871, 2518]
[871, 2755]
[871, 2972]
[872, 1037]
[872, 1179]
[872, 1773]
[873, 924]
[873, 1618]
[873, 3485]
[874, 1579]
[874, 1929]
[874, 2498]
[874, 2809]
[875, 1085]
[875, 1103]
[875, 1842]
[875, 2944]
[876, 1544]
[876, 2162]
[876, 2310]
[877, 954]
[877, 988]
[877, 1686]
[877, 3292]
[878, 1001]
[878, 2138]
[878, 2176]
[878, 2870]
[879, 916]
[879, 2113]
[879, 3107]
[879, 3190]
[880, 1615]
[880, 2680]
[881, 893]
[881, 1285]
[881, 1568]
[881, 1701]
[882, 2775]
[882, 2802]
[883, 1738]
[883, 2524]
[883, 2586]
[883, 3298]
[884, 1325]
[884, 3126]
[884, 3241]
[885, 1558]
[885, 1574]
[885, 2430]
[886, 2402]
[886, 3106]
[886, 3549]
[887, 3010]
[887, 3137]
[887, 3202]
[887, 3583]
[888, 2523]
[888, 2577]
[888, 3105]
[889, 1402]
[889, 1555]
[889, 2052]
[889, 2123]
[890, 1049]
[890, 1464]
[890, 1954]
[891, 906]
[891, 923]
[891, 2922]
[892, 1849]
[892, 2257]
[892, 3246]
[893, 990]
[893, 1285]
[893, 2072]
[894, 2148]
[895, 1056]
[895, 1149]
[895, 2166]
[895, 2201]
[896, 1890]
[897, 2360]
[897, 3281]
[897, 3293]
[898, 1162]
[898, 1666]
[899, 910]
[899, 1162]
[899, 2277]
[899, 2715]
