[360, 426]
[360, 1292]
[360, 1565]
[360, 1958]
[360, 2276]
[361, 367]
[361, 499]
[361, 509]
[361, 777]
[361, 999]
[361, 1997]
[362, 618]
[362, 1253]
[362, 1323]
[362, 1612]
[362, 1768]
[363, 1164]
[363, 1280]
[363, 1688]
[363, 1797]
[363, 2272]
[364, 449]
[364, 805]
[364, 846]
[364, 1319]
[364, 1330]
[364, 1574]
[365, 885]
[365, 1281]
[365, 1438]
[365, 1779]
[366, 873]
[366, 903]
[366, 2228]
[367, 372]
[367, 516]
[367, 2109]
[367, 2179]
[368, 720]
[368, 1480]
[368, 2047]
[368, 2259]
[368, 2312]
[369, 414]
[369, 800]
[369, 1231]
[369, 1464]
[369, 2000]
[369, 2041]
[370, 503]
[370, 1218]
[370, 1799]
[370, 1889]
[370, 2191]
[370, 2331]
[371, 519]
[371, 673]
[371, 896]
[371, 1551]
[371, 1899]
[371, 2110]
[372, 516]
[372, 780]
[372, 1498]
[372, 2109]
[372, 2116]
[373, 880]
[373, 1569]
[373, 1865]
[373, 1912]
[373, 2182]
[373, 2330]
[374, 1139]
[374, 1450]
[374, 1459]
[374, 1679]
[374, 2206]
[375, 1212]
[375, 1576]
[375, 2297]
[375, 2328]
[375, 2385]
[376, 1411]
[376, 2265]
[376, 2268]
[376, 2384]
[377, 801]
[377, 1366]
[377, 1699]
[377, 1801]
[378, 1491]
[378, 1505]
[378, 1577]
[379, 697]
[379, 1143]
[379, 1475]
[379, 1853]
[380, 555]
[380, 1503]
[380, 1924]
[380, 1960]
[380, 2150]
[380, 2365]
[381, 393]
[381, 903]
[381, 1433]
[381, 1638]
[381, 2228]
[381, 2238]
[382, 789]
[382, 883]
[382, 1497]
[382, 1953]
[382, 2054]
[382, 2083]
[383, 1300]
[383, 1374]
[383, 1461]
[383, 1839]
[383, 1994]
[383, 2113]
[384, 398]
[384, 459]
[384, 777]
[384, 1180]
[384, 1727]
[384, 2130]
[385, 950]
[385, 1473]
[385, 1505]
[385, 1577]
[385, 1635]
[386, 782]
[386, 1344]
[386, 1404]
[386, 1515]
[386, 1665]
[386, 2162]
[387, 598]
[387, 642]
[387, 1396]
[387, 2317]
[388, 731]
[388, 994]
[388, 1200]
[388, 1247]
[388, 1359]
[388, 1443]
[389, 459]
[389, 902]
[389, 1179]
[389, 1180]
[389, 1975]
[389, 2088]
[390, 782]
[390, 1515]
[390, 1658]
[390, 1762]
[390, 2344]
[391, 775]
[391, 857]
[391, 1468]
[392, 575]
[392, 1028]
[392, 1032]
[392, 1708]
[392, 1845]
[392, 2144]
[393, 1421]
[393, 1510]
[393, 1583]
[393, 2245]
[393, 2254]
[394, 475]
[394, 1275]
[394, 1413]
[394, 1446]
[394, 1637]
[394, 2304]
[395, 829]
[395, 1262]
[395, 1391]
[395, 1701]
[395, 1895]
[396, 1434]
[396, 1833]
[396, 1998]
[396, 2291]
[397, 907]
[397, 1337]
[397, 1379]
[397, 1620]
[397, 1633]
[397, 2007]
[398, 1669]
[398, 1941]
[398, 2115]
[398, 2236]
[399, 469]
[399, 944]
[399, 1199]
[399, 1510]
[399, 1583]
[400, 573]
[400, 686]
[400, 1535]
[401, 674]
[401, 926]
[401, 1074]
[401, 1882]
[401, 2096]
[402, 628]
[402, 792]
[402, 859]
[402, 968]
[402, 1153]
[403, 677]
[403, 808]
[403, 914]
[403, 1342]
[403, 1381]
[403, 2020]
[404, 679]
[404, 932]
[404, 2170]
[404, 2382]
[405, 673]
[405, 1168]
[405, 1335]
[405, 1593]
[405, 1603]
[405, 2039]
[406, 753]
[406, 1211]
[406, 1744]
[406, 2118]
[407, 413]
[407, 437]
[407, 1289]
[407, 1450]
[407, 1472]
[407, 1679]
[408, 463]
[408, 517]
[408, 998]
[408, 1609]
[408, 1618]
[408, 1778]
[409, 1040]
[409, 1656]
[409, 1803]
[409, 2019]
[409, 2142]
[410, 679]
[410, 945]
[410, 1360]
[410, 1625]
[410, 2170]
[411, 663]
[411, 1052]
[411, 1694]
[411, 2268]
[411, 2281]
[412, 691]
[412, 921]
[412, 1680]
[412, 2032]
[412, 2092]
[412, 2376]
[413, 552]
[413, 692]
[413, 1289]
[413, 1459]
[413, 1679]
[414, 1325]
[414, 1444]
[414, 1464]
[414, 2041]
[415, 690]
[415, 891]
[415, 1041]
[415, 1136]
[415, 1362]
[415, 2088]
[416, 552]
[416, 865]
[416, 943]
[416, 1158]
[416, 1445]
[416, 1703]
[417, 551]
[417, 1080]
[417, 2336]
[418, 508]
[418, 1036]
[418, 1129]
[418, 1890]
[418, 2164]
[418, 2214]
[419, 639]
[419, 965]
[419, 1024]
[419, 1741]
[419, 1745]
[420, 866]
[420, 870]
[420, 1442]
[420, 1455]
[420, 1584]
[420, 2049]
[421, 872]
[421, 970]
[421, 1208]
[421, 1470]
[421, 2378]
[422, 863]
[422, 1273]
[422, 1655]
[422, 1702]
[422, 2215]
[423, 580]
[423, 832]
[423, 1740]
[423, 2398]
[424, 634]
[424, 1668]
[424, 2031]
[424, 2291]
[424, 2293]
[425, 440]
[425, 1643]
[425, 1695]
[425, 1717]
[425, 2224]
[426, 506]
[426, 1415]
[426, 1544]
[426, 1683]
[426, 2168]
[427, 641]
[427, 722]
[427, 1246]
[427, 1261]
[427, 1693]
[427, 1700]
[428, 735]
[428, 747]
[428, 1056]
[428, 1479]
[428, 1587]
[428, 2357]
[429, 1135]
[429, 1215]
[429, 1695]
[429, 2224]
[429, 2391]
[430, 628]
[430, 799]
[430, 1127]
[430, 1454]
[430, 2184]
[431, 461]
[431, 626]
[431, 695]
[431, 1570]
[431, 1743]
[431, 2365]
[432, 675]
[432, 1183]
[432, 1789]
[432, 2212]
[432, 2262]
[433, 525]
[433, 1047]
[433, 1148]
[433, 2011]
[433, 2043]
[434, 733]
[434, 739]
[434, 1049]
[434, 1655]
[434, 1853]
[435, 527]
[435, 1107]
[435, 1127]
[435, 1522]
[435, 1818]
[435, 2184]
[436, 524]
[436, 565]
[436, 1353]
[436, 2340]
[437, 1088]
[438, 774]
[438, 821]
[438, 1130]
[438, 1619]
[438, 1624]
[438, 1777]
[439, 832]
[439, 972]
[439, 1261]
[439, 1608]
[439, 1700]
[439, 1740]
[440, 1563]
[440, 2028]
[440, 2224]
[440, 2341]
[441, 1135]
[441, 1332]
[441, 1723]
[441, 1839]
[441, 2113]
[441, 2391]
[442, 848]
[442, 1002]
[442, 1333]
[442, 1645]
[442, 1881]
[443, 689]
[443, 886]
[443, 1018]
[443, 1043]
[443, 1928]
[443, 2180]
[444, 684]
[444, 978]
[444, 1093]
[444, 1857]
[444, 1996]
[444, 2004]
[445, 1120]
[445, 1728]
[445, 1905]
[445, 1906]
[445, 1971]
[445, 1985]
[446, 657]
[446, 831]
[446, 1233]
[446, 1814]
[446, 2162]
[447, 848]
[447, 1002]
[447, 2009]
[447, 2263]
[448, 761]
[448, 837]
[448, 1024]
[448, 1741]
[448, 1915]
[448, 2371]
[449, 688]
[449, 800]
[449, 1095]
[449, 1325]
[449, 1569]
[450, 509]
[450, 1252]
[450, 1526]
[450, 1787]
[450, 1858]
[450, 2173]
[451, 1376]
[451, 1853]
[451, 2269]
[452, 1200]
[452, 1443]
[452, 1632]
[452, 1668]
[453, 1001]
[453, 1337]
[453, 1384]
[453, 1672]
[453, 1794]
[454, 601]
[454, 668]
[454, 688]
[454, 939]
[454, 1569]
[454, 1912]
[455, 949]
[455, 1586]
[455, 2038]
[455, 2264]
[456, 1113]
[456, 1402]
[456, 1722]
[457, 716]
[457, 2044]
[457, 2129]
[457, 2166]
[457, 2261]
[458, 1015]
[458, 1984]
[458, 2249]
[458, 2325]
[458, 2333]
[459, 481]
[459, 690]
[459, 1727]
[459, 2130]
[460, 683]
[460, 1053]
[460, 1925]
[460, 2080]
[460, 2200]
[461, 889]
[461, 1623]
[461, 2051]
[461, 2065]
[461, 2150]
[462, 746]
[462, 747]
[462, 1215]
[462, 2017]
[462, 2192]
[462, 2357]
[463, 554]
[463, 1140]
[463, 1645]
[464, 1867]
[464, 2025]
[464, 2071]
[465, 1105]
[465, 1218]
[465, 1283]
[465, 1754]
[465, 1878]
[465, 2331]
[466, 1629]
[466, 1752]
[466, 1922]
[467, 802]
[467, 1170]
[467, 1603]
[467, 1734]
[467, 2039]
[468, 1695]
[468, 1774]
[468, 1943]
[468, 2154]
[468, 2374]
[469, 834]
[469, 963]
[469, 1807]
[469, 1980]
[469, 2247]
[470, 929]
[470, 1034]
[470, 1103]
[470, 1239]
[470, 1293]
[471, 547]
[471, 620]
[471, 1281]
[471, 1779]
[472, 685]
[472, 696]
[472, 1513]
[472, 1657]
[472, 2324]
[473, 550]
[473, 715]
[473, 730]
[473, 1015]
[473, 2023]
[474, 891]
[474, 997]
[474, 1369]
[474, 1509]
[474, 1791]
[475, 567]
[475, 1446]
[475, 1637]
[475, 2359]
[476, 874]
[476, 1299]
[476, 1480]
[476, 1491]
[476, 2047]
[477, 887]
[477, 1503]
[477, 1960]
[477, 2040]
[477, 2205]
[477, 2317]
[478, 789]
[478, 1497]
[478, 1541]
[478, 1741]
[478, 2194]
[478, 2371]
[479, 1149]
[479, 1271]
[479, 1292]
[479, 1639]
[479, 2276]
[240, 1152]
[240, 1189]
[240, 1306]
[240, 1427]
[240, 1962]
[240, 2169]
[241, 455]
[241, 949]
[241, 1205]
[241, 2038]
[241, 2084]
[241, 2219]
[242, 521]
[242, 758]
[242, 1339]
[242, 1371]
[242, 2071]
[243, 607]
[243, 1019]
[243, 1264]
[243, 1355]
[243, 1872]
[243, 2230]
[244, 417]
[244, 544]
[244, 844]
[244, 1096]
[244, 2177]
[245, 433]
[245, 893]
[245, 1243]
[245, 1667]
[245, 2036]
[245, 2075]
[246, 334]
[246, 556]
[246, 743]
[246, 792]
[246, 1263]
[246, 1356]
[247, 318]
[247, 965]
[247, 1408]
[247, 1937]
[247, 2320]
[248, 292]
[248, 442]
[248, 463]
[248, 554]
[248, 767]
[249, 302]
[249, 1879]
[249, 1914]
[249, 2017]
[249, 2135]
[250, 358]
[250, 1502]
[250, 1682]
[250, 2145]
[250, 2305]
[251, 1027]
[251, 1114]
[251, 1210]
[251, 2109]
[251, 2116]
[251, 2301]
[252, 508]
[252, 1571]
[252, 1677]
[252, 1982]
[252, 2207]
[253, 675]
[253, 1600]
[253, 1891]
[253, 1990]
[253, 2133]
[253, 2350]
[254, 658]
[254, 669]
[254, 727]
[254, 989]
[254, 1256]
[255, 566]
[255, 665]
[255, 2015]
[255, 2024]
[255, 2074]
[255, 2182]
[256, 706]
[256, 786]
[256, 1039]
[256, 1205]
[256, 2248]
[257, 268]
[257, 929]
[257, 1270]
[257, 1697]
[257, 2279]
[257, 2329]
[258, 346]
[258, 670]
[258, 772]
[258, 1435]
[258, 1756]
[258, 1857]
[259, 491]
[259, 1494]
[259, 1646]
[259, 1685]
[259, 2103]
[259, 2185]
[260, 851]
[260, 866]
[260, 1420]
[260, 1854]
[260, 2008]
[260, 2244]
[261, 719]
[261, 1887]
[261, 2140]
[261, 2178]
[261, 2258]
[262, 962]
[262, 1420]
[262, 1595]
[262, 1796]
[262, 2114]
[262, 2385]
[263, 523]
[263, 729]
[263, 735]
[263, 864]
[263, 1498]
[263, 1587]
[264, 748]
[264, 835]
[264, 1037]
[264, 1155]
[264, 1631]
[264, 2069]
[265, 1008]
[265, 1337]
[265, 1508]
[265, 2007]
[265, 2095]
[265, 2367]
[266, 875]
[266, 1559]
[266, 1884]
[266, 1967]
[266, 2110]
[266, 2255]
[267, 467]
[267, 757]
[267, 928]
[267, 1918]
[268, 470]
[268, 1017]
[268, 1103]
[268, 1293]
[268, 1557]
[269, 559]
[269, 1010]
[269, 1387]
[269, 1750]
[269, 1862]
[269, 2303]
[270, 972]
[270, 1174]
[270, 1463]
[270, 1821]
[270, 2210]
[271, 1251]
[271, 1610]
[271, 1844]
[271, 2006]
[272, 654]
[272, 776]
[272, 1238]
[272, 1382]
[272, 2004]
[272, 2022]
[273, 283]
[273, 618]
[273, 796]
[273, 908]
[273, 1590]
[273, 1967]
[274, 360]
[274, 535]
[274, 1271]
[274, 1292]
[274, 1565]
[274, 1683]
[275, 429]
[275, 1375]
[275, 1695]
[275, 2391]
[276, 490]
[276, 616]
[276, 1551]
[276, 1899]
[276, 2043]
[276, 2319]
[277, 289]
[277, 399]
[277, 944]
[277, 963]
[277, 1510]
[277, 2015]
[278, 508]
[278, 510]
[278, 683]
[278, 910]
[278, 1022]
[278, 1677]
[279, 328]
[279, 1151]
[279, 1257]
[279, 1278]
[279, 1349]
[279, 1560]
[280, 474]
[280, 1285]
[280, 1656]
[280, 1803]
[280, 1864]
[280, 1897]
[281, 1006]
[281, 1072]
[281, 1125]
[281, 2090]
[281, 2107]
[281, 2375]
[282, 288]
[282, 663]
[282, 1245]
[282, 1870]
[282, 2034]
[282, 2153]
[283, 757]
[283, 796]
[283, 908]
[283, 1170]
[283, 1596]
[284, 289]
[284, 324]
[284, 873]
[284, 2064]
[284, 2347]
[285, 316]
[285, 617]
[285, 662]
[285, 1958]
[285, 1973]
[285, 2321]
[286, 318]
[286, 650]
[286, 1223]
[286, 1952]
[286, 1981]
[286, 1988]
[287, 608]
[287, 1488]
[287, 1715]
[287, 1771]
[287, 1902]
[287, 2056]
[288, 411]
[288, 565]
[288, 1694]
[288, 2268]
[289, 873]
[289, 1552]
[289, 1936]
[289, 2064]
[290, 437]
[290, 645]
[290, 1121]
[290, 1171]
[290, 1482]
[290, 2222]
[291, 293]
[291, 299]
[291, 341]
[291, 1074]
[291, 1662]
[291, 1924]
[292, 1140]
[292, 1663]
[292, 1728]
[292, 1906]
[292, 2288]
[293, 341]
[293, 401]
[293, 1139]
[293, 1662]
[293, 1907]
[294, 646]
[294, 728]
[294, 755]
[294, 1800]
[294, 1825]
[294, 1978]
[295, 860]
[295, 886]
[295, 1017]
[295, 1103]
[295, 1524]
[296, 1067]
[296, 1358]
[296, 1533]
[296, 1689]
[296, 2081]
[296, 2366]
[297, 336]
[297, 1387]
[297, 1529]
[297, 1731]
[297, 1802]
[298, 635]
[298, 938]
[298, 1394]
[298, 2232]
[299, 486]
[299, 869]
[299, 1907]
[300, 779]
[300, 1591]
[300, 1822]
[300, 1982]
[300, 2172]
[300, 2207]
[301, 646]
[301, 879]
[301, 1573]
[301, 1825]
[301, 2087]
[301, 2295]
[302, 1470]
[302, 1900]
[302, 2378]
[303, 512]
[303, 1104]
[303, 1312]
[303, 1642]
[303, 1714]
[304, 410]
[304, 1245]
[304, 1416]
[304, 1431]
[304, 1759]
[304, 1805]
[305, 602]
[305, 793]
[305, 798]
[305, 881]
[305, 1020]
[305, 1110]
[306, 645]
[306, 1117]
[306, 1614]
[306, 2222]
[306, 2376]
[307, 316]
[307, 979]
[307, 1282]
[307, 1539]
[307, 1984]
[307, 2249]
[308, 348]
[308, 728]
[308, 792]
[308, 859]
[308, 1800]
[309, 502]
[309, 1282]
[309, 1547]
[309, 1675]
[309, 2249]
[310, 746]
[310, 1215]
[310, 1375]
[310, 1601]
[310, 2391]
[311, 687]
[311, 899]
[311, 1177]
[311, 1517]
[311, 1903]
[311, 1999]
[312, 533]
[312, 1161]
[312, 1271]
[312, 1511]
[312, 1720]
[312, 2204]
[313, 520]
[313, 643]
[313, 1370]
[313, 1449]
[313, 1499]
[313, 1664]
[314, 864]
[314, 922]
[314, 1000]
[314, 1564]
[314, 1682]
[314, 1879]
[315, 931]
[315, 1324]
[315, 1960]
[315, 2150]
[315, 2157]
[316, 957]
[316, 987]
[316, 1549]
[316, 2380]
[317, 1499]
[317, 1589]
[317, 1613]
[317, 2006]
[317, 2360]
[318, 1087]
[318, 1133]
[318, 1410]
[319, 1423]
[319, 1578]
[319, 1682]
[319, 1692]
[319, 1930]
[319, 2305]
[320, 357]
[320, 437]
[320, 745]
[320, 1289]
[321, 1344]
[321, 1404]
[321, 1508]
[321, 1798]
[321, 2208]
[321, 2367]
[322, 569]
[322, 674]
[322, 1121]
[322, 1618]
[323, 365]
[323, 547]
[323, 1281]
[323, 1967]
[323, 2309]
[324, 839]
[324, 1276]
[324, 1598]
[324, 1936]
[324, 2018]
[325, 1059]
[325, 1091]
[325, 1128]
[325, 1154]
[325, 1452]
[325, 2201]
[326, 823]
[326, 956]
[326, 1122]
[326, 1356]
[326, 1670]
[326, 2307]
[327, 584]
[327, 862]
[327, 1021]
[327, 1167]
[327, 1613]
[327, 2006]
[328, 498]
[328, 850]
[328, 1555]
[328, 1622]
[328, 2098]
[329, 661]
[329, 757]
[329, 766]
[329, 796]
[329, 1151]
[329, 1203]
[330, 391]
[330, 1059]
[330, 1154]
[330, 1437]
[330, 2120]
[330, 2322]
[331, 363]
[331, 1146]
[331, 1178]
[331, 1686]
[331, 2032]
[332, 776]
[332, 950]
[332, 1102]
[332, 1635]
[332, 1863]
[332, 2368]
[333, 548]
[333, 1101]
[333, 1430]
[333, 1659]
[333, 1713]
[333, 1799]
[334, 348]
[334, 556]
[334, 743]
[334, 1465]
[334, 1782]
[335, 629]
[335, 898]
[335, 1385]
[335, 1688]
[335, 2272]
[336, 484]
[336, 1731]
[336, 2284]
[337, 446]
[337, 495]
[337, 782]
[337, 868]
[337, 1658]
[337, 2203]
[338, 491]
[338, 1374]
[338, 1554]
[338, 1938]
[338, 2077]
[338, 2147]
[339, 362]
[339, 471]
[339, 547]
[339, 1115]
[339, 1779]
[339, 2379]
[340, 456]
[340, 706]
[340, 1060]
[340, 2273]
[340, 2387]
[341, 555]
[341, 964]
[341, 1662]
[341, 2096]
[342, 519]
[342, 1243]
[342, 1738]
[342, 2044]
[342, 2308]
[343, 633]
[343, 663]
[343, 1589]
[343, 2010]
[343, 2034]
[343, 2360]
[344, 351]
[344, 464]
[344, 651]
[344, 1096]
[344, 1260]
[344, 2300]
[345, 575]
[345, 644]
[345, 1177]
[345, 1310]
[345, 1426]
[345, 1517]
[346, 772]
[346, 1402]
[346, 1712]
[346, 1756]
[346, 2242]
[347, 773]
[347, 1013]
[347, 1476]
[347, 1590]
[348, 792]
[348, 1800]
[348, 1978]
[349, 1176]
[349, 1184]
[349, 1706]
[349, 1771]
[349, 2037]
[349, 2211]
[350, 451]
[350, 697]
[350, 1118]
[350, 1376]
[350, 1893]
[351, 651]
[351, 1226]
[351, 1264]
[351, 2071]
[351, 2300]
[352, 586]
[352, 1294]
[352, 1698]
[352, 1831]
[352, 2042]
[352, 2093]
[353, 597]
[353, 677]
[353, 803]
[353, 2030]
[353, 2163]
[354, 598]
[354, 718]
[354, 1217]
[354, 1439]
[354, 1913]
[354, 2253]
[355, 492]
[355, 852]
[355, 916]
[355, 1005]
[355, 1393]
[355, 2070]
[356, 503]
[356, 1160]
[356, 1400]
[356, 1792]
[356, 2091]
[356, 2202]
[357, 447]
[357, 790]
[357, 1088]
[357, 1192]
[357, 1830]
[358, 516]
[358, 864]
[358, 1498]
[358, 2313]
[359, 621]
[359, 1048]
[359, 1523]
[359, 1664]
[359, 1706]
[359, 2211]
[720, 1092]
[720, 1106]
[720, 1240]
[720, 1287]
[720, 1671]
[721, 1064]
[721, 1272]
[721, 1313]
[721, 2244]
[721, 2296]
[722, 1653]
[722, 1806]
[722, 1815]
[723, 1299]
[723, 1348]
[723, 2239]
[723, 2368]
[724, 1309]
[724, 1606]
[724, 1769]
[724, 2055]
[724, 2395]
[725, 732]
[725, 975]
[725, 1425]
[725, 1577]
[726, 1041]
[726, 1194]
[726, 1365]
[726, 2058]
[726, 2088]
[726, 2234]
[727, 989]
[727, 1256]
[727, 2250]
[727, 2348]
[728, 1978]
[728, 2087]
[728, 2264]
[729, 864]
[729, 1056]
[729, 1587]
[729, 1879]
[730, 1687]
[730, 2016]
[730, 2399]
[731, 936]
[731, 982]
[731, 1359]
[731, 1443]
[732, 1029]
[732, 1077]
[732, 1101]
[732, 1473]
[732, 1659]
[733, 739]
[733, 1475]
[733, 1949]
[733, 2150]
[734, 1069]
[734, 1447]
[734, 1460]
[735, 1056]
[735, 1398]
[735, 1819]
[735, 2357]
[736, 928]
[736, 1099]
[736, 1335]
[736, 1493]
[736, 2125]
[737, 1051]
[737, 1390]
[737, 1557]
[737, 1701]
[737, 2198]
[738, 970]
[738, 1637]
[738, 1732]
[738, 2304]
[739, 1273]
[739, 2157]
[740, 777]
[740, 1090]
[740, 1619]
[740, 1777]
[740, 2130]
[741, 1887]
[741, 2025]
[741, 2140]
[741, 2397]
[742, 1537]
[742, 1544]
[742, 1648]
[742, 2128]
[742, 2298]
[743, 823]
[743, 1800]
[744, 1196]
[744, 1205]
[744, 1411]
[744, 2038]
[744, 2248]
[744, 2265]
[745, 752]
[745, 848]
[745, 1786]
[745, 1820]
[746, 747]
[746, 1332]
[746, 2017]
[747, 1601]
[747, 2017]
[747, 2135]
[748, 2148]
[748, 2175]
[749, 755]
[749, 1866]
[750, 771]
[750, 957]
[750, 2078]
[750, 2380]
[751, 768]
[751, 1235]
[751, 1431]
[751, 1525]
[751, 1805]
[752, 988]
[752, 1158]
[752, 1456]
[752, 1703]
[752, 2342]
[753, 1143]
[753, 1483]
[753, 2090]
[753, 2181]
[754, 767]
[754, 1512]
[754, 1942]
[754, 2306]
[755, 1868]
[756, 1386]
[756, 1523]
[756, 2056]
[757, 766]
[757, 1278]
[758, 1226]
[758, 1910]
[758, 2126]
[759, 849]
[759, 934]
[759, 995]
[759, 1594]
[759, 1600]
[759, 2350]
[760, 873]
[760, 996]
[760, 1340]
[760, 1552]
[760, 2347]
[761, 1616]
[761, 1724]
[761, 1741]
[761, 1915]
[762, 1025]
[762, 1616]
[762, 1836]
[762, 1915]
[763, 911]
[763, 1721]
[763, 1942]
[763, 2089]
[763, 2390]
[764, 1143]
[764, 2384]
[764, 2392]
[765, 810]
[765, 1395]
[765, 1787]
[765, 1858]
[766, 908]
[766, 1918]
[766, 2134]
[767, 895]
[767, 1942]
[767, 2233]
[767, 2306]
[768, 1235]
[768, 1431]
[768, 1759]
[768, 2382]
[769, 1506]
[769, 1542]
[769, 1824]
[769, 1856]
[769, 2100]
[769, 2346]
[770, 1300]
[770, 1374]
[770, 1441]
[770, 1700]
[770, 1938]
[770, 2159]
[771, 954]
[771, 1731]
[771, 2155]
[772, 1543]
[772, 1756]
[772, 1902]
[772, 2101]
[773, 1007]
[773, 1612]
[774, 780]
[774, 2109]
[774, 2179]
[774, 2314]
[775, 1162]
[775, 1493]
[775, 2127]
[776, 778]
[776, 978]
[776, 2257]
[777, 821]
[777, 1777]
[778, 919]
[778, 1403]
[778, 2257]
[778, 2368]
[779, 1172]
[779, 1453]
[779, 1904]
[779, 2136]
[780, 1919]
[780, 2179]
[781, 1265]
[781, 1267]
[781, 1545]
[781, 1911]
[781, 2151]
[782, 830]
[782, 2344]
[783, 1256]
[783, 1597]
[783, 1896]
[783, 2069]
[783, 2250]
[784, 893]
[784, 1066]
[784, 1234]
[784, 1678]
[784, 2036]
[785, 871]
[785, 983]
[785, 1828]
[785, 1871]
[785, 2174]
[786, 815]
[786, 1039]
[786, 2195]
[786, 2248]
[787, 1030]
[787, 1187]
[787, 1442]
[787, 2049]
[788, 986]
[788, 1172]
[788, 1373]
[788, 1834]
[788, 2160]
[789, 883]
[789, 1301]
[789, 1866]
[789, 2083]
[790, 1295]
[790, 1495]
[791, 1075]
[791, 1168]
[791, 1335]
[791, 2112]
[791, 2129]
[792, 1800]
[793, 1039]
[793, 2195]
[793, 2235]
[794, 862]
[794, 1167]
[794, 2213]
[794, 2362]
[795, 1632]
[795, 1772]
[795, 1977]
[795, 2100]
[795, 2156]
[795, 2349]
[796, 908]
[796, 947]
[796, 1323]
[797, 1069]
[797, 1615]
[797, 1796]
[797, 1874]
[797, 2379]
[798, 1020]
[798, 1110]
[798, 1314]
[798, 1795]
[799, 981]
[799, 1454]
[799, 2184]
[799, 2332]
[800, 846]
[800, 1325]
[801, 924]
[801, 1073]
[801, 1250]
[801, 1490]
[801, 1697]
[802, 1128]
[802, 1603]
[802, 1734]
[803, 1061]
[803, 1305]
[803, 2398]
[804, 906]
[804, 1220]
[804, 1336]
[804, 1646]
[804, 1875]
[804, 2066]
[805, 1131]
[805, 1598]
[805, 1936]
[805, 2348]
[806, 918]
[806, 1082]
[806, 1370]
[806, 1525]
[807, 943]
[807, 1567]
[807, 2082]
[807, 2105]
[808, 1029]
[808, 2026]
[808, 2184]
[808, 2332]
[809, 1038]
[809, 1886]
[809, 1989]
[809, 2047]
[809, 2370]
[810, 974]
[810, 1858]
[810, 1901]
[810, 2108]
[811, 1016]
[811, 1383]
[811, 1604]
[811, 1919]
[811, 2314]
[812, 898]
[812, 1080]
[812, 1310]
[812, 1478]
[812, 1630]
[812, 2336]
[813, 913]
[813, 1012]
[813, 1784]
[813, 2060]
[813, 2121]
[813, 2274]
[814, 1046]
[814, 1351]
[814, 1424]
[814, 1648]
[814, 2298]
[815, 1259]
[815, 1691]
[815, 2231]
[815, 2387]
[816, 1693]
[816, 1910]
[816, 2126]
[817, 1219]
[817, 1556]
[817, 1710]
[817, 1802]
[817, 1875]
[818, 867]
[818, 1333]
[818, 1512]
[818, 1881]
[818, 2216]
[819, 967]
[819, 1100]
[819, 1337]
[819, 1620]
[819, 2361]
[820, 1148]
[820, 1169]
[820, 1210]
[820, 1770]
[820, 1919]
[820, 2116]
[821, 1619]
[821, 1624]
[821, 2115]
[821, 2179]
[822, 1291]
[822, 1459]
[822, 1894]
[823, 956]
[823, 1083]
[823, 1356]
[823, 1876]
[824, 1785]
[824, 1788]
[824, 1948]
[824, 2104]
[824, 2137]
[825, 909]
[825, 1006]
[825, 1534]
[825, 1536]
[825, 1748]
[825, 1803]
[826, 1796]
[826, 2060]
[826, 2114]
[826, 2274]
[827, 1377]
[827, 1795]
[827, 1932]
[827, 2397]
[828, 1076]
[828, 1111]
[828, 1327]
[828, 1689]
[828, 2081]
[829, 860]
[829, 1390]
[829, 1391]
[829, 1447]
[829, 1701]
[830, 930]
[830, 1850]
[830, 1873]
[830, 2012]
[830, 2158]
[831, 1581]
[831, 1878]
[831, 2042]
[831, 2122]
[832, 1261]
[832, 1608]
[832, 1765]
[833, 1086]
[833, 1341]
[833, 1402]
[833, 1818]
[834, 1035]
[834, 2074]
[834, 2182]
[835, 1037]
[835, 1216]
[835, 1631]
[836, 1438]
[836, 1780]
[836, 2194]
[836, 2386]
[837, 1012]
[837, 1724]
[837, 1752]
[837, 2121]
[838, 921]
[838, 1911]
[838, 2287]
[838, 2376]
[839, 1124]
[839, 1477]
[839, 1597]
[839, 2139]
[600, 749]
[600, 755]
[600, 1353]
[600, 1465]
[600, 1978]
[601, 723]
[601, 917]
[601, 919]
[601, 1827]
[601, 1926]
[602, 751]
[602, 1314]
[602, 2253]
[603, 984]
[603, 1258]
[603, 1383]
[603, 1593]
[604, 803]
[604, 1305]
[604, 1717]
[604, 1740]
[605, 641]
[605, 672]
[605, 758]
[605, 1815]
[605, 1910]
[606, 933]
[606, 1107]
[606, 1473]
[606, 1522]
[606, 1635]
[606, 2203]
[607, 1019]
[607, 1269]
[607, 2230]
[607, 2260]
[607, 2291]
[608, 702]
[608, 756]
[608, 1523]
[608, 1798]
[608, 2211]
[609, 624]
[609, 992]
[609, 1134]
[609, 2251]
[609, 2277]
[609, 2278]
[610, 661]
[610, 1003]
[610, 1203]
[610, 1995]
[610, 2134]
[610, 2307]
[611, 970]
[611, 1161]
[611, 1461]
[611, 1994]
[611, 2189]
[611, 2304]
[612, 616]
[612, 1222]
[612, 1244]
[612, 1389]
[612, 2345]
[613, 847]
[613, 1194]
[613, 1265]
[613, 1709]
[613, 1911]
[613, 2234]
[614, 955]
[614, 1180]
[614, 1931]
[614, 2236]
[614, 2343]
[614, 2383]
[615, 714]
[615, 1790]
[615, 1949]
[616, 1551]
[616, 1843]
[616, 2011]
[617, 662]
[617, 1292]
[617, 1958]
[617, 2380]
[618, 773]
[618, 1323]
[618, 1768]
[619, 703]
[619, 1357]
[619, 2223]
[620, 1024]
[620, 1115]
[620, 1745]
[620, 2386]
[621, 1048]
[621, 1927]
[621, 2007]
[621, 2037]
[621, 2211]
[622, 845]
[622, 1036]
[622, 1182]
[622, 1363]
[622, 1862]
[623, 826]
[623, 941]
[623, 983]
[623, 2021]
[623, 2174]
[623, 2180]
[624, 1026]
[624, 2033]
[624, 2277]
[624, 2278]
[625, 1306]
[625, 1372]
[625, 1566]
[625, 2395]
[626, 695]
[626, 1249]
[626, 1550]
[626, 1570]
[627, 790]
[627, 958]
[627, 1145]
[627, 1295]
[627, 1830]
[628, 808]
[628, 1077]
[628, 2026]
[628, 2332]
[629, 841]
[629, 1228]
[629, 1657]
[629, 2272]
[630, 1057]
[630, 1084]
[630, 1085]
[630, 1304]
[630, 1422]
[630, 2173]
[631, 1281]
[631, 1328]
[631, 1420]
[631, 1595]
[631, 1854]
[631, 2309]
[632, 645]
[632, 1117]
[632, 1462]
[632, 1611]
[632, 1947]
[632, 2005]
[633, 1052]
[633, 1123]
[633, 1408]
[633, 1661]
[633, 2320]
[634, 1833]
[634, 2031]
[634, 2230]
[634, 2291]
[635, 692]
[635, 807]
[635, 938]
[635, 1338]
[635, 1394]
[636, 998]
[636, 1078]
[636, 1609]
[636, 2271]
[636, 2287]
[637, 1554]
[637, 1717]
[637, 1723]
[637, 1938]
[637, 2393]
[638, 722]
[638, 1338]
[638, 1653]
[638, 1719]
[638, 2082]
[639, 1024]
[639, 1115]
[639, 1783]
[639, 1937]
[640, 694]
[640, 855]
[640, 1227]
[640, 1766]
[640, 2215]
[640, 2311]
[641, 816]
[641, 1238]
[641, 2126]
[642, 1749]
[642, 1757]
[642, 1763]
[642, 2206]
[643, 1388]
[643, 1449]
[643, 1499]
[643, 1927]
[643, 2360]
[644, 1142]
[644, 1579]
[644, 1742]
[644, 2293]
[645, 1614]
[645, 1970]
[646, 728]
[646, 1978]
[646, 2392]
[647, 1193]
[647, 1804]
[647, 2166]
[647, 2334]
[648, 828]
[648, 850]
[648, 861]
[648, 1428]
[648, 1666]
[649, 1098]
[649, 1444]
[649, 1739]
[649, 2000]
[649, 2394]
[650, 1087]
[650, 1223]
[650, 1262]
[650, 1988]
[651, 1318]
[651, 1935]
[651, 2300]
[652, 839]
[652, 1124]
[652, 1539]
[652, 2018]
[652, 2139]
[653, 959]
[653, 1440]
[653, 1572]
[653, 1992]
[653, 2003]
[653, 2050]
[654, 1238]
[654, 2022]
[654, 2126]
[654, 2257]
[655, 995]
[655, 1761]
[655, 1767]
[655, 1789]
[655, 2262]
[656, 852]
[656, 1138]
[656, 1277]
[656, 1393]
[656, 2207]
[657, 1233]
[657, 1658]
[657, 1713]
[657, 1814]
[658, 805]
[658, 846]
[658, 1598]
[658, 2348]
[659, 703]
[659, 1357]
[659, 1885]
[659, 2248]
[660, 940]
[660, 1436]
[660, 1649]
[660, 1941]
[661, 757]
[661, 766]
[661, 1349]
[662, 987]
[662, 1565]
[662, 1916]
[662, 1958]
[663, 1388]
[663, 1870]
[663, 2153]
[664, 776]
[664, 778]
[664, 858]
[664, 1863]
[664, 2022]
[664, 2257]
[665, 960]
[665, 1319]
[665, 1569]
[665, 1575]
[666, 895]
[666, 901]
[666, 915]
[666, 1512]
[666, 1942]
[666, 2321]
[667, 958]
[667, 1295]
[667, 1377]
[667, 1617]
[667, 2079]
[668, 939]
[668, 1325]
[668, 1569]
[668, 1827]
[669, 699]
[669, 937]
[669, 1579]
[670, 1341]
[670, 1402]
[670, 2004]
[670, 2270]
[670, 2327]
[671, 787]
[671, 1406]
[671, 1442]
[671, 1600]
[672, 758]
[672, 1371]
[672, 1910]
[672, 1935]
[673, 802]
[673, 984]
[673, 1168]
[673, 2039]
[674, 1171]
[674, 1704]
[675, 1183]
[675, 1767]
[675, 1789]
[675, 1933]
[676, 689]
[676, 962]
[676, 1212]
[676, 1961]
[676, 2385]
[677, 2030]
[678, 800]
[678, 1095]
[678, 1840]
[678, 2152]
[679, 932]
[679, 2053]
[679, 2377]
[680, 1104]
[680, 1242]
[680, 1381]
[680, 1642]
[680, 1821]
[681, 954]
[681, 1860]
[681, 2229]
[681, 2280]
[681, 2316]
[681, 2335]
[682, 871]
[682, 1248]
[682, 1346]
[682, 1417]
[682, 1419]
[682, 1621]
[683, 910]
[683, 1677]
[683, 1819]
[683, 2282]
[684, 708]
[684, 1093]
[684, 1230]
[684, 1562]
[684, 1996]
[685, 1146]
[685, 1769]
[685, 2055]
[685, 2102]
[686, 1175]
[686, 1338]
[686, 1489]
[686, 1535]
[687, 923]
[687, 937]
[687, 1448]
[687, 2190]
[687, 2373]
[688, 800]
[688, 1325]
[688, 2041]
[688, 2152]
[689, 1961]
[689, 2297]
[689, 2385]
[690, 1313]
[690, 1764]
[690, 1813]
[691, 724]
[691, 1274]
[691, 1298]
[691, 2151]
[692, 1472]
[692, 1489]
[692, 1495]
[692, 2232]
[693, 988]
[693, 1081]
[693, 1484]
[693, 1950]
[693, 2196]
[694, 854]
[694, 1291]
[694, 1939]
[695, 1303]
[695, 1570]
[695, 1623]
[696, 794]
[696, 1334]
[696, 1518]
[696, 2111]
[696, 2318]
[697, 739]
[697, 1475]
[697, 1853]
[698, 1434]
[698, 1632]
[698, 1772]
[698, 2292]
[699, 937]
[699, 952]
[699, 989]
[699, 1448]
[699, 1579]
[700, 1103]
[700, 1239]
[700, 2237]
[701, 1444]
[701, 1574]
[701, 1683]
[702, 756]
[702, 1048]
[702, 1200]
[702, 1523]
[702, 1869]
[703, 711]
[703, 1049]
[703, 2223]
[704, 936]
[704, 993]
[704, 1999]
[704, 2198]
[705, 1047]
[705, 1114]
[705, 1487]
[705, 1526]
[705, 1860]
[705, 2301]
[706, 815]
[706, 1259]
[706, 1691]
[706, 2084]
[707, 924]
[707, 1043]
[707, 1490]
[707, 1811]
[707, 2353]
[708, 1488]
[708, 1756]
[708, 1857]
[708, 1902]
[708, 2063]
[709, 1231]
[709, 1269]
[709, 1355]
[709, 1403]
[709, 2041]
[710, 938]
[710, 1338]
[710, 1815]
[710, 1910]
[711, 1259]
[711, 1655]
[711, 1702]
[711, 2231]
[711, 2372]
[712, 884]
[712, 985]
[712, 1096]
[712, 1318]
[712, 2256]
[712, 2300]
[713, 745]
[713, 878]
[713, 1786]
[713, 1820]
[713, 1881]
[713, 2342]
[714, 1065]
[714, 1790]
[714, 1847]
[714, 2375]
[715, 1015]
[715, 1901]
[715, 1971]
[715, 2023]
[716, 784]
[716, 1147]
[716, 1322]
[716, 2045]
[716, 2197]
[717, 748]
[717, 835]
[717, 1547]
[717, 1905]
[717, 2148]
[717, 2175]
[718, 1439]
[718, 1913]
[719, 1527]
[719, 1708]
[480, 626]
[480, 660]
[480, 909]
[480, 1588]
[480, 1743]
[481, 740]
[481, 777]
[481, 999]
[481, 1777]
[481, 2187]
[482, 824]
[482, 1016]
[482, 1053]
[482, 1354]
[482, 1604]
[482, 1983]
[483, 512]
[483, 1118]
[483, 1376]
[483, 1528]
[483, 1586]
[483, 2269]
[484, 771]
[484, 954]
[484, 1705]
[484, 2155]
[484, 2229]
[485, 1844]
[485, 1848]
[485, 2019]
[485, 2356]
[486, 855]
[486, 869]
[486, 1291]
[486, 1907]
[487, 1409]
[487, 1529]
[487, 1678]
[487, 1770]
[487, 1788]
[487, 1948]
[488, 497]
[488, 531]
[488, 1175]
[488, 1651]
[488, 2210]
[488, 2273]
[489, 842]
[489, 1144]
[489, 1335]
[489, 2171]
[489, 2290]
[490, 519]
[490, 525]
[490, 616]
[490, 1244]
[490, 1551]
[491, 1841]
[491, 2066]
[491, 2186]
[492, 511]
[492, 992]
[492, 1481]
[492, 2161]
[493, 622]
[493, 845]
[493, 1036]
[493, 1209]
[493, 2214]
[493, 2285]
[494, 500]
[494, 1303]
[494, 1550]
[494, 1570]
[494, 1669]
[494, 2236]
[495, 586]
[495, 930]
[495, 1023]
[495, 1102]
[495, 1185]
[496, 593]
[496, 704]
[496, 1089]
[496, 1167]
[496, 1895]
[497, 1175]
[497, 1186]
[497, 1651]
[497, 2387]
[498, 861]
[498, 947]
[498, 1151]
[498, 1622]
[498, 2098]
[499, 509]
[499, 999]
[499, 1252]
[499, 1777]
[499, 2109]
[500, 574]
[500, 655]
[500, 890]
[500, 1308]
[500, 2243]
[501, 522]
[501, 967]
[501, 1254]
[501, 1729]
[501, 1991]
[501, 2386]
[502, 1015]
[502, 1905]
[502, 1971]
[502, 2233]
[503, 975]
[503, 2259]
[503, 2389]
[504, 548]
[504, 775]
[504, 1055]
[504, 1162]
[504, 1966]
[504, 2127]
[505, 600]
[505, 646]
[505, 749]
[505, 755]
[505, 1602]
[506, 742]
[506, 877]
[506, 1415]
[506, 1683]
[507, 762]
[507, 971]
[507, 1072]
[507, 2107]
[507, 2142]
[508, 1982]
[509, 516]
[509, 999]
[509, 2145]
[510, 1036]
[510, 1207]
[510, 1209]
[510, 1363]
[510, 2282]
[511, 855]
[511, 931]
[511, 1227]
[511, 2157]
[512, 1104]
[512, 1242]
[512, 1714]
[513, 788]
[513, 1558]
[513, 1573]
[513, 1650]
[513, 1923]
[514, 627]
[514, 790]
[514, 1088]
[514, 1295]
[514, 1472]
[514, 1617]
[515, 1331]
[515, 1469]
[515, 1761]
[515, 2179]
[516, 1027]
[516, 2109]
[517, 554]
[517, 1561]
[517, 1609]
[517, 1778]
[517, 2271]
[518, 1109]
[518, 1721]
[518, 1860]
[518, 1979]
[518, 2335]
[519, 896]
[519, 1899]
[519, 2255]
[520, 1070]
[520, 1082]
[520, 1237]
[521, 654]
[521, 1230]
[521, 1996]
[521, 2004]
[522, 1253]
[522, 1768]
[522, 1794]
[522, 2013]
[522, 2134]
[523, 572]
[523, 1940]
[523, 2002]
[523, 2116]
[523, 2280]
[524, 764]
[524, 1065]
[524, 2384]
[525, 1243]
[525, 1440]
[525, 2011]
[525, 2043]
[526, 809]
[526, 1218]
[526, 1540]
[526, 1886]
[526, 1989]
[526, 2259]
[527, 833]
[527, 1063]
[527, 1086]
[527, 1341]
[527, 1765]
[528, 615]
[528, 714]
[528, 1049]
[528, 1429]
[528, 1790]
[528, 1885]
[529, 793]
[529, 1020]
[529, 2195]
[530, 1057]
[530, 1108]
[530, 1582]
[530, 2286]
[530, 2326]
[530, 2328]
[531, 1186]
[531, 1530]
[531, 1749]
[531, 1939]
[531, 2372]
[532, 750]
[532, 957]
[532, 1206]
[532, 1549]
[532, 2283]
[533, 1045]
[533, 1197]
[533, 1494]
[533, 2185]
[534, 765]
[534, 974]
[534, 980]
[534, 1068]
[534, 1179]
[534, 1520]
[535, 1319]
[535, 1574]
[535, 1580]
[535, 1634]
[536, 748]
[536, 783]
[536, 1351]
[536, 1424]
[536, 1547]
[536, 2240]
[537, 603]
[537, 671]
[537, 1030]
[537, 1181]
[537, 1990]
[537, 2201]
[538, 974]
[538, 980]
[538, 1078]
[538, 2058]
[538, 2246]
[538, 2271]
[539, 734]
[539, 773]
[539, 1007]
[539, 1612]
[539, 1824]
[540, 551]
[540, 719]
[540, 1028]
[540, 1082]
[540, 1708]
[540, 2258]
[541, 641]
[541, 816]
[541, 1246]
[541, 1944]
[541, 2022]
[541, 2126]
[542, 721]
[542, 941]
[542, 1760]
[542, 1835]
[542, 1921]
[542, 2059]
[543, 698]
[543, 1302]
[543, 1809]
[543, 2081]
[543, 2363]
[543, 2366]
[544, 667]
[544, 844]
[544, 1318]
[544, 2177]
[544, 2397]
[545, 841]
[545, 898]
[545, 1141]
[545, 1892]
[545, 2272]
[546, 676]
[546, 1460]
[546, 2138]
[547, 618]
[547, 1615]
[547, 1779]
[548, 1083]
[548, 1153]
[548, 1670]
[549, 1111]
[549, 1831]
[549, 1888]
[549, 1963]
[549, 2093]
[550, 905]
[550, 1721]
[550, 1901]
[551, 719]
[551, 1708]
[551, 2144]
[551, 2178]
[552, 807]
[552, 1445]
[552, 1703]
[553, 558]
[553, 818]
[553, 901]
[553, 1333]
[553, 1758]
[553, 2216]
[554, 1728]
[554, 2306]
[555, 887]
[555, 1735]
[555, 1924]
[555, 1960]
[556, 743]
[556, 956]
[556, 1296]
[556, 2062]
[557, 1240]
[557, 1287]
[557, 1842]
[557, 1862]
[557, 1875]
[557, 2066]
[558, 738]
[558, 867]
[558, 1456]
[558, 1976]
[558, 2378]
[559, 1195]
[559, 1336]
[559, 1750]
[559, 1969]
[559, 2303]
[560, 802]
[560, 885]
[560, 1170]
[560, 1967]
[560, 2110]
[561, 1213]
[561, 1217]
[561, 1377]
[561, 1439]
[561, 1485]
[561, 1617]
[562, 836]
[562, 1014]
[562, 1091]
[562, 1497]
[562, 2194]
[563, 619]
[563, 1049]
[563, 1790]
[563, 1949]
[563, 2040]
[563, 2205]
[564, 973]
[564, 1221]
[564, 1516]
[564, 1832]
[564, 1883]
[564, 2167]
[565, 1052]
[565, 1123]
[565, 2085]
[566, 581]
[566, 1575]
[566, 1710]
[566, 2024]
[566, 2074]
[567, 738]
[567, 1456]
[567, 1732]
[567, 2105]
[567, 2304]
[568, 816]
[568, 1045]
[568, 1197]
[568, 1214]
[568, 1944]
[569, 838]
[569, 921]
[569, 998]
[569, 2092]
[569, 2287]
[570, 806]
[570, 1235]
[570, 1525]
[570, 1527]
[571, 748]
[571, 1412]
[571, 1892]
[571, 1986]
[571, 2209]
[572, 729]
[572, 2002]
[572, 2229]
[572, 2280]
[573, 1377]
[573, 1485]
[573, 1489]
[573, 1641]
[573, 2232]
[574, 927]
[574, 935]
[574, 2051]
[574, 2106]
[574, 2161]
[575, 1177]
[575, 1426]
[575, 1630]
[575, 1903]
[576, 1004]
[576, 1142]
[576, 1256]
[576, 1351]
[577, 841]
[577, 1141]
[577, 1155]
[577, 1753]
[577, 1903]
[578, 819]
[578, 1100]
[578, 1379]
[578, 1620]
[578, 1937]
[578, 1991]
[579, 1050]
[579, 1149]
[579, 1271]
[579, 1494]
[579, 1646]
[580, 604]
[580, 677]
[580, 803]
[580, 1305]
[580, 1898]
[581, 834]
[581, 1035]
[581, 1038]
[581, 1865]
[581, 2182]
[582, 881]
[582, 918]
[582, 1020]
[582, 1156]
[582, 1887]
[583, 947]
[583, 1013]
[583, 1590]
[583, 1596]
[583, 1622]
[584, 650]
[584, 897]
[584, 1895]
[584, 1981]
[585, 602]
[585, 659]
[585, 1039]
[585, 1357]
[585, 2358]
[586, 831]
[586, 1294]
[586, 2093]
[587, 1201]
[587, 1308]
[587, 1773]
[587, 2251]
[587, 2278]
[588, 731]
[588, 994]
[588, 1449]
[588, 1504]
[588, 1664]
[588, 1927]
[589, 592]
[589, 741]
[589, 827]
[589, 1020]
[589, 1795]
[589, 1932]
[590, 734]
[590, 1069]
[590, 1612]
[590, 2379]
[591, 715]
[591, 730]
[591, 1985]
[591, 2016]
[591, 2108]
[591, 2399]
[592, 1137]
[592, 1339]
[592, 1946]
[593, 794]
[593, 1054]
[593, 1089]
[594, 834]
[594, 1038]
[594, 1163]
[594, 1540]
[594, 2045]
[594, 2166]
[595, 1601]
[595, 2033]
[595, 2196]
[595, 2310]
[596, 1236]
[596, 1626]
[596, 1668]
[596, 2117]
[596, 2291]
[597, 677]
[597, 1305]
[597, 1342]
[597, 2030]
[598, 1396]
[598, 2223]
[599, 982]
[599, 1247]
[599, 1390]
[599, 2100]
[599, 2299]
[599, 2349]
[1080, 1385]
[1080, 2177]
[1081, 1692]
[1081, 1704]
[1081, 2294]
[1082, 1527]
[1082, 1746]
[1082, 1909]
[1083, 1153]
[1083, 1670]
[1083, 2127]
[1084, 1085]
[1084, 1422]
[1084, 1787]
[1084, 2046]
[1084, 2187]
[1085, 1252]
[1085, 1389]
[1085, 1422]
[1085, 2188]
[1086, 1341]
[1086, 1837]
[1086, 2270]
[1087, 1133]
[1087, 1410]
[1087, 1504]
[1087, 1613]
[1088, 1192]
[1088, 1830]
[1088, 1970]
[1089, 1753]
[1089, 2362]
[1090, 1241]
[1090, 1272]
[1090, 2187]
[1090, 2188]
[1090, 2296]
[1091, 1119]
[1091, 1438]
[1091, 1584]
[1092, 1287]
[1092, 1671]
[1092, 1842]
[1092, 2047]
[1092, 2099]
[1093, 1996]
[1093, 2063]
[1093, 2260]
[1093, 2352]
[1094, 1492]
[1094, 1504]
[1094, 1521]
[1094, 1633]
[1095, 1131]
[1095, 2152]
[1096, 1318]
[1096, 1849]
[1097, 1136]
[1097, 1189]
[1097, 1395]
[1097, 2246]
[1098, 1260]
[1098, 1264]
[1098, 2300]
[1099, 1368]
[1099, 1889]
[1099, 2112]
[1099, 2125]
[1100, 1392]
[1100, 1620]
[1100, 1729]
[1101, 1430]
[1101, 1713]
[1101, 1814]
[1101, 2191]
[1102, 1185]
[1102, 2203]
[1102, 2218]
[1103, 1293]
[1103, 2329]
[1104, 1528]
[1104, 1696]
[1104, 1714]
[1105, 1257]
[1105, 1349]
[1105, 1368]
[1105, 1804]
[1105, 2125]
[1106, 1182]
[1106, 1400]
[1106, 1792]
[1106, 2285]
[1107, 1127]
[1107, 1341]
[1107, 1435]
[1107, 1818]
[1108, 1507]
[1108, 2286]
[1108, 2328]
[1109, 1206]
[1109, 1647]
[1109, 1652]
[1109, 1984]
[1110, 1932]
[1110, 2195]
[1110, 2253]
[1111, 1302]
[1111, 1831]
[1112, 1454]
[1112, 2076]
[1112, 2084]
[1113, 1722]
[1113, 1946]
[1113, 2270]
[1114, 1252]
[1114, 1457]
[1114, 1487]
[1114, 1526]
[1115, 1745]
[1115, 1991]
[1115, 2386]
[1116, 1268]
[1116, 1785]
[1116, 2104]
[1116, 2149]
[1116, 2285]
[1116, 2290]
[1117, 1462]
[1117, 1532]
[1117, 1947]
[1118, 1273]
[1118, 1528]
[1118, 1714]
[1118, 2269]
[1119, 1128]
[1119, 1438]
[1119, 2049]
[1120, 1321]
[1120, 1905]
[1120, 1906]
[1120, 2148]
[1120, 2288]
[1121, 1171]
[1121, 1614]
[1121, 2222]
[1122, 1233]
[1122, 1471]
[1122, 1995]
[1122, 2162]
[1123, 1661]
[1123, 2034]
[1123, 2320]
[1124, 1276]
[1124, 2139]
[1124, 2250]
[1125, 1536]
[1125, 2107]
[1125, 2181]
[1126, 1131]
[1126, 1598]
[1126, 1954]
[1126, 2347]
[1127, 1762]
[1127, 1818]
[1128, 1452]
[1129, 1717]
[1129, 2028]
[1129, 2224]
[1130, 1187]
[1130, 1222]
[1130, 1401]
[1130, 1406]
[1130, 1843]
[1131, 1552]
[1131, 1954]
[1132, 1176]
[1132, 1775]
[1132, 1951]
[1132, 2176]
[1132, 2268]
[1132, 2281]
[1133, 1410]
[1133, 1492]
[1133, 1937]
[1133, 1988]
[1134, 1500]
[1134, 1571]
[1134, 1644]
[1134, 1972]
[1135, 1723]
[1135, 1839]
[1135, 2192]
[1136, 1372]
[1136, 1835]
[1136, 2119]
[1136, 2266]
[1137, 1722]
[1137, 1932]
[1137, 1946]
[1138, 1277]
[1138, 1312]
[1138, 1822]
[1138, 2070]
[1139, 1171]
[1139, 1286]
[1139, 1482]
[1140, 1728]
[1140, 2288]
[1141, 1155]
[1141, 1631]
[1142, 1380]
[1142, 2217]
[1143, 1429]
[1144, 1258]
[1144, 1593]
[1144, 1983]
[1144, 2338]
[1146, 1546]
[1146, 2055]
[1146, 2324]
[1147, 1268]
[1147, 1322]
[1147, 1678]
[1147, 2197]
[1148, 1169]
[1148, 1210]
[1148, 1409]
[1148, 2301]
[1149, 1220]
[1149, 1646]
[1150, 2072]
[1150, 2136]
[1150, 2171]
[1150, 2338]
[1151, 1173]
[1151, 1278]
[1151, 1349]
[1152, 1366]
[1152, 1427]
[1152, 1432]
[1152, 1962]
[1153, 1356]
[1153, 1670]
[1153, 1713]
[1154, 1437]
[1154, 2322]
[1155, 1517]
[1156, 1488]
[1156, 1771]
[1156, 2355]
[1157, 1433]
[1157, 1810]
[1157, 2297]
[1158, 1950]
[1158, 1976]
[1158, 2342]
[1159, 1229]
[1159, 1585]
[1159, 1674]
[1159, 2156]
[1160, 1889]
[1160, 2171]
[1160, 2351]
[1161, 1197]
[1161, 1413]
[1161, 1511]
[1161, 2204]
[1162, 1670]
[1162, 2094]
[1162, 2127]
[1163, 1193]
[1163, 1540]
[1163, 1989]
[1164, 1663]
[1164, 1892]
[1164, 2288]
[1165, 1235]
[1165, 1266]
[1165, 2377]
[1165, 2382]
[1166, 1528]
[1166, 1586]
[1166, 1691]
[1166, 2035]
[1166, 2084]
[1167, 1237]
[1167, 2213]
[1167, 2362]
[1168, 1899]
[1168, 2039]
[1169, 1210]
[1169, 1788]
[1169, 2043]
[1170, 1884]
[1170, 1967]
[1171, 2222]
[1172, 1904]
[1172, 2072]
[1172, 2172]
[1173, 1327]
[1173, 1560]
[1173, 1861]
[1173, 2122]
[1174, 2273]
[1175, 1530]
[1175, 1651]
[1175, 1719]
[1176, 1676]
[1176, 1908]
[1176, 1951]
[1176, 2281]
[1177, 1426]
[1177, 2293]
[1178, 1427]
[1178, 2169]
[1178, 2288]
[1179, 1997]
[1179, 2145]
[1179, 2183]
[1180, 1975]
[1180, 1997]
[1181, 1593]
[1181, 2067]
[1181, 2201]
[1182, 1268]
[1182, 1287]
[1182, 1400]
[1182, 2285]
[1183, 1789]
[1183, 2133]
[1183, 2167]
[1183, 2252]
[1184, 1706]
[1184, 1951]
[1184, 2037]
[1185, 2093]
[1185, 2368]
[1186, 1530]
[1186, 1749]
[1186, 2231]
[1187, 1401]
[1187, 1405]
[1187, 1406]
[1188, 1783]
[1188, 1874]
[1188, 1952]
[1189, 1372]
[1189, 2058]
[1189, 2246]
[1190, 1266]
[1190, 1345]
[1190, 1462]
[1190, 1611]
[1191, 1502]
[1191, 1773]
[1191, 2001]
[1192, 1830]
[1192, 2009]
[1193, 1257]
[1193, 1555]
[1193, 2166]
[1194, 1709]
[1194, 1911]
[1195, 1204]
[1195, 1332]
[1195, 1839]
[1195, 2192]
[1196, 1205]
[1196, 2123]
[1196, 2265]
[1197, 1441]
[1197, 2185]
[1198, 1214]
[1198, 1226]
[1198, 1275]
[1198, 1317]
[1198, 1910]
[1198, 1935]
[1199, 1548]
[1199, 1755]
[1199, 1880]
[1199, 2015]
[1199, 2074]
[1680, 2092]
[1680, 2376]
[1681, 1774]
[1681, 1939]
[1681, 2210]
[1681, 2354]
[1681, 2364]
[1682, 1930]
[1683, 1720]
[1685, 2103]
[1686, 1797]
[1686, 2032]
[1686, 2092]
[1687, 2108]
[1688, 1737]
[1688, 1797]
[1689, 2122]
[1690, 1986]
[1691, 2273]
[1691, 2372]
[1692, 2057]
[1692, 2294]
[1693, 1700]
[1694, 1951]
[1694, 2153]
[1694, 2268]
[1695, 1723]
[1695, 2391]
[1696, 1766]
[1696, 2311]
[1696, 2354]
[1697, 1801]
[1698, 1989]
[1698, 2330]
[1698, 2370]
[1699, 1801]
[1702, 1749]
[1702, 2231]
[1702, 2372]
[1703, 2105]
[1704, 1786]
[1704, 2057]
[1705, 1957]
[1705, 1973]
[1706, 2037]
[1706, 2355]
[1707, 1972]
[1707, 2251]
[1708, 1909]
[1709, 1911]
[1709, 2287]
[1710, 2099]
[1711, 2328]
[1712, 1762]
[1712, 1818]
[1712, 2086]
[1712, 2101]
[1715, 2056]
[1715, 2355]
[1716, 1750]
[1716, 1862]
[1716, 1969]
[1717, 2028]
[1718, 2036]
[1718, 2254]
[1719, 1806]
[1719, 2210]
[1719, 2364]
[1720, 1959]
[1720, 2168]
[1721, 1901]
[1721, 2023]
[1722, 2195]
[1722, 2387]
[1723, 1839]
[1724, 1752]
[1724, 2121]
[1725, 1746]
[1725, 2318]
[1725, 2382]
[1726, 2061]
[1727, 1941]
[1727, 1975]
[1727, 2130]
[1728, 2288]
[1729, 1745]
[1729, 1987]
[1729, 1991]
[1730, 1821]
[1730, 1898]
[1730, 2341]
[1731, 2097]
[1731, 2226]
[1732, 1976]
[1732, 2189]
[1732, 2304]
[1733, 1782]
[1733, 2086]
[1733, 2176]
[1734, 1918]
[1735, 2365]
[1736, 1791]
[1736, 2019]
[1736, 2395]
[1737, 1830]
[1737, 1970]
[1737, 2014]
[1738, 1955]
[1738, 2044]
[1739, 2000]
[1740, 1938]
[1740, 2398]
[1741, 1915]
[1742, 2031]
[1742, 2293]
[1743, 1744]
[1744, 2181]
[1745, 2194]
[1745, 2386]
[1746, 1909]
[1747, 1953]
[1747, 2295]
[1748, 2267]
[1750, 2192]
[1750, 2303]
[1751, 1758]
[1751, 2128]
[1751, 2302]
[1751, 2359]
[1752, 1915]
[1752, 2121]
[1753, 2052]
[1754, 1989]
[1754, 2042]
[1755, 1880]
[1755, 2015]
[1755, 2024]
[1755, 2078]
[1756, 2327]
[1757, 1763]
[1758, 2128]
[1758, 2359]
[1759, 1805]
[1759, 1870]
[1759, 2170]
[1760, 1835]
[1760, 1921]
[1760, 2021]
[1760, 2119]
[1761, 1767]
[1761, 2115]
[1761, 2243]
[1761, 2262]
[1762, 2101]
[1764, 1813]
[1765, 1837]
[1765, 1929]
[1766, 1939]
[1766, 2215]
[1767, 2262]
[1768, 1779]
[1770, 1788]
[1770, 1940]
[1770, 2137]
[1771, 2355]
[1772, 1856]
[1772, 1977]
[1772, 2100]
[1773, 2001]
[1773, 2383]
[1774, 2364]
[1775, 1782]
[1775, 1934]
[1775, 2095]
[1775, 2132]
[1776, 1965]
[1776, 2267]
[1777, 2188]
[1778, 2027]
[1779, 2386]
[1780, 2221]
[1780, 2227]
[1781, 2315]
[1783, 1874]
[1783, 1952]
[1783, 1988]
[1783, 2379]
[1784, 1848]
[1784, 1871]
[1784, 2339]
[1785, 1948]
[1785, 2137]
[1786, 1820]
[1787, 2173]
[1789, 2350]
[1791, 1848]
[1791, 2395]
[1792, 2091]
[1792, 2163]
[1792, 2202]
[1793, 2190]
[1794, 2013]
[1795, 1932]
[1795, 2140]
[1796, 1961]
[1798, 1869]
[1798, 1873]
[1798, 2012]
[1799, 1966]
[1799, 2191]
[1799, 2331]
[1799, 2389]
[1802, 2097]
[1803, 1864]
[1803, 1897]
[1805, 2153]
[1805, 2358]
[1806, 2210]
[1807, 1980]
[1808, 2193]
[1809, 2068]
[1809, 2363]
[1809, 2366]
[1811, 2146]
[1811, 2333]
[1812, 2010]
[1812, 2241]
[1813, 1817]
[1813, 2130]
[1813, 2296]
[1816, 2220]
[1816, 2237]
[1817, 1922]
[1819, 1972]
[1821, 1898]
[1821, 2354]
[1822, 1904]
[1822, 2172]
[1822, 2207]
[1823, 2255]
[1823, 2308]
[1824, 2124]
[1824, 2299]
[1824, 2396]
[1825, 2087]
[1826, 1893]
[1826, 2087]
[1827, 1926]
[1828, 1871]
[1829, 1852]
[1829, 2156]
[1832, 1859]
[1832, 1883]
[1833, 1840]
[1835, 1921]
[1835, 2046]
[1836, 2083]
[1836, 2340]
[1837, 1929]
[1838, 2225]
[1838, 2390]
[1840, 1998]
[1841, 2147]
[1841, 2186]
[1842, 2066]
[1843, 2314]
[1843, 2319]
[1845, 2073]
[1846, 2311]
[1846, 2341]
[1846, 2354]
[1847, 1885]
[1847, 2358]
[1848, 2019]
[1848, 2356]
[1849, 2217]
[1849, 2256]
[1849, 2336]
[1850, 1857]
[1850, 2012]
[1850, 2158]
[1850, 2218]
[1851, 1987]
[1851, 1993]
[1851, 2062]
[1851, 2381]
[1852, 1954]
[1855, 1867]
[1855, 2117]
[1855, 2178]
[1856, 2081]
[1856, 2346]
[1857, 1902]
[1857, 2063]
[1859, 2350]
[1860, 1979]
[1861, 1878]
[1861, 1995]
[1861, 2122]
[1862, 1969]
[1863, 2368]
[1864, 1897]
[1865, 1912]
[1865, 2330]
[1865, 2370]
[1866, 1868]
[1866, 1953]
[1866, 2221]
[1867, 1872]
[1867, 2260]
[1868, 1953]
[1868, 2227]
[1869, 1873]
[1869, 2208]
[1869, 2363]
[1870, 2153]
[1871, 2021]
[1872, 1996]
[1872, 2071]
[1872, 2260]
[1873, 2366]
[1874, 1952]
[1874, 2060]
[1876, 1993]
[1876, 2307]
[1876, 2381]
[1877, 2068]
[1877, 2158]
[1877, 2218]
[1877, 2352]
[1878, 2042]
[1879, 2225]
[1880, 2015]
[1880, 2061]
[1880, 2283]
[1882, 2096]
[1883, 1893]
[1884, 2110]
[1884, 2255]
[1885, 2358]
[1886, 1989]
[1886, 2312]
[1887, 2178]
[1887, 2258]
[1888, 1912]
[1888, 2152]
[1889, 1966]
[1889, 2094]
[1890, 2163]
[1890, 2164]
[1890, 2214]
[1891, 1920]
[1891, 2133]
[1891, 2350]
[1892, 2148]
[1892, 2209]
[1894, 2206]
[1896, 2139]
[1896, 2250]
[1900, 1914]
[1900, 2378]
[1901, 2089]
[1902, 2012]
[1902, 2063]
[1904, 2160]
[1905, 1906]
[1905, 1917]
[1906, 2175]
[1906, 2233]
[1908, 2123]
[1908, 2131]
[1908, 2176]
[1912, 2330]
[1914, 2135]
[1916, 2321]
[1917, 1985]
[1917, 2016]
[1919, 2314]
[120, 288]
[120, 376]
[120, 524]
[120, 1411]
[120, 1847]
[121, 261]
[121, 570]
[121, 582]
[121, 798]
[121, 881]
[121, 918]
[122, 657]
[122, 1122]
[122, 1356]
[122, 1471]
[122, 1515]
[122, 2162]
[123, 934]
[123, 940]
[123, 1284]
[123, 1455]
[123, 1594]
[123, 1808]
[124, 508]
[124, 1071]
[124, 1500]
[124, 1563]
[124, 1571]
[124, 2224]
[125, 602]
[125, 718]
[125, 1314]
[125, 1357]
[125, 1431]
[125, 2253]
[126, 723]
[126, 1299]
[126, 1491]
[126, 1863]
[126, 1926]
[126, 2239]
[127, 209]
[127, 299]
[127, 511]
[127, 855]
[127, 931]
[127, 1324]
[128, 466]
[128, 1455]
[128, 1541]
[128, 1781]
[128, 1808]
[128, 2315]
[129, 252]
[129, 508]
[129, 1563]
[129, 1822]
[129, 1982]
[129, 2164]
[130, 847]
[130, 1735]
[130, 1911]
[130, 2096]
[130, 2141]
[131, 182]
[131, 249]
[131, 746]
[131, 1914]
[131, 1950]
[131, 2135]
[132, 217]
[132, 298]
[132, 900]
[132, 1275]
[132, 1935]
[133, 188]
[133, 430]
[133, 792]
[133, 2219]
[134, 638]
[134, 710]
[134, 722]
[134, 1474]
[134, 1653]
[134, 1693]
[135, 452]
[135, 596]
[135, 756]
[135, 1200]
[135, 1434]
[136, 374]
[136, 822]
[136, 1291]
[136, 1311]
[136, 1894]
[136, 1907]
[137, 225]
[137, 1010]
[137, 1056]
[137, 1207]
[137, 1398]
[137, 2303]
[138, 1165]
[138, 1297]
[138, 1527]
[138, 1725]
[139, 636]
[139, 921]
[139, 998]
[139, 2058]
[139, 2169]
[139, 2271]
[140, 652]
[140, 903]
[140, 1458]
[140, 1477]
[140, 2029]
[140, 2146]
[141, 612]
[141, 1244]
[141, 1576]
[141, 1711]
[141, 2008]
[141, 2345]
[142, 284]
[142, 366]
[142, 903]
[142, 1239]
[142, 1477]
[143, 350]
[143, 379]
[143, 451]
[143, 879]
[143, 1376]
[143, 2392]
[144, 149]
[144, 926]
[144, 1009]
[144, 1692]
[144, 1882]
[144, 2001]
[145, 671]
[145, 787]
[145, 849]
[145, 1442]
[145, 1584]
[145, 2201]
[146, 317]
[146, 318]
[146, 1021]
[146, 1613]
[146, 2010]
[146, 2360]
[147, 590]
[147, 1202]
[147, 1262]
[147, 1447]
[147, 1988]
[147, 2143]
[148, 377]
[148, 871]
[148, 1417]
[148, 1432]
[148, 1640]
[148, 1968]
[149, 892]
[149, 926]
[149, 1009]
[149, 1191]
[149, 2033]
[150, 583]
[150, 875]
[150, 882]
[150, 1378]
[150, 1823]
[151, 532]
[151, 750]
[151, 954]
[151, 957]
[151, 1652]
[151, 2048]
[152, 472]
[152, 593]
[152, 1753]
[152, 1968]
[152, 2052]
[153, 306]
[153, 645]
[153, 1462]
[153, 1614]
[153, 1628]
[153, 1680]
[154, 550]
[154, 765]
[154, 810]
[154, 1687]
[154, 1858]
[154, 2173]
[155, 160]
[155, 853]
[155, 996]
[155, 1013]
[155, 1428]
[155, 1506]
[156, 893]
[156, 1234]
[156, 1802]
[156, 2048]
[156, 2097]
[157, 436]
[157, 749]
[157, 1301]
[157, 1353]
[157, 2085]
[158, 447]
[158, 856]
[158, 1002]
[158, 1830]
[158, 2009]
[159, 248]
[159, 463]
[159, 554]
[159, 754]
[159, 1778]
[159, 1881]
[160, 648]
[160, 850]
[160, 861]
[160, 1622]
[161, 303]
[161, 916]
[161, 1696]
[161, 2070]
[161, 2311]
[161, 2341]
[162, 753]
[162, 883]
[162, 1301]
[162, 1836]
[162, 2340]
[163, 322]
[163, 674]
[163, 838]
[163, 2096]
[163, 2222]
[164, 197]
[164, 353]
[164, 725]
[164, 1425]
[165, 1208]
[165, 1414]
[165, 1470]
[165, 1639]
[165, 1705]
[165, 2284]
[166, 779]
[166, 946]
[166, 986]
[166, 1172]
[166, 1904]
[166, 1974]
[167, 191]
[167, 271]
[167, 404]
[167, 888]
[167, 1518]
[167, 2318]
[168, 174]
[168, 524]
[168, 764]
[168, 1411]
[168, 1429]
[168, 2384]
[169, 1225]
[169, 1304]
[169, 1361]
[169, 1921]
[169, 2046]
[169, 2059]
[170, 598]
[170, 642]
[170, 1186]
[170, 1641]
[170, 1757]
[170, 1763]
[171, 775]
[171, 1055]
[171, 1062]
[171, 1150]
[171, 1650]
[171, 2120]
[172, 577]
[172, 899]
[172, 1037]
[172, 1141]
[172, 1155]
[172, 2052]
[173, 826]
[173, 1012]
[173, 1399]
[173, 1595]
[173, 2114]
[173, 2274]
[174, 451]
[174, 1592]
[174, 2038]
[174, 2264]
[174, 2392]
[175, 930]
[175, 1185]
[175, 1403]
[175, 1877]
[175, 1963]
[175, 2218]
[176, 188]
[176, 876]
[176, 1733]
[176, 1908]
[176, 2086]
[176, 2101]
[177, 236]
[177, 460]
[177, 515]
[177, 780]
[177, 1469]
[178, 421]
[178, 872]
[178, 1195]
[178, 1414]
[178, 1461]
[178, 1470]
[179, 1224]
[179, 1945]
[179, 2072]
[179, 2252]
[179, 2275]
[179, 2338]
[180, 1144]
[180, 1258]
[180, 1354]
[180, 1945]
[180, 1983]
[180, 2290]
[181, 213]
[181, 709]
[181, 1840]
[181, 1963]
[181, 1998]
[181, 2152]
[182, 302]
[182, 872]
[182, 1900]
[182, 1976]
[182, 2378]
[183, 535]
[183, 579]
[183, 665]
[183, 668]
[183, 960]
[183, 1575]
[184, 395]
[184, 704]
[184, 737]
[184, 982]
[184, 1051]
[184, 1390]
[185, 271]
[185, 888]
[185, 1610]
[185, 1844]
[185, 2019]
[185, 2241]
[186, 466]
[186, 837]
[186, 1399]
[186, 1629]
[186, 1922]
[186, 2315]
[187, 247]
[187, 419]
[187, 639]
[187, 761]
[187, 1024]
[187, 1952]
[188, 1263]
[188, 1733]
[188, 1762]
[188, 2086]
[189, 358]
[189, 367]
[189, 1331]
[189, 1498]
[189, 2313]
[190, 267]
[190, 391]
[190, 736]
[190, 1603]
[190, 1918]
[191, 888]
[191, 932]
[191, 1309]
[191, 1334]
[191, 1518]
[192, 211]
[192, 385]
[192, 1505]
[192, 1522]
[192, 1635]
[192, 1765]
[193, 375]
[193, 894]
[193, 1108]
[193, 1212]
[193, 1501]
[193, 2297]
[194, 817]
[194, 1147]
[194, 1287]
[194, 1486]
[194, 2045]
[194, 2099]
[195, 513]
[195, 968]
[195, 1062]
[195, 1558]
[195, 1825]
[195, 1923]
[196, 881]
[196, 1156]
[196, 1184]
[196, 1771]
[196, 2235]
[196, 2355]
[197, 368]
[197, 503]
[197, 975]
[197, 1792]
[197, 2389]
[198, 347]
[198, 546]
[198, 1810]
[198, 1816]
[198, 2220]
[199, 309]
[199, 948]
[199, 1282]
[199, 1675]
[199, 2233]
[199, 2240]
[200, 565]
[200, 1052]
[200, 1353]
[200, 2085]
[200, 2132]
[200, 2268]
[201, 485]
[201, 1566]
[201, 1736]
[201, 1769]
[201, 1791]
[201, 2395]
[202, 387]
[202, 598]
[202, 619]
[202, 718]
[202, 1396]
[202, 2199]
[203, 615]
[203, 1065]
[203, 1143]
[203, 1429]
[203, 1475]
[203, 2181]
[204, 432]
[204, 656]
[204, 927]
[204, 935]
[204, 1466]
[204, 2167]
[205, 213]
[205, 396]
[205, 698]
[205, 1833]
[205, 1852]
[206, 1294]
[206, 1348]
[206, 1698]
[206, 1886]
[206, 2239]
[206, 2370]
[207, 471]
[207, 797]
[207, 1188]
[207, 1595]
[207, 1615]
[207, 2379]
[208, 323]
[208, 365]
[208, 560]
[208, 1119]
[208, 1281]
[208, 1328]
[209, 492]
[209, 992]
[209, 1481]
[209, 2106]
[209, 2278]
[210, 234]
[210, 331]
[210, 1280]
[210, 1680]
[210, 1686]
[210, 2032]
[211, 378]
[211, 423]
[211, 1577]
[212, 221]
[212, 576]
[212, 727]
[212, 814]
[212, 1004]
[213, 1302]
[213, 1840]
[213, 1998]
[214, 570]
[214, 768]
[214, 806]
[214, 1525]
[214, 1746]
[215, 302]
[215, 915]
[215, 1350]
[215, 1705]
[215, 2225]
[216, 402]
[216, 548]
[216, 859]
[216, 968]
[216, 1923]
[216, 2026]
[217, 985]
[217, 1275]
[217, 1317]
[217, 1446]
[218, 625]
[218, 785]
[218, 1432]
[218, 1566]
[218, 2266]
[219, 1098]
[219, 1260]
[219, 1264]
[219, 1380]
[219, 2000]
[219, 2230]
[220, 634]
[220, 644]
[220, 669]
[220, 1380]
[220, 1742]
[220, 2293]
[221, 233]
[221, 701]
[221, 1330]
[221, 1415]
[222, 502]
[222, 1282]
[222, 1942]
[222, 1971]
[222, 2023]
[222, 2233]
[223, 754]
[223, 763]
[223, 911]
[223, 1838]
[223, 2027]
[223, 2089]
[224, 545]
[224, 571]
[224, 841]
[224, 898]
[224, 1155]
[224, 1310]
[225, 336]
[225, 572]
[225, 991]
[225, 1529]
[225, 1940]
[226, 585]
[226, 659]
[226, 786]
[226, 1357]
[226, 2223]
[226, 2253]
[227, 404]
[227, 679]
[227, 888]
[227, 932]
[227, 1625]
[227, 2323]
[228, 1192]
[228, 1614]
[228, 1628]
[228, 1737]
[228, 1797]
[228, 1970]
[229, 1001]
[229, 1358]
[229, 1533]
[229, 2165]
[230, 400]
[230, 497]
[230, 686]
[230, 1137]
[230, 1535]
[230, 1641]
[231, 617]
[231, 771]
[231, 1639]
[231, 1705]
[231, 1957]
[231, 1973]
[232, 1054]
[232, 1248]
[232, 1391]
[232, 1621]
[232, 1895]
[233, 506]
[233, 649]
[233, 701]
[233, 1004]
[234, 685]
[234, 1146]
[234, 1309]
[234, 1513]
[234, 2055]
[235, 417]
[235, 1080]
[235, 1228]
[235, 1630]
[235, 1708]
[236, 515]
[236, 1469]
[236, 1767]
[236, 1925]
[237, 934]
[237, 1211]
[237, 1859]
[237, 2054]
[237, 2118]
[237, 2193]
[238, 518]
[238, 550]
[238, 1487]
[238, 1647]
[238, 1860]
[238, 1979]
[239, 406]
[239, 1211]
[239, 1483]
[239, 1744]
[239, 2193]
[1200, 2292]
[1201, 1331]
[1201, 2243]
[1201, 2251]
[1202, 1223]
[1202, 1262]
[1202, 1391]
[1202, 1447]
[1203, 2013]
[1203, 2134]
[1204, 1332]
[1204, 1470]
[1204, 2017]
[1204, 2192]
[1204, 2303]
[1205, 2131]
[1205, 2265]
[1206, 1647]
[1206, 1652]
[1206, 2050]
[1206, 2325]
[1207, 1398]
[1207, 1750]
[1207, 2357]
[1208, 1414]
[1208, 1639]
[1208, 1957]
[1208, 2276]
[1209, 1363]
[1209, 1785]
[1209, 2282]
[1210, 2011]
[1210, 2314]
[1211, 1451]
[1211, 1588]
[1211, 1744]
[1212, 1559]
[1212, 1810]
[1212, 2297]
[1213, 1217]
[1213, 1377]
[1213, 1795]
[1213, 1913]
[1213, 2079]
[1214, 1413]
[1214, 1568]
[1214, 1959]
[1214, 2394]
[1215, 1375]
[1215, 1500]
[1215, 1601]
[1216, 1270]
[1216, 1343]
[1216, 1896]
[1216, 2069]
[1216, 2279]
[1217, 1377]
[1217, 1641]
[1217, 1932]
[1218, 1283]
[1218, 1368]
[1218, 1754]
[1219, 1234]
[1219, 1556]
[1219, 1710]
[1219, 2045]
[1219, 2074]
[1220, 1556]
[1220, 1875]
[1220, 2226]
[1221, 1573]
[1221, 1826]
[1221, 1834]
[1221, 1893]
[1222, 1241]
[1222, 2008]
[1222, 2188]
[1223, 1874]
[1223, 1988]
[1224, 1258]
[1224, 1933]
[1224, 1945]
[1224, 1990]
[1224, 2338]
[1225, 1395]
[1225, 1687]
[1225, 2108]
[1225, 2399]
[1226, 1317]
[1226, 1568]
[1226, 1935]
[1227, 1273]
[1227, 1766]
[1227, 2215]
[1228, 1385]
[1228, 1684]
[1229, 1239]
[1229, 1290]
[1229, 2347]
[1230, 1339]
[1230, 2004]
[1230, 2327]
[1231, 1269]
[1231, 1355]
[1231, 1840]
[1231, 2230]
[1232, 1312]
[1232, 1714]
[1232, 1834]
[1232, 1893]
[1233, 1430]
[1233, 1814]
[1233, 1878]
[1234, 1548]
[1234, 1802]
[1234, 2097]
[1235, 1314]
[1235, 1431]
[1236, 1626]
[1236, 1668]
[1237, 1449]
[1238, 1837]
[1238, 2022]
[1239, 2237]
[1240, 1367]
[1240, 1841]
[1240, 1842]
[1240, 2066]
[1241, 1401]
[1241, 2008]
[1242, 1381]
[1242, 1642]
[1242, 2020]
[1243, 1572]
[1243, 2036]
[1243, 2075]
[1244, 1501]
[1244, 1507]
[1244, 2345]
[1245, 1759]
[1245, 1805]
[1245, 1847]
[1246, 1608]
[1246, 1693]
[1246, 1700]
[1246, 2159]
[1247, 1521]
[1247, 1977]
[1247, 2349]
[1248, 1419]
[1248, 2388]
[1249, 1654]
[1249, 1735]
[1249, 2365]
[1250, 1697]
[1250, 2279]
[1250, 2353]
[1251, 1589]
[1251, 1660]
[1251, 1812]
[1251, 2170]
[1251, 2241]
[1252, 1787]
[1252, 2173]
[1253, 1672]
[1253, 1794]
[1253, 1991]
[1253, 2013]
[1254, 1780]
[1254, 1851]
[1254, 1987]
[1254, 1993]
[1255, 1316]
[1255, 1516]
[1255, 1747]
[1255, 1859]
[1255, 1891]
[1255, 2054]
[1256, 1579]
[1257, 1368]
[1257, 1754]
[1257, 1804]
[1258, 1604]
[1258, 1983]
[1259, 1691]
[1259, 2035]
[1259, 2248]
[1260, 1264]
[1261, 1463]
[1261, 1608]
[1261, 1837]
[1262, 1279]
[1262, 1447]
[1263, 1296]
[1263, 1515]
[1263, 1782]
[1264, 1739]
[1265, 1509]
[1265, 1545]
[1265, 1654]
[1266, 1611]
[1266, 1913]
[1267, 1654]
[1267, 1735]
[1267, 1748]
[1267, 1776]
[1268, 1948]
[1268, 2104]
[1268, 2149]
[1269, 1355]
[1269, 1998]
[1269, 2352]
[1270, 1343]
[1270, 2069]
[1270, 2373]
[1271, 2276]
[1272, 1422]
[1272, 2008]
[1272, 2187]
[1272, 2188]
[1273, 1655]
[1274, 1298]
[1274, 1309]
[1274, 1627]
[1274, 1680]
[1274, 2151]
[1276, 1726]
[1276, 1936]
[1276, 2018]
[1276, 2348]
[1277, 1834]
[1277, 2167]
[1277, 2172]
[1278, 1349]
[1278, 1804]
[1278, 2098]
[1279, 1504]
[1279, 1521]
[1279, 2143]
[1279, 2299]
[1280, 1628]
[1280, 1688]
[1280, 1797]
[1282, 1675]
[1282, 2321]
[1283, 1581]
[1283, 1754]
[1283, 1886]
[1283, 2191]
[1284, 1781]
[1284, 1808]
[1284, 2054]
[1285, 1629]
[1285, 1764]
[1285, 1817]
[1286, 1482]
[1286, 1662]
[1286, 2206]
[1286, 2317]
[1287, 1671]
[1288, 1599]
[1288, 1650]
[1288, 2120]
[1288, 2275]
[1289, 1495]
[1289, 1679]
[1289, 1703]
[1290, 1506]
[1290, 1674]
[1290, 2237]
[1291, 1894]
[1291, 1964]
[1292, 1565]
[1292, 1634]
[1293, 1793]
[1293, 2237]
[1294, 1581]
[1294, 2093]
[1295, 2232]
[1296, 1665]
[1296, 1782]
[1296, 2095]
[1297, 1334]
[1297, 1684]
[1297, 1725]
[1298, 1545]
[1298, 1606]
[1298, 2151]
[1298, 2323]
[1299, 2239]
[1299, 2370]
[1300, 1723]
[1300, 1943]
[1300, 1994]
[1300, 2113]
[1301, 1836]
[1301, 2340]
[1302, 1963]
[1302, 2068]
[1303, 1308]
[1303, 1550]
[1303, 2236]
[1303, 2383]
[1304, 1582]
[1304, 1687]
[1304, 2046]
[1304, 2059]
[1305, 1730]
[1305, 2028]
[1306, 1432]
[1306, 1546]
[1306, 2055]
[1306, 2102]
[1307, 1423]
[1307, 1520]
[1307, 1561]
[1307, 1682]
[1307, 2027]
[1308, 2106]
[1308, 2243]
[1309, 1606]
[1309, 1769]
[1310, 1630]
[1310, 2217]
[1310, 2336]
[1311, 1445]
[1311, 1964]
[1312, 1834]
[1312, 2160]
[1313, 1835]
[1313, 2187]
[1313, 2296]
[1314, 1913]
[1314, 2253]
[1315, 1345]
[1315, 1611]
[1315, 1617]
[1315, 1970]
[1315, 2014]
[1316, 1516]
[1316, 1859]
[1316, 2118]
[1316, 2295]
[1317, 1935]
[1317, 2300]
[1317, 2394]
[1319, 1580]
[1319, 1634]
[1920, 1990]
[1920, 2067]
[1920, 2201]
[1920, 2275]
[1921, 2174]
[1921, 2266]
[1922, 1956]
[1924, 1960]
[1925, 1933]
[1925, 2080]
[1925, 2200]
[1926, 2103]
[1928, 2174]
[1928, 2180]
[1929, 2022]
[1931, 1975]
[1931, 2343]
[1931, 2383]
[1933, 2212]
[1933, 2252]
[1934, 2007]
[1934, 2095]
[1934, 2281]
[1934, 2337]
[1936, 2018]
[1938, 2077]
[1938, 2147]
[1942, 2306]
[1943, 2082]
[1943, 2369]
[1945, 2136]
[1945, 2338]
[1947, 2053]
[1947, 2199]
[1948, 2137]
[1949, 2205]
[1950, 2196]
[1951, 2123]
[1951, 2281]
[1955, 2308]
[1955, 2334]
[1956, 2244]
[1956, 2289]
[1956, 2296]
[1957, 1958]
[1957, 1973]
[1959, 2394]
[1961, 2138]
[1961, 2180]
[1961, 2385]
[1962, 1985]
[1962, 2246]
[1963, 2068]
[1964, 2310]
[1965, 2040]
[1965, 2053]
[1965, 2267]
[1966, 2094]
[1968, 2102]
[1969, 2066]
[1971, 2233]
[1971, 2306]
[1973, 2155]
[1974, 2030]
[1974, 2091]
[1974, 2163]
[1975, 2234]
[1977, 2100]
[1977, 2292]
[1979, 2316]
[1982, 2214]
[1984, 2023]
[1984, 2325]
[1986, 2217]
[1987, 1993]
[1987, 2221]
[1990, 2067]
[1990, 2275]
[1992, 2003]
[1992, 2050]
[1992, 2326]
[1993, 2227]
[1994, 2113]
[1997, 2145]
[1997, 2183]
[1998, 2068]
[1999, 2073]
[1999, 2198]
[2001, 2305]
[2001, 2343]
[2002, 2280]
[2002, 2316]
[2003, 2050]
[2005, 2199]
[2005, 2317]
[2006, 2213]
[2007, 2367]
[2010, 2034]
[2010, 2320]
[2011, 2043]
[2012, 2158]
[2012, 2344]
[2016, 2353]
[2016, 2399]
[2018, 2061]
[2018, 2064]
[2019, 2356]
[2020, 2332]
[2021, 2174]
[2021, 2274]
[2024, 2074]
[2025, 2071]
[2026, 2332]
[2028, 2164]
[2029, 2139]
[2029, 2279]
[2029, 2333]
[2031, 2291]
[2032, 2055]
[2032, 2169]
[2035, 2038]
[2035, 2084]
[2035, 2269]
[2036, 2044]
[2036, 2075]
[2037, 2281]
[1320, 1329]
[1320, 1594]
[1320, 1619]
[1320, 2115]
[1321, 1366]
[1321, 1427]
[1321, 1699]
[1321, 1917]
[1321, 1985]
[1322, 2104]
[1322, 2129]
[1322, 2197]
[1323, 1768]
[1323, 2013]
[1324, 1623]
[1324, 1924]
[1324, 2150]
[1324, 2157]
[1325, 1574]
[1326, 1361]
[1326, 1582]
[1326, 2059]
[1326, 2328]
[1327, 1533]
[1327, 1689]
[1328, 1352]
[1328, 1420]
[1328, 2309]
[1329, 1600]
[1329, 1624]
[1329, 1767]
[1329, 2115]
[1330, 1574]
[1330, 1580]
[1330, 2348]
[1331, 1418]
[1331, 1707]
[1332, 2192]
[1333, 1751]
[1333, 2216]
[1334, 1513]
[1334, 2111]
[1334, 2318]
[1335, 2112]
[1336, 1387]
[1336, 1414]
[1336, 2226]
[1336, 2284]
[1337, 1379]
[1337, 1633]
[1338, 1815]
[1339, 1371]
[1339, 2025]
[1340, 1552]
[1340, 1666]
[1340, 1954]
[1340, 2347]
[1341, 1382]
[1342, 1642]
[1342, 2020]
[1342, 2160]
[1343, 1448]
[1343, 1597]
[1343, 2069]
[1344, 1515]
[1344, 1665]
[1344, 2344]
[1345, 1628]
[1345, 1684]
[1345, 2014]
[1346, 1697]
[1346, 2388]
[1347, 1355]
[1347, 1403]
[1347, 1996]
[1347, 2257]
[1347, 2352]
[1348, 1698]
[1348, 1912]
[1348, 2093]
[1348, 2370]
[1349, 1861]
[1350, 1512]
[1350, 1838]
[1350, 1900]
[1351, 1986]
[1351, 2298]
[1352, 1501]
[1352, 1559]
[1352, 1576]
[1352, 2110]
[1352, 2345]
[1353, 2384]
[1354, 1604]
[1354, 1785]
[1354, 2080]
[1355, 1464]
[1357, 1416]
[1358, 1404]
[1358, 1519]
[1358, 2165]
[1359, 1443]
[1359, 1664]
[1360, 1790]
[1360, 1965]
[1360, 2375]
[1361, 1490]
[1361, 1582]
[1361, 1928]
[1362, 1509]
[1362, 2234]
[1363, 1948]
[1363, 2282]
[1364, 1552]
[1364, 1607]
[1364, 1666]
[1365, 1709]
[1365, 2088]
[1365, 2234]
[1366, 1917]
[1366, 1985]
[1366, 2399]
[1367, 1716]
[1367, 1862]
[1367, 1969]
[1367, 2393]
[1368, 1804]
[1369, 1509]
[1369, 2395]
[1370, 1388]
[1370, 1706]
[1372, 2119]
[1372, 2266]
[1373, 1558]
[1373, 2020]
[1373, 2160]
[1374, 1441]
[1374, 2159]
[1374, 2185]
[1375, 1601]
[1375, 1644]
[1375, 2310]
[1376, 1826]
[1376, 2264]
[1378, 1421]
[1378, 1467]
[1378, 1553]
[1378, 1955]
[1378, 2308]
[1379, 1492]
[1379, 1633]
[1379, 1672]
[1381, 1642]
[1381, 1898]
[1381, 2076]
[1382, 1635]
[1382, 1765]
[1382, 1837]
[1382, 1929]
[1383, 1405]
[1383, 1406]
[1383, 1843]
[1383, 2319]
[1384, 1633]
[1384, 1672]
[1384, 2165]
[1384, 2396]
[1385, 1684]
[1385, 2014]
[1386, 1798]
[1386, 1809]
[1386, 1869]
[1386, 1873]
[1386, 2158]
[1387, 1875]
[1387, 2226]
[1387, 2284]
[1388, 2037]
[1389, 1457]
[1389, 1507]
[1389, 1711]
[1390, 1793]
[1391, 1524]
[1391, 1701]
[1392, 2085]
[1392, 2132]
[1392, 2337]
[1392, 2361]
[1393, 1571]
[1393, 2070]
[1394, 1495]
[1394, 2105]
[1395, 1687]
[1395, 2046]
[1395, 2108]
[1396, 1439]
[1396, 1757]
[1396, 2005]
[1397, 1433]
[1397, 1638]
[1397, 1811]
[1397, 2286]
[1397, 2326]
[1398, 1940]
[1398, 2282]
[1399, 1854]
[1399, 1956]
[1399, 2244]
[1399, 2289]
[1400, 1671]
[1400, 2149]
[1400, 2285]
[1401, 1406]
[1401, 1442]
[1401, 1619]
[1402, 2270]
[1402, 2327]
[1403, 2352]
[1404, 1508]
[1404, 1873]
[1404, 2208]
[1405, 1551]
[1405, 1843]
[1405, 2319]
[1406, 1624]
[1407, 1607]
[1407, 1831]
[1407, 1888]
[1407, 2330]
[1408, 1410]
[1408, 1620]
[1408, 1937]
[1409, 1770]
[1409, 1788]
[1410, 2360]
[1411, 1885]
[1412, 1690]
[1412, 1892]
[1412, 2209]
[1413, 1720]
[1413, 2168]
[1414, 1639]
[1415, 1565]
[1415, 1648]
[1415, 1683]
[1416, 1790]
[1416, 1847]
[1416, 1885]
[1416, 2358]
[1417, 1640]
[1417, 1801]
[1417, 1968]
[1417, 2052]
[1418, 1479]
[1418, 1707]
[1418, 2313]
[1419, 1828]
[1419, 1968]
[1420, 1576]
[1420, 2309]
[1421, 1583]
[1421, 2228]
[1421, 2245]
[1422, 1711]
[1422, 2059]
[1423, 1561]
[1423, 1609]
[1423, 2027]
[1424, 1547]
[1424, 1675]
[1424, 2240]
[1424, 2250]
[1425, 1659]
[1425, 2030]
[1425, 2389]
[1426, 1742]
[1426, 2144]
[1426, 2336]
[1427, 1546]
[1427, 1962]
[1428, 1506]
[1428, 1856]
[1429, 1853]
[1430, 1670]
[1430, 1713]
[1430, 2331]
[1431, 2377]
[1432, 1546]
[1432, 2102]
[1433, 2228]
[1433, 2238]
[1434, 1632]
[1434, 1809]
[1434, 2292]
[1435, 1712]
[1435, 1762]
[1435, 2101]
[1436, 1649]
[1436, 1808]
[1437, 1452]
[1437, 1780]
[1437, 2322]
[1438, 1452]
[1439, 1611]
[1439, 1913]
[1560, 1861]
[1560, 2042]
[1560, 2122]
[1561, 2027]
[1561, 2089]
[1562, 1867]
[1562, 1872]
[1562, 2025]
[1562, 2260]
[1563, 1571]
[1563, 2070]
[1564, 1587]
[1564, 1879]
[1564, 1930]
[1564, 2135]
[1565, 1580]
[1566, 1828]
[1566, 2102]
[1567, 2105]
[1567, 2304]
[1568, 1739]
[1568, 1959]
[1568, 2394]
[1570, 1588]
[1570, 2051]
[1572, 1667]
[1572, 1718]
[1572, 2245]
[1572, 2254]
[1573, 1599]
[1573, 1825]
[1573, 2087]
[1578, 1682]
[1578, 1930]
[1578, 2027]
[1578, 2294]
[1580, 1634]
[1580, 1726]
[1581, 1814]
[1581, 1878]
[1581, 2042]
[1583, 1718]
[1583, 2245]
[1584, 1781]
[1584, 2049]
[1585, 1674]
[1585, 1772]
[1585, 1852]
[1585, 2156]
[1586, 2035]
[1586, 2084]
[1587, 2313]
[1588, 1649]
[1588, 1743]
[1589, 1870]
[1589, 2010]
[1589, 2034]
[1590, 1596]
[1591, 1933]
[1591, 1945]
[1591, 2080]
[1591, 2212]
[1591, 2252]
[1592, 1978]
[1592, 2264]
[1592, 2384]
[1592, 2392]
[1594, 1600]
[1595, 1796]
[1596, 2098]
[1597, 1896]
[1597, 2250]
[1598, 2348]
[1599, 1747]
[1599, 2295]
[1602, 1866]
[1602, 1868]
[1602, 1953]
[1602, 2295]
[1603, 1734]
[1604, 1925]
[1605, 1776]
[1605, 1965]
[1605, 2267]
[1606, 1736]
[1606, 1769]
[1607, 1666]
[1607, 1980]
[1608, 1929]
[1609, 1778]
[1609, 2057]
[1610, 1812]
[1610, 1844]
[1610, 2356]
[1612, 2124]
[1613, 2360]
[1614, 2092]
[1615, 2379]
[1616, 2320]
[1617, 2079]
[1618, 1704]
[1618, 1820]
[1618, 2057]
[1619, 1624]
[1620, 2337]
[1621, 1701]
[1621, 1895]
[1622, 2098]
[1623, 2051]
[1623, 2065]
[1623, 2106]
[1625, 2170]
[1625, 2241]
[1626, 1668]
[1626, 1855]
[1626, 2031]
[1626, 2144]
[1627, 2053]
[1627, 2323]
[1628, 1737]
[1628, 1970]
[1629, 1922]
[1629, 2121]
[1629, 2289]
[1630, 2336]
[1631, 1699]
[1631, 2148]
[1632, 2292]
[1636, 1690]
[1636, 1986]
[1636, 2209]
[1636, 2302]
[1637, 1758]
[1637, 2168]
[1638, 2050]
[1638, 2146]
[1638, 2326]
[1639, 2226]
[1640, 1699]
[1640, 1968]
[1642, 1730]
[1643, 1774]
[1643, 1846]
[1643, 2341]
[1643, 2354]
[1644, 2277]
[1645, 1820]
[1645, 1881]
[1645, 2009]
[1647, 1652]
[1647, 1992]
[1648, 1916]
[1649, 1669]
[1650, 2072]
[1651, 1806]
[1652, 1860]
[1652, 2003]
[1653, 1700]
[1653, 1943]
[1654, 1748]
[1655, 2269]
[1656, 1848]
[1656, 2121]
[1657, 1753]
[1657, 2111]
[1657, 2324]
[1658, 2203]
[1659, 2026]
[1660, 1812]
[1660, 2034]
[1660, 2241]
[1661, 2085]
[1661, 2320]
[1662, 1960]
[1663, 2209]
[1664, 1927]
[1667, 1718]
[1667, 2003]
[1667, 2048]
[1667, 2254]
[1669, 1941]
[1671, 2259]
[1672, 2124]
[1673, 1784]
[1673, 1981]
[1673, 2339]
[1673, 2356]
[1674, 1793]
[1674, 2100]
[1674, 2156]
[1675, 1916]
[1676, 1775]
[1676, 1934]
[1676, 2095]
[1676, 2367]
[1677, 1972]
[1677, 2200]
[1678, 1802]
[2040, 2199]
[2043, 2075]
[2045, 2099]
[2046, 2059]
[2047, 2259]
[2047, 2312]
[2048, 2078]
[2048, 2283]
[2050, 2254]
[2051, 2065]
[2053, 2323]
[2054, 2118]
[2054, 2193]
[2056, 2063]
[2056, 2117]
[2060, 2339]
[2062, 2361]
[2063, 2158]
[2065, 2157]
[2065, 2161]
[2067, 2120]
[2067, 2275]
[2067, 2338]
[2072, 2136]
[2076, 2184]
[2077, 2147]
[2077, 2159]
[2077, 2186]
[2078, 2097]
[2078, 2283]
[2080, 2200]
[2082, 2369]
[2082, 2374]
[2083, 2193]
[2086, 2131]
[2086, 2219]
[2088, 2234]
[2089, 2306]
[2090, 2181]
[2090, 2340]
[2091, 2202]
[2091, 2389]
[2092, 2376]
[2094, 2125]
[2094, 2331]
[2095, 2361]
[2098, 2334]
[2101, 2344]
[2103, 2186]
[2104, 2149]
[2106, 2161]
[2108, 2246]
[2110, 2255]
[2111, 2318]
[2111, 2362]
[2112, 2261]
[2113, 2189]
[2113, 2369]
[2114, 2244]
[2114, 2274]
[2116, 2301]
[2117, 2260]
[2118, 2193]
[2119, 2266]
[2123, 2131]
[2123, 2176]
[2123, 2235]
[2124, 2143]
[2124, 2396]
[2128, 2359]
[2129, 2261]
[2131, 2176]
[2131, 2242]
[2132, 2337]
[2132, 2361]
[2133, 2275]
[2133, 2350]
[2135, 2196]
[2136, 2351]
[2137, 2282]
[2139, 2249]
[2140, 2397]
[2141, 2383]
[2142, 2241]
[2143, 2299]
[2145, 2183]
[2146, 2325]
[2146, 2333]
[2147, 2393]
[2147, 2398]
[2148, 2175]
[2149, 2197]
[2150, 2157]
[2151, 2376]
[2154, 2369]
[2154, 2374]
[2154, 2391]
[2155, 2335]
[2156, 2190]
[840, 961]
[840, 1154]
[840, 1288]
[840, 1747]
[840, 1920]
[840, 2120]
[841, 898]
[841, 1630]
[842, 1160]
[842, 2112]
[842, 2149]
[842, 2290]
[843, 985]
[843, 1531]
[843, 2128]
[843, 2263]
[843, 2302]
[844, 2079]
[844, 2140]
[844, 2177]
[845, 1036]
[845, 1106]
[845, 1367]
[845, 1890]
[846, 1330]
[846, 1574]
[847, 1249]
[847, 1931]
[847, 2141]
[848, 1645]
[848, 1881]
[848, 2216]
[849, 1284]
[849, 1594]
[849, 1600]
[849, 1891]
[850, 861]
[850, 1076]
[850, 1607]
[851, 866]
[851, 1328]
[851, 1854]
[851, 2049]
[852, 1138]
[852, 1232]
[852, 1277]
[852, 1466]
[853, 861]
[853, 1428]
[853, 1476]
[853, 1506]
[853, 2346]
[854, 1681]
[854, 1774]
[854, 1846]
[854, 2364]
[855, 931]
[855, 1481]
[856, 1164]
[856, 1412]
[856, 1663]
[856, 1688]
[857, 1162]
[857, 1468]
[857, 2307]
[858, 919]
[858, 1538]
[858, 1926]
[858, 1944]
[859, 968]
[859, 1558]
[859, 2332]
[860, 1017]
[860, 1293]
[860, 1460]
[860, 1524]
[861, 1327]
[862, 897]
[862, 1021]
[862, 1844]
[862, 2006]
[863, 1273]
[863, 1528]
[863, 1655]
[863, 1766]
[863, 2372]
[864, 1587]
[864, 2002]
[865, 1311]
[865, 1964]
[865, 2154]
[866, 1241]
[866, 1854]
[866, 1956]
[867, 1456]
[867, 1900]
[867, 1976]
[867, 2342]
[868, 1023]
[868, 1473]
[868, 1658]
[868, 1814]
[868, 2203]
[869, 931]
[869, 1662]
[869, 1894]
[869, 1907]
[870, 912]
[870, 1584]
[870, 1854]
[870, 2049]
[870, 2315]
[871, 1073]
[871, 1248]
[871, 1419]
[872, 1332]
[872, 1470]
[872, 2189]
[873, 944]
[873, 2064]
[874, 1480]
[874, 1491]
[874, 1577]
[874, 2239]
[874, 2312]
[875, 882]
[875, 1590]
[875, 1810]
[875, 1823]
[876, 1263]
[876, 1296]
[876, 1344]
[876, 1676]
[876, 1782]
[877, 1413]
[877, 1446]
[877, 1720]
[877, 2168]
[877, 2394]
[878, 1618]
[878, 1704]
[878, 1778]
[878, 2057]
[878, 2294]
[879, 973]
[879, 1221]
[879, 1826]
[879, 1893]
[880, 925]
[880, 1095]
[880, 1364]
[880, 1407]
[880, 1888]
[881, 918]
[881, 1525]
[882, 1596]
[882, 1823]
[882, 1884]
[882, 1955]
[883, 1602]
[883, 2083]
[883, 2118]
[884, 1096]
[884, 1145]
[884, 1318]
[884, 1478]
[884, 2177]
[885, 908]
[885, 1170]
[885, 1734]
[885, 1967]
[886, 924]
[886, 1073]
[886, 1346]
[886, 2388]
[887, 942]
[887, 1503]
[887, 1776]
[887, 2040]
[888, 1518]
[888, 1606]
[889, 1451]
[889, 1475]
[889, 1744]
[890, 935]
[890, 1308]
[890, 2243]
[890, 2251]
[890, 2262]
[891, 1041]
[891, 1362]
[891, 1764]
[891, 2119]
[892, 1081]
[892, 1692]
[892, 1930]
[892, 2196]
[892, 2294]
[893, 1066]
[893, 1409]
[893, 1678]
[894, 1157]
[894, 1810]
[894, 1823]
[894, 2238]
[895, 901]
[895, 948]
[895, 1333]
[895, 1512]
[896, 1738]
[896, 1884]
[896, 1899]
[896, 2039]
[897, 1054]
[897, 1981]
[898, 1412]
[899, 1517]
[899, 1903]
[899, 2198]
[899, 2373]
[900, 985]
[900, 1145]
[900, 1295]
[900, 1318]
[901, 951]
[901, 1512]
[902, 1180]
[902, 1365]
[902, 1975]
[902, 2183]
[902, 2343]
[903, 2064]
[904, 1031]
[904, 1178]
[904, 1728]
[904, 1962]
[904, 2169]
[904, 2271]
[905, 911]
[905, 1721]
[905, 1858]
[905, 1901]
[905, 1979]
[906, 1050]
[906, 1220]
[906, 1710]
[906, 1842]
[906, 1875]
[907, 1094]
[907, 1410]
[907, 1492]
[907, 1504]
[907, 1927]
[908, 1768]
[909, 1534]
[909, 1536]
[909, 1654]
[909, 1897]
[910, 1209]
[910, 1677]
[910, 1982]
[910, 2080]
[911, 922]
[911, 1307]
[911, 2089]
[912, 1091]
[912, 1119]
[912, 1281]
[912, 1438]
[913, 1012]
[913, 1673]
[913, 1724]
[913, 1952]
[913, 2060]
[914, 986]
[914, 1342]
[914, 2020]
[914, 2026]
[914, 2030]
[915, 1350]
[915, 1973]
[915, 2390]
[916, 1227]
[916, 1696]
[916, 1714]
[916, 2311]
[917, 939]
[917, 1299]
[917, 1685]
[917, 1827]
[917, 1926]
[918, 2258]
[918, 2355]
[919, 1538]
[919, 2041]
[920, 961]
[920, 1599]
[920, 1747]
[920, 1825]
[920, 1868]
[920, 2295]
[921, 1194]
[921, 2287]
[922, 1838]
[922, 2225]
[922, 2316]
[922, 2390]
[923, 1448]
[923, 1517]
[923, 1579]
[923, 2069]
[923, 2373]
[924, 1250]
[924, 1697]
[924, 2329]
[925, 1111]
[925, 1407]
[925, 1666]
[925, 1888]
[926, 966]
[926, 1009]
[926, 1081]
[927, 1466]
[927, 1789]
[927, 1832]
[927, 2167]
[928, 1075]
[928, 1099]
[928, 1804]
[928, 2125]
[929, 1343]
[929, 1477]
[929, 2279]
[929, 2329]
[930, 1877]
[930, 2218]
[931, 2215]
[932, 953]
[932, 1627]
[933, 1077]
[933, 1127]
[933, 1473]
[933, 1522]
[933, 1658]
[934, 1284]
[934, 1649]
[934, 1808]
[935, 992]
[935, 2106]
[935, 2161]
[936, 1237]
[936, 1845]
[936, 2073]
[937, 1579]
[937, 1829]
[937, 2293]
[938, 1275]
[938, 1394]
[938, 1567]
[939, 1569]
[939, 1575]
[939, 1865]
[940, 1436]
[940, 1649]
[940, 1817]
[941, 1018]
[941, 2021]
[941, 2114]
[941, 2174]
[942, 964]
[942, 1117]
[942, 2005]
[942, 2199]
[942, 2317]
[943, 1567]
[943, 1732]
[943, 2105]
[943, 2369]
[944, 1421]
[944, 1510]
[944, 1807]
[945, 1245]
[945, 1625]
[945, 1660]
[945, 2170]
[945, 2375]
[946, 1055]
[946, 1150]
[946, 2072]
[946, 2136]
[947, 1476]
[947, 1590]
[947, 1596]
[948, 951]
[948, 1537]
[948, 1916]
[948, 2321]
[949, 1592]
[949, 2038]
[949, 2265]
[950, 1023]
[950, 1863]
[950, 2239]
[950, 2368]
[951, 1544]
[951, 1916]
[951, 1958]
[951, 2321]
[952, 1126]
[952, 1159]
[952, 1829]
[952, 1852]
[953, 1165]
[953, 1190]
[953, 1297]
[953, 2377]
[953, 2382]
[954, 2155]
[955, 1191]
[955, 1201]
[955, 1773]
[955, 2001]
[956, 1356]
[956, 1471]
[956, 2381]
[957, 1109]
[957, 2155]
[958, 1617]
[958, 2014]
[958, 2079]
[958, 2177]
[959, 1108]
[959, 1397]
[959, 1638]
[959, 2238]
[959, 2326]
[0, 270]
[0, 832]
[0, 972]
[0, 1063]
[0, 1463]
[0, 1898]
[1, 150]
[1, 894]
[1, 1157]
[1, 1810]
[1, 2220]
[1, 2228]
[2, 32]
[2, 133]
[2, 348]
[2, 949]
[2, 1733]
[2, 2219]
[3, 5]
[3, 1006]
[3, 1360]
[3, 1625]
[3, 2267]
[3, 2375]
[4, 520]
[4, 1070]
[4, 1237]
[4, 1845]
[4, 1909]
[4, 2362]
[5, 615]
[5, 1125]
[5, 1360]
[5, 1605]
[5, 2375]
[6, 55]
[6, 1142]
[6, 1260]
[6, 1380]
[6, 1742]
[6, 1849]
[7, 80]
[7, 486]
[7, 966]
[7, 2033]
[7, 2277]
[7, 2310]
[8, 160]
[8, 760]
[8, 1364]
[8, 1607]
[8, 1666]
[8, 1807]
[9, 489]
[9, 791]
[9, 842]
[9, 1983]
[9, 2104]
[9, 2290]
[10, 457]
[10, 647]
[10, 1075]
[10, 1738]
[10, 2129]
[10, 2261]
[11, 347]
[11, 539]
[11, 1013]
[11, 1476]
[11, 1506]
[11, 1816]
[12, 562]
[12, 620]
[12, 836]
[12, 912]
[12, 2194]
[12, 2371]
[13, 229]
[13, 1033]
[13, 1173]
[13, 1203]
[13, 1519]
[13, 1995]
[14, 164]
[14, 211]
[14, 677]
[14, 725]
[14, 1029]
[14, 1425]
[15, 458]
[15, 473]
[15, 1514]
[15, 1647]
[15, 1984]
[15, 2325]
[16, 603]
[16, 984]
[16, 1168]
[16, 1593]
[16, 1983]
[16, 2319]
[17, 239]
[17, 480]
[17, 1436]
[17, 1534]
[17, 1588]
[17, 1743]
[18, 597]
[18, 1453]
[18, 1904]
[18, 1974]
[18, 2163]
[18, 2164]
[19, 552]
[19, 822]
[19, 865]
[19, 1311]
[19, 1964]
[19, 2374]
[20, 52]
[20, 521]
[20, 1230]
[20, 1238]
[20, 2004]
[20, 2270]
[21, 94]
[21, 295]
[21, 546]
[21, 689]
[21, 1460]
[21, 2138]
[22, 229]
[22, 453]
[22, 1033]
[22, 1358]
[22, 1508]
[22, 2165]
[23, 298]
[23, 400]
[23, 672]
[23, 710]
[23, 1338]
[23, 1815]
[24, 512]
[24, 1232]
[24, 1312]
[24, 1373]
[24, 1826]
[24, 1834]
[25, 256]
[25, 456]
[25, 529]
[25, 793]
[25, 2195]
[25, 2242]
[26, 456]
[26, 529]
[26, 592]
[26, 1113]
[26, 1722]
[26, 2327]
[27, 520]
[27, 936]
[27, 1028]
[27, 1359]
[27, 1845]
[27, 2073]
[28, 851]
[28, 1187]
[28, 1222]
[28, 1241]
[28, 2008]
[28, 2345]
[29, 86]
[29, 930]
[29, 1302]
[29, 1963]
[29, 2068]
[29, 2366]
[30, 61]
[30, 595]
[30, 693]
[30, 966]
[30, 1311]
[30, 2310]
[31, 398]
[31, 940]
[31, 1320]
[31, 1669]
[31, 1941]
[31, 2130]
[32, 133]
[32, 308]
[32, 455]
[32, 799]
[32, 2219]
[33, 856]
[33, 1140]
[33, 1164]
[33, 1663]
[33, 1797]
[33, 2009]
[34, 647]
[34, 1193]
[34, 1368]
[34, 1540]
[34, 2166]
[34, 2261]
[35, 41]
[35, 212]
[35, 254]
[35, 576]
[35, 1004]
[35, 1380]
[36, 568]
[36, 1045]
[36, 1538]
[36, 1568]
[36, 1944]
[36, 2126]
[37, 680]
[37, 981]
[37, 1112]
[37, 1166]
[37, 1174]
[37, 2076]
[38, 464]
[38, 651]
[38, 1371]
[38, 2025]
[38, 2071]
[38, 2397]
[39, 275]
[39, 468]
[39, 854]
[39, 1964]
[39, 2154]
[39, 2374]
[40, 335]
[40, 629]
[40, 1280]
[40, 1513]
[40, 1684]
[40, 2272]
[41, 221]
[41, 233]
[41, 701]
[41, 846]
[41, 2000]
[42, 479]
[42, 1271]
[42, 1414]
[42, 1646]
[42, 2204]
[42, 2276]
[43, 707]
[43, 730]
[43, 1490]
[43, 1514]
[43, 1582]
[43, 2353]
[44, 409]
[44, 507]
[44, 1040]
[44, 1656]
[44, 1752]
[44, 1864]
[45, 946]
[45, 1160]
[45, 1966]
[45, 2091]
[45, 2171]
[45, 2351]
[46, 496]
[46, 593]
[46, 1089]
[46, 1621]
[46, 2052]
[46, 2198]
[47, 114]
[47, 694]
[47, 1749]
[47, 1894]
[47, 1939]
[47, 2215]
[48, 157]
[48, 162]
[48, 436]
[48, 505]
[48, 764]
[48, 1353]
[49, 156]
[49, 297]
[49, 336]
[49, 954]
[49, 991]
[49, 1731]
[50, 205]
[50, 396]
[50, 424]
[50, 1632]
[50, 1829]
[50, 1833]
[51, 977]
[51, 1634]
[51, 1726]
[51, 1755]
[51, 2061]
[51, 2380]
[52, 242]
[52, 605]
[52, 1339]
[52, 1371]
[52, 1946]
[53, 213]
[53, 678]
[53, 925]
[53, 1095]
[53, 1954]
[53, 2152]
[54, 69]
[54, 690]
[54, 1362]
[54, 1727]
[54, 1764]
[54, 1813]
[55, 1004]
[55, 1098]
[55, 1142]
[55, 1380]
[55, 2256]
[56, 476]
[56, 491]
[56, 1685]
[56, 1841]
[56, 1842]
[56, 2186]
[57, 637]
[57, 1129]
[57, 1135]
[57, 1554]
[57, 1716]
[57, 2393]
[58, 63]
[58, 790]
[58, 900]
[58, 985]
[58, 1145]
[58, 2263]
[59, 158]
[59, 843]
[59, 1145]
[59, 1690]
[59, 2263]
[59, 2302]
[60, 315]
[60, 422]
[60, 434]
[60, 733]
[60, 739]
[60, 2205]
[61, 310]
[61, 595]
[61, 865]
[61, 1950]
[61, 2310]
[62, 366]
[62, 700]
[62, 996]
[62, 1239]
[62, 2220]
[62, 2237]
[63, 132]
[63, 217]
[63, 475]
[63, 1275]
[63, 1394]
[64, 400]
[64, 592]
[64, 827]
[64, 1137]
[64, 1371]
[64, 1946]
[65, 142]
[65, 366]
[65, 700]
[65, 903]
[65, 1433]
[65, 1458]
[66, 135]
[66, 452]
[66, 1200]
[66, 1236]
[66, 1359]
[66, 1523]
[67, 718]
[67, 1190]
[67, 1266]
[67, 1611]
[67, 1947]
[67, 2377]
[68, 604]
[68, 972]
[68, 1643]
[68, 1730]
[68, 1821]
[68, 1898]
[69, 102]
[69, 660]
[69, 1285]
[69, 1817]
[69, 1897]
[70, 152]
[70, 1141]
[70, 1640]
[70, 1753]
[70, 2052]
[70, 2324]
[71, 218]
[71, 625]
[71, 1566]
[71, 1791]
[71, 1871]
[71, 2119]
[72, 119]
[72, 379]
[72, 406]
[72, 889]
[72, 973]
[72, 1451]
[73, 81]
[73, 320]
[73, 437]
[73, 1171]
[73, 1679]
[73, 1786]
[74, 529]
[74, 1156]
[74, 1543]
[74, 1756]
[74, 2235]
[74, 2242]
[75, 190]
[75, 267]
[75, 661]
[75, 857]
[75, 1918]
[75, 2125]
[76, 340]
[76, 833]
[76, 976]
[76, 1063]
[76, 1112]
[76, 1174]
[77, 587]
[77, 624]
[77, 1191]
[77, 1201]
[77, 1418]
[77, 2251]
[78, 695]
[78, 1249]
[78, 1735]
[78, 1924]
[78, 2141]
[78, 2365]
[79, 414]
[79, 858]
[79, 919]
[79, 1045]
[79, 1538]
[79, 1827]
[80, 299]
[80, 966]
[80, 1009]
[80, 2033]
[80, 2278]
[81, 320]
[81, 437]
[81, 1121]
[81, 1192]
[81, 1820]
[82, 163]
[82, 322]
[82, 674]
[82, 1882]
[82, 2057]
[82, 2287]
[83, 232]
[83, 584]
[83, 897]
[83, 1223]
[83, 1981]
[83, 2339]
[84, 104]
[84, 669]
[84, 952]
[84, 1829]
[84, 1833]
[84, 1852]
[85, 546]
[85, 590]
[85, 734]
[85, 773]
[85, 1069]
[85, 1615]
[86, 549]
[86, 586]
[86, 1111]
[86, 1689]
[86, 1831]
[87, 533]
[87, 1197]
[87, 1944]
[87, 2103]
[87, 2159]
[87, 2185]
[88, 387]
[88, 619]
[88, 703]
[88, 1702]
[88, 2205]
[88, 2223]
[89, 236]
[89, 774]
[89, 780]
[89, 811]
[89, 1624]
[89, 2179]
[90, 105]
[90, 1488]
[90, 1562]
[90, 1855]
[90, 1887]
[90, 2117]
[91, 390]
[91, 782]
[91, 1435]
[91, 1850]
[91, 2203]
[91, 2344]
[92, 762]
[92, 1025]
[92, 1301]
[92, 1616]
[92, 1661]
[92, 1741]
[93, 275]
[93, 425]
[93, 440]
[93, 1071]
[93, 1846]
[93, 2224]
[94, 198]
[94, 700]
[94, 1157]
[94, 1816]
[94, 2220]
[95, 164]
[95, 211]
[95, 378]
[95, 1480]
[95, 1577]
[95, 2398]
[96, 138]
[96, 1228]
[96, 1297]
[96, 1725]
[96, 1909]
[96, 2111]
[97, 113]
[97, 1184]
[97, 1370]
[97, 1388]
[97, 1525]
[97, 2153]
[98, 377]
[98, 835]
[98, 1250]
[98, 1699]
[98, 1801]
[98, 1917]
[99, 116]
[99, 138]
[99, 969]
[99, 1228]
[99, 1385]
[99, 1684]
[100, 189]
[100, 250]
[100, 955]
[100, 1502]
[100, 1997]
[100, 2305]
[101, 342]
[101, 1738]
[101, 1899]
[101, 2044]
[101, 2075]
[101, 2129]
[102, 466]
[102, 1285]
[102, 1436]
[102, 1817]
[102, 1864]
[103, 691]
[103, 781]
[103, 1194]
[103, 1265]
[103, 1369]
[103, 1545]
[104, 658]
[104, 678]
[104, 1126]
[104, 1131]
[104, 1954]
[105, 1236]
[105, 1715]
[105, 1855]
[105, 2117]
[105, 2258]
[106, 485]
[106, 897]
[106, 1673]
[106, 1784]
[106, 1828]
[106, 2339]
[107, 111]
[107, 749]
[107, 1392]
[107, 1465]
[107, 1987]
[107, 2062]
[108, 120]
[108, 376]
[108, 1196]
[108, 1411]
[108, 1694]
[108, 2358]
[109, 244]
[109, 464]
[109, 741]
[109, 2140]
[109, 2178]
[109, 2397]
[110, 378]
[110, 423]
[110, 1608]
[110, 1740]
[110, 2077]
[110, 2398]
[111, 743]
[111, 755]
[111, 1465]
[111, 1993]
[111, 2062]
[112, 177]
[112, 1331]
[112, 1418]
[112, 1498]
[112, 1707]
[112, 1819]
[113, 214]
[113, 1370]
[113, 1388]
[113, 1499]
[113, 1870]
[114, 694]
[114, 822]
[114, 1530]
[114, 1939]
[114, 2364]
[115, 215]
[115, 901]
[115, 915]
[115, 1350]
[115, 1957]
[115, 2378]
[116, 235]
[116, 417]
[116, 719]
[116, 844]
[116, 1080]
[117, 391]
[117, 857]
[117, 1079]
[117, 1437]
[117, 1468]
[117, 1918]
[118, 130]
[118, 847]
[118, 1709]
[118, 1882]
[118, 2141]
[118, 2343]
[119, 697]
[119, 889]
[119, 1451]
[119, 1883]
[119, 2065]
[1440, 1457]
[1440, 1507]
[1441, 1693]
[1441, 1994]
[1441, 2159]
[1442, 1594]
[1443, 2073]
[1443, 2349]
[1444, 1739]
[1444, 1959]
[1444, 2000]
[1445, 1679]
[1445, 1703]
[1446, 1637]
[1446, 2128]
[1447, 2299]
[1448, 2373]
[1449, 1499]
[1449, 1613]
[1450, 1459]
[1450, 1482]
[1450, 1757]
[1450, 2206]
[1451, 1832]
[1451, 2051]
[1452, 1734]
[1453, 1974]
[1453, 2163]
[1453, 2202]
[1453, 2214]
[1454, 1818]
[1454, 2184]
[1454, 2219]
[1455, 1781]
[1455, 1922]
[1455, 2315]
[1456, 1976]
[1456, 2216]
[1457, 2011]
[1458, 1477]
[1458, 1811]
[1458, 2029]
[1458, 2329]
[1459, 1763]
[1459, 2206]
[1460, 1816]
[1460, 2138]
[1461, 2189]
[1461, 2204]
[1462, 1627]
[1462, 1947]
[1463, 1806]
[1464, 1538]
[1464, 1739]
[1464, 2041]
[1465, 2062]
[1465, 2132]
[1466, 1883]
[1466, 2161]
[1466, 2167]
[1467, 1583]
[1467, 1955]
[1467, 2044]
[1467, 2247]
[1467, 2308]
[1468, 1876]
[1468, 2127]
[1468, 2322]
[1469, 1707]
[1469, 2200]
[1469, 2262]
[1471, 1665]
[1471, 2162]
[1472, 1485]
[1472, 1495]
[1472, 2232]
[1473, 1522]
[1474, 1567]
[1474, 1943]
[1474, 1994]
[1474, 2082]
[1474, 2369]
[1475, 1853]
[1477, 2029]
[1478, 1690]
[1478, 1849]
[1478, 2217]
[1478, 2256]
[1479, 1819]
[1479, 1972]
[1480, 1491]
[1480, 1841]
[1481, 2277]
[1482, 2005]
[1483, 1836]
[1483, 2090]
[1483, 2107]
[1483, 2181]
[1484, 1914]
[1484, 1950]
[1484, 2196]
[1484, 2294]
[1484, 2342]
[1485, 1489]
[1485, 1641]
[1485, 1757]
[1486, 1540]
[1486, 1671]
[1486, 2045]
[1486, 2099]
[1486, 2197]
[1487, 1526]
[1487, 2173]
[1488, 1715]
[1488, 2056]
[1489, 1641]
[1489, 1763]
[1490, 2353]
[1490, 2399]
[1491, 2186]
[1492, 1504]
[1492, 2143]
[1493, 1889]
[1493, 1966]
[1493, 2094]
[1493, 2171]
[1494, 1685]
[1494, 1827]
[1494, 2103]
[1495, 2232]
[1496, 1653]
[1496, 1719]
[1496, 1774]
[1496, 1806]
[1496, 2210]
[1497, 1541]
[1497, 1781]
[1497, 2371]
[1498, 2313]
[1500, 1644]
[1501, 1559]
[1501, 1576]
[1501, 2255]
[1502, 1930]
[1502, 2305]
[1502, 2313]
[1503, 1605]
[1503, 1949]
[1503, 2040]
[1505, 1635]
[1505, 1863]
[1505, 1929]
[1507, 1711]
[1508, 1665]
[1508, 2208]
[1509, 1897]
[1510, 1880]
[1510, 2064]
[1511, 2168]
[1511, 2204]
[1511, 2276]
[1513, 1657]
[1513, 2324]
[1514, 1811]
[1514, 2146]
[1514, 2326]
[1514, 2333]
[1515, 1665]
[1516, 1599]
[1516, 1859]
[1516, 2133]
[1517, 1903]
[1518, 1769]
[1518, 1844]
[1519, 1995]
[1519, 2122]
[1519, 2162]
[1520, 1858]
[1520, 2145]
[1521, 2143]
[1521, 2299]
[1521, 2396]
[1523, 1715]
[1524, 2138]
[1524, 2388]
[1526, 1979]
[1527, 1746]
[1527, 1909]
[1528, 2269]
[1529, 1940]
[1530, 1749]
[1530, 1763]
[1531, 1636]
[1531, 1690]
[1531, 1986]
[1531, 2256]
[1531, 2298]
[1532, 1627]
[1532, 1776]
[1532, 2053]
[1532, 2151]
[1532, 2323]
[1533, 2081]
[1533, 2346]
[1534, 1536]
[1534, 1864]
[1534, 2107]
[1535, 1651]
[1535, 1815]
[1535, 1946]
[1536, 1743]
[1537, 1544]
[1537, 1648]
[1537, 1751]
[1538, 2257]
[1539, 1549]
[1539, 2249]
[1539, 2325]
[1541, 1915]
[1541, 2083]
[1541, 2371]
[1542, 1856]
[1542, 1977]
[1542, 2346]
[1542, 2396]
[1543, 1771]
[1543, 1908]
[1543, 2235]
[1543, 2242]
[1544, 1648]
[1544, 1758]
[1545, 1748]
[1546, 1640]
[1546, 2102]
[1547, 1896]
[1547, 2240]
[1548, 1718]
[1548, 2048]
[1548, 2078]
[1548, 2283]
[1549, 2061]
[1549, 2380]
[1550, 1931]
[1550, 1941]
[1550, 2236]
[1551, 2345]
[1552, 2347]
[1553, 1555]
[1553, 1622]
[1553, 1807]
[1553, 2247]
[1553, 2334]
[1554, 1839]
[1554, 1969]
[1554, 2393]
[1555, 1980]
[1555, 2247]
[1555, 2334]
[1556, 1710]
[1556, 2024]
[1556, 2097]
[1557, 1793]
[1557, 2190]
[1557, 2373]
[1558, 1923]
[1558, 2087]
[1559, 1576]
[1559, 2309]
[2280, 2301]
[2284, 2303]
[2286, 2297]
[2286, 2328]
[2290, 2351]
[2292, 2363]
[2307, 2381]
[2315, 2371]
[2316, 2335]
[2333, 2353]
[2335, 2390]
[2337, 2361]
[2341, 2354]
[2343, 2383]
[2363, 2366]
[2364, 2374]
[2377, 2382]
[2164, 2214]
[2165, 2208]
[2166, 2247]
[2171, 2351]
[2172, 2207]
[2172, 2252]
[2175, 2209]
[2175, 2240]
[2176, 2265]
[2178, 2258]
[2180, 2388]
[2183, 2305]
[2185, 2204]
[2187, 2188]
[2191, 2331]
[2194, 2221]
[2197, 2261]
[2199, 2317]
[2200, 2212]
[2202, 2285]
[2202, 2351]
[2207, 2212]
[2211, 2367]
[2212, 2252]
[2213, 2318]
[2213, 2362]
[2216, 2359]
[2217, 2256]
[2221, 2227]
[2223, 2231]
[2225, 2229]
[2225, 2390]
[2226, 2284]
[2227, 2322]
[2228, 2238]
[2229, 2316]
[2229, 2335]
[2231, 2372]
[2235, 2242]
[2236, 2243]
[2238, 2245]
[2244, 2289]
[2245, 2308]
[2247, 2334]
[2254, 2283]
[2259, 2312]
[2263, 2302]
[2263, 2359]
[2264, 2392]
[2267, 2323]
[2270, 2327]
[2272, 2324]
[2273, 2387]
[2274, 2289]
[2277, 2278]
[2279, 2329]
[960, 1149]
[960, 1575]
[960, 1634]
[960, 2024]
[961, 1062]
[961, 1288]
[961, 2120]
[961, 2322]
[962, 1595]
[962, 1615]
[962, 1796]
[962, 2309]
[963, 1364]
[963, 1807]
[963, 1980]
[963, 2182]
[964, 1139]
[964, 1286]
[964, 1482]
[964, 2222]
[965, 1100]
[965, 1408]
[965, 1661]
[965, 1937]
[966, 1907]
[966, 2033]
[967, 1729]
[967, 1794]
[967, 1851]
[967, 1991]
[968, 1083]
[968, 1800]
[969, 1266]
[969, 1315]
[969, 1345]
[969, 2014]
[969, 2079]
[970, 1461]
[970, 1511]
[970, 2189]
[971, 1040]
[971, 1072]
[971, 1616]
[971, 1812]
[971, 2142]
[972, 1463]
[972, 1496]
[973, 1316]
[973, 1832]
[973, 1883]
[974, 1068]
[974, 1520]
[974, 1561]
[975, 2191]
[975, 2312]
[975, 2389]
[976, 1060]
[976, 1063]
[976, 1086]
[976, 1174]
[976, 1463]
[977, 1319]
[977, 1726]
[977, 1936]
[977, 2015]
[977, 2061]
[978, 1347]
[978, 1403]
[978, 2218]
[978, 2352]
[979, 987]
[979, 1124]
[979, 1539]
[979, 1675]
[979, 2249]
[980, 1078]
[980, 1097]
[980, 2058]
[980, 2088]
[981, 1112]
[981, 1242]
[981, 1586]
[981, 2076]
[982, 1247]
[982, 1279]
[982, 2349]
[983, 1248]
[983, 1828]
[983, 1871]
[983, 2339]
[984, 1030]
[984, 1405]
[984, 1593]
[985, 1145]
[986, 1373]
[986, 1923]
[986, 2160]
[987, 1549]
[987, 1726]
[987, 2380]
[988, 1158]
[988, 1445]
[988, 1786]
[988, 2342]
[989, 1256]
[989, 1597]
[989, 1598]
[990, 1097]
[990, 1152]
[990, 1189]
[990, 1225]
[990, 2246]
[990, 2266]
[991, 1409]
[991, 1529]
[991, 1940]
[991, 2280]
[992, 1393]
[992, 1481]
[993, 1089]
[993, 1845]
[993, 1903]
[993, 1999]
[993, 2198]
[994, 1048]
[994, 1094]
[994, 1664]
[994, 1927]
[995, 1320]
[995, 1329]
[995, 1669]
[995, 2115]
[996, 1058]
[996, 1229]
[996, 1290]
[997, 1369]
[997, 1509]
[997, 1545]
[997, 1736]
[997, 1803]
[998, 1031]
[998, 2271]
[999, 1179]
[999, 1787]
[1000, 1564]
[1000, 1578]
[1000, 1838]
[1000, 1879]
[1000, 1914]
[1001, 1042]
[1001, 1384]
[1001, 1672]
[1001, 2013]
[1002, 1663]
[1002, 2009]
[1002, 2302]
[1003, 1033]
[1003, 1203]
[1003, 1794]
[1003, 2134]
[1003, 2381]
[1004, 2298]
[1005, 1071]
[1005, 1393]
[1005, 1481]
[1005, 2070]
[1005, 2311]
[1006, 1125]
[1006, 2107]
[1006, 2142]
[1007, 1042]
[1007, 1323]
[1007, 1476]
[1007, 1612]
[1008, 1048]
[1008, 1633]
[1008, 2007]
[1008, 2208]
[1008, 2367]
[1009, 1074]
[1009, 1773]
[1010, 1207]
[1010, 1363]
[1010, 1398]
[1010, 1529]
[1011, 1267]
[1011, 1536]
[1011, 1605]
[1011, 1654]
[1011, 1748]
[1011, 2365]
[1012, 1188]
[1012, 2060]
[1013, 1476]
[1013, 2220]
[1014, 1154]
[1014, 1780]
[1014, 1953]
[1014, 2221]
[1014, 2227]
[1015, 2016]
[1015, 2023]
[1016, 1169]
[1016, 1919]
[1016, 2314]
[1016, 2319]
[1017, 1346]
[1017, 1524]
[1017, 1701]
[1018, 1326]
[1018, 1928]
[1018, 2180]
[1018, 2385]
[1019, 1260]
[1019, 1867]
[1019, 2031]
[1019, 2230]
[1020, 1110]
[1021, 1610]
[1021, 1981]
[1021, 2006]
[1022, 1479]
[1022, 1500]
[1022, 1819]
[1022, 1972]
[1022, 2357]
[1023, 1102]
[1023, 1185]
[1023, 1294]
[1024, 1188]
[1025, 1072]
[1025, 1123]
[1025, 1616]
[1025, 2340]
[1026, 1134]
[1026, 1479]
[1026, 1500]
[1026, 1601]
[1026, 1644]
[1027, 1526]
[1027, 2002]
[1027, 2116]
[1027, 2301]
[1028, 1032]
[1028, 1236]
[1028, 2144]
[1029, 1077]
[1029, 1522]
[1029, 1659]
[1030, 1128]
[1030, 1181]
[1030, 2201]
[1031, 1140]
[1031, 1178]
[1031, 1686]
[1031, 2169]
[1032, 1177]
[1032, 1668]
[1032, 2073]
[1032, 2144]
[1033, 1471]
[1033, 1519]
[1033, 1995]
[1034, 1159]
[1034, 1448]
[1034, 1557]
[1034, 1793]
[1034, 2190]
[1035, 1163]
[1035, 1980]
[1035, 2182]
[1035, 2330]
[1036, 1716]
[1037, 1270]
[1037, 1631]
[1037, 1801]
[1038, 1163]
[1038, 1540]
[1038, 2099]
[1039, 1196]
[1039, 2248]
[1040, 1656]
[1040, 1724]
[1040, 2356]
[1041, 1362]
[1041, 1369]
[1041, 1372]
[1042, 1824]
[1042, 2124]
[1042, 2346]
[1042, 2396]
[1043, 1326]
[1043, 1361]
[1043, 1582]
[1043, 2286]
[1044, 1047]
[1044, 1057]
[1044, 1440]
[1044, 1457]
[1044, 1487]
[1044, 1992]
[1045, 1944]
[1045, 1959]
[1046, 1351]
[1046, 1537]
[1046, 1636]
[1046, 2240]
[1046, 2298]
[1047, 1440]
[1047, 1457]
[1047, 2003]
[1048, 2211]
[1049, 1949]
[1049, 2205]
[1050, 1149]
[1050, 1575]
[1050, 1646]
[1050, 1685]
[1051, 1390]
[1051, 1999]
[1051, 2190]
[1051, 2349]
[1052, 2085]
[1052, 2337]
[1053, 1354]
[1053, 1604]
[1053, 1919]
[1053, 2137]
[1054, 1419]
[1054, 1621]
[1054, 1895]
[1055, 1062]
[1055, 1650]
[1055, 1923]
[1056, 2017]
[1056, 2357]
[1057, 1389]
[1057, 1507]
[1057, 1711]
[1058, 1229]
[1058, 1290]
[1058, 1340]
[1058, 1428]
[1058, 1585]
[1059, 1128]
[1059, 1181]
[1059, 1452]
[1059, 1603]
[1060, 1113]
[1060, 1651]
[1060, 2273]
[1060, 2387]
[1061, 1129]
[1061, 1717]
[1061, 1890]
[1061, 2028]
[1061, 2393]
[1062, 1650]
[1062, 2127]
[1063, 1174]
[1063, 2076]
[1064, 1313]
[1064, 1760]
[1064, 1764]
[1064, 2289]
[1064, 2296]
[1065, 1143]
[1065, 1429]
[1065, 2090]
[1066, 1322]
[1066, 1678]
[1066, 1788]
[1066, 2075]
[1067, 1533]
[1067, 1542]
[1067, 2081]
[1067, 2165]
[1067, 2363]
[1068, 1078]
[1068, 1423]
[1068, 1520]
[1068, 2183]
[1069, 1202]
[1069, 2138]
[1070, 1237]
[1070, 1499]
[1070, 1746]
[1070, 2213]
[1071, 1563]
[1071, 1571]
[1071, 1644]
[1072, 1660]
[1072, 2142]
[1073, 1346]
[1073, 1928]
[1073, 2388]
[1074, 1882]
[1074, 2096]
[1074, 2141]
[1075, 1335]
[1075, 2039]
[1075, 2112]
[1076, 1327]
[1076, 1560]
[1076, 1689]
[1076, 1831]
[1077, 1659]
[1077, 1713]
[1078, 1365]
[1078, 2058]
[1079, 1254]
[1079, 1876]
[1079, 2134]
[1079, 2307]
[1079, 2381]
