Face([22, 513, 258, 401, 106])
Face([491, 138, 148, 537, 355])
Face([56, 577, 88, 62, 503])
Face([528, 282, 300, 27, 86])
Face([9, 524, 33, 527, 350])
Face([97, 569, 172, 584, 43])
Face([294, 236, 129, 230, 239])
Face([219, 264, 532, 241, 223])
Face([407, 480, 249, 60, 231])
Face([374, 99, 184, 230, 239])
Face([18, 81, 587, 440, 30])
Face([13, 51, 505, 150, 494])
Face([7, 450, 254, 396, 453])
Face([312, 562, 371, 499, 399])
Face([208, 355, 289, 45, 262])
Face([61, 266, 337, 386, 315])
Face([486, 377, 112, 415, 19])
Face([346, 207, 516, 164, 445])
Face([54, 235, 503, 56, 390])
Face([63, 372, 511, 213, 324])
Face([22, 513, 73, 515, 498])
Face([3, 82, 155, 201, 338])
Face([67, 10, 208, 355, 491])
Face([320, 178, 242, 80, 142])
Face([134, 247, 518, 66, 551])
Face([395, 79, 45, 58, 423])
Face([411, 530, 113, 380, 594])
Face([335, 265, 420, 416, 123])
Face([138, 379, 535, 348, 148])
Face([52, 144, 270, 589, 168])
Face([15, 473, 233, 438, 149])
Face([281, 435, 88, 553, 588])
Face([45, 262, 469, 163, 79])
Face([473, 336, 572, 136, 233])
Face([300, 282, 135, 373, 83])
Face([97, 64, 369, 434, 43])
Face([543, 231, 325, 404, 295])
Face([168, 589, 196, 581, 71])
Face([12, 504, 376, 171, 254])
Face([441, 571, 522, 469, 163])
Face([208, 412, 458, 469, 262])
Face([52, 168, 71, 109, 433])
Face([87, 417, 546, 536, 220])
Face([72, 136, 233, 483, 490])
Face([5, 216, 169, 501, 38])
Face([299, 364, 437, 75, 511])
Face([2, 596, 251, 198, 118])
Face([339, 272, 228, 144, 270])
Face([32, 378, 271, 318, 293])
Face([290, 287, 193, 119, 479])
Face([389, 263, 336, 343, 154])
Face([305, 73, 104, 593, 284])
Face([229, 577, 56, 110, 454])
Face([108, 344, 531, 509, 140])
Face([97, 64, 343, 145, 569])
Face([504, 382, 573, 352, 582])
Face([80, 142, 502, 225, 127])
Face([12, 280, 213, 511, 299])
Face([81, 587, 363, 63, 324])
Face([81, 587, 352, 582, 442])
Face([211, 286, 344, 66, 551])
Face([197, 225, 502, 544, 326])
Face([506, 488, 384, 93, 205])
Face([524, 33, 543, 295, 561])
Face([315, 386, 146, 520, 599])
Face([28, 283, 42, 184, 39])
Face([22, 513, 334, 214, 234])
Face([581, 196, 446, 345, 76])
Face([252, 209, 271, 318, 222])
Face([48, 339, 270, 458, 412])
Face([141, 170, 237, 244, 255])
Face([48, 339, 375, 328, 595])
Face([427, 352, 582, 295, 404])
Face([259, 194, 529, 471, 539])
Face([556, 152, 212, 224, 83])
Face([221, 328, 375, 327, 430])
Face([16, 296, 284, 593, 70])
Face([23, 297, 540, 228, 133])
Face([74, 521, 107, 574, 533])
Face([533, 474, 462, 186, 574])
Face([279, 278, 367, 493, 191])
Face([305, 313, 449, 155, 284])
Face([18, 81, 324, 238, 276])
Face([596, 251, 29, 115, 245])
Face([5, 38, 304, 151, 303])
Face([429, 260, 408, 241, 532])
Face([23, 528, 282, 98, 183])
Face([513, 73, 305, 53, 334])
Face([349, 57, 558, 71, 581])
Face([349, 57, 452, 539, 471])
Face([168, 589, 103, 445, 566])
Face([335, 123, 414, 165, 167])
Face([383, 90, 517, 568, 388])
Face([554, 331, 175, 152, 212])
Face([110, 403, 141, 361, 454])
Face([219, 264, 145, 569, 172])
Face([10, 208, 262, 432, 460])
Face([219, 172, 162, 267, 223])
Face([431, 138, 379, 269, 461])
Face([313, 449, 575, 365, 457])
Face([525, 496, 218, 544, 502])
Face([565, 61, 315, 599, 182])
Face([52, 144, 228, 540, 316])
Face([77, 546, 101, 159, 189])
Face([13, 312, 545, 281, 51])
Face([308, 348, 535, 244, 255])
Face([306, 121, 400, 105, 102])
Face([503, 257, 573, 475, 62])
Face([3, 338, 340, 399, 508])
Face([259, 194, 103, 445, 164])
Face([58, 240, 386, 315, 359])
Face([40, 317, 332, 160, 557])
Face([0, 411, 486, 19, 406])
Face([27, 288, 224, 83, 300])
Face([74, 521, 331, 175, 398])
Face([28, 179, 526, 260, 429])
Face([557, 160, 310, 246, 597])
Face([86, 248, 226, 140, 509])
Face([555, 316, 52, 168, 566])
Face([34, 321, 418, 393, 177])
Face([411, 594, 301, 16, 486])
Face([29, 115, 204, 302, 173])
Face([339, 272, 222, 327, 375])
Face([433, 571, 190, 509, 140])
Face([595, 328, 235, 54, 495])
Face([1, 320, 142, 463, 489])
Face([406, 19, 512, 317, 332])
Face([23, 297, 484, 139, 183])
Face([269, 237, 170, 347, 461])
Face([33, 294, 60, 231, 543])
Face([168, 566, 478, 558, 71])
Face([523, 477, 400, 105, 238])
Face([1, 465, 424, 443, 598])
Face([74, 521, 417, 546, 77])
Face([43, 584, 490, 483, 434])
Face([51, 281, 588, 69, 505])
Face([312, 545, 59, 92, 562])
Face([72, 219, 223, 181, 322])
Face([21, 65, 341, 393, 418])
Face([518, 66, 100, 501, 410])
Face([71, 109, 120, 76, 581])
Face([0, 406, 436, 554, 87])
Face([521, 107, 319, 530, 417])
Face([262, 469, 522, 552, 432])
Face([30, 440, 541, 586, 482])
Face([407, 480, 293, 318, 451])
Face([7, 256, 111, 131, 453])
Face([5, 370, 300, 27, 38])
Face([281, 545, 232, 311, 435])
Face([6, 34, 321, 461, 431])
Face([524, 132, 487, 394, 561])
Face([434, 368, 117, 356, 483])
Face([45, 58, 359, 432, 262])
Face([554, 331, 592, 578, 436])
Face([498, 585, 289, 457, 515])
Face([288, 224, 310, 160, 531])
Face([518, 410, 44, 419, 247])
Face([126, 147, 437, 75, 381])
Face([412, 153, 538, 446, 458])
Face([11, 274, 114, 577, 229])
Face([596, 245, 405, 360, 366])
Face([56, 110, 185, 257, 503])
Face([89, 279, 278, 496, 525])
Face([250, 385, 218, 244, 535])
Face([276, 173, 302, 105, 238])
Face([403, 125, 347, 170, 141])
Face([4, 523, 477, 360, 366])
Face([479, 496, 218, 244, 237])
Face([453, 396, 209, 484, 151])
Face([495, 153, 537, 148, 467])
Face([406, 436, 310, 160, 332])
Face([407, 451, 376, 543, 231])
Face([528, 116, 190, 509, 86])
Face([312, 545, 232, 340, 399])
Face([11, 274, 314, 326, 197])
Face([96, 267, 193, 119, 243])
Face([506, 205, 592, 331, 175])
Face([289, 585, 333, 491, 355])
Face([400, 121, 507, 150, 477])
Face([8, 472, 419, 247, 134])
Face([227, 198, 192, 123, 416])
Face([481, 202, 330, 497, 351])
Face([253, 89, 279, 156, 181])
Face([383, 90, 109, 71, 558])
Face([504, 376, 451, 430, 382])
Face([35, 161, 84, 410, 518])
Face([135, 353, 597, 246, 373])
Face([524, 132, 236, 294, 33])
Face([450, 254, 12, 280, 351])
Face([505, 69, 63, 372, 485])
Face([598, 448, 570, 20, 309])
Face([9, 97, 43, 202, 481])
Face([54, 390, 492, 467, 495])
Face([368, 330, 302, 204, 117])
Face([533, 210, 476, 560, 574])
Face([91, 397, 217, 323, 548])
Face([391, 421, 444, 167, 165])
Face([224, 212, 554, 436, 310])
Face([452, 57, 558, 478, 428])
Face([1, 320, 178, 309, 598])
Face([473, 336, 343, 64, 369])
Face([390, 56, 577, 114, 397])
Face([184, 42, 565, 182, 99])
Face([278, 496, 218, 385, 367])
Face([359, 432, 552, 116, 353])
Face([580, 468, 514, 246, 373])
Face([299, 207, 516, 372, 511])
Face([303, 542, 7, 453, 151])
Face([54, 495, 153, 538, 591])
Face([409, 560, 574, 107, 550])
Face([13, 312, 562, 37, 494])
Face([440, 587, 363, 553, 541])
Face([118, 80, 142, 463, 187])
Face([49, 307, 425, 466, 519])
Face([48, 595, 495, 153, 412])
Face([171, 376, 451, 318, 271])
Face([35, 108, 344, 66, 518])
Face([20, 570, 113, 380, 371])
Face([229, 577, 88, 553, 541])
Face([359, 353, 135, 61, 315])
Face([454, 361, 165, 167, 413])
Face([453, 131, 437, 364, 396])
Face([415, 578, 514, 214, 334])
Face([54, 390, 397, 217, 591])
Face([303, 46, 402, 470, 542])
Face([513, 73, 104, 424, 258])
Face([10, 460, 199, 510, 78])
Face([372, 516, 164, 428, 485])
Face([173, 261, 202, 330, 302])
Face([591, 538, 446, 196, 529])
Face([143, 242, 24, 59, 92])
Face([547, 556, 31, 387, 263])
Face([297, 248, 304, 151, 484])
Face([345, 449, 575, 538, 446])
Face([25, 273, 247, 518, 35])
Face([11, 197, 361, 454, 229])
Face([528, 282, 135, 353, 116])
Face([62, 259, 164, 516, 475])
Face([208, 355, 537, 153, 412])
Face([423, 597, 246, 514, 214])
Face([303, 46, 139, 484, 151])
Face([51, 452, 428, 485, 505])
Face([584, 172, 162, 420, 180])
Face([55, 227, 416, 96, 253])
Face([590, 379, 138, 491, 333])
Face([25, 273, 456, 388, 383])
Face([167, 444, 404, 427, 413])
Face([14, 555, 316, 540, 252])
Face([366, 360, 37, 562, 92])
Face([161, 147, 437, 131, 84])
Face([390, 56, 110, 403, 492])
Face([537, 153, 538, 575, 365])
Face([34, 177, 99, 374, 249])
Face([559, 586, 137, 24, 59])
Face([40, 441, 163, 79, 395])
Face([465, 424, 258, 401, 493])
Face([148, 537, 365, 447, 348])
Face([564, 474, 189, 392, 567])
Face([450, 350, 527, 171, 254])
Face([82, 155, 284, 296, 422])
Face([0, 411, 530, 417, 87])
Face([28, 283, 387, 94, 429])
Face([431, 138, 148, 467, 455])
Face([24, 242, 178, 426, 95])
Face([134, 579, 456, 273, 247])
Face([184, 42, 389, 154, 230])
Face([460, 432, 552, 133, 199])
Face([77, 128, 356, 392, 189])
Face([252, 209, 484, 297, 540])
Face([149, 152, 175, 398, 438])
Face([179, 337, 459, 122, 526])
Face([0, 211, 176, 594, 411])
Face([308, 348, 148, 467, 492])
Face([40, 441, 571, 190, 557])
Face([288, 531, 344, 66, 100])
Face([460, 199, 166, 182, 599])
Face([274, 114, 311, 232, 95])
Face([309, 178, 426, 277, 206])
Face([124, 101, 159, 245, 405])
Face([481, 26, 442, 280, 351])
Face([299, 364, 14, 346, 207])
Face([280, 442, 81, 324, 213])
Face([124, 291, 380, 113, 101])
Face([216, 68, 369, 473, 15])
Face([36, 275, 325, 231, 60])
Face([429, 532, 264, 572, 94])
Face([494, 456, 273, 507, 150])
Face([279, 156, 408, 195, 278])
Face([6, 67, 491, 138, 431])
Face([305, 73, 515, 457, 313])
Face([234, 240, 386, 337, 459])
Face([292, 462, 474, 189, 159])
Face([290, 195, 408, 241, 287])
Face([265, 394, 487, 162, 420])
Face([9, 97, 569, 132, 524])
Face([105, 400, 534, 204, 302])
Face([183, 139, 378, 32, 166])
Face([32, 166, 199, 510, 293])
Face([109, 120, 203, 517, 90])
Face([512, 53, 395, 40, 317])
Face([591, 217, 188, 471, 529])
Face([136, 233, 438, 398, 354])
Face([108, 344, 286, 517, 90])
Face([8, 472, 534, 405, 124])
Face([137, 24, 242, 80, 127])
Face([13, 576, 388, 456, 494])
Face([149, 152, 212, 500, 47])
Face([33, 527, 171, 376, 543])
Face([508, 50, 301, 499, 399])
Face([267, 193, 157, 487, 162])
Face([549, 480, 407, 17, 329])
Face([505, 485, 381, 507, 150])
Face([72, 136, 572, 264, 219])
Face([472, 268, 117, 204, 534])
Face([87, 554, 212, 500, 220])
Face([22, 498, 585, 240, 234])
Face([183, 98, 130, 46, 139])
Face([49, 307, 544, 326, 314])
Face([370, 130, 98, 282, 300])
Face([72, 136, 354, 210, 322])
Face([240, 585, 333, 146, 386])
Face([536, 563, 47, 500, 220])
Face([508, 576, 13, 312, 399])
Face([489, 186, 462, 187, 463])
Face([102, 105, 302, 330, 497])
Face([20, 371, 499, 206, 309])
Face([49, 314, 91, 548, 519])
Face([397, 217, 188, 311, 114])
Face([415, 112, 550, 592, 578])
Face([23, 528, 86, 248, 297])
Face([65, 464, 526, 179, 341])
Face([6, 549, 329, 455, 431])
Face([21, 65, 590, 379, 269])
Face([234, 240, 58, 423, 214])
Face([4, 366, 92, 59, 559])
Face([506, 488, 354, 398, 175])
Face([453, 131, 84, 304, 151])
Face([395, 53, 305, 313, 79])
Face([487, 394, 444, 421, 157])
Face([21, 418, 285, 287, 290])
Face([452, 539, 259, 164, 428])
Face([12, 280, 442, 582, 504])
Face([96, 416, 123, 414, 243])
Face([415, 112, 258, 513, 334])
Face([41, 265, 420, 180, 261])
Face([576, 57, 558, 383, 388])
Face([118, 187, 55, 227, 198])
Face([7, 450, 350, 470, 542])
Face([149, 438, 128, 563, 47])
Face([280, 213, 102, 497, 351])
Face([498, 585, 333, 590, 358])
Face([536, 546, 77, 128, 563])
Face([269, 237, 244, 535, 379])
Face([42, 565, 98, 130, 389])
Face([580, 266, 337, 459, 468])
Face([508, 576, 388, 568, 50])
Face([108, 90, 109, 433, 140])
Face([18, 81, 442, 26, 41])
Face([411, 530, 319, 377, 486])
Face([443, 424, 258, 112, 377])
Face([519, 466, 174, 447, 548])
Face([55, 564, 322, 181, 253])
Face([350, 470, 402, 342, 527])
Face([16, 296, 512, 19, 486])
Face([25, 273, 507, 381, 126])
Face([29, 200, 227, 198, 251])
Face([39, 184, 99, 177, 393])
Face([83, 224, 310, 246, 373])
Face([5, 216, 15, 547, 370])
Face([115, 392, 356, 117, 204])
Face([590, 379, 535, 250, 358])
Face([18, 41, 265, 335, 30])
Face([14, 346, 327, 222, 252])
Face([200, 180, 584, 490, 567])
Face([33, 294, 239, 342, 527])
Face([298, 185, 110, 403, 125])
Face([298, 185, 427, 404, 325])
Face([346, 445, 103, 375, 327])
Face([472, 419, 44, 362, 268])
Face([7, 256, 85, 68, 542])
Face([31, 556, 83, 373, 580])
Face([143, 242, 178, 309, 20])
Face([45, 289, 457, 313, 79])
Face([292, 570, 448, 186, 462])
Face([310, 436, 578, 514, 246])
Face([21, 418, 321, 461, 269])
Face([106, 401, 493, 367, 439])
Face([298, 125, 347, 275, 325])
Face([65, 341, 146, 333, 590])
Face([2, 292, 462, 187, 118])
Face([28, 283, 266, 337, 179])
Face([96, 416, 420, 162, 267])
Face([1, 489, 186, 448, 598])
Face([542, 68, 369, 64, 470])
Face([564, 322, 72, 490, 567])
Face([177, 520, 146, 341, 393])
Face([338, 188, 311, 232, 340])
Face([317, 203, 517, 286, 332])
Face([593, 284, 155, 201, 357])
Face([561, 394, 444, 404, 295])
Face([31, 506, 488, 94, 387])
Face([75, 306, 102, 213, 511])
Face([348, 447, 174, 250, 535])
Face([22, 498, 358, 439, 106])
Face([362, 169, 47, 563, 268])
Face([362, 268, 117, 368, 85])
Face([580, 266, 61, 135, 373])
Face([256, 85, 362, 44, 111])
Face([200, 227, 416, 420, 180])
Face([583, 129, 145, 264, 532])
Face([107, 550, 112, 377, 319])
Face([430, 451, 318, 222, 327])
Face([519, 548, 323, 201, 357])
Face([185, 257, 573, 352, 427])
Face([570, 448, 319, 530, 113])
Face([2, 143, 20, 570, 292])
Face([568, 176, 579, 456, 388])
Face([36, 275, 421, 157, 158])
Face([143, 20, 371, 562, 92])
Face([158, 236, 129, 583, 285])
Face([274, 114, 397, 91, 314])
Face([62, 88, 435, 539, 259])
Face([418, 393, 39, 583, 285])
Face([501, 169, 362, 44, 410])
Face([519, 466, 104, 593, 357])
Face([279, 156, 476, 560, 191])
Face([124, 291, 37, 360, 405])
Face([557, 597, 353, 116, 190])
Face([345, 163, 469, 458, 446])
Face([79, 313, 449, 345, 163])
Face([591, 217, 323, 575, 538])
Face([38, 304, 248, 86, 27])
Face([283, 42, 389, 263, 387])
Face([115, 204, 534, 405, 245])
Face([21, 65, 464, 195, 290])
Face([335, 265, 394, 444, 167])
Face([441, 120, 109, 433, 571])
Face([200, 227, 55, 564, 567])
Face([314, 91, 308, 255, 326])
Face([215, 482, 30, 18, 276])
Face([596, 251, 215, 4, 366])
Face([563, 128, 356, 117, 268])
Face([18, 276, 173, 261, 41])
Face([267, 193, 287, 241, 223])
Face([137, 586, 482, 192, 127])
Face([5, 370, 130, 46, 303])
Face([523, 69, 505, 150, 477])
Face([409, 560, 191, 493, 401])
Face([0, 211, 286, 332, 406])
Face([22, 234, 459, 122, 106])
Face([158, 236, 132, 487, 157])
Face([490, 483, 356, 392, 567])
Face([307, 425, 385, 218, 544])
Face([2, 292, 159, 245, 596])
Face([10, 208, 412, 48, 78])
Face([289, 457, 365, 537, 355])
Face([55, 187, 463, 89, 253])
Face([197, 361, 141, 255, 326])
Face([70, 593, 357, 277, 206])
Face([183, 98, 565, 182, 166])
Face([110, 185, 427, 413, 454])
Face([30, 482, 192, 123, 335])
Face([598, 443, 70, 206, 309])
Face([128, 356, 483, 233, 438])
Face([136, 354, 488, 94, 572])
Face([378, 342, 527, 171, 271])
Face([338, 201, 357, 277, 340])
Face([133, 228, 272, 510, 199])
Face([158, 285, 287, 193, 157])
Face([489, 186, 574, 560, 191])
Face([429, 260, 384, 488, 94])
Face([521, 107, 550, 592, 331])
Face([434, 368, 85, 68, 369])
Face([5, 216, 68, 542, 303])
Face([32, 378, 342, 239, 374])
Face([557, 160, 531, 509, 190])
Face([14, 346, 445, 566, 555])
Face([274, 314, 49, 426, 95])
Face([38, 304, 84, 410, 501])
Face([15, 473, 336, 263, 547])
Face([8, 536, 546, 101, 124])
Face([598, 448, 319, 377, 443])
Face([23, 528, 116, 552, 133])
Face([211, 176, 568, 517, 286])
Face([261, 202, 43, 584, 180])
Face([82, 76, 120, 203, 422])
Face([43, 434, 368, 330, 202])
Face([216, 169, 362, 85, 68])
Face([215, 251, 29, 173, 276])
Face([103, 194, 529, 196, 589])
Face([577, 88, 435, 311, 114])
Face([73, 104, 466, 174, 515])
Face([93, 122, 459, 468, 205])
Face([234, 459, 468, 514, 214])
Face([494, 37, 360, 477, 150])
Face([589, 196, 446, 458, 270])
Face([67, 520, 599, 460, 10])
Face([24, 59, 545, 232, 95])
Face([387, 94, 572, 336, 263])
Face([126, 381, 485, 428, 478])
Face([549, 480, 293, 510, 78])
Face([338, 201, 323, 217, 188])
Face([255, 244, 218, 544, 326])
Face([40, 441, 120, 203, 317])
Face([465, 425, 385, 367, 493])
Face([34, 321, 36, 60, 249])
Face([91, 308, 348, 447, 548])
Face([301, 594, 380, 371, 499])
Face([9, 97, 64, 470, 350])
Face([296, 512, 53, 305, 284])
Face([324, 213, 102, 105, 238])
Face([378, 139, 46, 402, 342])
Face([30, 440, 413, 167, 335])
Face([221, 430, 382, 573, 257])
Face([297, 248, 226, 316, 540])
Face([119, 193, 157, 421, 391])
Face([431, 461, 347, 125, 455])
Face([6, 34, 249, 480, 549])
Face([177, 520, 599, 182, 99])
Face([17, 221, 430, 451, 407])
Face([3, 508, 576, 57, 349])
Face([40, 395, 423, 597, 557])
Face([107, 574, 186, 448, 319])
Face([569, 145, 129, 236, 132])
Face([569, 172, 162, 487, 132])
Face([11, 137, 127, 225, 197])
Face([142, 502, 525, 89, 463])
Face([254, 171, 271, 209, 396])
Face([389, 154, 402, 46, 130])
Face([441, 163, 345, 76, 120])
Face([16, 296, 422, 50, 301])
Face([82, 76, 345, 449, 155])
Face([473, 233, 483, 434, 369])
Face([395, 53, 334, 214, 423])
Face([119, 391, 170, 237, 479])
Face([229, 541, 440, 413, 454])
Face([435, 539, 471, 188, 311])
Face([11, 137, 24, 95, 274])
Face([41, 265, 394, 561, 26])
Face([23, 133, 199, 166, 183])
Face([7, 256, 497, 351, 450])
Face([12, 299, 364, 396, 254])
Face([19, 512, 53, 334, 415])
Face([3, 82, 76, 581, 349])
Face([3, 338, 188, 471, 349])
Face([464, 195, 408, 260, 526])
Face([31, 506, 205, 468, 580])
Face([74, 77, 128, 438, 398])
Face([8, 472, 268, 563, 536])
Face([402, 154, 230, 239, 342])
Face([253, 96, 243, 525, 89])
Face([216, 169, 47, 149, 15])
Face([445, 164, 428, 478, 566])
Face([525, 243, 414, 225, 502])
Face([16, 301, 499, 206, 70])
Face([39, 184, 230, 129, 583])
Face([14, 555, 147, 437, 364])
Face([494, 456, 579, 291, 37])
Face([87, 417, 521, 331, 554])
Face([26, 442, 582, 295, 561])
Face([127, 192, 123, 414, 225])
Face([464, 195, 278, 367, 439])
Face([111, 306, 75, 437, 131])
Face([440, 587, 352, 427, 413])
Face([343, 145, 129, 230, 154])
Face([465, 424, 104, 466, 425])
Face([475, 516, 207, 382, 573])
Face([179, 337, 386, 146, 341])
Face([74, 533, 210, 354, 398])
Face([9, 481, 26, 561, 524])
Face([498, 515, 174, 250, 358])
Face([133, 552, 522, 144, 228])
Face([378, 139, 484, 209, 271])
Face([301, 50, 568, 176, 594])
Face([221, 328, 235, 503, 257])
Face([360, 477, 400, 534, 405])
Face([70, 593, 104, 424, 443])
Face([49, 426, 277, 357, 519])
Face([50, 568, 517, 203, 422])
Face([161, 226, 248, 304, 84])
Face([370, 130, 389, 263, 547])
Face([523, 69, 63, 324, 238])
Face([17, 329, 595, 328, 221])
Face([54, 235, 194, 529, 591])
Face([372, 485, 381, 75, 511])
Face([472, 419, 121, 400, 534])
Face([14, 364, 396, 209, 252])
Face([205, 592, 578, 514, 468])
Face([329, 595, 495, 467, 455])
Face([8, 536, 220, 551, 134])
Face([25, 35, 108, 90, 383])
Face([58, 359, 353, 597, 423])
Face([291, 579, 176, 594, 380])
Face([296, 512, 317, 203, 422])
Face([288, 224, 212, 500, 100])
Face([555, 147, 161, 226, 316])
Face([320, 307, 544, 502, 142])
Face([78, 48, 339, 272, 510])
Face([106, 401, 409, 93, 122])
Face([384, 476, 156, 408, 260])
Face([294, 60, 36, 158, 236])
Face([343, 336, 572, 264, 145])
Face([29, 200, 180, 261, 173])
Face([15, 547, 556, 152, 149])
Face([450, 350, 9, 481, 351])
Face([275, 347, 170, 391, 421])
Face([256, 497, 330, 368, 85])
Face([93, 384, 476, 560, 409])
Face([118, 80, 127, 192, 198])
Face([391, 170, 141, 361, 165])
Face([44, 419, 121, 306, 111])
Face([17, 329, 455, 125, 298])
Face([93, 384, 260, 526, 122])
Face([52, 144, 522, 571, 433])
Face([439, 358, 250, 385, 367])
Face([3, 82, 422, 50, 508])
Face([559, 586, 541, 553, 588])
Face([1, 465, 493, 191, 489])
Face([75, 306, 121, 507, 381])
Face([28, 429, 532, 583, 39])
Face([583, 532, 241, 287, 285])
Face([481, 26, 41, 261, 202])
Face([548, 323, 575, 365, 447])
Face([106, 122, 526, 464, 439])
Face([374, 249, 60, 294, 239])
Face([409, 401, 258, 112, 550])
Face([74, 77, 189, 474, 533])
Face([12, 504, 382, 207, 299])
Face([1, 320, 307, 425, 465])
Face([25, 35, 161, 147, 126])
Face([565, 61, 135, 282, 98])
Face([293, 318, 222, 272, 510])
Face([25, 126, 478, 558, 383])
Face([93, 409, 550, 592, 205])
Face([28, 179, 341, 393, 39])
Face([322, 210, 476, 156, 181])
Face([475, 363, 63, 372, 516])
Face([243, 414, 165, 391, 119])
Face([235, 194, 259, 62, 503])
Face([308, 492, 403, 141, 255])
Face([504, 376, 543, 295, 582])
Face([32, 166, 182, 99, 374])
Face([525, 496, 479, 119, 243])
Face([252, 540, 228, 272, 222])
Face([206, 499, 399, 340, 277])
Face([466, 425, 385, 250, 174])
Face([21, 290, 479, 237, 269])
Face([8, 124, 291, 579, 134])
Face([17, 298, 185, 257, 221])
Face([253, 96, 267, 223, 181])
Face([559, 59, 545, 281, 588])
Face([321, 36, 275, 347, 461])
Face([45, 289, 585, 240, 58])
Face([384, 488, 354, 210, 476])
Face([349, 581, 196, 529, 471])
Face([371, 562, 37, 291, 380])
Face([292, 570, 113, 101, 159])
Face([197, 225, 414, 165, 361])
Face([67, 520, 146, 333, 491])
Face([6, 34, 177, 520, 67])
Face([116, 552, 522, 571, 190])
Face([4, 523, 69, 588, 559])
Face([406, 19, 415, 578, 436])
Face([2, 118, 80, 242, 143])
Face([475, 363, 587, 352, 573])
Face([555, 147, 126, 478, 566])
Face([115, 392, 189, 159, 245])
Face([211, 176, 579, 134, 551])
Face([418, 321, 36, 158, 285])
Face([16, 70, 443, 377, 486])
Face([546, 417, 530, 113, 101])
Face([500, 100, 66, 551, 220])
Face([501, 169, 47, 500, 100])
Face([564, 474, 533, 210, 322])
Face([235, 328, 375, 103, 194])
Face([31, 506, 175, 152, 556])
Face([283, 266, 580, 31, 387])
Face([52, 433, 140, 226, 316])
Face([460, 432, 359, 315, 599])
Face([402, 154, 343, 64, 470])
Face([390, 492, 308, 91, 397])
Face([489, 191, 279, 89, 463])
Face([339, 270, 589, 103, 375])
Face([0, 211, 551, 220, 87])
Face([51, 281, 435, 539, 452])
Face([55, 187, 462, 474, 564])
Face([17, 298, 325, 231, 407])
Face([62, 88, 553, 363, 475])
Face([27, 288, 531, 509, 86])
Face([2, 596, 366, 92, 143])
Face([32, 293, 480, 249, 374])
Face([11, 137, 586, 541, 229])
Face([215, 482, 192, 198, 251])
Face([320, 178, 426, 49, 307])
Face([4, 215, 276, 238, 523])
Face([584, 490, 72, 219, 172])
Face([63, 363, 553, 588, 69])
Face([275, 325, 404, 444, 421])
Face([283, 42, 565, 61, 266])
Face([403, 492, 467, 455, 125])
Face([65, 464, 439, 358, 590])
Face([370, 547, 556, 83, 300])
Face([256, 497, 102, 306, 111])
Face([29, 200, 567, 392, 115])
Face([144, 522, 469, 458, 270])
Face([155, 201, 323, 575, 449])
Face([13, 51, 452, 57, 576])
Face([156, 408, 241, 223, 181])
Face([549, 329, 595, 48, 78])
Face([515, 457, 365, 447, 174])
Face([344, 531, 160, 332, 286])
Face([35, 161, 226, 140, 108])
Face([4, 215, 482, 586, 559])
Face([44, 410, 84, 131, 111])
Face([273, 507, 121, 419, 247])
Face([95, 232, 340, 277, 426])
Face([6, 67, 10, 78, 549])
Face([346, 207, 382, 430, 327])
Face([290, 195, 278, 496, 479])
Face([38, 27, 288, 100, 501])
