(0, 832, 426, 1262, 431, 1040, 1168, 1391, 757, 981, 982, 220)->[-2, -2, 2, 2]
(0, 675, 683, 1293, 1262, 431, 1074, 1299, 1014, 952, 1147, 638)->[-2, -2, 2, 2*r5]
(0, 1380, 1000, 1293, 398, 431, 1391, 1074, 1267, 282, 1147, 638)->[(1-1*r5), -2, (1+1*r5), 4]
(0, 770, 1221, 422, 1262, 912, 1168, 1299, 1014, 952, 638, 511)->[-2, (-1-1*r5), (-1+1*r5), 4]
(0, 770, 422, 702, 1168, 982, 1176, 959, 1370, 1308, 638, 511)->[(1-1*r5), -4, 2, (1+1*r5)]
(0, 676, 1380, 1000, 638, 1370, 1391, 982, 1206, 1176, 282, 702)->[(-3+1*r5), (-1-1*r5), (1+1*r5), (1+1*r5)]
(2, 482, 554, 75, 44, 587, 78, 1202, 211, 1209, 860, 893)->[0, 0, 4, 0]
(96, 160, 1241, 647, 1128, 1099, 364, 526, 622, 16, 371, 729)->[(1-1*r5), -2, (1+1*r5), 0]
(546, 578, 1187, 166, 1194, 430, 1198, 209, 595, 1368, 921, 571)->[0, 2, (-1+1*r5), (1+1*r5)]
(834, 1383, 873, 1196, 1275, 1328, 1107, 1173, 1366, 1083, 508, 1343)->[2, 0, (1+1*r5), (-1+1*r5)]
(1215, 387, 1285, 1161, 208, 1008, 374, 439, 315, 1213, 1310, 319)->[0, -2, (-1+1*r5), (-1-1*r5)]
(1248, 1153, 323, 1126, 1421, 1102, 114, 788, 598, 1306, 1211, 605)->[(1+1*r5), (1-1*r5), -2, 0]
(458, 683, 1388, 304, 912, 18, 1299, 1425, 630, 952, 664, 958)->[-2, (1-1*r5), 0, (1+1*r5)]
(34, 483, 1157, 298, 394, 140, 1036, 1227, 625, 1011, 596, 1182)->[2, -2, -2, -2]
(321, 35, 174, 1266, 627, 692, 85, 1012, 503, 1330, 797, 1247)->[(-1+1*r5), (1+1*r5), 0, 2]
(864, 803, 4, 453, 520, 12, 47, 1423, 1234, 57, 602, 827)->[0, (-1+1*r5), (1+1*r5), 2]
(1018, 643, 644, 230, 967, 1100, 466, 118, 471, 824, 954, 1399)->[4, 0, 0, 0]
(198, 1192, 875, 971, 367, 80, 562, 1236, 1048, 281, 1214, 894)->[(-1+1*r5), (-1-1*r5), 0, 2]
(512, 1060, 968, 1133, 590, 782, 1300, 407, 953, 412, 253, 94)->[0, (1-1*r5), (-1-1*r5), -2]
(162, 231, 1101, 718, 1006, 656, 629, 599, 889, 507, 1116, 1086)->[0, (-1-1*r5), -2, (-1+1*r5)]
(1121, 259, 102, 70, 1223, 745, 847, 432, 1232, 404, 149, 252)->[-2, 0, (-1-1*r5), (1-1*r5)]
(738, 1090, 1093, 551, 392, 362, 749, 752, 82, 19, 1111, 1020)->[0, 0, -4, 0]
(577, 227, 612, 261, 1062, 199, 616, 876, 145, 1140, 888, 31)->[-2, (-1-1*r5), (-1+1*r5), 0]
(608, 164, 840, 1289, 269, 336, 753, 1235, 21, 535, 1434, 667)->[0, -2, (1-1*r5), (-1-1*r5)]
(224, 1283, 838, 232, 233, 842, 872, 1324, 1294, 1331, 1404, 223)->[(1+1*r5), (1-1*r5), 2, 0]
(99, 1169, 626, 531, 468, 818, 150, 1077, 1079, 90, 796, 895)->[2, 0, (1+1*r5), (1-1*r5)]
(257, 770, 1221, 422, 167, 776, 1233, 661, 88, 825, 606, 959)->[(1-1*r5), (-1-1*r5), 0, 2]
(194, 263, 743, 330, 492, 276, 533, 1149, 186, 189, 478, 415)->[0, (1+1*r5), 2, (1-1*r5)]
(353, 833, 547, 134, 553, 748, 910, 594, 756, 1049, 1246, 350)->[-2, -2, -2, 2]
(740, 901, 1094, 9, 1433, 1134, 464, 403, 854, 25, 666, 446)->[(1-1*r5), 0, 2, (-1-1*r5)]
(609, 386, 737, 37, 999, 361, 556, 815, 823, 1112, 1208, 670)->[(-1+1*r5), -2, (-1-1*r5), 0]
(289, 1217, 708, 1256, 617, 1420, 270, 725, 918, 762, 987, 381)->[-2, 0, (1+1*r5), (-1+1*r5)]
(481, 1218, 13, 112, 17, 1204, 279, 1081, 1242, 1115, 92, 1245)->[(-1-1*r5), (1-1*r5), 2, 0]
(128, 1345, 712, 144, 564, 724, 1109, 728, 730, 59, 1144, 639)->[0, (1-1*r5), (1+1*r5), -2]
(515, 195, 891, 902, 932, 1029, 137, 234, 885, 539, 1148, 63)->[-2, (-1+1*r5), 0, (1+1*r5)]
(517, 133, 869, 1351, 523, 558, 1167, 342, 1334, 1305, 1150, 126)->[2, -2, 2, -2]
(354, 1346, 1254, 937, 331, 855, 1231, 119, 1278, 409, 188, 990)->[(1-1*r5), 0, -2, (1+1*r5)]
(928, 866, 395, 716, 141, 110, 173, 881, 754, 1110, 542, 1279)->[2, 0, (-1-1*r5), (-1+1*r5)]
(418, 1250, 615, 682, 1068, 334, 1180, 1212, 83, 55, 1052, 575)->[(1+1*r5), 0, (-1+1*r5), -2]
(1155, 580, 1065, 187, 751, 1371, 115, 1365, 1302, 570, 123, 956)->[(-1-1*r5), 2, 0, (-1+1*r5)]
(325, 264, 456, 1385, 1132, 242, 850, 922, 251, 476, 413, 927)->[2, (-1-1*r5), (-1+1*r5), 0]
(678, 295, 71, 1001, 620, 973, 1166, 495, 911, 1071, 1301, 1113)->[(1+1*r5), 2, 0, (1-1*r5)]
(32, 97, 226, 1027, 196, 39, 1319, 45, 1358, 148, 505, 703)->[-2, 2, -2, -2]
(449, 1156, 646, 903, 1224, 329, 1003, 1039, 1142, 87, 829, 862)->[(-1-1*r5), 0, (1-1*r5), 2]
(640, 736, 98, 741, 710, 14, 238, 176, 1106, 1170, 532, 822)->[-2, (-1-1*r5), (1-1*r5), 0]
(1380, 583, 328, 1225, 638, 619, 1293, 1014, 569, 1370, 222, 511)->[0, -2, (-1+1*r5), (1+1*r5)]
(1409, 1411, 1125, 1127, 941, 527, 15, 113, 180, 597, 121, 543)->[(1-1*r5), 2, (-1-1*r5), 0]
(513, 290, 772, 1082, 486, 1097, 1295, 1361, 470, 890, 540, 93)->[-2, 2, 2, 2]
(836, 581, 1286, 779, 849, 1395, 373, 949, 1430, 1272, 1373, 95)->[(1-1*r5), (1+1*r5), 0, 2]
(962, 669, 775, 720, 305, 565, 791, 120, 26, 1372, 29, 1055)->[(-1-1*r5), (-1+1*r5), 2, 0]
(1089, 1026, 1313, 837, 7, 489, 681, 686, 272, 689, 1205, 637)->[(-1-1*r5), -2, 0, (-1+1*r5)]
(225, 744, 1193, 1130, 628, 853, 151, 600, 1401, 955, 380, 925)->[-2, -2, 2, -2]
(576, 704, 355, 393, 1002, 1418, 50, 467, 84, 1362, 727, 91)->[2, -2, 2, 2]
(1216, 376, 1417, 684, 366, 1393, 980, 1396, 86, 216, 1051, 1087)->[(1-1*r5), 2, (1+1*r5), 0]
(1344, 801, 322, 707, 1317, 1035, 883, 979, 183, 1405, 734, 127)->[-2, (-1+1*r5), 0, (-1-1*r5)]
(165, 262, 936, 874, 76, 493, 588, 1426, 1268, 856, 445, 1119)->[0, 0, 0, 4]
(545, 1374, 931, 1412, 1114, 774, 391, 1159, 820, 917, 314, 510)->[0, (-1-1*r5), -2, (1-1*r5)]
(67, 197, 1414, 807, 1355, 652, 369, 497, 561, 819, 469, 919)->[2, (1-1*r5), 0, (-1-1*r5)]
(835, 899, 1098, 273, 274, 52, 660, 1431, 184, 828, 766, 1407)->[-2, (1+1*r5), (-1+1*r5), 0]
(320, 1123, 676, 742, 1210, 106, 1359, 500, 1176, 58, 1308, 702)->[0, (-1-1*r5), 2, (-1+1*r5)]
(36, 293, 713, 621, 1264, 436, 213, 567, 440, 1271, 1437, 574)->[2, 2, 2, 2]
(795, 130, 1096, 1162, 1258, 496, 1073, 306, 307, 1337, 826, 699)->[(1+1*r5), 2, 0, (-1+1*r5)]
(960, 103, 171, 1163, 1069, 784, 337, 241, 787, 1402, 285, 479)->[(-1+1*r5), (1+1*r5), 0, -2]
(1280, 1059, 1124, 1387, 1357, 177, 977, 147, 1240, 345, 218, 926)->[(1-1*r5), 0, -2, (-1-1*r5)]
(292, 427, 1230, 239, 785, 1041, 243, 821, 887, 892, 477, 382)->[-2, (1+1*r5), (1-1*r5), 0]
(1381, 680, 522, 491, 845, 623, 368, 1104, 182, 22, 1307, 124)->[(1+1*r5), 0, (1-1*r5), -2]
(1304, 1186, 265, 43, 908, 1179, 399, 240, 1424, 563, 536, 379)->[0, 2, (-1+1*r5), (-1-1*r5)]
(963, 1315, 870, 327, 1261, 1136, 662, 502, 408, 1017, 378, 1342)->[(1-1*r5), -2, (-1-1*r5), 0]
(1349, 1382, 1063, 266, 906, 1259, 813, 175, 816, 1105, 406, 247)->[(1+1*r5), 0, (-1+1*r5), 2]
(480, 1091, 68, 202, 299, 77, 1009, 146, 758, 663, 1023, 383)->[2, (1-1*r5), 0, (1+1*r5)]
(384, 1025, 419, 1347, 965, 1318, 939, 592, 117, 534, 56, 1084)->[0, (1+1*r5), -2, (1-1*r5)]
(1028, 1316, 998, 841, 778, 111, 593, 1239, 1336, 1178, 283, 765)->[(-1+1*r5), 0, -2, (1+1*r5)]
(450, 611, 228, 1177, 1273, 359, 42, 555, 308, 501, 1237, 697)->[(1+1*r5), 0, (1-1*r5), 2]
(192, 416, 705, 294, 423, 518, 519, 363, 460, 1067, 1131, 1076)->[0, 4, 0, 0]
(132, 584, 1033, 685, 302, 691, 1043, 1141, 250, 156, 1406, 255)->[(-1+1*r5), 2, (-1-1*r5), 0]
(420, 1030, 1416, 428, 397, 942, 1103, 914, 246, 60, 190, 991)->[(1-1*r5), (-1-1*r5), 0, -2]
(929, 964, 358, 1000, 970, 557, 398, 1206, 920, 282, 1435, 318)->[0, (1-1*r5), (1+1*r5), 2]
(773, 135, 424, 201, 1422, 303, 1297, 1042, 1143, 632, 1339, 830)->[2, (-1+1*r5), 0, (-1-1*r5)]
(1190, 487, 711, 425, 139, 780, 1260, 814, 951, 185, 410, 957)->[2, (1+1*r5), (1-1*r5), 0]
(352, 1057, 1152, 1288, 1390, 655, 178, 1367, 537, 732, 1022, 1439)->[0, 0, 0, -4]
(1, 865, 1281, 900, 357, 1284, 1348, 268, 1007, 20, 214, 538)->[(-1-1*r5), (1-1*r5), -2, 0]
(256, 769, 516, 105, 809, 1291, 1354, 1360, 852, 1078, 1274, 1053)->[(-1-1*r5), 0, (1-1*r5), -2]
(996, 1188, 1034, 365, 237, 1326, 433, 1329, 884, 311, 504, 859)->[2, -2, -2, 2]
(771, 1092, 969, 907, 300, 781, 878, 1005, 1397, 1207, 1054, 767)->[(1+1*r5), -2, 0, (-1+1*r5)]
(802, 313, 654, 1327, 913, 1138, 1172, 245, 792, 89, 989, 351)->[0, (1-1*r5), (-1-1*r5), 2]
(1120, 1282, 69, 1031, 1352, 1353, 975, 498, 1171, 984, 284, 861)->[(-1-1*r5), -2, 0, (1-1*r5)]
(451, 804, 8, 1243, 1296, 1021, 1075, 1108, 343, 346, 763, 733)->[0, -2, (1-1*r5), (1+1*r5)]
(673, 898, 1379, 484, 1290, 715, 461, 429, 1265, 948, 886, 760)->[-2, (1-1*r5), 0, (-1-1*r5)]
(672, 388, 390, 40, 296, 746, 459, 877, 244, 863, 1432, 191)->[0, (1+1*r5), 2, (-1+1*r5)]
(421, 1375, 200, 1195, 271, 976, 1135, 1394, 790, 793, 1403, 287)->[2, (1+1*r5), (-1+1*r5), 0]
(641, 163, 846, 1298, 61, 1013, 1047, 1400, 217, 1309, 1244, 317)->[2, (-1+1*r5), 0, (1+1*r5)]
(417, 610, 810, 236, 653, 48, 400, 402, 51, 688, 882, 219)->[2, (-1-1*r5), (1-1*r5), 0]
(193, 258, 1122, 613, 997, 1095, 136, 1415, 947, 1203, 375, 152)->[(1-1*r5), (1+1*r5), 0, -2]
(161, 674, 344, 5, 808, 335, 1199, 372, 248, 986, 1151, 671)->[0, (-1+1*r5), (-1-1*r5), -2]
(897, 1314, 645, 11, 1165, 210, 499, 212, 530, 693, 472, 1050)->[0, (-1+1*r5), (-1-1*r5), 2]
(896, 933, 1146, 301, 1197, 1276, 1428, 157, 278, 858, 924, 573)->[2, 0, (-1-1*r5), (1-1*r5)]
(1024, 65, 966, 811, 108, 143, 1335, 116, 1269, 215, 700, 509)->[(1+1*r5), (-1+1*r5), 2, 0]
(1160, 1386, 972, 717, 494, 1164, 722, 1010, 277, 1333, 1340, 607)->[0, -4, 0, 0]
(448, 1184, 1312, 485, 805, 1061, 1320, 1229, 783, 435, 28, 1117)->[(1+1*r5), -2, 0, (1-1*r5)]
(33, 934, 455, 651, 332, 843, 591, 1263, 817, 723, 438, 1398)->[(-1-1*r5), 0, (-1+1*r5), -2]
(1219, 868, 1438, 396, 1004, 1037, 339, 181, 1270, 633, 27, 30)->[0, (-1-1*r5), 2, (1-1*r5)]
(677, 550, 168, 1129, 172, 1325, 529, 658, 983, 1145, 794, 668)->[(-1-1*r5), 0, (-1+1*r5), 2]
(679, 839, 41, 297, 747, 524, 777, 1356, 405, 1080, 635, 1311)->[0, 2, (1-1*r5), (-1-1*r5)]
(961, 1410, 72, 585, 138, 618, 851, 1364, 1429, 950, 442, 1277)->[-2, 0, (-1-1*r5), (-1+1*r5)]
(768, 993, 1378, 1253, 1257, 204, 559, 624, 1303, 153, 634, 316)->[0, (-1+1*r5), (1+1*r5), -2]
(642, 3, 260, 1191, 938, 1419, 1137, 916, 309, 310, 759, 254)->[-2, 2, 2, -2]
(806, 158, 909, 528, 434, 690, 437, 695, 411, 701, 414, 286)->[(1+1*r5), (-1+1*r5), -2, 0]
(1408, 385, 1058, 1185, 923, 1413, 457, 170, 275, 1338, 347, 125)->[2, 2, -2, 2]
(288, 1220, 871, 74, 267, 940, 206, 81, 49, 1436, 348, 221)->[-2, 2, -2, 2]
(1056, 867, 548, 582, 1350, 360, 905, 1228, 525, 657, 857, 541)->[(-1+1*r5), 0, 2, (1+1*r5)]
(994, 1252, 650, 1323, 687, 719, 944, 1363, 340, 1015, 312, 603)->[0, 2, (1-1*r5), (1+1*r5)]
(64, 1249, 66, 1189, 38, 614, 552, 904, 462, 659, 54, 377)->[-2, 0, (1+1*r5), (1-1*r5)]
(579, 1251, 1032, 586, 1072, 945, 789, 1174, 473, 155, 62, 735)->[-4, 0, 0, 0]
(549, 844, 848, 401, 179, 341, 441, 698, 444, 1181, 798, 1183)->[(-1-1*r5), (-1+1*r5), -2, 0]
(100, 101, 1158, 104, 988, 1070, 1139, 1175, 1019, 764, 572, 831)->[(-1+1*r5), 0, -2, (-1-1*r5)]
(544, 131, 154, 1321, 1066, 207, 880, 1427, 53, 631, 280, 122)->[2, 2, -2, -2]
(992, 1376, 229, 648, 235, 142, 696, 1038, 1200, 24, 443, 1118)->[(-1+1*r5), (-1-1*r5), 0, -2]
(1377, 452, 326, 10, 812, 589, 560, 721, 1392, 1044, 566, 447)->[(-1+1*r5), 2, (1+1*r5), 0]
(356, 709, 454, 1222, 109, 338, 1045, 568, 665, 1341, 349, 799)->[(-1+1*r5), 0, 2, (-1-1*r5)]
(675, 6, 935, 649, 974, 1074, 915, 1267, 23, 601, 474, 1147)->[(1-1*r5), 0, 2, (1+1*r5)]
(514, 291, 324, 389, 706, 995, 521, 714, 1389, 1201, 1016, 159)->[-2, -2, -2, -2]
(169, 333, 46, 943, 465, 370, 946, 694, 1046, 761, 475, 985)->[(-1+1*r5), -2, (1+1*r5), 0]
(1154, 739, 1064, 490, 203, 1292, 463, 786, 506, 731, 604, 1085)->[2, 2, 2, -2]
(1088, 129, 930, 488, 73, 1226, 107, 1384, 750, 978, 755, 1332)->[(-1-1*r5), 2, 0, (1-1*r5)]
(800, 1255, 1287, 1369, 1322, 205, 79, 879, 726, 1238, 249, 636)->[0, (1+1*r5), -2, (-1+1*r5)]
(128, 160, 712, 169, 44, 364, 16, 465, 370, 1202, 724, 893)->[0, -2, (3+1*r5), (-3+1*r5)]
(868, 261, 1062, 1130, 1099, 1037, 526, 628, 181, 853, 1140, 729)->[-2, -4, (1+1*r5), (1-1*r5)]
(772, 40, 296, 779, 209, 1395, 1430, 1368, 1082, 571, 540, 863)->[(1-1*r5), 4, 2, (1+1*r5)]
(576, 704, 867, 1382, 873, 906, 175, 657, 467, 1173, 1366, 857)->[(1+1*r5), (-3+1*r5), (1+1*r5), (1+1*r5)]
(387, 420, 164, 648, 840, 1289, 428, 1200, 246, 1213, 1118, 319)->[0, -4, 0, -4]
(1248, 643, 1273, 806, 1100, 909, 308, 788, 598, 697, 954, 411)->[(3+1*r5), 0, -2, (3-1*r5)]
(1313, 1026, 677, 7, 1129, 458, 1262, 757, 952, 981, 664, 1145)->[-4, -2, (-1+1*r5), (1+1*r5)]
(896, 34, 573, 104, 680, 522, 845, 1070, 625, 572, 157, 1182)->[(1+1*r5), (-3+1*r5), (-1-1*r5), (-1-1*r5)]
(546, 293, 166, 621, 430, 1298, 1012, 85, 503, 217, 1271, 61)->[2, (1+1*r5), (-1+1*r5), 4]
(834, 4, 964, 358, 1383, 520, 587, 12, 78, 1107, 1209, 318)->[(3-1*r5), 0, (3+1*r5), 2]
(1024, 1283, 1349, 838, 966, 233, 816, 118, 247, 824, 1018, 1335)->[(3+1*r5), 0, 2, (3-1*r5)]
(896, 323, 522, 491, 1197, 1211, 434, 788, 858, 411, 124, 414)->[2*r5, 0, (-1-1*r5), (1-1*r5)]
(996, 231, 1192, 433, 1075, 1236, 629, 311, 1048, 1086, 733, 343)->[(-1+1*r5), -4, -2, (1+1*r5)]
(609, 140, 301, 815, 1011, 1300, 1428, 953, 1182, 412, 573, 670)->[2, -2, -2*r5, -2]
(737, 162, 1188, 37, 231, 810, 556, 1326, 433, 402, 882, 599)->[2, -4, (-1-1*r5), (-1+1*r5)]
(512, 1121, 1280, 259, 1059, 5, 1223, 808, 1387, 1133, 1199, 253)->[(1-1*r5), 0, -2*r5, (-1-1*r5)]
(386, 551, 392, 999, 1138, 1111, 792, 1017, 378, 1112, 989, 1342)->[0, -2, (-3-1*r5), (3-1*r5)]
(225, 1218, 1241, 261, 526, 628, 853, 1140, 279, 888, 729, 1115)->[(-1-1*r5), (-1-1*r5), (1+1*r5), (-3+1*r5)]
(224, 517, 872, 682, 1229, 783, 342, 55, 1404, 1305, 1212, 1117)->[2*r5, -2, 2, -2]
(869, 872, 682, 1324, 334, 1169, 531, 1077, 342, 55, 1305, 1404)->[4, (1-1*r5), (1+1*r5), -2]
(416, 705, 294, 1375, 200, 492, 1069, 276, 533, 790, 1402, 479)->[(-1+1*r5), (3+1*r5), (-1+1*r5), (1-1*r5)]
(961, 1346, 547, 313, 72, 756, 119, 1278, 89, 442, 1049, 351)->[-2, (1-1*r5), -4, (1+1*r5)]
(352, 673, 801, 1317, 1439, 464, 178, 948, 886, 25, 666, 127)->[-2, 0, (3-1*r5), (-3-1*r5)]
(737, 162, 1412, 391, 556, 400, 402, 882, 599, 1208, 1114, 1116)->[(-1+1*r5), -2*r5, (-1-1*r5), 0]
(762, 398, 431, 1391, 1074, 915, 1267, 725, 282, 1435, 220, 381)->[-2, (1-1*r5), 4, (1+1*r5)]
(550, 1256, 92, 720, 918, 791, 1245, 1081, 794, 987, 668, 29)->[-2*r5, 0, (1+1*r5), (-1+1*r5)]
(993, 709, 1253, 338, 468, 799, 1109, 728, 153, 90, 796, 639)->[(-1+1*r5), 0, 2*r5, (-1-1*r5)]
(578, 195, 779, 687, 719, 209, 1363, 949, 921, 891, 1148, 95)->[(1-1*r5), (1+1*r5), 0, 2*r5]
(387, 229, 1414, 142, 558, 208, 369, 819, 374, 1334, 1150, 1118)->[2, (-1-1*r5), (-1+1*r5), -4]
(354, 515, 1156, 646, 137, 1425, 18, 958, 409, 539, 188, 862)->[(-1-1*r5), 0, (1-1*r5), 2*r5]
(928, 323, 1306, 1197, 434, 788, 437, 858, 411, 1276, 542, 1279)->[4, 0, -4, 0]
(515, 932, 677, 1156, 168, 137, 1003, 1325, 1425, 958, 664, 862)->[-4, 0, 0, 4]
(580, 168, 1032, 1003, 1039, 529, 658, 945, 789, 1142, 1365, 187)->[(-3-1*r5), (3-1*r5), 0, 2]
(838, 967, 232, 233, 969, 1063, 816, 1397, 118, 247, 1207, 1018)->[(3+1*r5), (1-1*r5), (-1+1*r5), (-1+1*r5)]
(1184, 805, 1320, 1385, 907, 236, 1005, 878, 48, 51, 413, 927)->[4, -4, 0, 0]
(131, 773, 678, 135, 295, 1321, 1422, 623, 182, 22, 1113, 122)->[4, 2, (1-1*r5), (-1-1*r5)]
(32, 226, 70, 105, 745, 1354, 45, 848, 401, 1360, 149, 1183)->[-4, (-1+1*r5), (-1-1*r5), -2]
(133, 454, 709, 558, 1167, 1045, 374, 728, 730, 315, 1144, 1215)->[(-1+1*r5), -2, (1+1*r5), -4]
(1120, 1089, 98, 900, 1348, 1352, 489, 1106, 532, 20, 284, 637)->[-2*r5, (-1-1*r5), (1-1*r5), 0]
(1409, 259, 362, 527, 752, 1199, 19, 404, 986, 252, 1151, 543)->[(1-1*r5), (-1+1*r5), (-3-1*r5), (1-1*r5)]
(897, 1314, 1220, 1125, 1255, 11, 940, 205, 941, 15, 726, 221)->[(1-1*r5), (1+1*r5), -4, 2]
(417, 1374, 1412, 1157, 391, 556, 400, 882, 1011, 596, 1208, 670)->[2, -4, (-1-1*r5), (1-1*r5)]
(258, 1027, 965, 839, 1319, 777, 1415, 939, 524, 1358, 152, 1084)->[(1-1*r5), 4, -2, (-1-1*r5)]
(1216, 289, 1217, 1097, 1417, 305, 29, 1361, 86, 918, 120, 93)->[(-1-1*r5), 2, 4, (-1+1*r5)]
(836, 1286, 1230, 273, 785, 1371, 1431, 123, 956, 1373, 382, 1407)->[(-1-1*r5), 2*r5, 0, (-1+1*r5)]
(129, 1251, 488, 107, 115, 565, 789, 1302, 187, 1055, 669, 735)->[(-3-1*r5), 2, (3-1*r5), 0]
(1090, 1093, 551, 173, 815, 1276, 1428, 1110, 823, 1112, 924, 1279)->[2, (-3+1*r5), (-3-1*r5), 0]
(1120, 1089, 98, 612, 69, 616, 1352, 238, 272, 145, 1106, 637)->[-4, -4, 0, 0]
(673, 901, 934, 744, 651, 843, 461, 760, 600, 1401, 666, 446)->[(-1-1*r5), (1-1*r5), 2, -4]
(583, 393, 1002, 971, 367, 1009, 146, 562, 569, 91, 222, 383)->[2, (-1-1*r5), (-1+1*r5), 4]
(263, 1257, 330, 684, 589, 366, 560, 624, 1392, 1393, 1303, 189)->[0, (1+1*r5), 2*r5, (1-1*r5)]
(197, 133, 454, 558, 208, 369, 819, 1045, 374, 315, 1341, 1150)->[2, -2, 2, -2*r5]
(707, 196, 1027, 679, 839, 1035, 147, 148, 183, 1240, 345, 1311)->[-2, 2, -2, -2*r5]
(998, 841, 937, 76, 588, 1243, 593, 1108, 855, 763, 445, 990)->[0, (-3+1*r5), -2, (3+1*r5)]
(640, 545, 514, 736, 324, 389, 1030, 942, 820, 822, 314, 60)->[-2, -2*r5, -2, -2]
(481, 1313, 7, 681, 426, 1129, 17, 757, 981, 1145, 794, 92)->[-2*r5, -2, 2, 2]
(485, 229, 517, 1061, 1414, 142, 783, 497, 819, 1334, 443, 1150)->[(1+1*r5), (-1-1*r5), (3-1*r5), (-1-1*r5)]
(736, 741, 327, 718, 1136, 1170, 820, 662, 1114, 507, 1116, 510)->[(1-1*r5), -2*r5, (-1-1*r5), 0]
(1024, 65, 1349, 713, 1196, 813, 175, 116, 1366, 567, 440, 508)->[4, (-1+1*r5), (1+1*r5), 2]
(1247, 1190, 797, 780, 1260, 1330, 1394, 1403, 1337, 795, 699, 287)->[(1+1*r5), 2*r5, 0, (-1+1*r5)]
(608, 1124, 968, 521, 1387, 269, 1389, 753, 1201, 926, 253, 94)->[(1-1*r5), -2, (-1-1*r5), -4]
(1250, 1381, 135, 1355, 652, 623, 368, 561, 632, 1052, 830, 575)->[4, 0, 0, -4]
(201, 297, 171, 747, 1356, 240, 241, 337, 563, 1042, 1143, 536)->[(-1+1*r5), (1+1*r5), 0, -2*r5]
(166, 621, 430, 877, 1266, 436, 244, 85, 1012, 1368, 1271, 863)->[(-1+1*r5), 4, 2, (1+1*r5)]
(1342, 961, 547, 870, 72, 138, 1261, 756, 792, 313, 350, 351)->[-2, -2, -2*r5, 2]
(130, 611, 1018, 42, 266, 1100, 1259, 816, 307, 471, 1273, 826)->[(3+1*r5), (3-1*r5), 0, 2]
(641, 450, 611, 1259, 77, 1105, 1013, 406, 663, 758, 1237, 317)->[4, 0, 0, 4]
(97, 1025, 292, 965, 39, 1127, 427, 1358, 239, 113, 180, 117)->[-2, 4, (-1-1*r5), (1-1*r5)]
(1184, 485, 805, 456, 236, 696, 48, 443, 24, 219, 413, 927)->[(1+1*r5), -2*r5, 0, (1-1*r5)]
(2, 1209, 708, 358, 520, 587, 12, 1420, 725, 57, 1435, 318)->[(-3+1*r5), 0, (3+1*r5), 2]
(1186, 1222, 201, 265, 568, 109, 1390, 303, 1297, 1367, 536, 537)->[(-1+1*r5), (-1+1*r5), (-1+1*r5), (-3-1*r5)]
(325, 842, 1132, 333, 1294, 50, 84, 694, 727, 475, 476, 223)->[(1+1*r5), (-1-1*r5), (1+1*r5), (3-1*r5)]
(480, 262, 8, 841, 778, 299, 76, 588, 593, 1108, 1243, 1023)->[(-1+1*r5), (1-1*r5), (1-1*r5), (3+1*r5)]
(835, 388, 581, 1286, 423, 40, 363, 1067, 1430, 1431, 184, 191)->[(1-1*r5), (3+1*r5), (-1+1*r5), (-1+1*r5)]
(34, 483, 807, 1036, 1070, 919, 1235, 469, 535, 1434, 764, 831)->[2, -2, -2, -2*r5]
(1090, 132, 1146, 924, 362, 685, 335, 82, 372, 278, 986, 156)->[(-1+1*r5), (-1+1*r5), (-3-1*r5), (1-1*r5)]
(640, 545, 736, 710, 1160, 397, 494, 942, 820, 277, 917, 60)->[(1-1*r5), (-3-1*r5), (1-1*r5), (1-1*r5)]
(160, 929, 676, 169, 106, 622, 1359, 371, 1046, 1206, 920, 761)->[0, (-1-1*r5), 2*r5, (-1+1*r5)]
(1250, 197, 632, 652, 561, 1297, 83, 568, 665, 1341, 830, 575)->[(1+1*r5), 0, (-1+1*r5), -2*r5]
(1216, 1217, 2, 1209, 708, 520, 1420, 1423, 211, 980, 57, 1051)->[(1-1*r5), (-1+1*r5), (3+1*r5), (-1+1*r5)]
(1347, 518, 711, 519, 1318, 1322, 1131, 79, 1238, 951, 56, 957)->[(3-1*r5), (3+1*r5), -2, 0]
(41, 201, 265, 297, 1356, 1390, 303, 1042, 563, 1367, 536, 732)->[(3-1*r5), 2, 0, (-3-1*r5)]
(762, 708, 358, 935, 12, 398, 915, 1267, 725, 57, 602, 1435)->[(1-1*r5), 0, 2*r5, (1+1*r5)]
(768, 1378, 740, 1419, 1179, 399, 1137, 403, 759, 1433, 634, 379)->[(1-1*r5), 2, (1+1*r5), -4]
(864, 290, 1187, 1082, 6, 935, 1234, 595, 601, 602, 571, 890)->[(1-1*r5), 2, (1+1*r5), 4]
(1152, 1357, 655, 753, 977, 1139, 1235, 1022, 667, 988, 926, 831)->[0, (-3+1*r5), -2, (-3-1*r5)]
(1377, 803, 452, 4, 36, 812, 1196, 47, 1328, 1107, 213, 567)->[2, 2, 2*r5, 2]
(256, 1281, 102, 70, 745, 1354, 1007, 848, 1360, 538, 1181, 1183)->[-2*r5, 0, (-1-1*r5), (1-1*r5)]
(256, 865, 706, 1281, 102, 70, 714, 1007, 1232, 1360, 1078, 1016)->[-4, (1-1*r5), (-1-1*r5), -2]
(836, 1029, 1065, 1295, 1148, 1395, 949, 470, 570, 1371, 540, 63)->[(-1-1*r5), (1+1*r5), (3-1*r5), (1+1*r5)]
(610, 996, 198, 231, 1192, 810, 1326, 433, 402, 1236, 599, 1086)->[2, -2*r5, -2, 2]
(288, 1155, 956, 206, 751, 798, 821, 348, 698, 444, 477, 382)->[-4, (1+1*r5), -2, (-1+1*r5)]
(129, 642, 962, 775, 1384, 1226, 274, 52, 309, 916, 766, 1055)->[-4, (1+1*r5), 2, (1-1*r5)]
(771, 68, 1091, 555, 237, 77, 781, 884, 1237, 1177, 859, 767)->[4, -2, (1-1*r5), (1+1*r5)]
(866, 1090, 132, 1093, 685, 82, 691, 1276, 1110, 1146, 924, 1279)->[2, (3-1*r5), (-3-1*r5), 0]
(576, 355, 68, 771, 1092, 1063, 906, 1002, 1009, 1397, 406, 758)->[4, -2, (-1+1*r5), (1+1*r5)]
(737, 162, 386, 999, 718, 1006, 913, 1138, 662, 792, 378, 1342)->[0, (-1-1*r5), -2*r5, (-1+1*r5)]
(832, 1313, 227, 422, 167, 616, 272, 1168, 757, 1205, 825, 31)->[(-1-1*r5), -4, (-1+1*r5), 2]
(487, 584, 425, 250, 1066, 592, 880, 1141, 534, 951, 56, 154)->[2, 4, (-1-1*r5), (1-1*r5)]
(100, 764, 1381, 135, 424, 680, 807, 1355, 652, 623, 632, 572)->[(1+1*r5), 0, (1-1*r5), -2*r5]
(641, 582, 1350, 1382, 202, 1105, 1013, 406, 663, 758, 857, 1309)->[(1+1*r5), 0, (-1+1*r5), 2*r5]
(640, 98, 291, 324, 389, 1030, 1352, 1353, 822, 60, 861, 991)->[(-1-1*r5), -4, (1-1*r5), -2]
(898, 291, 324, 995, 1030, 1282, 1353, 715, 429, 914, 861, 991)->[(-1-1*r5), (-1-1*r5), (-3+1*r5), (-1-1*r5)]
(961, 585, 618, 749, 1165, 1327, 212, 1111, 1050, 1020, 989, 351)->[(-3+1*r5), 0, (-3-1*r5), 2]
(1225, 619, 588, 493, 1388, 304, 1296, 1299, 1108, 1268, 1014, 346)->[(-3+1*r5), -2, 0, (3+1*r5)]
(129, 642, 962, 260, 455, 1226, 817, 755, 916, 438, 1372, 1055)->[-2*r5, 2, 2, -2]
(352, 1152, 1379, 484, 1357, 336, 177, 753, 886, 1022, 667, 926)->[(1-1*r5), (1-1*r5), (1-1*r5), (-3-1*r5)]
(517, 1061, 682, 783, 497, 561, 819, 342, 1212, 1117, 1150, 575)->[4, -2, (-1+1*r5), (-1-1*r5)]
(513, 835, 388, 772, 1286, 40, 296, 1395, 660, 1430, 1431, 540)->[-2, 2*r5, 2, 2]
(577, 227, 742, 199, 167, 972, 722, 1333, 1210, 1308, 606, 959)->[(1-1*r5), (-3-1*r5), (-1+1*r5), (-1+1*r5)]
(326, 263, 743, 746, 459, 560, 976, 276, 566, 790, 1432, 793)->[(-1+1*r5), 2*r5, (1+1*r5), 0]
(416, 835, 388, 423, 743, 746, 363, 492, 184, 186, 828, 191)->[(-3+1*r5), (3+1*r5), 2, 0]
(33, 673, 1317, 651, 843, 461, 734, 464, 948, 666, 446, 127)->[(-1-1*r5), 0, (-1+1*r5), -2*r5]
(130, 643, 806, 1096, 695, 42, 1100, 909, 307, 308, 471, 1273)->[(3+1*r5), (-1+1*r5), (1-1*r5), (-1+1*r5)]
(293, 266, 1162, 813, 846, 1105, 306, 1013, 440, 826, 61, 574)->[4, 2, (-1+1*r5), (1+1*r5)]
(802, 451, 231, 365, 654, 1006, 433, 913, 1075, 629, 311, 733)->[(3-1*r5), (-1-1*r5), (-1-1*r5), (1+1*r5)]
(833, 804, 1221, 553, 1388, 912, 1233, 630, 88, 346, 1021, 1246)->[-2, (-1-1*r5), (1-1*r5), 4]
(1219, 1351, 264, 456, 235, 142, 242, 1270, 1334, 696, 633, 126)->[2, -2*r5, 2, -2]
(417, 1153, 1157, 361, 298, 556, 653, 1102, 882, 1011, 605, 670)->[(1+1*r5), (-1-1*r5), (-1-1*r5), (-3+1*r5)]
(994, 1028, 165, 998, 1254, 650, 1323, 76, 593, 855, 445, 990)->[0, (3-1*r5), -2, (3+1*r5)]
(771, 68, 996, 1091, 1192, 300, 237, 781, 146, 562, 884, 281)->[(1+1*r5), (-1-1*r5), (-3+1*r5), (1+1*r5)]
(1120, 1, 579, 900, 1348, 489, 586, 686, 1072, 984, 284, 637)->[(-3-1*r5), -2, (-3+1*r5), 0]
(97, 965, 1319, 1415, 427, 1358, 239, 1203, 117, 887, 152, 1084)->[-2, 2*r5, -2, -2]
(322, 484, 516, 809, 1035, 1291, 177, 1265, 948, 345, 218, 127)->[(-1-1*r5), 0, (1-1*r5), -2*r5]
(1280, 226, 259, 196, 1059, 1223, 808, 1199, 703, 147, 149, 671)->[-2, (-1+1*r5), -4, (-1-1*r5)]
(897, 1252, 645, 1254, 871, 331, 940, 1323, 1231, 49, 693, 1015)->[(1-1*r5), 2, (-1-1*r5), 4]
(609, 738, 1090, 551, 301, 782, 815, 1300, 1428, 1112, 953, 924)->[(-1+1*r5), (1-1*r5), (-3-1*r5), (1-1*r5)]
(320, 1123, 1418, 1132, 251, 80, 367, 850, 84, 58, 91, 894)->[2, -2*r5, 2, 2]
(860, 1257, 554, 684, 589, 366, 1392, 721, 211, 980, 1303, 316)->[0, 2, (3+1*r5), (-3+1*r5)]
(10, 108, 1292, 818, 895, 1044, 150, 215, 506, 731, 700, 447)->[(1+1*r5), 2, 4, (1-1*r5)]
(678, 425, 139, 495, 880, 911, 690, 1427, 185, 122, 158, 286)->[4, (1+1*r5), -2, (1-1*r5)]
(1210, 875, 80, 722, 661, 1308, 1333, 1340, 58, 1214, 606, 959)->[0, (-3-1*r5), (3-1*r5), 2]
(640, 98, 612, 69, 1352, 1353, 1416, 876, 238, 145, 60, 991)->[(-1-1*r5), -2*r5, 0, (1-1*r5)]
(448, 417, 992, 485, 805, 1157, 394, 1227, 48, 443, 24, 219)->[(1+1*r5), -4, (1-1*r5), -2]
(891, 779, 1295, 1148, 209, 1395, 949, 921, 1082, 571, 540, 63)->[-2, (1+1*r5), (-1+1*r5), 4]
(332, 13, 591, 112, 975, 1072, 1171, 1204, 1263, 984, 473, 62)->[(-3-1*r5), (1-1*r5), (-1+1*r5), (1-1*r5)]
(577, 261, 742, 1062, 1099, 1004, 1037, 526, 622, 1359, 500, 181)->[(1-1*r5), -2*r5, (1+1*r5), 0]
(416, 294, 423, 200, 743, 746, 492, 276, 790, 1432, 793, 191)->[(3-1*r5), (3+1*r5), 2, 0]
(1024, 1018, 1349, 266, 811, 1258, 816, 307, 471, 824, 826, 1335)->[(3+1*r5), (-1+1*r5), (-1+1*r5), (-1+1*r5)]
(515, 580, 932, 1029, 168, 1003, 1325, 658, 1365, 1142, 570, 862)->[-2*r5, (-1+1*r5), 0, (1+1*r5)]
(1346, 547, 646, 72, 1224, 748, 1364, 1278, 409, 442, 829, 1049)->[(-1-1*r5), (-3+1*r5), (-1-1*r5), (1+1*r5)]
(704, 867, 964, 1383, 873, 905, 970, 557, 657, 1362, 467, 1173)->[2, (1-1*r5), 4, (1+1*r5)]
(1056, 548, 328, 360, 619, 493, 974, 1293, 1426, 23, 1147, 1119)->[0, (-3+1*r5), 2, (3+1*r5)]
(35, 581, 423, 40, 1067, 877, 849, 1266, 692, 1076, 1430, 191)->[0, (3+1*r5), (3-1*r5), 2]
(128, 796, 1253, 860, 75, 626, 1202, 1109, 153, 90, 316, 639)->[(3-1*r5), 0, (3+1*r5), -2]
(673, 901, 1285, 1401, 1290, 1134, 760, 1008, 439, 600, 151, 666)->[-2, -2, 2, -2*r5]
(1314, 132, 1033, 749, 302, 527, 752, 941, 82, 530, 1165, 597)->[0, 2, (-3-1*r5), (3-1*r5)]
(643, 230, 295, 620, 909, 911, 1104, 466, 690, 182, 124, 414)->[(3+1*r5), (-1+1*r5), (1-1*r5), (1-1*r5)]
(1378, 330, 938, 399, 624, 1137, 759, 1304, 634, 379, 1149, 478)->[(-3+1*r5), (1+1*r5), (1+1*r5), (-1-1*r5)]
(1190, 1096, 139, 495, 911, 1071, 690, 1073, 695, 185, 699, 286)->[2*r5, (1+1*r5), (1-1*r5), 0]
(963, 327, 268, 1261, 910, 176, 594, 1170, 20, 532, 214, 350)->[(-1-1*r5), (-1-1*r5), (-1-1*r5), (3-1*r5)]
(1376, 545, 931, 420, 164, 774, 648, 840, 942, 1200, 21, 246)->[0, -2*r5, (1-1*r5), (-1-1*r5)]
(576, 1350, 1382, 202, 906, 1002, 657, 1009, 467, 406, 758, 857)->[(1+1*r5), (1-1*r5), 2, 4]
(448, 417, 1312, 805, 1157, 298, 394, 653, 1102, 48, 114, 605)->[4, (-1-1*r5), -2, (1-1*r5)]
(801, 679, 1439, 41, 1035, 1357, 183, 1240, 345, 732, 1022, 1311)->[(1-1*r5), (-1+1*r5), (1-1*r5), (-3-1*r5)]
(800, 923, 1033, 11, 205, 879, 530, 275, 472, 347, 1406, 255)->[(-1+1*r5), (1+1*r5), -4, 2]
(1064, 201, 171, 463, 240, 241, 784, 786, 1424, 1143, 536, 1339)->[2, (1+1*r5), (-1+1*r5), -4]
(192, 1122, 1098, 363, 460, 887, 785, 1041, 1203, 375, 184, 1407)->[-2, (3+1*r5), 0, (-3+1*r5)]
(515, 1029, 902, 329, 267, 751, 1365, 1142, 1436, 570, 348, 862)->[-4, 2, (1-1*r5), (1+1*r5)]
(611, 68, 771, 1063, 1259, 77, 1237, 406, 758, 1397, 1177, 767)->[2*r5, (1-1*r5), 0, (1+1*r5)]
(612, 69, 1031, 1416, 1353, 876, 628, 1140, 955, 925, 190, 991)->[(-1-1*r5), -4, (-1+1*r5), -2]
(418, 644, 615, 71, 1001, 620, 143, 466, 1269, 1335, 824, 1180)->[(3+1*r5), (-1+1*r5), (-1+1*r5), (1-1*r5)]
(193, 194, 136, 938, 43, 947, 310, 759, 1304, 379, 1149, 478)->[(1-1*r5), 4, 2, (-1-1*r5)]
(263, 330, 490, 1292, 559, 560, 624, 1392, 1044, 1303, 604, 415)->[(-1+1*r5), (1+1*r5), 4, -2]
(640, 710, 199, 1416, 876, 397, 238, 494, 972, 145, 277, 60)->[-2, (-3-1*r5), 0, (-3+1*r5)]
(66, 614, 647, 552, 617, 1128, 1256, 270, 279, 1241, 1242, 1245)->[(-1-1*r5), (1-1*r5), 2*r5, 0]
(578, 195, 994, 165, 936, 234, 1198, 687, 1363, 856, 921, 891)->[(-3+1*r5), 2, 0, (3+1*r5)]
(960, 739, 773, 1064, 171, 973, 463, 784, 1301, 1143, 1113, 1339)->[(1+1*r5), (1+1*r5), (3-1*r5), (-1-1*r5)]
(192, 416, 194, 705, 613, 136, 492, 533, 375, 1402, 285, 479)->[0, (3+1*r5), (3-1*r5), -2]
(64, 225, 66, 934, 744, 591, 659, 723, 1204, 1242, 1115, 380)->[-4, (1-1*r5), (1+1*r5), -2]
(544, 674, 344, 101, 1158, 1019, 53, 405, 631, 248, 1080, 635)->[(-1+1*r5), 2, (-1-1*r5), -4]
(384, 161, 1027, 965, 839, 777, 939, 1358, 671, 344, 1080, 703)->[(-3+1*r5), (1+1*r5), (-1-1*r5), (-1-1*r5)]
(770, 583, 1225, 875, 971, 1296, 661, 343, 88, 1048, 1021, 511)->[0, -4, 0, 4]
(326, 10, 1195, 1292, 271, 976, 1085, 1044, 215, 506, 700, 509)->[(1+1*r5), (1+1*r5), (1+1*r5), (-3+1*r5)]
(1027, 196, 1059, 1311, 839, 808, 671, 147, 344, 1080, 1240, 703)->[(1-1*r5), 2, (-1-1*r5), -4]
(1025, 292, 1125, 1318, 1287, 1322, 239, 113, 243, 180, 117, 726)->[(1-1*r5), 2*r5, (-1-1*r5), 0]
(1290, 715, 428, 760, 1008, 914, 439, 151, 1401, 955, 190, 319)->[-2, (-1-1*r5), (-1+1*r5), -4]
(1062, 199, 1416, 876, 397, 494, 717, 972, 1037, 1103, 27, 30)->[(1-1*r5), (-3-1*r5), (-1+1*r5), (1-1*r5)]
(128, 1249, 482, 552, 712, 904, 1128, 364, 16, 144, 1202, 893)->[(1-1*r5), (1-1*r5), (3+1*r5), (1-1*r5)]
(1056, 1187, 6, 360, 1194, 1228, 974, 1198, 1426, 23, 856, 1119)->[0, (3-1*r5), 2, (3+1*r5)]
(768, 740, 1253, 1094, 904, 204, 144, 564, 54, 854, 377, 639)->[(1-1*r5), 0, 2*r5, (-1-1*r5)]
(32, 97, 930, 427, 505, 750, 401, 978, 441, 698, 892, 477)->[-4, (1+1*r5), -2, (1-1*r5)]
(1316, 141, 110, 1327, 881, 210, 499, 212, 245, 1172, 1336, 1178)->[(-1+1*r5), 0, -2*r5, (1+1*r5)]
(1219, 420, 648, 235, 397, 494, 717, 1038, 1103, 1010, 27, 30)->[0, (-3-1*r5), (3-1*r5), -2]
(1155, 549, 1032, 1039, 179, 789, 1142, 87, 1174, 1365, 187, 444)->[(-3-1*r5), (-1+1*r5), (1-1*r5), (-1+1*r5)]
(608, 545, 514, 931, 324, 1030, 840, 1389, 942, 21, 246, 314)->[(1-1*r5), -4, -2, (-1-1*r5)]
(257, 227, 710, 199, 167, 972, 14, 238, 145, 277, 1333, 606)->[-2, (-3-1*r5), 0, (3-1*r5)]
(672, 864, 772, 453, 390, 296, 1417, 1423, 1361, 1396, 890, 1051)->[(1-1*r5), (1+1*r5), 4, 2]
(800, 1025, 1125, 1318, 1322, 302, 592, 113, 597, 726, 250, 255)->[0, 4, -4, 0]
(358, 935, 360, 905, 12, 525, 398, 557, 1267, 23, 602, 827)->[0, 0, 4, 4]
(455, 332, 591, 112, 720, 1081, 1204, 473, 1372, 669, 62, 735)->[(-3-1*r5), 0, 2, (-3+1*r5)]
(1283, 644, 966, 615, 233, 143, 118, 55, 824, 1404, 1180, 1335)->[(3+1*r5), 0, 2, (-3+1*r5)]
(355, 68, 771, 1092, 1002, 300, 367, 1009, 146, 562, 281, 91)->[(1+1*r5), (-1-1*r5), (3-1*r5), (1+1*r5)]
(544, 103, 297, 1321, 171, 747, 1422, 207, 337, 1042, 405, 1143)->[2, (1+1*r5), (1-1*r5), -4]
(896, 131, 101, 933, 104, 680, 522, 22, 631, 280, 572, 157)->[(1+1*r5), (3-1*r5), (-1-1*r5), (-1-1*r5)]
(326, 263, 1292, 271, 560, 976, 276, 1044, 790, 604, 1085, 415)->[2, 4, (1+1*r5), (1-1*r5)]
(32, 930, 73, 105, 1354, 45, 505, 401, 978, 441, 1274, 1183)->[-2*r5, 2, -2, -2]
(1153, 1188, 37, 361, 810, 556, 653, 1102, 1326, 1421, 882, 504)->[(1+1*r5), (-1-1*r5), (-1-1*r5), (3-1*r5)]
(1123, 583, 393, 1418, 971, 1370, 367, 80, 569, 58, 91, 702)->[(-1+1*r5), -4, 2, (1+1*r5)]
(35, 581, 519, 1369, 1067, 79, 849, 627, 692, 1076, 1272, 249)->[0, (3+1*r5), (-3+1*r5), 2]
(354, 515, 646, 902, 329, 331, 267, 49, 409, 539, 1436, 862)->[(-1-1*r5), (-1+1*r5), -2, 4]
(96, 481, 647, 1256, 426, 270, 1040, 279, 1245, 1241, 220, 381)->[(-1-1*r5), -2, 4, (-1+1*r5)]
(33, 322, 769, 516, 73, 817, 755, 1332, 1398, 1274, 1405, 734)->[-2*r5, (-1+1*r5), 0, (-1-1*r5)]
(897, 1314, 1410, 1411, 585, 74, 940, 941, 15, 1429, 1050, 221)->[-2, 2, -2*r5, 2]
(131, 100, 101, 135, 424, 680, 1321, 1422, 623, 22, 631, 572)->[(1+1*r5), (-1+1*r5), -2, -4]
(928, 359, 1034, 555, 395, 716, 1421, 598, 504, 697, 1306, 859)->[4, (1-1*r5), (-1-1*r5), 2]
(1184, 485, 517, 1351, 264, 456, 142, 783, 1334, 696, 443, 413)->[(1+1*r5), -4, (-1+1*r5), -2]
(1345, 1438, 868, 1193, 1130, 339, 439, 151, 59, 1144, 1310, 1215)->[(-3+1*r5), (-1-1*r5), (1+1*r5), (-1-1*r5)]
(1154, 1250, 356, 203, 1068, 463, 1297, 83, 568, 665, 1339, 830)->[(1+1*r5), (-1+1*r5), 2, -4]
(868, 955, 1062, 1416, 1130, 876, 1037, 1103, 628, 1140, 27, 190)->[-2, -2*r5, 2, -2]
(674, 1059, 5, 1158, 808, 1387, 1133, 977, 407, 1175, 988, 253)->[0, 0, -4, -4]
(439, 1438, 868, 955, 1130, 428, 1103, 151, 27, 1310, 190, 319)->[(1-1*r5), -4, 2, (-1-1*r5)]
(1093, 749, 141, 110, 1165, 1327, 210, 212, 1172, 1110, 1111, 989)->[(3-1*r5), 0, (-3-1*r5), 2]
(448, 1312, 298, 394, 491, 845, 1307, 625, 114, 435, 1211, 605)->[2*r5, -2, -2, -2]
(352, 1057, 1152, 1379, 1161, 1289, 1290, 336, 1008, 886, 667, 1213)->[(-3+1*r5), -2, 0, (-3-1*r5)]
(131, 414, 678, 295, 911, 690, 1427, 22, 182, 122, 124, 158)->[2*r5, 2, -2, -2]
(737, 162, 1188, 37, 231, 999, 365, 654, 1006, 433, 913, 1138)->[(-1+1*r5), (-1-1*r5), -4, 2]
(1249, 2, 482, 614, 647, 552, 617, 1128, 364, 1420, 270, 893)->[-2, (-3+1*r5), (3+1*r5), 0]
(225, 934, 1031, 744, 13, 591, 975, 1263, 1171, 1204, 1115, 925)->[-2*r5, -2, 2, -2]
(1093, 551, 999, 141, 173, 1138, 1172, 1110, 823, 1111, 1112, 989)->[(-1+1*r5), (1-1*r5), (-3-1*r5), (-1+1*r5)]
(867, 4, 964, 358, 1383, 905, 12, 525, 557, 1107, 1173, 827)->[(-1+1*r5), 0, 2*r5, (1+1*r5)]
(1056, 548, 262, 1350, 328, 202, 619, 493, 1426, 1023, 222, 383)->[(-1+1*r5), (1-1*r5), (-1+1*r5), (3+1*r5)]
(418, 644, 230, 295, 615, 1001, 620, 368, 1104, 466, 182, 1052)->[(3+1*r5), (3-1*r5), 0, -2]
(866, 1146, 685, 434, 691, 1043, 437, 858, 1276, 701, 542, 1279)->[(1+1*r5), (-1+1*r5), -2*r5, 0]
(644, 230, 615, 1052, 368, 1104, 1212, 435, 1399, 1307, 28, 1117)->[(3+1*r5), (-3+1*r5), 0, -2]
(833, 1026, 1156, 837, 134, 903, 458, 748, 689, 1425, 630, 829)->[-4, -2, (1-1*r5), (1+1*r5)]
(709, 1094, 1285, 9, 1134, 564, 1045, 728, 315, 1144, 349, 1215)->[0, (1-1*r5), (1+1*r5), -2*r5]
(353, 741, 327, 1261, 718, 176, 656, 594, 1170, 662, 507, 350)->[-2, -4, (-1-1*r5), (-1+1*r5)]
(513, 775, 1065, 1097, 273, 305, 52, 565, 470, 660, 1302, 123)->[-4, (1+1*r5), 2, (-1+1*r5)]
(1248, 1177, 1273, 1126, 967, 1100, 598, 1207, 697, 954, 1054, 767)->[(3+1*r5), (1-1*r5), (1-1*r5), (-1+1*r5)]
(1219, 456, 235, 717, 1038, 242, 1010, 696, 633, 922, 30, 607)->[(-1+1*r5), (-3-1*r5), (-1+1*r5), (1-1*r5)]
(66, 1189, 614, 1256, 617, 1242, 720, 918, 1245, 1081, 26, 29)->[-4, 0, 4, 0]
(865, 706, 963, 1281, 1315, 102, 714, 268, 432, 1232, 408, 159)->[(-1-1*r5), -2, -4, (1-1*r5)]
(901, 1094, 1285, 1193, 1134, 564, 439, 600, 151, 59, 1144, 1215)->[(1-1*r5), -2, (1+1*r5), -4]
(1379, 840, 1289, 1290, 715, 428, 336, 1008, 914, 246, 1213, 319)->[(1-1*r5), (-1-1*r5), 0, -2*r5]
(1314, 1410, 1411, 585, 618, 749, 941, 527, 752, 1165, 1050, 1020)->[(1-1*r5), (-1+1*r5), (-3-1*r5), (-1+1*r5)]
(257, 353, 741, 776, 553, 14, 176, 656, 594, 1233, 889, 507)->[-2, -2*r5, -2, 2]
(1155, 549, 329, 267, 206, 751, 1365, 1142, 87, 444, 348, 798)->[-2*r5, 2, -2, 2]
(1185, 450, 163, 228, 457, 765, 111, 501, 1400, 1338, 283, 317)->[(1+1*r5), (-1+1*r5), -2, 4]
(610, 198, 1386, 1164, 1101, 688, 402, 1236, 1340, 599, 1214, 1086)->[(-1+1*r5), (-3-1*r5), (1-1*r5), (-1+1*r5)]
(385, 1028, 1252, 1316, 457, 650, 275, 499, 693, 472, 603, 283)->[(-1+1*r5), 2, (-1-1*r5), 4]
(833, 804, 937, 1388, 18, 630, 1278, 1049, 346, 763, 188, 1246)->[-2, -2, -2, 2*r5]
(288, 292, 1125, 1220, 1255, 1287, 15, 243, 180, 821, 726, 221)->[-2, 4, (-1-1*r5), (-1+1*r5)]
(160, 929, 169, 587, 44, 364, 465, 371, 920, 761, 893, 318)->[0, -2, (3+1*r5), (3-1*r5)]
(1057, 67, 197, 1288, 1161, 109, 208, 369, 1045, 537, 315, 1341)->[(-1+1*r5), (1-1*r5), (-1+1*r5), (-3-1*r5)]
(1019, 41, 988, 1357, 655, 977, 1139, 1240, 635, 732, 1022, 1311)->[0, (3-1*r5), -2, (-3-1*r5)]
(512, 1121, 738, 259, 5, 362, 1133, 782, 1199, 19, 404, 986)->[(-3+1*r5), 0, (-3-1*r5), -2]
(1376, 774, 391, 1160, 1386, 1038, 400, 688, 1010, 917, 24, 219)->[(-1+1*r5), (-3-1*r5), (1-1*r5), (1-1*r5)]
(2, 647, 587, 364, 1420, 270, 371, 725, 920, 1435, 893, 318)->[(1-1*r5), (1-1*r5), (3+1*r5), (-1+1*r5)]
(896, 323, 605, 522, 298, 491, 845, 1197, 625, 1211, 573, 1182)->[4, (1-1*r5), (-1-1*r5), -2]
(193, 194, 1122, 136, 938, 1098, 274, 309, 310, 186, 828, 478)->[-2, 2*r5, 2, -2]
(609, 1374, 1060, 1412, 1159, 140, 1011, 596, 1208, 953, 412, 670)->[(-1+1*r5), (-1-1*r5), -4, -2]
(419, 103, 425, 1066, 1163, 207, 880, 787, 534, 951, 56, 410)->[2, 2*r5, -2, -2]
(480, 262, 8, 1225, 619, 588, 493, 1296, 1108, 1023, 222, 383)->[(3-1*r5), -2, 0, (3+1*r5)]
(803, 4, 867, 1196, 525, 1107, 213, 1173, 567, 827, 541, 1437)->[2, (-1+1*r5), 4, (1+1*r5)]
(192, 1347, 518, 1415, 460, 239, 887, 1041, 1203, 117, 375, 1084)->[(1-1*r5), (3+1*r5), (1-1*r5), (1-1*r5)]
(35, 40, 779, 877, 430, 209, 849, 1266, 85, 1430, 1368, 863)->[0, 2*r5, (-1+1*r5), (1+1*r5)]
(160, 169, 106, 1099, 396, 1004, 46, 622, 1359, 500, 181, 1046)->[0, -4, 4, 0]
(1408, 321, 1058, 1260, 814, 879, 1330, 627, 1238, 249, 923, 957)->[2, 2*r5, -2, 2]
(577, 742, 199, 1062, 972, 717, 1004, 1037, 722, 500, 1210, 30)->[(-3+1*r5), (-3-1*r5), 2, 0]
(864, 289, 1216, 1217, 708, 1417, 1423, 1361, 57, 890, 1051, 93)->[-2, 2, 2*r5, 2]
(384, 161, 544, 344, 777, 1066, 939, 53, 405, 534, 248, 1080)->[(3-1*r5), (1+1*r5), (-1-1*r5), (-1-1*r5)]
(1248, 1312, 230, 491, 1104, 1307, 114, 435, 1399, 954, 1211, 28)->[(3+1*r5), (1-1*r5), (1-1*r5), (1-1*r5)]
(1384, 956, 107, 750, 766, 273, 785, 115, 123, 892, 382, 1407)->[-4, 4, 0, 0]
(548, 1380, 328, 360, 905, 1000, 557, 398, 1293, 1267, 23, 1147)->[0, (1-1*r5), (1+1*r5), 2*r5]
(704, 929, 964, 1383, 873, 970, 333, 946, 1362, 727, 761, 1275)->[2, -2, 2*r5, 2]
(769, 1251, 488, 73, 332, 817, 755, 852, 1398, 1274, 155, 62)->[(-3-1*r5), (3-1*r5), 0, -2]
(130, 450, 611, 42, 266, 1259, 846, 1105, 306, 1013, 826, 317)->[2*r5, (-1+1*r5), 0, (1+1*r5)]
(322, 707, 516, 930, 73, 105, 45, 148, 1332, 505, 1274, 1405)->[-4, 2, (1-1*r5), (-1-1*r5)]
(1088, 193, 642, 3, 1344, 997, 1095, 1226, 979, 1332, 310, 1405)->[(-1-1*r5), (1+1*r5), (3-1*r5), (-1-1*r5)]
(1028, 645, 998, 1252, 1254, 1316, 650, 1323, 1231, 499, 693, 990)->[0, (-1+1*r5), (-1-1*r5), 2*r5]
(834, 452, 554, 75, 78, 1328, 721, 626, 150, 1079, 1083, 447)->[2, (3-1*r5), (3+1*r5), 0]
(1120, 1218, 612, 69, 616, 681, 13, 975, 272, 17, 888, 637)->[-2*r5, (-1-1*r5), (-1+1*r5), 0]
(96, 676, 622, 1359, 1040, 1391, 371, 982, 1206, 920, 282, 1176)->[(1-1*r5), (-1-1*r5), 4, 2]
(768, 993, 1186, 1378, 740, 1222, 9, 399, 338, 1433, 1179, 349)->[0, (-1+1*r5), (1+1*r5), -2*r5]
(1056, 546, 582, 874, 1194, 1228, 1198, 1426, 856, 217, 1244, 1309)->[(-1+1*r5), (-1+1*r5), (-1+1*r5), (3+1*r5)]
(1, 449, 579, 900, 357, 837, 903, 1032, 489, 586, 686, 1039)->[(-3-1*r5), (1-1*r5), (1-1*r5), (-1+1*r5)]
(67, 197, 1288, 632, 109, 652, 303, 1390, 1297, 568, 537, 1341)->[2, 0, (3-1*r5), (-3-1*r5)]
(96, 577, 832, 261, 742, 526, 622, 1040, 1359, 982, 1176, 31)->[-2, -4, (1+1*r5), (-1+1*r5)]
(899, 1191, 938, 1393, 274, 309, 376, 186, 828, 189, 478, 1087)->[-2, 4, (1+1*r5), (1-1*r5)]
(421, 71, 1258, 811, 1195, 1166, 1071, 1073, 1394, 1269, 1337, 509)->[2*r5, (1+1*r5), (-1+1*r5), 0]
(280, 933, 1146, 584, 685, 335, 372, 53, 278, 248, 154, 156)->[2, 2, -2*r5, -2]
(96, 647, 270, 1391, 1040, 371, 725, 920, 282, 1435, 220, 381)->[-2, -2, 2*r5, 2]
(384, 161, 584, 250, 1066, 335, 592, 53, 534, 248, 154, 156)->[(-1+1*r5), (1+1*r5), -4, -2]
(355, 1092, 1385, 907, 300, 1132, 367, 850, 84, 281, 91, 894)->[(1+1*r5), -4, (-1+1*r5), 2]
(384, 161, 1025, 302, 335, 592, 113, 597, 250, 156, 1151, 543)->[0, (1+1*r5), -2*r5, (1-1*r5)]
(1344, 33, 642, 3, 260, 1226, 817, 755, 1332, 438, 1405, 734)->[-4, 2, (-1+1*r5), (-1-1*r5)]
(480, 583, 8, 1225, 971, 1296, 146, 562, 343, 1048, 222, 383)->[(-1+1*r5), (-1-1*r5), 0, 2*r5]
(1316, 457, 110, 881, 210, 275, 499, 754, 472, 1178, 283, 125)->[2, (-1+1*r5), -4, (1+1*r5)]
(99, 869, 1305, 872, 842, 523, 1324, 943, 1169, 531, 694, 985)->[(1+1*r5), -2, 4, (1-1*r5)]
(100, 1019, 424, 41, 297, 1390, 303, 655, 1042, 1139, 635, 732)->[(-1+1*r5), (-1+1*r5), (1-1*r5), (-3-1*r5)]
(1058, 1406, 487, 170, 139, 814, 528, 1043, 1141, 347, 701, 286)->[(1+1*r5), (1+1*r5), (-1-1*r5), (3-1*r5)]
(1281, 1284, 102, 745, 847, 848, 851, 341, 950, 1277, 538, 1181)->[-4, 0, -4, 0]
(448, 1061, 1381, 394, 1355, 1036, 845, 497, 625, 435, 919, 1307)->[4, -2, (1-1*r5), (-1-1*r5)]
(1061, 1381, 1355, 368, 497, 561, 435, 1212, 1307, 1052, 1117, 575)->[2*r5, (1-1*r5), 0, (-1-1*r5)]
(1126, 810, 781, 237, 653, 1005, 1102, 1326, 51, 1421, 504, 1054)->[4, (-1-1*r5), -2, (-1+1*r5)]
(668, 112, 529, 720, 945, 1081, 791, 473, 794, 92, 669, 735)->[(-3-1*r5), 0, 2, (3-1*r5)]
(802, 451, 841, 365, 654, 1329, 245, 311, 1336, 1239, 1243, 733)->[(-1+1*r5), -2, (-1-1*r5), 4]
(65, 713, 1162, 811, 1195, 1258, 1135, 1264, 1394, 1337, 509, 574)->[4, (1+1*r5), 2, (-1+1*r5)]
(768, 740, 1419, 204, 462, 1137, 403, 54, 854, 377, 634, 254)->[-2, (-1+1*r5), 4, (-1-1*r5)]
(674, 5, 1158, 104, 301, 1133, 372, 1300, 278, 407, 1175, 157)->[(-1+1*r5), 0, -2*r5, (-1-1*r5)]
(1283, 966, 108, 1324, 334, 143, 1169, 818, 1077, 55, 1404, 1180)->[2*r5, 0, (1+1*r5), (1-1*r5)]
(705, 294, 711, 200, 1375, 1131, 780, 1069, 1163, 410, 1403, 479)->[2, (3+1*r5), 0, (-3+1*r5)]
(795, 321, 1058, 1408, 1413, 1190, 1260, 814, 496, 1330, 699, 797)->[(1+1*r5), 4, (1-1*r5), 2]
(867, 1382, 1196, 813, 175, 1173, 1366, 567, 440, 857, 541, 1437)->[(1+1*r5), (3-1*r5), (1+1*r5), (1+1*r5)]
(192, 705, 419, 1347, 613, 518, 1415, 787, 375, 1084, 285, 479)->[0, (3+1*r5), (-3+1*r5), -2]
(1408, 321, 385, 163, 1185, 174, 944, 1298, 1047, 503, 312, 603)->[2, (1+1*r5), (1-1*r5), 4]
(1283, 966, 108, 1324, 1169, 818, 1331, 116, 1079, 1083, 508, 1343)->[4, 0, 4, 0]
(1409, 1410, 1411, 745, 844, 847, 848, 851, 341, 950, 121, 252)->[(-1-1*r5), (-1+1*r5), -2*r5, 0]
(1315, 870, 392, 138, 618, 847, 432, 19, 404, 851, 1017, 1020)->[-2, (-3+1*r5), (-3-1*r5), 0]
(1186, 1222, 9, 265, 1433, 109, 537, 178, 1367, 25, 1179, 349)->[0, (3-1*r5), 2, (-3-1*r5)]
(546, 578, 430, 174, 944, 1298, 1363, 1047, 85, 503, 312, 217)->[(-1+1*r5), (1+1*r5), 0, 2*r5]
(960, 773, 678, 103, 1321, 171, 973, 1422, 207, 1143, 1113, 122)->[(1+1*r5), (1+1*r5), (-3+1*r5), (-1-1*r5)]
(866, 1033, 110, 210, 275, 530, 691, 754, 472, 347, 125, 1406)->[2, 2, -2*r5, 2]
(736, 741, 710, 1160, 1164, 1101, 820, 277, 917, 1114, 507, 1116)->[(-3+1*r5), (-3-1*r5), -2, 0]
(675, 932, 677, 137, 649, 683, 1325, 885, 983, 664, 474, 958)->[(-1-1*r5), 0, (-1+1*r5), 2*r5]
(352, 673, 1057, 1285, 1161, 1290, 1134, 1008, 178, 886, 25, 666)->[(1-1*r5), (1-1*r5), (-1+1*r5), (-3-1*r5)]
(320, 1123, 325, 106, 1418, 1132, 333, 84, 475, 727, 1046, 251)->[2, -4, (1+1*r5), (-1+1*r5)]
(1344, 3, 1317, 1419, 908, 1179, 464, 403, 883, 759, 1433, 379)->[-2, 2, 2, -2*r5]
(968, 1387, 269, 753, 977, 1235, 407, 1175, 988, 253, 926, 831)->[0, (1-1*r5), (-1-1*r5), -2*r5]
(897, 1346, 1050, 645, 585, 74, 331, 940, 1231, 49, 1429, 442)->[-2, (-1+1*r5), -4, (1+1*r5)]
(1220, 871, 1255, 719, 81, 340, 373, 1015, 1272, 1369, 636, 95)->[(1-1*r5), 4, -2, (1+1*r5)]
(512, 1121, 1315, 521, 714, 590, 432, 1232, 502, 408, 94, 159)->[-2, -2, -2*r5, -2]
(65, 1377, 36, 452, 567, 713, 10, 1196, 1328, 116, 215, 508)->[(1+1*r5), 2, 4, (-1+1*r5)]
(256, 865, 706, 291, 1348, 1007, 498, 1053, 1078, 1016, 284, 861)->[-2*r5, -2, -2, -2]
(224, 1184, 232, 969, 1320, 907, 1385, 1229, 878, 1294, 476, 413)->[2*r5, (-1-1*r5), (-1+1*r5), 0]
(1345, 523, 396, 46, 1167, 370, 339, 724, 1270, 985, 730, 126)->[(-1+1*r5), (-1-1*r5), 4, -2]
(802, 451, 804, 313, 937, 756, 119, 1278, 89, 763, 1246, 1049)->[(1-1*r5), -2, (-1-1*r5), 4]
(675, 677, 649, 683, 1262, 431, 1074, 981, 952, 983, 664, 1145)->[(-1-1*r5), (1-1*r5), 2, 4]
(836, 1029, 902, 751, 1148, 81, 373, 949, 1436, 570, 1371, 348)->[(-1-1*r5), (1+1*r5), (-3+1*r5), (1+1*r5)]
(835, 388, 899, 390, 743, 746, 1393, 1396, 376, 186, 828, 189)->[(1-1*r5), 2*r5, (1+1*r5), 0]
(67, 100, 807, 424, 1288, 652, 1390, 303, 655, 1139, 632, 764)->[2, 0, (-3+1*r5), (-3-1*r5)]
(866, 1406, 701, 170, 528, 754, 691, 1043, 437, 347, 125, 542)->[(1+1*r5), 2, -4, (-1+1*r5)]
(1216, 1217, 1189, 38, 614, 617, 86, 918, 120, 26, 29, 216)->[(-1-1*r5), (-1+1*r5), 2*r5, 0]
(480, 1091, 996, 8, 733, 1192, 146, 562, 884, 343, 1048, 311)->[2, (-1-1*r5), (1-1*r5), 4]
(576, 704, 1343, 838, 873, 906, 175, 50, 1331, 1366, 247, 223)->[4, (1-1*r5), (1+1*r5), 2]
(641, 262, 778, 299, 76, 874, 111, 593, 663, 1400, 1244, 1023)->[2, 0, (-3+1*r5), (3+1*r5)]
(320, 1210, 1214, 80, 722, 850, 1340, 58, 251, 922, 894, 607)->[(-1+1*r5), (-3-1*r5), (-1+1*r5), (-1+1*r5)]
(1154, 1186, 356, 1222, 201, 568, 463, 1424, 1297, 786, 536, 1339)->[2, 2, 2, -2*r5]
(71, 1258, 811, 620, 1071, 1073, 466, 307, 1269, 471, 824, 1335)->[(3+1*r5), 2, (3-1*r5), 0]
(610, 198, 1386, 236, 688, 850, 1340, 927, 922, 1214, 894, 607)->[2, (-3-1*r5), 0, (3-1*r5)]
(456, 1386, 236, 696, 1038, 688, 1010, 24, 927, 922, 219, 607)->[2, (-3-1*r5), 0, (-3+1*r5)]
(320, 325, 106, 396, 1004, 46, 242, 500, 475, 1046, 633, 251)->[(-1+1*r5), -2*r5, (1+1*r5), 0]
(1216, 1217, 482, 2, 1249, 38, 614, 617, 1420, 211, 980, 216)->[-2, (3-1*r5), (3+1*r5), 0]
(837, 7, 168, 903, 586, 1003, 1032, 1129, 686, 1039, 529, 945)->[(-3-1*r5), (-3+1*r5), 0, 2]
(578, 35, 779, 174, 430, 719, 209, 849, 944, 1363, 85, 95)->[0, 4, 0, 4]
(483, 931, 1060, 1159, 968, 140, 269, 596, 21, 535, 412, 1374)->[(3-1*r5), (-1-1*r5), (-1-1*r5), (-1-1*r5)]
(449, 547, 1284, 357, 72, 1224, 748, 910, 1364, 214, 1277, 829)->[-4, (1-1*r5), (-1-1*r5), 2]
(928, 1153, 1188, 37, 361, 1034, 395, 173, 1421, 823, 504, 1306)->[(1+1*r5), -2, -4, (-1+1*r5)]
(1347, 518, 519, 1287, 1318, 1322, 460, 239, 79, 1041, 243, 117)->[(-3+1*r5), (3+1*r5), -2, 0]
(832, 577, 227, 422, 167, 742, 1168, 982, 1176, 959, 1308, 31)->[-2, -2*r5, 2, 2]
(865, 706, 963, 389, 327, 268, 1170, 20, 532, 822, 408, 159)->[(-1-1*r5), (-1-1*r5), (-1-1*r5), (-3+1*r5)]
(130, 228, 1413, 806, 1096, 170, 42, 496, 528, 308, 695, 1338)->[2*r5, 2, -2, 2]
(833, 1156, 646, 748, 1425, 18, 630, 1278, 409, 188, 829, 1049)->[(-1-1*r5), (1-1*r5), -2, 4]
(1152, 67, 807, 1288, 655, 1139, 1235, 469, 1434, 667, 764, 831)->[(-1+1*r5), (1-1*r5), (1-1*r5), (-3-1*r5)]
(834, 452, 4, 520, 554, 812, 78, 47, 1328, 721, 1107, 1209)->[(-1+1*r5), (-1+1*r5), (3+1*r5), (-1+1*r5)]
(929, 1123, 676, 106, 970, 1418, 333, 1362, 1046, 727, 1206, 761)->[(-1+1*r5), (-1-1*r5), 4, 2]
(481, 550, 1256, 426, 92, 981, 1245, 1145, 794, 987, 220, 381)->[-4, (1-1*r5), (1+1*r5), 2]
(802, 451, 998, 841, 937, 1243, 245, 119, 1336, 89, 763, 990)->[0, (1-1*r5), (-1-1*r5), 2*r5]
(65, 1377, 36, 326, 713, 10, 1195, 1135, 976, 1264, 215, 509)->[(1+1*r5), (1+1*r5), (1+1*r5), (3-1*r5)]
(675, 936, 137, 234, 683, 974, 304, 1268, 885, 474, 958, 1119)->[-2, 0, (3-1*r5), (3+1*r5)]
(1251, 488, 73, 1354, 978, 179, 852, 1174, 441, 1274, 155, 1183)->[(-3-1*r5), (-1+1*r5), (1-1*r5), (1-1*r5)]
(320, 1210, 1004, 717, 242, 722, 500, 633, 922, 251, 30, 607)->[(3-1*r5), (-3-1*r5), 2, 0]
(355, 1092, 232, 969, 1385, 907, 1132, 1294, 50, 84, 476, 223)->[4, (-1-1*r5), 2, (-1+1*r5)]
(353, 804, 776, 553, 656, 1233, 1075, 629, 88, 889, 1021, 1246)->[(1-1*r5), -4, -2, (1+1*r5)]
(1152, 1057, 67, 1288, 1161, 1289, 208, 369, 469, 1434, 667, 1213)->[(3-1*r5), -2, 0, (-3-1*r5)]
(1247, 877, 1135, 1264, 1266, 436, 244, 1012, 1271, 1432, 793, 287)->[2, 2*r5, 2, 2]
(1280, 1124, 70, 1223, 809, 714, 1232, 1201, 1360, 1078, 1016, 218)->[(-1-1*r5), (-3+1*r5), (-1-1*r5), (-1-1*r5)]
(514, 1060, 510, 1159, 521, 590, 1136, 502, 408, 314, 94, 159)->[(1-1*r5), (-1-1*r5), -4, -2]
(1345, 1438, 558, 1167, 339, 374, 1270, 1144, 730, 1310, 126, 1215)->[(3-1*r5), (-1-1*r5), (1+1*r5), (-1-1*r5)]
(834, 99, 75, 44, 78, 943, 1275, 465, 626, 946, 1079, 1083)->[2, (-3+1*r5), (3+1*r5), 0]
(359, 1034, 555, 395, 716, 881, 1329, 501, 1239, 1178, 859, 765)->[(1+1*r5), (-3+1*r5), (-1-1*r5), (1+1*r5)]
(544, 100, 101, 1019, 424, 297, 1321, 1422, 1042, 405, 631, 635)->[2, 2, -2, -2*r5]
(293, 1271, 797, 1162, 846, 306, 1298, 1012, 503, 795, 61, 574)->[(1+1*r5), (1+1*r5), (3-1*r5), (1+1*r5)]
(289, 486, 550, 1097, 172, 305, 29, 918, 791, 987, 668, 93)->[-4, (-1+1*r5), (1+1*r5), 2]
(354, 195, 902, 871, 1254, 331, 1323, 687, 49, 1015, 539, 1436)->[-2, 2, -2, 2*r5]
(1249, 482, 38, 860, 1257, 204, 684, 211, 980, 216, 377, 316)->[(1-1*r5), (-1+1*r5), (3+1*r5), (1-1*r5)]
(1378, 330, 490, 559, 399, 624, 786, 1424, 1304, 604, 1149, 415)->[(3-1*r5), (1+1*r5), (1+1*r5), (-1-1*r5)]
(448, 992, 485, 229, 1061, 1414, 394, 1227, 1036, 497, 919, 443)->[(1+1*r5), (-1-1*r5), (-3+1*r5), (-1-1*r5)]
(993, 1154, 1186, 356, 1378, 1222, 490, 559, 399, 1424, 338, 786)->[(-1+1*r5), 2, (1+1*r5), -4]
(512, 1121, 1280, 1124, 1223, 521, 714, 1387, 1232, 1201, 253, 94)->[-2, (1-1*r5), -4, (-1-1*r5)]
(99, 869, 523, 943, 1167, 370, 531, 724, 1109, 730, 90, 985)->[2, -2, 2*r5, -2]
(128, 99, 75, 44, 943, 465, 370, 626, 724, 1109, 1202, 90)->[(-1+1*r5), (1-1*r5), (3+1*r5), (1-1*r5)]
(962, 260, 1189, 455, 462, 659, 723, 916, 438, 26, 1372, 254)->[-4, (-1+1*r5), (1+1*r5), -2]
(257, 741, 710, 776, 1164, 1101, 14, 277, 1333, 889, 507, 606)->[(1-1*r5), (-3-1*r5), (1-1*r5), (-1+1*r5)]
(641, 450, 765, 778, 299, 77, 111, 501, 1237, 663, 1400, 317)->[(1+1*r5), 0, (1-1*r5), 2*r5]
(353, 802, 451, 804, 1006, 656, 913, 1075, 756, 629, 313, 1246)->[(-3+1*r5), (-1-1*r5), (-1-1*r5), (1+1*r5)]
(35, 1369, 174, 719, 944, 849, 627, 340, 1272, 249, 636, 95)->[0, 2*r5, (1-1*r5), (1+1*r5)]
(580, 932, 486, 1029, 1065, 172, 1325, 1295, 658, 470, 570, 63)->[-4, 2, (-1+1*r5), (1+1*r5)]
(776, 875, 1164, 1101, 1236, 661, 1333, 1340, 1086, 889, 1214, 606)->[0, (-3-1*r5), (-3+1*r5), 2]
(800, 1318, 487, 1322, 592, 1141, 1238, 951, 56, 250, 957, 255)->[(-1+1*r5), 2*r5, (-1-1*r5), 0]
(929, 834, 964, 1383, 587, 44, 78, 465, 946, 761, 1275, 318)->[(-1+1*r5), (1-1*r5), (3+1*r5), (-1+1*r5)]
(1024, 1283, 1349, 838, 966, 175, 1331, 116, 1366, 247, 508, 1343)->[2*r5, 0, (1+1*r5), (-1+1*r5)]
(898, 1282, 934, 1031, 744, 843, 461, 1263, 1171, 760, 1401, 925)->[-4, -2, (-1+1*r5), (-1-1*r5)]
(960, 678, 103, 425, 1163, 973, 207, 410, 495, 880, 185, 122)->[(1+1*r5), 4, (1-1*r5), -2]
(513, 835, 388, 772, 390, 899, 296, 1417, 1361, 660, 1396, 376)->[-2, 4, (1+1*r5), (-1+1*r5)]
(512, 1121, 738, 1315, 392, 590, 782, 432, 19, 404, 502, 1017)->[(1-1*r5), (1-1*r5), (-3-1*r5), (1-1*r5)]
(608, 995, 484, 1124, 1379, 429, 1389, 336, 177, 753, 1201, 926)->[-2, -2, -2, -2*r5]
(609, 386, 738, 551, 392, 590, 782, 502, 1112, 953, 378, 1017)->[0, -2, (-3-1*r5), (-3+1*r5)]
(1024, 65, 1349, 713, 266, 811, 1162, 813, 1258, 440, 826, 574)->[2*r5, 2, 2, 2]
(897, 1220, 1252, 871, 1255, 11, 940, 205, 340, 693, 1015, 636)->[(-3+1*r5), (1+1*r5), (-1-1*r5), (1+1*r5)]
(257, 1089, 134, 553, 14, 176, 689, 594, 1106, 1233, 1205, 825)->[(-1-1*r5), -4, (1-1*r5), 2]
(64, 901, 934, 744, 651, 659, 723, 54, 854, 600, 380, 446)->[(-1-1*r5), (-3+1*r5), (1+1*r5), (-1-1*r5)]
(38, 1191, 1257, 204, 684, 462, 1137, 216, 377, 634, 254, 1087)->[-2, 2, 2*r5, -2]
(581, 1286, 363, 460, 1067, 1230, 785, 1041, 1431, 184, 1373, 1407)->[-2, (3+1*r5), 0, (3-1*r5)]
(928, 1153, 323, 361, 173, 1197, 815, 1428, 823, 1306, 1276, 1279)->[(1+1*r5), (1-1*r5), -2*r5, 0]
(519, 711, 1131, 1260, 79, 1330, 627, 692, 1076, 1238, 249, 957)->[(-1+1*r5), (3+1*r5), (1-1*r5), (-1+1*r5)]
(1345, 868, 712, 1193, 1130, 1099, 16, 339, 181, 853, 729, 59)->[(1-1*r5), (-1-1*r5), 4, -2]
(449, 1284, 357, 549, 1224, 1364, 341, 950, 87, 1277, 538, 1181)->[-2*r5, 0, (-1-1*r5), (-1+1*r5)]
(96, 481, 832, 1218, 261, 426, 526, 1040, 279, 888, 1241, 31)->[(-1-1*r5), (-1-1*r5), (1+1*r5), (3-1*r5)]
(258, 679, 1095, 43, 524, 908, 1356, 563, 883, 947, 979, 183)->[(1-1*r5), (1+1*r5), 0, -2*r5]
(1281, 963, 1284, 1315, 102, 870, 138, 268, 847, 432, 851, 1277)->[(-1-1*r5), (1-1*r5), -2*r5, 0]
(34, 764, 1381, 807, 680, 1355, 1036, 845, 1070, 625, 919, 572)->[(1+1*r5), (1-1*r5), -2, -4]
(1248, 643, 230, 491, 909, 1211, 1104, 788, 954, 411, 124, 414)->[(3+1*r5), 0, -2, (-3+1*r5)]
(133, 454, 709, 869, 1167, 531, 468, 1109, 728, 730, 90, 799)->[2, (1-1*r5), 4, (-1-1*r5)]
(544, 419, 103, 777, 1066, 747, 939, 207, 337, 787, 405, 534)->[(-1+1*r5), 4, -2, (-1-1*r5)]
(546, 578, 994, 165, 874, 1198, 856, 1363, 1047, 312, 217, 1244)->[(3-1*r5), 2, 0, (3+1*r5)]
(197, 454, 133, 682, 561, 83, 819, 342, 665, 1341, 1150, 575)->[(1+1*r5), (1-1*r5), 2, -4]
(354, 936, 137, 234, 304, 18, 1268, 855, 539, 188, 445, 958)->[-2, 0, (-3+1*r5), (3+1*r5)]
(608, 995, 324, 1379, 1030, 840, 715, 429, 1389, 336, 914, 246)->[-2, (-1-1*r5), (1-1*r5), -4]
(1344, 193, 3, 1095, 43, 908, 883, 947, 979, 310, 759, 379)->[-2, (1+1*r5), (-1+1*r5), -4]
(1, 449, 579, 357, 549, 1032, 1039, 179, 1174, 87, 538, 1181)->[(-3-1*r5), 0, -2, (3-1*r5)]
(611, 1273, 967, 1063, 1259, 1100, 816, 1397, 1207, 1177, 1018, 767)->[(3+1*r5), (-3+1*r5), 0, 2]
(7, 681, 586, 1129, 686, 112, 17, 529, 945, 473, 794, 92)->[(-3-1*r5), (1-1*r5), (-1+1*r5), (-1+1*r5)]
(288, 477, 292, 844, 206, 15, 180, 821, 121, 698, 221, 798)->[(-1-1*r5), (1+1*r5), (-1-1*r5), (3-1*r5)]
(384, 161, 1025, 965, 39, 1127, 1358, 671, 113, 703, 1151, 543)->[(1-1*r5), (1+1*r5), -4, -2]
(387, 164, 229, 1414, 1289, 208, 369, 1200, 469, 1434, 1213, 1118)->[(-1+1*r5), (-1-1*r5), 0, -2*r5]
(770, 583, 875, 971, 1370, 80, 661, 959, 58, 1308, 702, 511)->[0, -2*r5, (-1+1*r5), (1+1*r5)]
(1247, 1162, 1135, 1264, 1394, 1012, 1271, 1337, 795, 797, 574, 287)->[(1+1*r5), 4, (-1+1*r5), 2]
(1026, 1156, 677, 837, 7, 168, 903, 458, 1003, 1129, 1425, 664)->[-2*r5, (1-1*r5), 0, (1+1*r5)]
(449, 900, 357, 134, 837, 903, 489, 748, 910, 689, 214, 829)->[-2*r5, -2, -2, 2]
(129, 1251, 455, 488, 332, 817, 755, 1372, 1055, 669, 62, 735)->[(-3-1*r5), (-1+1*r5), (-1+1*r5), (1-1*r5)]
(520, 554, 812, 589, 366, 47, 1423, 721, 211, 980, 1209, 1051)->[0, 2, (3+1*r5), (3-1*r5)]
(960, 739, 421, 1064, 973, 1069, 271, 784, 1166, 1301, 1085, 1375)->[(1+1*r5), 4, (-1+1*r5), -2]
(995, 484, 1124, 809, 1291, 429, 177, 1201, 1265, 1078, 1016, 218)->[(-1-1*r5), (1-1*r5), -2, -4]
(704, 1343, 873, 842, 333, 50, 946, 1331, 694, 727, 1275, 223)->[(1+1*r5), -2, 4, (-1+1*r5)]
(933, 1146, 584, 685, 434, 858, 1043, 1427, 280, 154, 701, 158)->[(1+1*r5), 2, -4, (1-1*r5)]
(418, 1250, 773, 295, 135, 1001, 623, 368, 182, 1113, 1052, 830)->[2*r5, (-1+1*r5), 0, (-1-1*r5)]
(801, 679, 41, 265, 908, 1356, 563, 883, 183, 732, 1367, 1439)->[(-3+1*r5), 2, 0, (-3-1*r5)]
(257, 1089, 227, 167, 616, 238, 14, 272, 145, 1106, 1205, 825)->[(-1-1*r5), -2*r5, 0, (-1+1*r5)]
(992, 1376, 483, 164, 931, 774, 1227, 1200, 596, 21, 535, 1374)->[(-1+1*r5), -4, -2, (-1-1*r5)]
(387, 420, 1219, 1438, 648, 235, 428, 1103, 27, 1310, 1118, 319)->[0, -2*r5, (-1+1*r5), (-1-1*r5)]
(800, 1314, 1125, 1033, 11, 205, 302, 941, 530, 597, 726, 255)->[0, (1+1*r5), -2*r5, (-1+1*r5)]
(33, 322, 769, 516, 843, 1291, 461, 1265, 948, 1398, 734, 127)->[-4, 0, 0, -4]
(736, 514, 389, 327, 1136, 1170, 820, 822, 408, 314, 510, 159)->[-2, -4, (-1-1*r5), (1-1*r5)]
(739, 421, 71, 1195, 1166, 271, 1085, 1269, 1301, 506, 700, 509)->[4, (1+1*r5), 2, (1-1*r5)]
(325, 1305, 1351, 264, 872, 842, 523, 1294, 694, 985, 475, 476)->[(1+1*r5), (-1-1*r5), (1+1*r5), (-3+1*r5)]
(672, 453, 390, 459, 812, 589, 366, 47, 1423, 1396, 566, 1051)->[0, (1+1*r5), 2*r5, (-1+1*r5)]
(228, 806, 359, 170, 716, 528, 754, 308, 437, 1338, 125, 542)->[4, (-1+1*r5), (-1-1*r5), 2]
(993, 1154, 356, 490, 559, 338, 468, 895, 153, 731, 796, 799)->[2, (-1+1*r5), 4, (-1-1*r5)]
(547, 963, 1284, 870, 72, 138, 268, 1261, 910, 214, 1277, 350)->[(-1-1*r5), -2, -4, (-1+1*r5)]
(390, 263, 743, 746, 459, 589, 366, 560, 1393, 1396, 566, 189)->[0, 4, 4, 0]
(480, 1091, 8, 841, 778, 299, 1329, 884, 311, 1239, 1243, 733)->[2, -2, -2, 2*r5]
(1088, 193, 642, 1122, 997, 1384, 1098, 1226, 274, 309, 310, 766)->[(-1-1*r5), 4, (-1+1*r5), -2]
(133, 454, 869, 682, 334, 83, 468, 531, 342, 1077, 665, 799)->[(1+1*r5), (-3+1*r5), (1+1*r5), (-1-1*r5)]
(675, 683, 619, 493, 974, 1293, 304, 1299, 1268, 1014, 1147, 1119)->[(1-1*r5), (1-1*r5), (-1+1*r5), (3+1*r5)]
(1344, 33, 3, 260, 1317, 651, 1419, 734, 464, 403, 438, 446)->[(-1-1*r5), (-1+1*r5), 2, -4]
(1088, 930, 707, 997, 1095, 1319, 979, 148, 1332, 152, 505, 1405)->[(-1-1*r5), (1+1*r5), (-3+1*r5), (-1-1*r5)]
(546, 293, 166, 582, 1194, 1228, 621, 61, 217, 1309, 541, 1437)->[2, 2, 2, 2*r5]
(99, 842, 1324, 943, 1275, 1169, 946, 1331, 694, 1079, 1083, 1343)->[(1+1*r5), (1-1*r5), 2*r5, 0]
(1153, 323, 573, 361, 298, 1197, 815, 1011, 1428, 1182, 605, 670)->[(1+1*r5), -2, -4, (1-1*r5)]
(256, 1, 579, 1354, 1007, 179, 852, 1174, 538, 155, 1181, 1183)->[(-3-1*r5), 0, -2, (-3+1*r5)]
(258, 419, 613, 1415, 777, 747, 524, 939, 337, 787, 1084, 285)->[0, 2*r5, (1-1*r5), (-1-1*r5)]
(385, 1185, 163, 1028, 1400, 457, 650, 111, 1047, 312, 603, 283)->[2, 2, -2, 2*r5]
(769, 898, 1282, 843, 1291, 461, 1263, 1265, 498, 1171, 1398, 1053)->[-2*r5, (1-1*r5), 0, (-1-1*r5)]
(258, 707, 1027, 679, 839, 1095, 1319, 524, 979, 148, 183, 152)->[-2, (1+1*r5), (1-1*r5), -4]
(1377, 36, 326, 459, 1135, 976, 1264, 436, 244, 566, 1432, 793)->[2, 4, (1+1*r5), (-1+1*r5)]
(1280, 226, 196, 70, 1223, 105, 809, 45, 1360, 147, 149, 218)->[(-1-1*r5), (3-1*r5), (-1-1*r5), (-1-1*r5)]
(1187, 6, 935, 360, 1194, 1228, 525, 1234, 595, 23, 602, 827)->[0, (-1+1*r5), (1+1*r5), 2*r5]
(487, 584, 425, 139, 880, 1043, 1427, 1141, 154, 701, 158, 286)->[(1+1*r5), (1+1*r5), (-1-1*r5), (-3+1*r5)]
(132, 362, 302, 335, 527, 752, 82, 597, 986, 156, 1151, 543)->[0, 2, (-3-1*r5), (-3+1*r5)]
(1409, 1410, 1411, 618, 1020, 527, 752, 847, 19, 404, 851, 252)->[-2, (3-1*r5), (-3-1*r5), 0]
(609, 386, 1060, 1412, 1159, 590, 1136, 502, 1208, 953, 378, 510)->[0, (-1-1*r5), -2*r5, (1-1*r5)]
(1409, 226, 259, 39, 1127, 1199, 671, 703, 149, 252, 1151, 543)->[-2, 2, -2*r5, -2]
(225, 1218, 612, 69, 1031, 13, 975, 628, 1140, 888, 1115, 925)->[-4, (-1-1*r5), 2, (1-1*r5)]
(191, 1247, 294, 423, 200, 877, 1266, 692, 1076, 1432, 793, 287)->[(-1+1*r5), (3+1*r5), (-1+1*r5), (-1+1*r5)]
(770, 1221, 1225, 1388, 912, 1296, 1299, 1014, 88, 346, 1021, 511)->[(1-1*r5), (-1-1*r5), 0, 2*r5]
(64, 901, 1094, 904, 1193, 144, 564, 54, 854, 600, 59, 380)->[-2, (1-1*r5), 4, (-1-1*r5)]
(290, 932, 486, 649, 172, 1325, 1295, 885, 983, 601, 474, 63)->[(-1-1*r5), (-1+1*r5), 2, 4]
(1064, 240, 241, 784, 786, 1424, 533, 1304, 1402, 604, 1149, 415)->[(-1+1*r5), 4, 2, (-1-1*r5)]
(194, 613, 136, 43, 240, 241, 947, 533, 1149, 1304, 1402, 285)->[0, 2*r5, (-1+1*r5), (-1-1*r5)]
(288, 1220, 1255, 1287, 1230, 81, 243, 373, 821, 1272, 1369, 1373)->[-2, 2*r5, -2, 2]
(32, 1409, 226, 39, 1127, 745, 844, 848, 401, 149, 121, 252)->[(-1-1*r5), 2, -4, (1-1*r5)]
(548, 1350, 328, 393, 202, 1002, 657, 1009, 467, 569, 222, 383)->[2, -2, 2, 2*r5]
(280, 674, 101, 933, 1158, 104, 372, 53, 278, 631, 248, 157)->[2, (-1+1*r5), -4, (-1-1*r5)]
(325, 1351, 264, 523, 396, 46, 242, 1270, 633, 475, 985, 126)->[2, -4, (1+1*r5), (1-1*r5)]
(224, 967, 232, 233, 969, 1320, 1229, 878, 118, 1207, 28, 1399)->[(3+1*r5), -2, (3-1*r5), 0]
(962, 899, 376, 775, 1191, 274, 52, 309, 86, 916, 120, 1087)->[(-1-1*r5), (1+1*r5), (1+1*r5), (-3+1*r5)]
(288, 836, 956, 1230, 751, 81, 373, 821, 1371, 348, 1373, 382)->[(-1-1*r5), 4, (1-1*r5), 2]
(803, 166, 1194, 1228, 525, 621, 1234, 595, 213, 827, 541, 1437)->[(-1+1*r5), 2, (1+1*r5), 4]
(992, 417, 1376, 1157, 774, 391, 1227, 400, 596, 24, 219, 1374)->[2, -2*r5, -2, -2]
(66, 1189, 455, 1242, 591, 720, 659, 723, 1204, 1081, 26, 1372)->[-2*r5, 0, (1+1*r5), (1-1*r5)]
(796, 860, 554, 75, 1392, 721, 626, 150, 1303, 153, 316, 447)->[(-1+1*r5), (-1+1*r5), (3+1*r5), (1-1*r5)]
(801, 1317, 265, 1433, 908, 464, 178, 883, 1367, 25, 1179, 1439)->[(1-1*r5), (-1+1*r5), (-1+1*r5), (-3-1*r5)]
(224, 644, 615, 233, 1229, 1212, 118, 55, 1404, 28, 1117, 1399)->[(3+1*r5), (1-1*r5), (-1+1*r5), (1-1*r5)]
(513, 899, 376, 775, 1097, 1417, 305, 1361, 52, 660, 86, 120)->[(-1-1*r5), (1+1*r5), (1+1*r5), (3-1*r5)]
(490, 1292, 1303, 559, 1392, 1044, 150, 895, 153, 731, 796, 447)->[2, 2, 2*r5, -2]
(289, 290, 486, 550, 649, 172, 915, 983, 601, 762, 987, 93)->[(-1-1*r5), (3-1*r5), (1+1*r5), (1+1*r5)]
(1375, 1064, 1069, 271, 784, 276, 533, 790, 1402, 604, 1085, 415)->[2, 2*r5, 2, -2]
(737, 162, 386, 1412, 1114, 718, 1136, 662, 1208, 378, 1116, 510)->[0, -4, -4, 0]
(1410, 1411, 74, 844, 206, 15, 341, 950, 1429, 121, 221, 798)->[(-1-1*r5), 2, -4, (-1+1*r5)]
(1346, 646, 1224, 329, 74, 267, 331, 49, 1364, 1429, 409, 442)->[(-1-1*r5), (3-1*r5), (-1-1*r5), (1+1*r5)]
(864, 289, 290, 762, 708, 935, 915, 601, 602, 93, 890, 57)->[-2, (-1+1*r5), 4, (1+1*r5)]
(1123, 676, 1380, 1000, 393, 970, 1418, 1362, 1206, 569, 1370, 702)->[(3-1*r5), (-1-1*r5), (1+1*r5), (1+1*r5)]
(418, 739, 1250, 773, 1001, 203, 1068, 463, 1301, 1113, 1339, 830)->[4, 2, (-1+1*r5), (-1-1*r5)]
(1088, 1122, 997, 1384, 1098, 750, 785, 1203, 887, 892, 766, 1407)->[(-1-1*r5), 2*r5, 0, (1-1*r5)]
(608, 514, 931, 1060, 1159, 968, 521, 269, 1389, 21, 314, 94)->[(-3+1*r5), (-1-1*r5), (-1-1*r5), (-1-1*r5)]
(705, 419, 1347, 518, 711, 1131, 1163, 787, 951, 56, 410, 479)->[(-1+1*r5), (3+1*r5), (1-1*r5), (1-1*r5)]
(290, 891, 921, 1082, 6, 1187, 1295, 885, 601, 474, 571, 63)->[-2, 2, 2, 2*r5]
(1056, 641, 582, 262, 1350, 202, 874, 1426, 663, 1244, 1309, 1023)->[2, 0, (3-1*r5), (3+1*r5)]
(1155, 892, 956, 107, 750, 978, 115, 441, 698, 444, 477, 382)->[-2*r5, (1+1*r5), (1-1*r5), 0]
(550, 649, 431, 1074, 915, 981, 983, 1145, 762, 987, 220, 381)->[(-1-1*r5), (-3+1*r5), (1+1*r5), (1+1*r5)]
(832, 481, 1218, 1313, 616, 681, 426, 272, 17, 757, 888, 31)->[-4, (-1-1*r5), 2, (-1+1*r5)]
(228, 359, 457, 765, 716, 1338, 881, 754, 501, 1178, 283, 125)->[(1+1*r5), (3-1*r5), (-1-1*r5), (1+1*r5)]
(961, 1346, 1050, 645, 585, 1231, 1327, 212, 119, 89, 442, 351)->[(1-1*r5), 0, -2*r5, (1+1*r5)]
(643, 1096, 695, 620, 909, 911, 1071, 1073, 466, 307, 690, 471)->[(3+1*r5), 2, (-3+1*r5), 0]
(452, 10, 108, 1328, 818, 116, 1079, 150, 215, 1083, 508, 447)->[(1+1*r5), (-1+1*r5), 2*r5, 0]
(1034, 395, 365, 141, 654, 881, 1329, 1172, 245, 1239, 1336, 1178)->[2, (1-1*r5), -4, (1+1*r5)]
(1058, 1413, 1190, 1096, 170, 139, 814, 496, 528, 695, 699, 286)->[4, (1+1*r5), -2, (-1+1*r5)]
(64, 225, 66, 1241, 552, 1128, 853, 279, 729, 1242, 1115, 380)->[(-1-1*r5), -2, 4, (1-1*r5)]
(128, 1249, 482, 1253, 860, 904, 204, 144, 1202, 377, 316, 639)->[(-3+1*r5), 0, (3+1*r5), -2]
(1091, 778, 299, 555, 77, 1329, 884, 501, 1237, 1239, 859, 765)->[(1+1*r5), (1-1*r5), -2, 4]
(1312, 805, 1126, 1320, 653, 878, 1005, 48, 1102, 114, 51, 1054)->[2*r5, (-1-1*r5), (1-1*r5), 0]
(391, 1160, 1386, 1164, 1101, 400, 688, 402, 917, 599, 1114, 1116)->[(3-1*r5), (-3-1*r5), -2, 0]
(1408, 321, 385, 923, 174, 879, 944, 627, 340, 249, 603, 636)->[(-1+1*r5), 4, -2, (1+1*r5)]
(1088, 97, 930, 997, 1319, 427, 750, 1203, 887, 152, 505, 892)->[(-1-1*r5), 4, (1-1*r5), -2]
(1155, 1251, 488, 107, 978, 115, 179, 789, 1174, 441, 187, 444)->[(-3-1*r5), 2, (-3+1*r5), 0]
(34, 483, 535, 968, 140, 269, 1070, 1235, 407, 1175, 412, 831)->[(-1+1*r5), -2, (-1-1*r5), -4]
(672, 1377, 803, 36, 453, 459, 812, 47, 244, 436, 213, 566)->[(-1+1*r5), (1+1*r5), 4, 2]
(738, 1090, 5, 362, 301, 782, 1133, 372, 1300, 278, 986, 924)->[(3-1*r5), 0, (-3-1*r5), -2]
(1247, 294, 711, 200, 1131, 780, 1260, 1330, 692, 1076, 1403, 287)->[2, (3+1*r5), 0, (3-1*r5)]
(937, 588, 1388, 304, 18, 1108, 1268, 855, 346, 763, 188, 445)->[(1-1*r5), (1-1*r5), (1-1*r5), (3+1*r5)]
(898, 1282, 1031, 1353, 715, 914, 760, 1401, 955, 925, 190, 991)->[(-1-1*r5), (-1-1*r5), (3-1*r5), (-1-1*r5)]
(1342, 353, 1261, 718, 1006, 656, 913, 756, 662, 792, 313, 350)->[(1-1*r5), (-1-1*r5), -4, 2]
(962, 1189, 38, 1191, 462, 916, 86, 120, 26, 1087, 254, 216)->[(-1-1*r5), 2, 4, (1-1*r5)]
(896, 131, 414, 933, 522, 434, 1427, 22, 280, 858, 124, 158)->[4, (-1+1*r5), (-1-1*r5), -2]
(1248, 1312, 1126, 967, 1320, 878, 114, 1207, 954, 28, 1054, 1399)->[(3+1*r5), -2, (-3+1*r5), 0]
(898, 291, 995, 1282, 1291, 429, 1265, 498, 1053, 1078, 1016, 861)->[-4, -2, (1-1*r5), (-1-1*r5)]
(32, 97, 292, 39, 1127, 427, 844, 401, 180, 121, 698, 477)->[(-1-1*r5), (1+1*r5), (-1-1*r5), (-3+1*r5)]
(34, 573, 104, 140, 301, 1070, 1300, 407, 1175, 412, 157, 1182)->[2, (1-1*r5), -4, (-1-1*r5)]
(800, 1058, 923, 487, 814, 879, 1141, 1238, 347, 957, 1406, 255)->[2, 4, (-1-1*r5), (-1+1*r5)]
(1188, 37, 999, 1034, 395, 365, 141, 173, 654, 1138, 1172, 823)->[2, -2, -2*r5, 2]
(1313, 1026, 1221, 422, 458, 1262, 912, 1168, 757, 1205, 952, 825)->[(-1-1*r5), (-1-1*r5), (3-1*r5), (1+1*r5)]
(1120, 681, 586, 13, 686, 975, 112, 17, 1072, 984, 473, 637)->[(-3-1*r5), -2, (3-1*r5), 0]
(354, 195, 994, 165, 1254, 936, 234, 1323, 687, 855, 539, 445)->[(1-1*r5), (-1+1*r5), (1-1*r5), (3+1*r5)]
(548, 1380, 328, 393, 905, 970, 1000, 557, 657, 1362, 467, 569)->[(-1+1*r5), -2, (1+1*r5), 4]
(260, 446, 651, 1419, 462, 403, 659, 723, 438, 54, 854, 254)->[(-1-1*r5), (3-1*r5), (1+1*r5), (-1-1*r5)]
(769, 332, 1263, 1072, 498, 1171, 852, 1398, 984, 155, 1053, 62)->[(-3-1*r5), (-3+1*r5), 0, -2]
(1057, 1285, 9, 1161, 109, 537, 1134, 178, 1045, 25, 315, 349)->[0, (-3+1*r5), 2, (-3-1*r5)]
(1185, 130, 163, 228, 450, 1413, 42, 846, 496, 306, 1338, 317)->[4, 2, (1-1*r5), (1+1*r5)]
(672, 803, 453, 166, 621, 1234, 595, 436, 244, 213, 1368, 863)->[(3-1*r5), (1+1*r5), (1+1*r5), (1+1*r5)]
(256, 1, 579, 1348, 1007, 1072, 498, 852, 984, 155, 284, 1053)->[(-3-1*r5), (1-1*r5), (1-1*r5), (1-1*r5)]
(672, 864, 772, 453, 1082, 296, 1234, 595, 1368, 890, 571, 863)->[(-3+1*r5), (1+1*r5), (1+1*r5), (1+1*r5)]
(928, 806, 359, 716, 308, 437, 598, 788, 697, 1306, 411, 542)->[2*r5, 0, (-1-1*r5), (-1+1*r5)]
(776, 875, 1075, 1236, 629, 661, 343, 88, 889, 1021, 1086, 1048)->[0, -2*r5, (1-1*r5), (1+1*r5)]
(961, 870, 392, 138, 618, 1111, 792, 1017, 1020, 989, 1342, 351)->[(1-1*r5), (1-1*r5), (-3-1*r5), (-1+1*r5)]
(387, 1219, 1438, 235, 142, 558, 374, 1270, 1334, 1118, 126, 1310)->[(-1+1*r5), -4, 2, (-1-1*r5)]
(610, 198, 1385, 907, 236, 300, 1005, 850, 51, 281, 894, 927)->[(1+1*r5), -2*r5, 0, (-1+1*r5)]
(865, 98, 291, 706, 389, 1348, 1352, 20, 532, 822, 284, 861)->[-4, (-1-1*r5), -2, (1-1*r5)]
(224, 1184, 517, 1351, 264, 872, 1229, 1294, 783, 1305, 476, 413)->[4, (-1-1*r5), 2, (1-1*r5)]
(322, 707, 196, 516, 105, 809, 1035, 45, 147, 148, 345, 218)->[(-1-1*r5), (-1+1*r5), -2, -4]
(258, 613, 43, 524, 747, 1356, 240, 241, 337, 563, 947, 285)->[0, 4, 0, -4]
(1376, 545, 420, 774, 648, 1160, 397, 494, 942, 1038, 1010, 917)->[0, (-3-1*r5), (-3+1*r5), -2]
(866, 132, 1093, 1033, 749, 110, 1165, 210, 82, 530, 691, 1110)->[(-1+1*r5), (-1+1*r5), (-3-1*r5), (-1+1*r5)]
(576, 355, 1092, 838, 1063, 232, 969, 906, 50, 1397, 247, 223)->[2*r5, -2, 2, 2]
(421, 1190, 1337, 780, 1166, 495, 1071, 1073, 1394, 1403, 185, 699)->[4, 4, 0, 0]
(293, 582, 1382, 813, 1105, 61, 1013, 440, 857, 1309, 541, 1437)->[(1+1*r5), (-1+1*r5), 2, 4]
(580, 529, 658, 945, 565, 789, 791, 1302, 187, 668, 669, 735)->[(-3-1*r5), (-1+1*r5), (-1+1*r5), (-1+1*r5)]
(203, 108, 1068, 334, 143, 1180, 818, 1077, 506, 731, 700, 895)->[4, (-1+1*r5), (1+1*r5), -2]
(1089, 900, 134, 489, 910, 176, 689, 594, 1106, 20, 532, 214)->[-4, (-1-1*r5), -2, (-1+1*r5)]
(192, 416, 194, 1122, 136, 1098, 363, 492, 375, 184, 186, 828)->[(1-1*r5), (3+1*r5), (-1+1*r5), (1-1*r5)]
(768, 993, 740, 709, 1094, 1253, 9, 338, 564, 728, 349, 639)->[0, 0, 4, -4]
(674, 1059, 1311, 1158, 1019, 808, 977, 344, 1080, 635, 988, 1240)->[0, (-1+1*r5), (-1-1*r5), -2*r5]
(1154, 356, 203, 1068, 334, 83, 468, 1077, 895, 665, 731, 799)->[(1+1*r5), (3-1*r5), (1+1*r5), (-1-1*r5)]
(1177, 1126, 555, 237, 781, 1421, 598, 504, 697, 859, 1054, 767)->[2*r5, -2, -2, 2]
(580, 486, 1065, 1097, 172, 305, 658, 565, 470, 791, 1302, 668)->[-2*r5, 2, 2, 2]
(385, 923, 1252, 11, 205, 879, 275, 340, 693, 472, 603, 636)->[(3-1*r5), (1+1*r5), (-1-1*r5), (1+1*r5)]
(1187, 6, 936, 234, 974, 1198, 885, 856, 921, 474, 891, 1119)->[(1-1*r5), (-1+1*r5), (-1+1*r5), (3+1*r5)]
(129, 775, 1384, 107, 273, 115, 52, 565, 1302, 123, 766, 1055)->[-2*r5, (1+1*r5), (-1+1*r5), 0]
(1191, 1257, 330, 938, 684, 624, 1137, 1393, 634, 189, 478, 1087)->[(1-1*r5), (1+1*r5), 4, -2]
(1408, 321, 1185, 163, 1413, 846, 496, 306, 1298, 503, 795, 797)->[(1+1*r5), (1+1*r5), (-3+1*r5), (1+1*r5)]
(195, 902, 871, 687, 719, 81, 373, 949, 1015, 1436, 1148, 95)->[-2, (1+1*r5), (1-1*r5), 4]
(160, 1345, 712, 169, 1099, 396, 46, 16, 370, 339, 724, 181)->[0, (-1-1*r5), 2*r5, (1-1*r5)]
(352, 801, 484, 1439, 1035, 1357, 177, 948, 886, 345, 1022, 127)->[-2, 0, (-3+1*r5), (-3-1*r5)]
(581, 519, 1287, 1067, 460, 1230, 79, 1041, 243, 1272, 1369, 1373)->[(1-1*r5), (3+1*r5), (1-1*r5), (-1+1*r5)]
(549, 1224, 329, 74, 267, 206, 1364, 341, 950, 87, 1429, 798)->[-4, (-1+1*r5), (-1-1*r5), 2]
(960, 421, 1163, 780, 973, 1069, 495, 1166, 185, 410, 1403, 1375)->[(1+1*r5), 2*r5, 0, (1-1*r5)]
(610, 996, 198, 1192, 810, 300, 237, 781, 1005, 1326, 51, 281)->[(1+1*r5), -4, (1-1*r5), 2]
(64, 552, 712, 904, 1128, 1193, 16, 144, 853, 729, 59, 380)->[-2, -2, 2*r5, -2]
(1316, 645, 998, 1231, 1327, 499, 212, 245, 119, 1336, 89, 990)->[0, 0, -4, 4]
(513, 836, 1286, 1065, 273, 1371, 1395, 660, 470, 1431, 123, 540)->[(-1-1*r5), 4, (-1+1*r5), 2]
(992, 483, 164, 229, 1414, 1227, 1036, 919, 1200, 469, 535, 1434)->[2, (-1-1*r5), (1-1*r5), -4]
(833, 1026, 1221, 134, 553, 458, 912, 689, 1233, 1205, 630, 825)->[(-1-1*r5), (-1-1*r5), (-3+1*r5), (1+1*r5)]
(418, 739, 71, 1001, 203, 1068, 143, 1180, 1269, 1301, 506, 700)->[2*r5, 2, 2, -2]
(994, 1028, 165, 1400, 650, 874, 76, 111, 593, 1047, 312, 1244)->[(-1+1*r5), (-1+1*r5), (1-1*r5), (3+1*r5)]
