(0, 128, 705, 414, 231, 455, 460, 564, 277, 663, 537, 62)->[(-1-1*r5), (1+1*r5), (-1-1*r5), (1+1*r5)]
(0, 512, 424, 630, 663, 62)->[-2, 2, -2, 2*r5]
(0, 705, 522, 657, 630, 62)->[(-1-1*r5), (-1+1*r5), -2, 4]
(0, 512, 614, 277, 405, 663)->[-2, (1+1*r5), (1-1*r5), 4]
(0, 460, 525, 591, 277, 405)->[(-1-1*r5), (1+1*r5), (-3+1*r5), (1+1*r5)]
(0, 353, 512, 7, 525, 273, 657, 563, 405, 630, 505, 60)->[-2, (-1+1*r5), 0, (1+1*r5)]
(0, 705, 228, 460, 525, 657)->[-4, 2, (1-1*r5), (1+1*r5)]
(163, 131, 8, 72, 266, 330, 716, 558, 112, 658, 375, 570)->[(-3-1*r5), (-1-1*r5), 0, -2]
(5, 422, 711, 488, 106, 716, 336, 465, 342, 408, 251, 254)->[(-3-1*r5), -2, (-1-1*r5), 0]
(226, 450, 231, 169, 632, 176, 124, 146, 440, 444, 220, 254)->[(-3-1*r5), 2, (-1-1*r5), 0]
(576, 36, 108, 174, 337, 699, 661, 214, 696, 59, 221, 575)->[(1+1*r5), (1+1*r5), (-1-1*r5), (1+1*r5)]
(320, 130, 35, 418, 643, 552, 665, 371, 118, 183, 280, 473)->[2, (-3-1*r5), 0, (1+1*r5)]
(417, 98, 513, 515, 578, 650, 173, 442, 242, 506, 215, 122)->[(1+1*r5), (1+1*r5), (1+1*r5), (-1-1*r5)]
(322, 356, 165, 70, 77, 589, 178, 570, 507, 349, 190, 95)->[-2, (-3-1*r5), 0, (-1-1*r5)]
(385, 226, 259, 325, 559, 464, 592, 597, 343, 410, 317, 319)->[(-1-1*r5), (1+1*r5), (-1-1*r5), (-1-1*r5)]
(261, 38, 199, 264, 170, 107, 205, 429, 621, 623, 670, 191)->[(-1-1*r5), 0, (3+1*r5), 2]
(352, 477, 387, 573, 40, 104, 395, 268, 430, 144, 215, 125)->[(3+1*r5), 0, 2, (-1-1*r5)]
(547, 677, 521, 42, 685, 15, 496, 497, 181, 86, 637, 287)->[0, -2, (3+1*r5), (-1-1*r5)]
(385, 136, 360, 109, 145, 305, 499, 372, 21, 562, 90, 479)->[-2, 0, (-1-1*r5), (-3-1*r5)]
(160, 480, 642, 579, 707, 135, 583, 686, 531, 148, 279, 633)->[(1+1*r5), 0, (-3-1*r5), -2]
(480, 3, 344, 487, 536, 91, 683, 12, 687, 245, 56, 59)->[(3+1*r5), 2, (-1-1*r5), 0]
(418, 680, 715, 557, 219, 654, 16, 659, 470, 88, 698, 123)->[(3+1*r5), (-1-1*r5), 0, 2]
(382, 478, 510, 237, 272, 560, 178, 660, 472, 476, 156, 318)->[0, (-3-1*r5), (-1-1*r5), -2]
(610, 71, 14, 687, 500, 629, 150, 119, 406, 219, 221, 702)->[(3+1*r5), 0, -2, (1+1*r5)]
(164, 68, 170, 75, 556, 461, 366, 622, 402, 468, 53, 533)->[(-3-1*r5), 2, (1+1*r5), 0]
(234, 619, 399, 464, 369, 401, 538, 180, 504, 633, 474, 479)->[0, 2, (-3-1*r5), (-1-1*r5)]
(192, 193, 485, 587, 45, 18, 659, 311, 665, 155, 188, 543)->[(1+1*r5), (-1-1*r5), (1+1*r5), (1+1*r5)]
(421, 6, 237, 368, 433, 530, 371, 693, 30, 569, 190, 286)->[0, (-2-2*r5), 0, 0]
(224, 66, 98, 102, 233, 171, 270, 143, 81, 370, 51, 126)->[0, (3+1*r5), (1+1*r5), -2]
(100, 134, 281, 423, 110, 238, 241, 51, 84, 599, 153, 509)->[0, (3+1*r5), (1+1*r5), 2]
(354, 131, 201, 649, 43, 655, 466, 628, 85, 700, 349, 286)->[(-1-1*r5), (-3-1*r5), 2, 0]
(477, 65, 710, 519, 647, 557, 80, 692, 311, 316, 63, 127)->[(3+1*r5), -2, (1+1*r5), 0]
(288, 266, 109, 336, 624, 625, 220, 343, 57, 347, 252, 445)->[(-3-1*r5), 0, -2, (-1-1*r5)]
(673, 260, 357, 644, 200, 264, 48, 435, 216, 380, 188, 93)->[0, -2, (3+1*r5), (1+1*r5)]
(225, 321, 646, 329, 138, 649, 589, 685, 335, 658, 184, 285)->[(-1-1*r5), (-1-1*r5), (1+1*r5), (-1-1*r5)]
(160, 161, 544, 168, 648, 394, 363, 341, 539, 156, 606, 639)->[2, (-1-1*r5), (-3-1*r5), 0]
(416, 449, 451, 294, 234, 378, 240, 145, 531, 602, 250, 350)->[2, 0, (-1-1*r5), (-3-1*r5)]
(256, 481, 39, 424, 522, 46, 179, 436, 54, 278, 630, 62)->[-2, 0, (-1-1*r5), (3+1*r5)]
(452, 647, 459, 268, 620, 79, 82, 274, 403, 406, 88, 91)->[(2+2*r5), 0, 0, 0]
(163, 356, 709, 326, 136, 526, 184, 377, 218, 348, 157, 445)->[(-1-1*r5), -2, 0, (-3-1*r5)]
(584, 459, 108, 12, 334, 14, 590, 19, 535, 411, 446, 511)->[(3+1*r5), (1+1*r5), 0, 2]
(352, 384, 34, 258, 292, 675, 198, 142, 22, 122, 316, 287)->[(1+1*r5), 0, (3+1*r5), -2]
(1, 546, 229, 586, 140, 46, 113, 276, 24, 26, 60, 607)->[(-1-1*r5), -2, 0, (3+1*r5)]
(99, 164, 101, 262, 9, 329, 425, 426, 623, 86, 120, 314)->[(-1-1*r5), 0, (3+1*r5), -2]
(407, 576, 471, 672, 708, 328, 718, 463, 208, 439, 537, 253)->[0, (3+1*r5), (-1-1*r5), 2]
(257, 545, 642, 676, 645, 294, 550, 504, 302, 87, 56, 28)->[(1+1*r5), (1+1*r5), (-1-1*r5), (-1-1*r5)]
(416, 608, 609, 259, 520, 302, 431, 177, 209, 305, 369, 566)->[0, (1+1*r5), -2, (-3-1*r5)]
(482, 67, 227, 548, 579, 71, 553, 715, 79, 245, 341, 383)->[(3+1*r5), -2, (-1-1*r5), 0]
(344, 36, 456, 396, 13, 463, 19, 211, 310, 152, 28, 638)->[(1+1*r5), (3+1*r5), -2, 0]
(482, 674, 714, 363, 235, 654, 660, 183, 151, 569, 668, 415)->[(1+1*r5), (-3-1*r5), -2, 0]
(705, 290, 419, 228, 489, 522, 140, 300, 303, 657, 342, 440)->[(-3-1*r5), 0, -2, (1+1*r5)]
(481, 450, 323, 455, 488, 489, 618, 462, 49, 498, 635, 703)->[(-1-1*r5), 0, (-3-1*r5), 2]
(580, 485, 710, 584, 554, 76, 492, 16, 274, 500, 600, 447)->[(3+1*r5), 0, 2, (1+1*r5)]
(641, 631, 458, 332, 47, 656, 17, 210, 150, 54, 696, 379)->[2, 0, (-1-1*r5), (3+1*r5)]
(354, 355, 503, 421, 514, 275, 247, 473, 26, 443, 574, 31)->[-2, (-3-1*r5), 0, (1+1*r5)]
(648, 618, 331, 44, 333, 175, 656, 627, 436, 469, 55, 249)->[0, -2, (-3-1*r5), (1+1*r5)]
(225, 291, 486, 201, 77, 269, 528, 497, 83, 345, 666, 30)->[0, (-3-1*r5), (1+1*r5), -2]
(612, 102, 105, 10, 491, 396, 585, 110, 590, 653, 684, 442)->[(1+1*r5), (3+1*r5), 2, 0]
(1, 129, 132, 651, 365, 303, 244, 53, 505, 29, 158, 191)->[(-3-1*r5), 0, 2, (1+1*r5)]
(520, 712, 203, 398, 526, 400, 338, 372, 213, 662, 694, 378)->[0, 0, 0, (-2-2*r5)]
(37, 453, 295, 104, 521, 269, 346, 719, 22, 186, 540, 63)->[(1+1*r5), (-1-1*r5), (1+1*r5), (-1-1*r5)]
(324, 229, 39, 7, 74, 409, 47, 601, 121, 571, 604, 222)->[0, 0, 0, (2+2*r5)]
(33, 258, 453, 677, 392, 137, 395, 593, 506, 662, 58, 475)->[2, 0, (1+1*r5), (-3-1*r5)]
(439, 617, 399, 337, 211, 373, 87, 279, 536, 283, 667, 61)->[2, (1+1*r5), (-3-1*r5), 0]
(288, 290, 132, 615, 681, 106, 490, 461, 495, 112, 117, 124)->[(-2-2*r5), 0, 0, 0]
(312, 483, 420, 549, 38, 423, 202, 555, 524, 595, 216, 541)->[0, 2, (3+1*r5), (1+1*r5)]
(128, 708, 133, 567, 631, 41, 617, 174, 179, 55, 635, 412)->[0, 2, (-3-1*r5), (1+1*r5)]
(2, 99, 34, 195, 547, 313, 713, 173, 270, 593, 185, 542)->[0, 2, (3+1*r5), (-1-1*r5)]
(289, 172, 76, 397, 207, 502, 312, 571, 634, 155, 380, 189)->[2, 0, (1+1*r5), (3+1*r5)]
(96, 261, 357, 551, 586, 651, 652, 717, 655, 275, 339, 147)->[(-1-1*r5), (-1-1*r5), (1+1*r5), (1+1*r5)]
(65, 194, 227, 263, 299, 719, 82, 691, 52, 470, 151, 573)->[(3+1*r5), (-1-1*r5), 0, -2]
(96, 546, 419, 5, 8, 364, 306, 244, 117, 628, 503, 89)->[(-3-1*r5), (-1-1*r5), 0, 2]
(322, 678, 360, 616, 494, 400, 308, 534, 377, 602, 605, 478)->[0, (-1-1*r5), -2, (-3-1*r5)]
(293, 390, 447, 172, 115, 411, 629, 661, 23, 379, 604, 255)->[(1+1*r5), 2, 0, (3+1*r5)]
(162, 100, 614, 361, 367, 208, 591, 50, 596, 277, 405, 671)->[-2, (3+1*r5), 0, (1+1*r5)]
(64, 386, 69, 230, 105, 236, 718, 81, 84, 596, 310, 413)->[0, (2+2*r5), 0, 0]
(165, 678, 218, 138, 432, 496, 83, 213, 186, 475, 669, 94)->[0, (-1-1*r5), 2, (-3-1*r5)]
(193, 673, 706, 327, 297, 530, 147, 666, 247, 280, 282, 700)->[0, (-3-1*r5), (1+1*r5), 2]
(640, 613, 646, 681, 426, 43, 364, 205, 558, 652, 468, 158)->[(-3-1*r5), -2, (1+1*r5), 0]
(33, 257, 449, 578, 609, 358, 40, 232, 203, 428, 467, 501)->[(1+1*r5), 2, 0, (-3-1*r5)]
(483, 260, 101, 166, 388, 581, 675, 679, 107, 713, 15, 340)->[0, 0, (2+2*r5), 0]
(384, 153, 515, 612, 549, 166, 267, 143, 149, 25, 187, 542)->[2, (1+1*r5), (3+1*r5), 0]
(67, 451, 550, 232, 457, 683, 686, 307, 52, 403, 565, 125)->[(3+1*r5), 0, -2, (-1-1*r5)]
(706, 551, 200, 574, 587, 397, 78, 113, 118, 121, 508, 572)->[0, (-1-1*r5), 2, (3+1*r5)]
(4, 422, 296, 44, 527, 560, 498, 404, 598, 568, 603, 539)->[-2, (-1-1*r5), (-3-1*r5), 0]
(66, 103, 9, 493, 206, 111, 402, 690, 212, 664, 185, 159)->[(-1-1*r5), (1+1*r5), (1+1*r5), (-1-1*r5)]
(4, 711, 204, 462, 474, 347, 594, 689, 90, 315, 444, 317)->[(-1-1*r5), 0, (-3-1*r5), -2]
(323, 518, 239, 180, 471, 632, 697, 410, 315, 412, 61, 414)->[-2, (1+1*r5), (-3-1*r5), 0]
(256, 320, 196, 197, 324, 333, 17, 243, 276, 154, 572, 31)->[0, (-1-1*r5), -2, (3+1*r5)]
(512, 577, 614, 424, 41, 663, 332, 23, 699, 253, 222, 351)->[0, (1+1*r5), -2, (3+1*r5)]
(544, 133, 167, 135, 296, 139, 204, 619, 175, 239, 373, 703)->[0, 0, (-2-2*r5), 0]
(289, 197, 552, 680, 409, 458, 554, 18, 217, 508, 702, 255)->[(1+1*r5), -2, 0, (3+1*r5)]
(672, 577, 69, 73, 10, 361, 334, 115, 214, 152, 441, 509)->[2, (3+1*r5), 0, (1+1*r5)]
(674, 295, 263, 701, 523, 141, 368, 432, 345, 476, 605, 95)->[2, (-3-1*r5), 0, (-1-1*r5)]
(224, 2, 650, 398, 271, 431, 434, 467, 116, 664, 58, 27)->[0, (1+1*r5), 2, (-3-1*r5)]
(194, 516, 548, 583, 457, 394, 714, 240, 534, 92, 701, 510)->[(1+1*r5), (-1-1*r5), (-1-1*r5), (-1-1*r5)]
(640, 97, 262, 326, 72, 582, 615, 625, 690, 533, 438, 285)->[(-3-1*r5), 0, 2, (-1-1*r5)]
(611, 518, 391, 588, 559, 561, 50, 146, 532, 564, 407, 413)->[(-1-1*r5), (3+1*r5), -2, 0]
(513, 3, 452, 676, 393, 585, 13, 430, 529, 501, 565, 511)->[(3+1*r5), (1+1*r5), 0, -2]
(134, 425, 524, 429, 366, 111, 114, 340, 182, 313, 187, 126)->[-2, (1+1*r5), (3+1*r5), 0]
(321, 195, 709, 103, 392, 116, 181, 374, 438, 694, 314, 669)->[-2, 0, (1+1*r5), (-3-1*r5)]
(350, 516, 358, 712, 137, 299, 141, 144, 307, 308, 346, 94)->[(1+1*r5), -2, 0, (-3-1*r5)]
(448, 233, 362, 236, 556, 367, 241, 561, 212, 182, 246, 223)->[(-1-1*r5), (3+1*r5), 2, 0]
(192, 679, 202, 492, 301, 142, 80, 435, 149, 309, 695, 634)->[(1+1*r5), 0, (3+1*r5), 2]
(608, 97, 704, 325, 338, 434, 499, 626, 374, 252, 157, 159)->[(-1-1*r5), 2, 0, (-3-1*r5)]
(35, 486, 523, 543, 433, 691, 248, 698, 282, 127, 540, 415)->[(1+1*r5), (-3-1*r5), 2, 0]
(292, 37, 581, 327, 519, 42, 427, 45, 301, 48, 528, 248)->[2, (-1-1*r5), (3+1*r5), 0]
(70, 265, 298, 494, 624, 562, 594, 598, 375, 472, 251, 348)->[(-1-1*r5), (-1-1*r5), (-1-1*r5), (-1-1*r5)]
(161, 668, 355, 643, 389, 6, 682, 272, 568, 249, 154, 636)->[0, (-3-1*r5), (-1-1*r5), 2]
(387, 454, 198, 695, 267, 620, 653, 529, 242, 692, 535, 600)->[(3+1*r5), 2, (1+1*r5), 0]
(704, 386, 362, 171, 493, 271, 592, 209, 688, 532, 437, 284)->[-2, (3+1*r5), 0, (-1-1*r5)]
(32, 641, 130, 553, 682, 235, 243, 469, 119, 217, 123, 606)->[(1+1*r5), (-1-1*r5), (-1-1*r5), (1+1*r5)]
(353, 420, 390, 359, 74, 671, 20, 599, 376, 441, 189, 351)->[0, (1+1*r5), 2, (3+1*r5)]
(580, 293, 281, 359, 454, 73, 684, 207, 309, 25, 541, 446)->[(1+1*r5), (1+1*r5), (1+1*r5), (1+1*r5)]
(129, 517, 199, 717, 78, 273, 595, 20, 502, 601, 93, 607)->[-2, 0, (1+1*r5), (3+1*r5)]
(611, 645, 230, 328, 456, 11, 597, 566, 697, 538, 667, 284)->[0, (3+1*r5), (-1-1*r5), -2]
(514, 389, 298, 330, 304, 466, 404, 693, 408, 89, 507, 382)->[(-1-1*r5), (-3-1*r5), -2, 0]
(64, 417, 545, 393, 11, 428, 491, 688, 177, 370, 27, 638)->[2, (3+1*r5), 0, (-1-1*r5)]
(291, 388, 613, 644, 297, 427, 621, 335, 339, 85, 120, 637)->[-2, (-1-1*r5), (3+1*r5), 0]
(162, 517, 555, 365, 238, 622, 114, 563, 376, 381, 670, 223)->[(-1-1*r5), (1+1*r5), (1+1*r5), (1+1*r5)]
(448, 68, 484, 582, 169, 490, 588, 206, 626, 437, 57, 319)->[(-3-1*r5), (1+1*r5), 0, -2]
(228, 484, 391, 75, 460, 525, 495, 176, 591, 381, 246, 29)->[(-3-1*r5), (1+1*r5), 0, 2]
(32, 610, 707, 487, 168, 139, 331, 575, 210, 567, 283, 383)->[(1+1*r5), 0, (-3-1*r5), 2]
(167, 616, 265, 527, 401, 689, 148, 21, 250, 92, 318, 639)->[0, -2, (-3-1*r5), (-1-1*r5)]
(196, 300, 304, 49, 306, 465, 627, 278, 24, 603, 443, 636)->[(-1-1*r5), (-1-1*r5), (-1-1*r5), (1+1*r5)]
(131, 649, 589, 658, 570, 349)->[(-1-1*r5), -4, (-1+1*r5), -2]
(298, 330, 716, 375, 408, 251)->[-4, (-1-1*r5), -2, (1-1*r5)]
(484, 391, 169, 588, 176, 146)->[-2*r5, (1+1*r5), (1-1*r5), 0]
(629, 150, 661, 696, 379, 221)->[(1+1*r5), (-1+1*r5), -2, 4]
(643, 6, 371, 183, 569, 668)->[(-1+1*r5), (-3-1*r5), (1-1*r5), (-1+1*r5)]
(513, 585, 653, 529, 242, 442)->[4, (1+1*r5), 2, (1-1*r5)]
(259, 464, 369, 597, 566, 538)->[(-3+1*r5), (1+1*r5), (-1-1*r5), (-1-1*r5)]
(38, 199, 264, 595, 216, 93)->[(1-1*r5), 0, 2*r5, (1+1*r5)]
(352, 104, 22, 316, 477, 63)->[4, (1-1*r5), (1+1*r5), -2]
(675, 292, 581, 42, 15, 287)->[(-1+1*r5), (1-1*r5), (3+1*r5), (1-1*r5)]
(416, 234, 145, 369, 305, 479)->[0, (-1+1*r5), (-1-1*r5), -2*r5]
(160, 544, 707, 135, 168, 139)->[2, (-3+1*r5), (-3-1*r5), 0]
(610, 487, 687, 59, 221, 575)->[4, (-1+1*r5), (-1-1*r5), 2]
(480, 642, 550, 683, 686, 56)->[4, (-1+1*r5), (-1-1*r5), -2]
(418, 130, 235, 654, 183, 123)->[(1+1*r5), -4, (1-1*r5), 2]
(510, 701, 534, 476, 605, 478)->[(-1+1*r5), -4, -2, (-1-1*r5)]
(71, 715, 79, 406, 88, 219)->[(3+1*r5), (1-1*r5), (1-1*r5), (-1+1*r5)]
(170, 365, 622, 53, 670, 191)->[-4, (-1+1*r5), (1+1*r5), 2]
(645, 399, 87, 504, 538, 667)->[(-1+1*r5), (1+1*r5), -4, -2]
(610, 210, 150, 696, 221, 575)->[(1+1*r5), (3-1*r5), (-1-1*r5), (1+1*r5)]
(318, 616, 265, 494, 472, 478)->[(-3+1*r5), (-1-1*r5), (-1-1*r5), (-1-1*r5)]
(193, 35, 280, 665, 282, 543)->[2, -2*r5, 2, 2]
(421, 530, 371, 247, 280, 473)->[0, (-3-1*r5), (3-1*r5), 2]
(134, 233, 241, 51, 182, 126)->[(1-1*r5), 2*r5, (1+1*r5), 0]
(612, 102, 110, 143, 51, 153)->[(-1+1*r5), 2*r5, (1+1*r5), 0]
(102, 105, 110, 81, 51, 84)->[(3-1*r5), (3+1*r5), 2, 0]
(583, 240, 531, 148, 250, 92)->[2, (1-1*r5), -4, (-1-1*r5)]
(96, 43, 364, 652, 655, 628)->[-4, (-1-1*r5), 2, (-1+1*r5)]
(477, 65, 647, 268, 82, 573)->[(3+1*r5), (1-1*r5), (-1+1*r5), (1-1*r5)]
(288, 106, 266, 716, 112, 336)->[(-3-1*r5), (1-1*r5), (1-1*r5), (1-1*r5)]
(193, 673, 327, 45, 48, 188)->[(-1+1*r5), (-1-1*r5), 4, 2]
(131, 646, 649, 43, 558, 658)->[-4, (-1-1*r5), 2, (1-1*r5)]
(32, 168, 553, 341, 606, 383)->[(1+1*r5), -2, -4, (-1+1*r5)]
(451, 583, 457, 686, 240, 531)->[(1+1*r5), (-3+1*r5), (-1-1*r5), (-1-1*r5)]
(481, 489, 522, 300, 49, 278)->[(-1-1*r5), (-3+1*r5), (-1-1*r5), (1+1*r5)]
(387, 647, 620, 268, 692, 477)->[(3+1*r5), 0, 2, (-3+1*r5)]
(320, 197, 552, 118, 508, 572)->[(-1+1*r5), (-1-1*r5), 0, 2*r5]
(170, 205, 468, 53, 158, 191)->[-2*r5, 0, (1+1*r5), (-1+1*r5)]
(5, 8, 330, 716, 408, 89)->[-2*r5, (-1-1*r5), (1-1*r5), 0]
(136, 109, 499, 252, 157, 445)->[(-1-1*r5), 0, (1-1*r5), -2*r5]
(108, 334, 115, 661, 214, 411)->[(1+1*r5), (1+1*r5), (-3+1*r5), (1+1*r5)]
(201, 77, 30, 349, 190, 286)->[(1-1*r5), (-3-1*r5), (-1+1*r5), (1-1*r5)]
(34, 547, 675, 713, 15, 287)->[(3-1*r5), 0, (3+1*r5), -2]
(113, 276, 26, 572, 574, 31)->[(1-1*r5), (-1-1*r5), 0, 2*r5]
(164, 262, 9, 402, 690, 533)->[-4, (-1+1*r5), (1+1*r5), -2]
(407, 518, 564, 471, 537, 414)->[-2, 4, (-1-1*r5), (-1+1*r5)]
(3, 676, 550, 683, 565, 56)->[2*r5, 2, -2, -2]
(136, 360, 494, 562, 377, 348)->[-2, -2, -2, -2*r5]
(226, 169, 343, 57, 220, 319)->[-2*r5, 2, -2, -2]
(161, 648, 682, 469, 249, 606)->[(-1+1*r5), (-1-1*r5), -4, 2]
(609, 428, 431, 177, 467, 27)->[(-1+1*r5), (1+1*r5), 0, -2*r5]
(67, 227, 79, 82, 403, 52)->[(3+1*r5), (1-1*r5), (1-1*r5), (1-1*r5)]
(645, 456, 211, 87, 667, 28)->[2, 4, (-1-1*r5), (1-1*r5)]
(161, 682, 363, 235, 668, 606)->[2, -4, (-1-1*r5), (-1+1*r5)]
(290, 419, 5, 106, 117, 342)->[(-3-1*r5), (1-1*r5), (1-1*r5), (-1+1*r5)]
(485, 710, 557, 16, 659, 311)->[2*r5, -2, 2, 2]
(256, 333, 656, 17, 436, 54)->[0, (1-1*r5), (-1-1*r5), 2*r5]
(354, 655, 275, 147, 247, 700)->[-2, -2*r5, 2, 2]
(576, 708, 41, 174, 699, 253)->[(3-1*r5), (1+1*r5), (-1-1*r5), (1+1*r5)]
(227, 715, 79, 82, 470, 88)->[(3+1*r5), -2, (-3+1*r5), 0]
(11, 688, 177, 209, 566, 284)->[0, 2*r5, (1-1*r5), (-1-1*r5)]
(556, 366, 622, 114, 182, 223)->[(-1-1*r5), (1+1*r5), (1+1*r5), (3-1*r5)]
(161, 648, 44, 568, 249, 539)->[0, (-1-1*r5), -2*r5, (-1+1*r5)]
(521, 269, 496, 497, 83, 186)->[(3-1*r5), (-1-1*r5), (1+1*r5), (-1-1*r5)]
(3, 452, 683, 403, 565, 91)->[(3+1*r5), (-1+1*r5), (1-1*r5), (1-1*r5)]
(69, 105, 10, 110, 84, 509)->[(-1+1*r5), (3+1*r5), (-1+1*r5), (-1+1*r5)]
(384, 675, 166, 679, 142, 149)->[2, (3-1*r5), (3+1*r5), 0]
(1, 140, 303, 657, 505, 60)->[-4, 0, 0, 4]
(73, 10, 684, 110, 281, 509)->[2, 2*r5, 2, 2]
(710, 647, 557, 16, 274, 88)->[(3+1*r5), (1-1*r5), (-1+1*r5), (-1+1*r5)]
(481, 705, 455, 489, 522, 62)->[(-1-1*r5), (3-1*r5), (-1-1*r5), (1+1*r5)]
(712, 400, 308, 602, 378, 350)->[(-1+1*r5), (1-1*r5), (1-1*r5), (-3-1*r5)]
(292, 37, 519, 22, 316, 63)->[(1+1*r5), -2, 4, (1-1*r5)]
(295, 269, 432, 83, 345, 186)->[(-1+1*r5), -4, 2, (-1-1*r5)]
(1, 129, 586, 651, 717, 607)->[(-1-1*r5), (1-1*r5), 2, 4]
(353, 7, 74, 273, 20, 601)->[(1-1*r5), (-1+1*r5), (-1+1*r5), (3+1*r5)]
(4, 422, 711, 594, 598, 251)->[(-1-1*r5), -2, -4, (1-1*r5)]
(618, 44, 49, 498, 627, 603)->[-2, -2, -2*r5, 2]
(453, 677, 521, 496, 186, 475)->[(-1+1*r5), -2, (1+1*r5), -4]
(450, 323, 455, 231, 632, 414)->[(-1-1*r5), 2, -4, (-1+1*r5)]
(132, 75, 461, 495, 53, 29)->[(-3-1*r5), (-1+1*r5), (-1+1*r5), (-1+1*r5)]
(549, 134, 423, 524, 153, 187)->[0, (1+1*r5), 2*r5, (-1+1*r5)]
(288, 106, 124, 336, 220, 254)->[(-3-1*r5), 0, -2, (-3+1*r5)]
(584, 459, 14, 274, 500, 406)->[(3+1*r5), (3-1*r5), 0, 2]
(608, 520, 305, 338, 499, 372)->[(1-1*r5), (-1+1*r5), (1-1*r5), (-3-1*r5)]
(133, 618, 175, 55, 635, 703)->[(-3+1*r5), 0, (-3-1*r5), 2]
(134, 238, 241, 114, 182, 223)->[-2, 4, (1+1*r5), (-1+1*r5)]
(226, 518, 559, 146, 632, 410)->[(-1-1*r5), (1+1*r5), (-1-1*r5), (-3+1*r5)]
(66, 313, 270, 111, 185, 126)->[(1-1*r5), (1+1*r5), 4, -2]
(580, 492, 76, 207, 309, 634)->[(1+1*r5), (3-1*r5), (1+1*r5), (1+1*r5)]
(385, 464, 474, 90, 317, 479)->[-2, (-1+1*r5), -4, (-1-1*r5)]
(674, 194, 263, 714, 151, 701)->[(1+1*r5), -4, (1-1*r5), -2]
(8, 681, 364, 558, 112, 117)->[(-3-1*r5), -2, (3-1*r5), 0]
(617, 174, 337, 567, 283, 575)->[2, 2, -2*r5, 2]
(674, 237, 368, 660, 569, 476)->[(-1+1*r5), (-3-1*r5), (1-1*r5), (1-1*r5)]
(360, 616, 145, 602, 21, 250)->[0, (1-1*r5), (-1-1*r5), -2*r5]
(32, 641, 331, 656, 210, 469)->[2, (1-1*r5), -4, (1+1*r5)]
(208, 50, 564, 277, 407, 537)->[-2, 2*r5, -2, 2]
(397, 78, 601, 502, 121, 571)->[0, (-3+1*r5), 2, (3+1*r5)]
(3, 12, 13, 19, 344, 511)->[2*r5, (1+1*r5), (1-1*r5), 0]
(466, 693, 507, 349, 190, 286)->[-2, (-3-1*r5), 0, (-3+1*r5)]
(674, 714, 660, 476, 701, 510)->[2, -2*r5, -2, -2]
(332, 47, 23, 379, 604, 222)->[(-1+1*r5), (-1+1*r5), (1-1*r5), (3+1*r5)]
(353, 162, 563, 405, 376, 671)->[-2, (1+1*r5), (-1+1*r5), 4]
(386, 362, 236, 561, 532, 413)->[-2, (3+1*r5), 0, (-3+1*r5)]
(709, 526, 213, 694, 218, 669)->[(1-1*r5), (1-1*r5), (-1+1*r5), (-3-1*r5)]
(358, 40, 232, 144, 307, 125)->[4, 0, 0, -4]
(486, 433, 530, 666, 282, 30)->[(3-1*r5), (-3-1*r5), 2, 0]
(132, 681, 461, 468, 53, 158)->[(-3-1*r5), 0, 2, (3-1*r5)]
(322, 165, 678, 432, 605, 95)->[0, -4, 0, -4]
(483, 260, 38, 264, 107, 216)->[(-3+1*r5), 0, (3+1*r5), 2]
(99, 101, 425, 713, 340, 313)->[(1-1*r5), (-1+1*r5), (3+1*r5), (1-1*r5)]
(34, 258, 122, 173, 593, 506)->[2, (-1+1*r5), 4, (-1-1*r5)]
(515, 612, 267, 653, 242, 442)->[(1+1*r5), (1+1*r5), (1+1*r5), (-3+1*r5)]
(452, 268, 430, 403, 565, 125)->[(3+1*r5), (3-1*r5), 0, -2]
(706, 118, 247, 280, 473, 574)->[0, -2*r5, (-1+1*r5), (1+1*r5)]
(328, 456, 463, 211, 439, 667)->[(-1+1*r5), 2*r5, (-1-1*r5), 0]
(281, 359, 73, 599, 441, 509)->[(-1+1*r5), 4, 2, (1+1*r5)]
(161, 272, 560, 568, 539, 156)->[0, -4, -4, 0]
(97, 582, 206, 626, 690, 159)->[-4, 2, (-1+1*r5), (-1-1*r5)]
(705, 450, 455, 231, 489, 440)->[-4, (-1+1*r5), (-1-1*r5), 2]
(167, 619, 204, 401, 689, 474)->[(-3+1*r5), 0, (-3-1*r5), -2]
(464, 538, 180, 597, 697, 410)->[(1-1*r5), (1+1*r5), -4, -2]
(255, 554, 500, 629, 702, 447)->[4, 0, 0, 4]
(162, 100, 238, 599, 376, 671)->[(1-1*r5), 4, 2, (1+1*r5)]
(196, 333, 627, 249, 154, 636)->[(-3+1*r5), (-1-1*r5), (-1-1*r5), (1+1*r5)]
(390, 74, 23, 604, 222, 351)->[(3-1*r5), 2, 0, (3+1*r5)]
(710, 492, 80, 692, 695, 600)->[2*r5, 0, (1+1*r5), (-1+1*r5)]
(101, 425, 107, 429, 623, 340)->[-2, (3-1*r5), (3+1*r5), 0]
(289, 485, 554, 76, 18, 155)->[(1+1*r5), (1-1*r5), 2, 4]
(544, 167, 296, 527, 539, 639)->[0, -2, (-3-1*r5), (-3+1*r5)]
(121, 229, 78, 113, 601, 607)->[(1-1*r5), (1-1*r5), (-1+1*r5), (3+1*r5)]
(458, 47, 409, 379, 604, 255)->[2, 0, (-3+1*r5), (3+1*r5)]
(352, 387, 198, 242, 215, 122)->[4, (-1+1*r5), (1+1*r5), -2]
(165, 77, 432, 83, 345, 95)->[0, -2*r5, (-1+1*r5), (-1-1*r5)]
(483, 549, 166, 679, 202, 149)->[(-1+1*r5), (-1+1*r5), (3+1*r5), (-1+1*r5)]
(680, 554, 16, 500, 219, 702)->[2*r5, (1-1*r5), 0, (1+1*r5)]
(293, 73, 334, 115, 411, 446)->[(1+1*r5), (1+1*r5), (3-1*r5), (1+1*r5)]
(297, 655, 339, 147, 85, 700)->[-2, -4, (1+1*r5), (-1+1*r5)]
(129, 517, 365, 273, 563, 505)->[(-1-1*r5), (-1+1*r5), 2, 4]
(486, 295, 523, 269, 345, 540)->[2, -2*r5, 2, -2]
(33, 358, 40, 137, 395, 144)->[(1+1*r5), 0, (-1+1*r5), -2*r5]
(322, 70, 494, 178, 472, 478)->[(1-1*r5), -4, -2, (-1-1*r5)]
(320, 130, 643, 682, 243, 154)->[(-1+1*r5), -4, -2, (1+1*r5)]
(225, 201, 649, 589, 77, 349)->[-2, -2*r5, 2, -2]
(352, 258, 453, 104, 395, 22)->[(1+1*r5), (-3+1*r5), (1+1*r5), (-1-1*r5)]
(384, 515, 198, 267, 242, 122)->[(1+1*r5), 2, 4, (1-1*r5)]
(394, 363, 714, 660, 156, 510)->[2, -4, (-1-1*r5), (1-1*r5)]
(234, 401, 531, 148, 633, 250)->[(-1+1*r5), 0, -2*r5, (-1-1*r5)]
(612, 454, 267, 684, 653, 25)->[(1+1*r5), (1+1*r5), (1+1*r5), (3-1*r5)]
(68, 582, 615, 490, 461, 533)->[(-3-1*r5), (-1+1*r5), (-1+1*r5), (1-1*r5)]
(547, 195, 677, 392, 593, 181)->[0, 0, 4, -4]
(4, 296, 204, 462, 498, 703)->[-2, (-3+1*r5), (-3-1*r5), 0]
(464, 474, 180, 410, 315, 317)->[-2, 2, -2*r5, -2]
(619, 204, 239, 180, 474, 315)->[(1-1*r5), (-1+1*r5), (-3-1*r5), (1-1*r5)]
(585, 393, 491, 396, 13, 638)->[(1+1*r5), 2*r5, 0, (1-1*r5)]
(170, 429, 622, 366, 114, 670)->[(-1-1*r5), 2, 4, (-1+1*r5)]
(292, 37, 521, 42, 22, 287)->[2, -2, 2*r5, -2]
(32, 610, 71, 553, 119, 383)->[4, (1-1*r5), (-1-1*r5), 2]
(482, 548, 394, 363, 714, 341)->[(1+1*r5), (-1-1*r5), (-1-1*r5), (-3+1*r5)]
(96, 1, 546, 586, 651, 244)->[-4, -2, (-1+1*r5), (1+1*r5)]
(321, 329, 685, 181, 86, 314)->[-2, (1-1*r5), 4, (-1-1*r5)]
(610, 487, 71, 687, 245, 383)->[2*r5, 0, (-1-1*r5), (-1+1*r5)]
(392, 398, 116, 662, 694, 58)->[0, (3-1*r5), 2, (-3-1*r5)]
(153, 549, 281, 423, 25, 541)->[(-1+1*r5), (1+1*r5), 4, 2]
(542, 270, 143, 313, 187, 126)->[0, (1+1*r5), 2*r5, (1-1*r5)]
(477, 65, 104, 719, 573, 63)->[2*r5, -2, 2, -2]
(99, 313, 9, 425, 111, 185)->[-2, 2, 2*r5, -2]
(344, 536, 211, 87, 56, 28)->[(1+1*r5), (1+1*r5), (-1-1*r5), (-3+1*r5)]
(481, 618, 179, 436, 55, 635)->[(1-1*r5), 0, -2*r5, (1+1*r5)]
(265, 689, 594, 562, 21, 90)->[-2, (1-1*r5), -4, (-1-1*r5)]
(519, 543, 45, 311, 248, 127)->[(1+1*r5), (-1-1*r5), (1+1*r5), (3-1*r5)]
(453, 104, 137, 395, 144, 346)->[(1+1*r5), (1-1*r5), 2, -4]
(321, 709, 326, 438, 184, 285)->[(-1-1*r5), (1-1*r5), 2, -4]
(162, 367, 591, 246, 381, 223)->[(-1-1*r5), 4, (-1+1*r5), 2]
(192, 519, 301, 45, 80, 311)->[(1+1*r5), -2, 4, (-1+1*r5)]
(704, 493, 206, 626, 437, 159)->[(-1-1*r5), (1+1*r5), (3-1*r5), (-1-1*r5)]
(66, 233, 111, 212, 182, 126)->[-2, 4, (1+1*r5), (1-1*r5)]
(4, 422, 711, 488, 462, 498)->[(-1-1*r5), (1-1*r5), -2*r5, 0]
(707, 135, 139, 373, 279, 283)->[2, (3-1*r5), (-3-1*r5), 0]
(256, 196, 333, 627, 436, 278)->[(1-1*r5), -2, (-1-1*r5), 4]
(41, 332, 174, 631, 696, 699)->[(-1+1*r5), 2, (-1-1*r5), 4]
(672, 69, 718, 463, 310, 152)->[(-1+1*r5), (3+1*r5), (1-1*r5), (-1+1*r5)]
(257, 545, 676, 393, 428, 501)->[(1+1*r5), (1+1*r5), (-3+1*r5), (-1-1*r5)]
(392, 213, 662, 694, 475, 669)->[0, (-3+1*r5), 2, (-3-1*r5)]
(96, 546, 586, 275, 503, 26)->[(-1-1*r5), (-1-1*r5), (3-1*r5), (1+1*r5)]
(97, 709, 326, 374, 438, 157)->[(-1-1*r5), 0, (-1+1*r5), -2*r5]
(418, 35, 654, 183, 698, 415)->[(1+1*r5), -2*r5, 0, (-1+1*r5)]
(10, 396, 334, 590, 19, 152)->[(1+1*r5), 2*r5, 0, (-1+1*r5)]
(103, 434, 116, 374, 664, 159)->[-2, 2, 2, -2*r5]
(291, 327, 297, 427, 528, 666)->[0, -4, 4, 0]
(298, 560, 404, 598, 472, 382)->[-2, -4, (-1-1*r5), (1-1*r5)]
(417, 513, 393, 585, 491, 442)->[(1+1*r5), 4, (-1+1*r5), -2]
(96, 651, 364, 652, 244, 158)->[-2*r5, -2, 2, 2]
(399, 180, 697, 538, 667, 61)->[0, (1+1*r5), -2*r5, (1-1*r5)]
(678, 526, 400, 213, 377, 218)->[(-3+1*r5), -2, 0, (-3-1*r5)]
(418, 35, 659, 665, 698, 543)->[(1+1*r5), -4, (-1+1*r5), 2]
(580, 454, 492, 309, 695, 600)->[4, (-1+1*r5), (1+1*r5), 2]
(16, 274, 500, 406, 88, 219)->[(3+1*r5), (-3+1*r5), 0, 2]
(448, 362, 588, 561, 532, 437)->[(-1-1*r5), 2*r5, 0, (1-1*r5)]
(608, 704, 259, 325, 592, 209)->[-2, (1+1*r5), (1-1*r5), -4]
(576, 36, 463, 337, 211, 439)->[2, 4, (-1-1*r5), (-1+1*r5)]
(163, 266, 624, 375, 348, 445)->[-4, -2, (1-1*r5), (-1-1*r5)]
(391, 231, 460, 176, 146, 564)->[-4, (1+1*r5), -2, (-1+1*r5)]
(320, 130, 197, 552, 243, 217)->[2, (-1-1*r5), (1-1*r5), 4]
(99, 195, 103, 9, 185, 314)->[-2, (-1+1*r5), 4, (-1-1*r5)]
(459, 12, 14, 687, 406, 91)->[(3+1*r5), (-1+1*r5), (1-1*r5), (-1+1*r5)]
(516, 701, 141, 308, 534, 605)->[2, (-1-1*r5), (1-1*r5), -4]
(480, 579, 67, 683, 686, 245)->[2*r5, 0, (-1-1*r5), (1-1*r5)]
(129, 261, 199, 651, 717, 191)->[(-1-1*r5), (-3+1*r5), (1+1*r5), (1+1*r5)]
(656, 179, 436, 55, 54, 631)->[0, 0, -4, 4]
(234, 401, 145, 21, 250, 479)->[0, 0, -4, -4]
(353, 517, 273, 563, 20, 376)->[-2, 2, 2, 2*r5]
(613, 426, 621, 205, 623, 120)->[(-1-1*r5), (1-1*r5), 2*r5, 0]
(225, 138, 685, 496, 497, 83)->[(-3+1*r5), (-1-1*r5), (1+1*r5), (-1-1*r5)]
(611, 230, 328, 718, 407, 413)->[(-3+1*r5), (3+1*r5), -2, 0]
(388, 581, 42, 427, 15, 637)->[0, -2, (3+1*r5), (-3+1*r5)]
(225, 291, 685, 335, 497, 637)->[(1-1*r5), (-1-1*r5), 4, -2]
(567, 331, 656, 210, 55, 631)->[(-1+1*r5), 0, -2*r5, (1+1*r5)]
(164, 425, 170, 429, 366, 623)->[(-1-1*r5), (-1+1*r5), 2*r5, 0]
(324, 197, 409, 121, 508, 572)->[(3-1*r5), -2, 0, (3+1*r5)]
(256, 324, 229, 39, 46, 276)->[(1-1*r5), (1-1*r5), (1-1*r5), (3+1*r5)]
(580, 293, 584, 411, 446, 447)->[4, 2, (-1+1*r5), (1+1*r5)]
(163, 356, 589, 658, 184, 570)->[(-1-1*r5), (-1-1*r5), (3-1*r5), (-1-1*r5)]
(522, 140, 46, 657, 630, 60)->[(-1-1*r5), 0, (1-1*r5), 2*r5]
(640, 646, 72, 558, 658, 285)->[-2*r5, -2, 2, -2]
(385, 259, 464, 305, 369, 479)->[(1-1*r5), 2, (-1-1*r5), -4]
(486, 327, 528, 666, 248, 282)->[(-1+1*r5), -2*r5, (1+1*r5), 0]
(673, 644, 357, 297, 339, 147)->[(1-1*r5), (-1-1*r5), 4, 2]
(259, 592, 209, 597, 566, 284)->[(1-1*r5), 4, -2, (-1-1*r5)]
(97, 103, 690, 438, 374, 159)->[(-1-1*r5), (-1+1*r5), 2, -4]
(522, 140, 300, 46, 278, 24)->[(-1-1*r5), (1-1*r5), -2, 4]
(518, 231, 146, 564, 632, 414)->[(-1-1*r5), (1+1*r5), (-1-1*r5), (3-1*r5)]
(389, 6, 237, 272, 693, 382)->[(-3+1*r5), (-3-1*r5), -2, 0]
(704, 493, 271, 434, 664, 159)->[-2, (1+1*r5), (-1+1*r5), -4]
(257, 676, 550, 232, 565, 501)->[4, 2, (1-1*r5), (-1-1*r5)]
(4, 167, 296, 204, 527, 689)->[(1-1*r5), (1-1*r5), (-3-1*r5), (1-1*r5)]
(514, 304, 306, 503, 89, 443)->[(-1-1*r5), -4, (1-1*r5), 2]
(545, 676, 393, 13, 28, 638)->[(1+1*r5), 4, (1-1*r5), -2]
(329, 685, 335, 86, 120, 637)->[-2, -2, 2*r5, -2]
(577, 115, 661, 214, 23, 699)->[2, (1+1*r5), (1-1*r5), 4]
(40, 232, 430, 501, 565, 125)->[2*r5, (-1+1*r5), 0, (-1-1*r5)]
(619, 399, 239, 180, 373, 61)->[0, 2, (-3-1*r5), (-3+1*r5)]
(484, 68, 490, 75, 461, 495)->[(-3-1*r5), 2, (3-1*r5), 0]
(288, 169, 490, 124, 57, 220)->[(-3-1*r5), (-1+1*r5), (1-1*r5), (1-1*r5)]
(449, 451, 358, 232, 307, 350)->[(1+1*r5), 0, (1-1*r5), -2*r5]
(387, 452, 268, 620, 430, 529)->[(3+1*r5), (-1+1*r5), (-1+1*r5), (1-1*r5)]
(448, 362, 493, 206, 212, 437)->[(-1-1*r5), 4, (-1+1*r5), -2]
(128, 708, 41, 663, 537, 253)->[(-3+1*r5), (1+1*r5), (-1-1*r5), (1+1*r5)]
(454, 267, 309, 149, 695, 25)->[(1+1*r5), 2, 4, (-1+1*r5)]
(38, 555, 524, 429, 114, 670)->[-2, 2, 2*r5, 2]
(416, 294, 234, 302, 369, 504)->[(-1+1*r5), 2, (-1-1*r5), -4]
(224, 2, 66, 270, 664, 185)->[(-3+1*r5), (1+1*r5), (1+1*r5), (-1-1*r5)]
(573, 268, 82, 403, 52, 125)->[(3+1*r5), (-3+1*r5), 0, -2]
(480, 642, 536, 87, 279, 56)->[(1+1*r5), 2, -4, (1-1*r5)]
(257, 545, 609, 428, 302, 177)->[2, (1+1*r5), (1-1*r5), -4]
(237, 368, 178, 476, 190, 95)->[0, (-3-1*r5), (-3+1*r5), -2]
(100, 236, 367, 241, 84, 596)->[(1-1*r5), (3+1*r5), (-1+1*r5), (-1+1*r5)]
(69, 105, 10, 396, 310, 152)->[2, (3+1*r5), 0, (3-1*r5)]
(226, 169, 588, 559, 146, 319)->[-4, (1+1*r5), -2, (1-1*r5)]
(64, 386, 230, 11, 688, 284)->[0, (3+1*r5), (-3+1*r5), -2]
(641, 458, 150, 119, 217, 702)->[(1+1*r5), (1-1*r5), -2, 4]
(654, 691, 470, 151, 698, 415)->[4, -4, 0, 0]
(70, 298, 178, 472, 507, 382)->[-2, -2*r5, -2, -2]
(642, 399, 87, 279, 504, 633)->[2, 2, -2*r5, -2]
(224, 417, 98, 650, 370, 27)->[(-1+1*r5), 4, 2, (-1-1*r5)]
(640, 164, 262, 426, 468, 533)->[-2*r5, 0, (1+1*r5), (1-1*r5)]
(644, 357, 261, 264, 621, 339)->[-2, -2, 2*r5, 2]
(160, 579, 548, 583, 394, 341)->[(1+1*r5), -2, -4, (1-1*r5)]
(229, 39, 7, 46, 630, 60)->[-2, 0, (-3+1*r5), (3+1*r5)]
(420, 423, 359, 599, 281, 541)->[(3-1*r5), (1+1*r5), (1+1*r5), (1+1*r5)]
(645, 302, 369, 566, 504, 538)->[(3-1*r5), (1+1*r5), (-1-1*r5), (-1-1*r5)]
(321, 138, 685, 496, 181, 669)->[(1-1*r5), -2, (1+1*r5), -4]
(577, 614, 361, 671, 441, 351)->[0, 4, 0, 4]
(614, 208, 277, 663, 537, 253)->[(1-1*r5), 4, -2, (1+1*r5)]
(237, 178, 693, 507, 190, 382)->[(1-1*r5), (-3-1*r5), (1-1*r5), (1-1*r5)]
(527, 560, 539, 156, 318, 639)->[0, (-1-1*r5), -2*r5, (1-1*r5)]
(514, 355, 389, 6, 421, 693)->[(1-1*r5), (-3-1*r5), (1-1*r5), (-1+1*r5)]
(290, 228, 132, 303, 495, 29)->[(-3-1*r5), (3-1*r5), 0, 2]
(128, 708, 471, 537, 412, 414)->[(1-1*r5), (1+1*r5), -4, 2]
(577, 390, 115, 23, 441, 351)->[(-1+1*r5), (1+1*r5), 0, 2*r5]
(98, 515, 612, 102, 143, 442)->[2, 4, (1+1*r5), (1-1*r5)]
(292, 519, 301, 142, 80, 316)->[(1+1*r5), (1-1*r5), 2*r5, 0]
(388, 101, 107, 621, 623, 120)->[-2, (-3+1*r5), (3+1*r5), 0]
(608, 704, 431, 271, 209, 434)->[(1-1*r5), (1+1*r5), 0, -2*r5]
(546, 306, 503, 24, 26, 443)->[(-1-1*r5), (-1-1*r5), (-3+1*r5), (1+1*r5)]
(322, 356, 70, 494, 377, 348)->[-2, (-1-1*r5), (1-1*r5), -4]
(451, 516, 457, 240, 307, 350)->[(1+1*r5), (1-1*r5), -2, -4]
(289, 172, 409, 571, 604, 255)->[2, 0, (3-1*r5), (3+1*r5)]
(514, 355, 389, 304, 443, 636)->[-2, -2*r5, -2, 2]
(391, 367, 591, 561, 50, 246)->[(-1-1*r5), 2*r5, 0, (-1+1*r5)]
(483, 549, 166, 524, 340, 187)->[0, 2, (3+1*r5), (3-1*r5)]
(6, 237, 272, 660, 569, 668)->[(3-1*r5), (-3-1*r5), -2, 0]
(135, 619, 399, 373, 279, 633)->[(-1+1*r5), (-1+1*r5), (-3-1*r5), (1-1*r5)]
(131, 8, 330, 466, 628, 89)->[-4, -4, 0, 0]
(194, 516, 263, 299, 141, 701)->[(1+1*r5), (-1-1*r5), (-3+1*r5), (-1-1*r5)]
(680, 219, 119, 217, 123, 702)->[4, -2, (1-1*r5), (1+1*r5)]
(108, 12, 14, 687, 59, 221)->[2*r5, 2, -2, 2]
(678, 712, 400, 308, 213, 94)->[(3-1*r5), -2, 0, (-3-1*r5)]
(573, 299, 144, 307, 52, 125)->[2*r5, (1-1*r5), 0, (-1-1*r5)]
(325, 626, 343, 57, 252, 319)->[-4, 2, (1-1*r5), (-1-1*r5)]
(609, 520, 203, 398, 431, 467)->[(3-1*r5), 2, 0, (-3-1*r5)]
(385, 325, 109, 499, 343, 252)->[(-1-1*r5), (-1+1*r5), -2, -4]
(68, 582, 206, 402, 690, 533)->[-2*r5, 2, 2, -2]
(289, 255, 554, 172, 76, 447)->[(1+1*r5), 0, (-1+1*r5), 2*r5]
(482, 553, 235, 715, 654, 123)->[4, (-1-1*r5), -2, (-1+1*r5)]
(512, 39, 424, 7, 630, 222)->[(1-1*r5), (-1+1*r5), (1-1*r5), (3+1*r5)]
(5, 8, 106, 716, 112, 117)->[(-3-1*r5), -2, (-3+1*r5), 0]
(163, 356, 70, 375, 570, 348)->[(-1-1*r5), (-1-1*r5), (-3+1*r5), (-1-1*r5)]
(416, 520, 145, 305, 372, 378)->[0, (3-1*r5), -2, (-3-1*r5)]
(236, 367, 561, 50, 596, 413)->[-2, (3+1*r5), 0, (3-1*r5)]
(576, 708, 617, 174, 337, 439)->[(-1+1*r5), (1+1*r5), -4, 2]
(34, 547, 258, 677, 593, 287)->[(-1+1*r5), 0, 2*r5, (-1-1*r5)]
(192, 301, 45, 48, 435, 188)->[2, -2, 2*r5, 2]
(130, 643, 682, 235, 183, 668)->[2, -2*r5, -2, 2]
(640, 615, 72, 681, 558, 112)->[(-3-1*r5), (1-1*r5), (-1+1*r5), (1-1*r5)]
(613, 43, 652, 655, 339, 85)->[(-1-1*r5), (-1-1*r5), (1+1*r5), (3-1*r5)]
(674, 263, 523, 691, 151, 415)->[(1+1*r5), -2*r5, 0, (1-1*r5)]
(291, 42, 427, 528, 497, 637)->[0, (-1-1*r5), 2*r5, (1-1*r5)]
(388, 260, 581, 644, 427, 48)->[0, -2, (3+1*r5), (3-1*r5)]
(193, 706, 587, 118, 280, 665)->[(-1+1*r5), -4, 2, (1+1*r5)]
(98, 515, 173, 270, 143, 542)->[(-1+1*r5), (1+1*r5), 4, -2]
(193, 673, 706, 200, 587, 188)->[(3-1*r5), (-1-1*r5), (1+1*r5), (1+1*r5)]
(37, 486, 269, 528, 248, 540)->[2, -4, (1+1*r5), (1-1*r5)]
(675, 292, 581, 679, 301, 142)->[2, (-3+1*r5), (3+1*r5), 0]
(36, 108, 334, 19, 214, 152)->[(1+1*r5), 4, (1-1*r5), 2]
(163, 326, 72, 658, 184, 285)->[-4, -2, (-1+1*r5), (-1-1*r5)]
(616, 240, 602, 534, 250, 92)->[(-1+1*r5), -2, (-1-1*r5), -4]
(164, 9, 425, 366, 111, 402)->[(-1-1*r5), 2, 4, (1-1*r5)]
(312, 595, 502, 216, 380, 93)->[0, 0, 4, 4]
(641, 333, 656, 17, 243, 469)->[(-1+1*r5), -2, (-1-1*r5), 4]
(100, 69, 361, 84, 596, 509)->[0, (3+1*r5), (3-1*r5), 2]
(312, 202, 435, 216, 634, 380)->[(-1+1*r5), 0, 2*r5, (1+1*r5)]
(35, 433, 530, 371, 280, 282)->[(-1+1*r5), (-3-1*r5), (-1+1*r5), (-1+1*r5)]
(75, 556, 622, 246, 381, 223)->[-4, (1+1*r5), 2, (-1+1*r5)]
(357, 551, 200, 717, 78, 93)->[(1-1*r5), -2, (1+1*r5), 4]
(71, 79, 687, 245, 406, 91)->[(3+1*r5), 0, -2, (3-1*r5)]
(293, 390, 359, 172, 207, 189)->[2, 2, 2, 2*r5]
(39, 424, 332, 47, 54, 222)->[0, (3-1*r5), -2, (3+1*r5)]
(33, 578, 58, 650, 467, 506)->[2, 2, 2, -2*r5]
(261, 357, 199, 264, 717, 93)->[-2, (1-1*r5), 4, (1+1*r5)]
(673, 706, 357, 551, 200, 147)->[(-3+1*r5), (-1-1*r5), (1+1*r5), (1+1*r5)]
(290, 106, 342, 440, 124, 254)->[(-3-1*r5), 0, -2, (3-1*r5)]
(544, 168, 648, 331, 139, 175)->[(-1+1*r5), (1-1*r5), (-3-1*r5), (-1+1*r5)]
(131, 8, 43, 364, 558, 628)->[-2*r5, (-1-1*r5), (-1+1*r5), 0]
(133, 617, 139, 373, 567, 283)->[(-1+1*r5), (-1+1*r5), (-3-1*r5), (-1+1*r5)]
(318, 510, 616, 534, 92, 478)->[(3-1*r5), (-1-1*r5), (-1-1*r5), (-1-1*r5)]
(513, 578, 40, 430, 501, 215)->[4, 2, (-1+1*r5), (-1-1*r5)]
(33, 203, 398, 467, 662, 58)->[(-1+1*r5), (-1+1*r5), (-1+1*r5), (-3-1*r5)]
(226, 632, 410, 315, 444, 317)->[(-1-1*r5), 2, -4, (1-1*r5)]
(321, 709, 138, 184, 218, 669)->[-2, -2, 2, -2*r5]
(167, 135, 619, 401, 148, 633)->[(3-1*r5), 0, (-3-1*r5), -2]
(384, 34, 515, 173, 122, 542)->[2, 2, 2*r5, -2]
(194, 516, 457, 299, 307, 52)->[4, -2, (1-1*r5), (-1-1*r5)]
(166, 713, 340, 313, 187, 542)->[0, 2, (3+1*r5), (-3+1*r5)]
(525, 365, 29, 563, 505, 381)->[-4, 2, (-1+1*r5), (1+1*r5)]
(513, 387, 430, 529, 242, 215)->[2*r5, 2, 2, -2]
(448, 68, 484, 75, 556, 246)->[-2*r5, (1+1*r5), (-1+1*r5), 0]
(201, 530, 666, 700, 30, 286)->[(-3+1*r5), (-3-1*r5), 2, 0]
(289, 587, 397, 18, 155, 508)->[2, -2, 2, 2*r5]
(295, 263, 523, 719, 691, 540)->[(1+1*r5), -4, (-1+1*r5), -2]
(324, 197, 458, 47, 17, 409)->[(-1+1*r5), (1-1*r5), (1-1*r5), (3+1*r5)]
(224, 2, 98, 650, 173, 270)->[(3-1*r5), (1+1*r5), (1+1*r5), (-1-1*r5)]
(288, 615, 72, 266, 112, 625)->[(-3-1*r5), (-3+1*r5), 0, -2]
(678, 141, 432, 308, 605, 94)->[(-1+1*r5), (-1-1*r5), 0, -2*r5]
(422, 304, 465, 404, 408, 603)->[(-1-1*r5), (-1-1*r5), (-1-1*r5), (3-1*r5)]
(448, 484, 391, 588, 561, 246)->[-4, 4, 0, 0]
(672, 69, 361, 718, 208, 596)->[0, (3+1*r5), (-3+1*r5), 2]
(709, 526, 338, 694, 374, 157)->[-2, 0, (3-1*r5), (-3-1*r5)]
(354, 514, 421, 466, 693, 286)->[-2, (-3-1*r5), 0, (3-1*r5)]
(420, 595, 20, 502, 312, 189)->[0, (-1+1*r5), (1+1*r5), 2*r5]
(162, 525, 591, 563, 405, 381)->[(-1-1*r5), (1+1*r5), (3-1*r5), (1+1*r5)]
(419, 5, 300, 465, 306, 342)->[-2*r5, -2, -2, 2]
(480, 579, 707, 487, 245, 383)->[4, 0, -4, 0]
(128, 424, 41, 179, 663, 62)->[(1-1*r5), 2, (-1-1*r5), 4]
(711, 336, 220, 347, 444, 254)->[-2*r5, 0, (-1-1*r5), (1-1*r5)]
(401, 474, 689, 21, 90, 479)->[(1-1*r5), 0, -2*r5, (-1-1*r5)]
(481, 618, 49, 627, 436, 278)->[-2, (1-1*r5), -4, (1+1*r5)]
(611, 559, 592, 532, 597, 284)->[-2, 2*r5, -2, -2]
(541, 420, 359, 207, 312, 189)->[(-1+1*r5), 2, (1+1*r5), 4]
(706, 551, 275, 147, 247, 574)->[(1-1*r5), -4, 2, (1+1*r5)]
(225, 165, 138, 77, 589, 83)->[(1-1*r5), -4, 2, (-1-1*r5)]
(36, 108, 12, 19, 344, 59)->[4, (1+1*r5), -2, (-1+1*r5)]
(448, 68, 556, 206, 402, 212)->[-4, (1+1*r5), 2, (1-1*r5)]
(407, 611, 518, 328, 471, 697)->[(1-1*r5), 2*r5, (-1-1*r5), 0]
(193, 327, 45, 248, 282, 543)->[2, -4, (1+1*r5), (-1+1*r5)]
(642, 451, 550, 294, 686, 531)->[(1+1*r5), (3-1*r5), (-1-1*r5), (-1-1*r5)]
(77, 368, 30, 345, 190, 95)->[0, (-3-1*r5), (3-1*r5), -2]
(556, 366, 111, 402, 212, 182)->[(-1-1*r5), (1+1*r5), (1+1*r5), (-3+1*r5)]
(704, 325, 592, 626, 437, 319)->[(-1-1*r5), (1+1*r5), (-3+1*r5), (-1-1*r5)]
(153, 612, 281, 684, 110, 25)->[2, 4, (1+1*r5), (-1+1*r5)]
(74, 20, 502, 601, 571, 189)->[0, (3-1*r5), 2, (3+1*r5)]
(418, 130, 552, 680, 217, 123)->[(1+1*r5), (-1-1*r5), (-3+1*r5), (1+1*r5)]
(3, 452, 459, 12, 91, 511)->[(3+1*r5), 2, (-3+1*r5), 0]
(355, 196, 154, 443, 636, 31)->[(1-1*r5), -4, -2, (1+1*r5)]
(388, 101, 15, 86, 120, 637)->[(1-1*r5), (1-1*r5), (3+1*r5), (1-1*r5)]
(324, 229, 113, 276, 121, 572)->[(-3+1*r5), -2, 0, (3+1*r5)]
(256, 196, 46, 276, 278, 24)->[-2, -2, -2, 2*r5]
(545, 645, 456, 11, 28, 638)->[2, 2*r5, -2, -2]
(33, 578, 40, 395, 215, 506)->[(1+1*r5), (-1+1*r5), 2, -4]
(450, 323, 462, 632, 315, 444)->[(-1-1*r5), (-1+1*r5), -2*r5, 0]
(711, 251, 336, 624, 594, 347)->[-4, (1-1*r5), (-1-1*r5), -2]
(360, 265, 616, 494, 562, 21)->[(1-1*r5), -2, (-1-1*r5), -4]
(417, 578, 650, 428, 467, 27)->[2, (1+1*r5), (-1+1*r5), -4]
(5, 304, 465, 306, 408, 89)->[-4, (-1-1*r5), -2, (-1+1*r5)]
(192, 188, 435, 634, 155, 380)->[2, (1-1*r5), 4, (1+1*r5)]
(584, 459, 620, 274, 535, 600)->[(3+1*r5), (-1+1*r5), (-1+1*r5), (-1+1*r5)]
(2, 195, 392, 593, 116, 58)->[0, (-1+1*r5), (1+1*r5), -2*r5]
(613, 646, 329, 426, 335, 120)->[(-1-1*r5), -2, 4, (1-1*r5)]
(677, 392, 496, 181, 475, 669)->[0, (1-1*r5), (1+1*r5), -2*r5]
(64, 386, 171, 688, 81, 370)->[0, (3+1*r5), (3-1*r5), -2]
(672, 577, 614, 361, 208, 253)->[0, 2*r5, (1-1*r5), (1+1*r5)]
(449, 358, 712, 203, 378, 350)->[2, 0, (-3+1*r5), (-3-1*r5)]
(641, 197, 458, 17, 243, 217)->[2, -2, -2, 2*r5]
(66, 233, 362, 171, 493, 212)->[-2, 2*r5, 2, -2]
(108, 14, 629, 661, 411, 221)->[4, 2, (1-1*r5), (1+1*r5)]
(35, 433, 371, 183, 569, 415)->[2, (-3-1*r5), 0, (3-1*r5)]
(131, 330, 466, 570, 507, 349)->[(-1-1*r5), -2*r5, 0, (1-1*r5)]
(517, 38, 199, 555, 595, 670)->[-2, (-1+1*r5), 4, (1+1*r5)]
(352, 387, 198, 692, 316, 477)->[2*r5, 0, (1+1*r5), (1-1*r5)]
(160, 579, 707, 168, 341, 383)->[(1+1*r5), (1-1*r5), -2*r5, 0]
(487, 59, 337, 536, 283, 575)->[(1+1*r5), 2, -4, (-1+1*r5)]
(32, 641, 610, 210, 150, 119)->[(1+1*r5), (-3+1*r5), (-1-1*r5), (1+1*r5)]
(354, 421, 530, 247, 700, 286)->[(1-1*r5), (-3-1*r5), (-1+1*r5), (-1+1*r5)]
(134, 143, 51, 153, 187, 126)->[0, 4, 4, 0]
(233, 236, 81, 241, 51, 84)->[(-3+1*r5), (3+1*r5), 2, 0]
(96, 354, 655, 275, 628, 503)->[(-1-1*r5), -4, (-1+1*r5), 2]
(65, 647, 557, 82, 470, 88)->[(3+1*r5), -2, (3-1*r5), 0]
(482, 553, 363, 235, 341, 606)->[(1+1*r5), (-1-1*r5), (-1-1*r5), (3-1*r5)]
(320, 118, 473, 572, 574, 31)->[0, -4, 0, 4]
(261, 651, 652, 205, 158, 191)->[-4, (1-1*r5), (1+1*r5), 2]
(136, 109, 624, 562, 348, 445)->[(-1-1*r5), (1-1*r5), -2, -4]
(384, 34, 675, 166, 713, 542)->[(-1+1*r5), (-1+1*r5), (3+1*r5), (1-1*r5)]
(196, 276, 24, 26, 443, 31)->[-2, (-1-1*r5), (1-1*r5), 4]
(431, 271, 177, 209, 688, 27)->[0, 4, 0, -4]
(194, 67, 227, 548, 457, 52)->[2*r5, -2, -2, -2]
(488, 489, 300, 49, 465, 342)->[-4, (1-1*r5), (-1-1*r5), 2]
(576, 577, 672, 214, 699, 253)->[(-1+1*r5), 4, -2, (1+1*r5)]
(545, 645, 11, 302, 177, 566)->[(-1+1*r5), 4, -2, (-1-1*r5)]
(544, 296, 648, 44, 175, 539)->[0, -2, (-3-1*r5), (3-1*r5)]
(384, 198, 267, 142, 149, 695)->[(1+1*r5), (-1+1*r5), 2*r5, 0]
(1, 546, 419, 140, 303, 244)->[-2*r5, (1-1*r5), 0, (1+1*r5)]
(128, 481, 455, 179, 635, 62)->[-2, (-1+1*r5), -4, (1+1*r5)]
(1, 129, 273, 505, 60, 607)->[(-1-1*r5), 0, (-1+1*r5), 2*r5]
(512, 353, 7, 74, 222, 351)->[(-3+1*r5), 2, 0, (3+1*r5)]
(482, 227, 715, 654, 470, 151)->[2*r5, (-1-1*r5), (1-1*r5), 0]
(422, 488, 49, 498, 465, 603)->[(-1-1*r5), -2, -4, (-1+1*r5)]
(258, 453, 677, 521, 22, 287)->[2, (1-1*r5), 4, (-1-1*r5)]
(128, 323, 455, 635, 412, 414)->[-2, 2, -2*r5, 2]
(584, 14, 500, 629, 411, 447)->[2*r5, (-1+1*r5), 0, (1+1*r5)]
(136, 526, 338, 499, 372, 157)->[-2, 0, (-3+1*r5), (-3-1*r5)]
(323, 133, 239, 635, 412, 703)->[(1-1*r5), (-1+1*r5), (-3-1*r5), (-1+1*r5)]
(162, 100, 238, 367, 241, 223)->[-2, 2*r5, 2, 2]
(192, 485, 492, 76, 634, 155)->[(1+1*r5), (-3+1*r5), (1+1*r5), (1+1*r5)]
(385, 109, 343, 90, 347, 317)->[(-1-1*r5), (3-1*r5), (-1-1*r5), (-1-1*r5)]
(482, 194, 227, 548, 714, 151)->[4, (-1-1*r5), -2, (1-1*r5)]
(132, 681, 364, 244, 117, 158)->[(-3-1*r5), (1-1*r5), (-1+1*r5), (-1+1*r5)]
(200, 397, 78, 502, 380, 93)->[0, (1-1*r5), (1+1*r5), 2*r5]
(332, 661, 23, 696, 379, 699)->[2, 2, -2, 2*r5]
(512, 353, 614, 671, 405, 351)->[(1-1*r5), (1+1*r5), 0, 2*r5]
(386, 611, 230, 532, 284, 413)->[(1-1*r5), (3+1*r5), (1-1*r5), (1-1*r5)]
(322, 178, 476, 605, 478, 95)->[0, -2*r5, (1-1*r5), (-1-1*r5)]
(483, 260, 679, 202, 435, 216)->[(3-1*r5), 0, (3+1*r5), 2]
(547, 99, 101, 713, 15, 86)->[(-3+1*r5), 0, (3+1*r5), -2]
(352, 258, 395, 506, 215, 122)->[(1+1*r5), (3-1*r5), (1+1*r5), (-1-1*r5)]
(230, 328, 456, 718, 463, 310)->[(3-1*r5), (3+1*r5), -2, 0]
(100, 361, 599, 441, 509, 671)->[0, 2*r5, (-1+1*r5), (1+1*r5)]
(705, 228, 231, 460, 176, 440)->[-2*r5, 2, -2, 2]
(458, 629, 150, 379, 702, 255)->[(1+1*r5), 0, (1-1*r5), 2*r5]
(682, 333, 243, 469, 249, 154)->[(3-1*r5), (-1-1*r5), (-1-1*r5), (1+1*r5)]
(483, 38, 107, 524, 429, 340)->[(1-1*r5), (-1+1*r5), (3+1*r5), (-1+1*r5)]
(485, 680, 554, 16, 18, 659)->[4, -2, (-1+1*r5), (1+1*r5)]
(160, 544, 167, 135, 148, 639)->[(-1+1*r5), (1-1*r5), (-3-1*r5), (1-1*r5)]
(229, 7, 273, 601, 60, 607)->[-2, 0, (3-1*r5), (3+1*r5)]
(228, 525, 303, 657, 505, 29)->[-2*r5, (-1+1*r5), 0, (1+1*r5)]
(293, 390, 359, 73, 115, 441)->[2, (1+1*r5), (-1+1*r5), 4]
(225, 291, 201, 649, 335, 85)->[-2, -4, (1+1*r5), (1-1*r5)]
(510, 394, 92, 156, 318, 639)->[(-1+1*r5), (-1-1*r5), -4, -2]
(454, 684, 653, 590, 535, 446)->[4, (1+1*r5), 2, (-1+1*r5)]
(640, 615, 681, 461, 468, 533)->[(-3-1*r5), 0, 2, (-3+1*r5)]
(296, 618, 44, 175, 498, 703)->[(1-1*r5), (1-1*r5), (-3-1*r5), (-1+1*r5)]
(321, 262, 329, 438, 314, 285)->[(-1-1*r5), (-3+1*r5), (1+1*r5), (-1-1*r5)]
(134, 423, 555, 524, 238, 114)->[(1-1*r5), (1+1*r5), 4, 2]
(398, 434, 338, 116, 374, 694)->[(1-1*r5), (-1+1*r5), (-1+1*r5), (-3-1*r5)]
(718, 208, 50, 596, 407, 413)->[(1-1*r5), (3+1*r5), (1-1*r5), (-1+1*r5)]
(549, 202, 309, 149, 25, 541)->[2, 2, 2*r5, 2]
(109, 624, 594, 562, 90, 347)->[(-1-1*r5), (-3+1*r5), (-1-1*r5), (-1-1*r5)]
(37, 519, 248, 540, 63, 127)->[(1+1*r5), (-1-1*r5), (1+1*r5), (-3+1*r5)]
(453, 137, 346, 186, 475, 94)->[2, -2, 2, -2*r5]
(192, 485, 710, 492, 80, 311)->[4, (1-1*r5), (1+1*r5), 2]
(516, 240, 308, 534, 602, 350)->[2, -2, -2, -2*r5]
(323, 204, 462, 239, 315, 703)->[-2, (3-1*r5), (-3-1*r5), 0]
(567, 174, 210, 631, 696, 575)->[2, (-1+1*r5), -4, (1+1*r5)]
(104, 299, 719, 144, 346, 573)->[4, -2, (-1+1*r5), (-1-1*r5)]
(265, 527, 560, 598, 472, 318)->[(1-1*r5), (-1-1*r5), -4, -2]
(417, 98, 102, 491, 370, 442)->[2, 2*r5, 2, -2]
(44, 627, 568, 249, 603, 636)->[(1-1*r5), (-1-1*r5), -4, 2]
(136, 360, 526, 400, 372, 377)->[(1-1*r5), (1-1*r5), (1-1*r5), (-3-1*r5)]
(418, 552, 680, 18, 659, 665)->[(1+1*r5), (-1-1*r5), (3-1*r5), (1+1*r5)]
(36, 536, 337, 211, 344, 59)->[(1+1*r5), (1+1*r5), (-1-1*r5), (3-1*r5)]
(163, 326, 72, 266, 625, 445)->[-2*r5, (1-1*r5), 0, (-1-1*r5)]
(262, 103, 9, 690, 438, 314)->[(-1-1*r5), (3-1*r5), (1+1*r5), (-1-1*r5)]
(390, 74, 172, 571, 604, 189)->[(-1+1*r5), (-1+1*r5), (-1+1*r5), (3+1*r5)]
(579, 67, 548, 583, 457, 686)->[4, (1-1*r5), (-1-1*r5), -2]
(424, 41, 332, 179, 54, 631)->[0, (-1+1*r5), (-1-1*r5), 2*r5]
(389, 272, 560, 404, 568, 382)->[(1-1*r5), -2*r5, (-1-1*r5), 0]
(4, 265, 527, 689, 594, 598)->[-2, -2, -2*r5, -2]
(354, 514, 466, 628, 503, 89)->[(-1-1*r5), -2*r5, 0, (-1+1*r5)]
(99, 195, 547, 181, 86, 314)->[(1-1*r5), 0, 2*r5, (-1-1*r5)]
(484, 169, 490, 495, 176, 124)->[(-3-1*r5), 2, (-3+1*r5), 0]
(452, 459, 620, 529, 535, 511)->[(3+1*r5), 2, (3-1*r5), 0]
(356, 165, 138, 589, 184, 218)->[-2, (-1-1*r5), (-1+1*r5), -4]
(129, 517, 199, 365, 670, 191)->[(-1-1*r5), (3-1*r5), (1+1*r5), (1+1*r5)]
(416, 257, 449, 609, 294, 302)->[2, 2, -2, -2*r5]
(422, 298, 404, 598, 408, 251)->[(-1-1*r5), (-1-1*r5), (-1-1*r5), (-3+1*r5)]
(160, 583, 394, 148, 92, 639)->[2, -2, -2*r5, -2]
(64, 105, 491, 396, 310, 638)->[2, (3+1*r5), 0, (-3+1*r5)]
(608, 385, 259, 325, 305, 499)->[-2, 2, -2, -2*r5]
(546, 419, 140, 300, 306, 24)->[-4, -2, (1-1*r5), (1+1*r5)]
(710, 647, 620, 274, 692, 600)->[(3+1*r5), 0, 2, (3-1*r5)]
(71, 553, 715, 219, 119, 123)->[2*r5, -2, -2, 2]
(70, 298, 330, 375, 570, 507)->[(-1-1*r5), -4, (1-1*r5), -2]
(611, 518, 559, 597, 697, 410)->[-2, 4, (-1-1*r5), (1-1*r5)]
(674, 523, 368, 433, 569, 415)->[2, (-3-1*r5), 0, (-3+1*r5)]
(161, 668, 363, 272, 660, 156)->[(-1+1*r5), -2*r5, (-1-1*r5), 0]
(224, 66, 171, 493, 271, 664)->[(1-1*r5), 4, 2, (-1-1*r5)]
(32, 168, 648, 331, 469, 606)->[2, -2, -2*r5, 2]
(198, 142, 80, 692, 695, 316)->[4, 0, 4, 0]
(642, 294, 234, 531, 504, 633)->[2, (-1+1*r5), -4, (-1-1*r5)]
(322, 356, 165, 678, 377, 218)->[(1-1*r5), (-1-1*r5), 0, -2*r5]
(289, 409, 397, 121, 571, 508)->[(-1+1*r5), (1-1*r5), (-1+1*r5), (3+1*r5)]
(257, 449, 451, 294, 550, 232)->[(1+1*r5), (-1+1*r5), -2, -4]
(551, 586, 113, 275, 26, 574)->[-2, (-1-1*r5), (-1+1*r5), 4]
(295, 263, 299, 141, 719, 346)->[(1+1*r5), (-1-1*r5), (3-1*r5), (-1-1*r5)]
(355, 643, 421, 6, 371, 473)->[0, (-3-1*r5), (-3+1*r5), 2]
(97, 326, 625, 252, 157, 445)->[-4, 0, 0, -4]
(75, 365, 622, 29, 53, 381)->[-2*r5, 2, 2, 2]
(291, 201, 297, 85, 666, 700)->[(1-1*r5), -2*r5, (1+1*r5), 0]
(439, 708, 617, 471, 412, 61)->[0, (1+1*r5), -2*r5, (-1+1*r5)]
(2, 195, 103, 116, 664, 185)->[(1-1*r5), 2, (1+1*r5), -4]
(73, 10, 684, 334, 590, 446)->[(1+1*r5), 4, (-1+1*r5), 2]
(260, 581, 679, 301, 48, 435)->[(-1+1*r5), (1-1*r5), (3+1*r5), (-1+1*r5)]
(391, 460, 591, 50, 564, 277)->[(-1-1*r5), 4, (1-1*r5), 2]
(37, 521, 42, 269, 528, 497)->[(-1+1*r5), (-1-1*r5), 4, -2]
(557, 659, 311, 698, 127, 543)->[4, (-1-1*r5), 2, (-1+1*r5)]
(613, 261, 652, 621, 205, 339)->[(-1-1*r5), -2, 4, (-1+1*r5)]
(202, 207, 309, 312, 634, 541)->[2, (-1+1*r5), 4, (1+1*r5)]
(67, 683, 79, 403, 245, 91)->[(3+1*r5), 0, -2, (-3+1*r5)]
(256, 324, 39, 47, 17, 54)->[0, (-3+1*r5), -2, (3+1*r5)]
(133, 567, 331, 139, 175, 55)->[(3-1*r5), 0, (-3-1*r5), 2]
(388, 260, 644, 264, 107, 621)->[(1-1*r5), (1-1*r5), (3+1*r5), (-1+1*r5)]
(65, 719, 691, 540, 63, 127)->[4, (-1-1*r5), 2, (1-1*r5)]
(200, 587, 397, 188, 155, 380)->[(-1+1*r5), -2, (1+1*r5), 4]
(288, 582, 615, 490, 625, 57)->[(-3-1*r5), (3-1*r5), 0, -2]
(673, 644, 327, 297, 427, 48)->[0, (-1-1*r5), 2*r5, (-1+1*r5)]
(389, 304, 404, 568, 603, 636)->[-2, -4, (-1-1*r5), (-1+1*r5)]
(266, 716, 336, 624, 375, 251)->[-2*r5, -2, -2, -2]
(480, 707, 487, 279, 536, 283)->[(1+1*r5), (-1+1*r5), -2*r5, 0]
(226, 343, 444, 347, 220, 317)->[-4, (-1+1*r5), (-1-1*r5), -2]
(551, 586, 717, 78, 113, 607)->[-2, -2, 2, 2*r5]
(576, 672, 36, 463, 214, 152)->[2, 2*r5, -2, 2]
(416, 449, 609, 520, 203, 378)->[(-1+1*r5), (-1+1*r5), (1-1*r5), (-3-1*r5)]
(588, 559, 592, 532, 437, 319)->[(-1-1*r5), 4, (1-1*r5), -2]
(640, 262, 646, 329, 426, 285)->[-4, (1-1*r5), (1+1*r5), -2]
(439, 328, 471, 697, 667, 61)->[0, 4, -4, 0]
(486, 523, 368, 433, 345, 30)->[(-1+1*r5), (-3-1*r5), (-1+1*r5), (1-1*r5)]
(65, 557, 691, 470, 698, 127)->[2*r5, (-1-1*r5), (-1+1*r5), 0]
(580, 293, 172, 76, 207, 447)->[(1+1*r5), (-1+1*r5), 2, 4]
(613, 646, 649, 43, 335, 85)->[(-1-1*r5), (-1-1*r5), (1+1*r5), (-3+1*r5)]
(344, 3, 676, 13, 56, 28)->[4, (1+1*r5), -2, (1-1*r5)]
(97, 582, 625, 626, 57, 252)->[-2*r5, (-1+1*r5), 0, (-1-1*r5)]
(386, 233, 362, 171, 236, 81)->[(1-1*r5), (3+1*r5), (-1+1*r5), (1-1*r5)]
(164, 426, 170, 205, 623, 468)->[-4, 0, 4, 0]
(585, 396, 13, 590, 19, 511)->[4, 4, 0, 0]
(450, 488, 489, 342, 440, 254)->[-2*r5, 0, (-1-1*r5), (-1+1*r5)]
(320, 355, 643, 473, 154, 31)->[0, -2*r5, (1-1*r5), (1+1*r5)]
(290, 419, 132, 303, 244, 117)->[(-3-1*r5), (-3+1*r5), 0, 2]
(450, 711, 488, 462, 444, 254)->[-4, 0, -4, 0]
(360, 400, 145, 372, 602, 378)->[0, (-3+1*r5), -2, (-3-1*r5)]
(712, 137, 213, 662, 475, 94)->[(-1+1*r5), (1-1*r5), (-1+1*r5), (-3-1*r5)]
(580, 454, 584, 535, 600, 446)->[2*r5, 2, 2, 2]
(2, 58, 650, 173, 593, 506)->[(-1+1*r5), 2, (1+1*r5), -4]
(133, 617, 239, 373, 412, 61)->[0, 2, (-3-1*r5), (3-1*r5)]
(224, 171, 271, 688, 370, 27)->[0, 2*r5, (-1+1*r5), (-1-1*r5)]
(420, 423, 555, 238, 599, 376)->[(-3+1*r5), (1+1*r5), (1+1*r5), (1+1*r5)]
(585, 653, 590, 529, 535, 511)->[2*r5, (1+1*r5), (-1+1*r5), 0]
(290, 228, 495, 176, 440, 124)->[(-3-1*r5), (-1+1*r5), (1-1*r5), (-1+1*r5)]
(608, 520, 398, 431, 434, 338)->[(-3+1*r5), 2, 0, (-3-1*r5)]
(552, 587, 18, 118, 665, 508)->[2, (-1-1*r5), (-1+1*r5), 4]
(417, 513, 578, 393, 428, 501)->[(1+1*r5), (1+1*r5), (3-1*r5), (-1-1*r5)]
(33, 358, 712, 137, 203, 662)->[2, 0, (3-1*r5), (-3-1*r5)]
(64, 102, 105, 491, 81, 370)->[(-1+1*r5), (3+1*r5), (-1+1*r5), (1-1*r5)]
(295, 346, 141, 432, 186, 94)->[2, (-1-1*r5), (-1+1*r5), -4]
(64, 230, 456, 11, 310, 638)->[(-1+1*r5), (3+1*r5), (1-1*r5), (1-1*r5)]
(420, 517, 555, 595, 20, 376)->[(1-1*r5), 2, (1+1*r5), 4]
