Face([303, 74, 269])
Face([476, 294, 178])
Face([1, 672, 217])
Face([228, 691, 596])
Face([37, 32, 159])
Face([398, 368, 126])
Face([223, 347, 275])
Face([468, 625, 455])
Face([22, 547, 196])
Face([339, 640, 408])
Face([90, 558, 647])
Face([585, 176, 601])
Face([322, 418, 252])
Face([382, 274, 120])
Face([186, 307, 79])
Face([317, 632, 587])
Face([382, 360, 479])
Face([3, 546, 114])
Face([183, 140, 546])
Face([41, 83, 443])
Face([483, 458, 486])
Face([385, 688, 614])
Face([268, 434, 502])
Face([348, 368, 203])
Face([406, 488, 439])
Face([338, 545, 418])
Face([105, 560, 305])
Face([217, 258, 630])
Face([419, 512, 588])
Face([41, 415, 73])
Face([184, 556, 421])
Face([90, 258, 335])
Face([320, 32, 522])
Face([208, 224, 690])
Face([667, 144, 496])
Face([367, 652, 470])
Face([74, 269, 373])
Face([331, 241, 150])
Face([358, 298, 151])
Face([160, 48, 623])
Face([57, 323, 277])
Face([276, 562, 275])
Face([264, 174, 243])
Face([435, 10, 528])
Face([371, 108, 654])
Face([156, 24, 197])
Face([23, 67, 303])
Face([624, 353, 611])
Face([228, 644, 517])
Face([699, 417, 79])
Face([1, 90, 335])
Face([181, 61, 561])
Face([209, 224, 534])
Face([581, 353, 611])
Face([278, 514, 48])
Face([498, 441, 566])
Face([267, 673, 491])
Face([531, 666, 277])
Face([289, 130, 144])
Face([43, 513, 93])
Face([12, 469, 21])
Face([189, 419, 39])
Face([215, 445, 326])
Face([1, 217, 335])
Face([182, 703, 261])
Face([574, 188, 565])
Face([30, 422, 615])
Face([166, 450, 343])
Face([26, 152, 189])
Face([53, 314, 55])
Face([713, 717, 85])
Face([342, 41, 550])
Face([310, 590, 635])
Face([198, 35, 550])
Face([19, 293, 476])
Face([382, 471, 634])
Face([45, 124, 223])
Face([327, 626, 476])
Face([513, 244, 60])
Face([661, 337, 465])
Face([406, 572, 439])
Face([132, 635, 310])
Face([437, 202, 502])
Face([133, 378, 268])
Face([52, 650, 626])
Face([531, 718, 95])
Face([206, 37, 600])
Face([599, 657, 668])
Face([47, 308, 315])
Face([475, 648, 453])
Face([89, 612, 477])
Face([155, 404, 653])
Face([615, 601, 655])
Face([22, 196, 405])
Face([139, 562, 276])
Face([111, 42, 301])
Face([498, 566, 343])
Face([548, 280, 226])
Face([560, 216, 556])
Face([201, 460, 255])
Face([70, 481, 651])
Face([475, 430, 119])
Face([143, 33, 641])
Face([194, 496, 84])
Face([603, 233, 369])
Face([138, 573, 510])
Face([376, 485, 650])
Face([265, 358, 511])
Face([570, 655, 348])
Face([533, 616, 430])
Face([74, 271, 646])
Face([585, 466, 701])
Face([167, 473, 330])
Face([329, 454, 639])
Face([286, 292, 334])
Face([622, 256, 629])
Face([66, 404, 437])
Face([8, 650, 52])
Face([222, 680, 302])
Face([434, 663, 516])
Face([711, 188, 203])
Face([6, 428, 431])
Face([687, 704, 623])
Face([435, 329, 370])
Face([192, 75, 719])
Face([464, 552, 309])
Face([396, 31, 503])
Face([173, 277, 190])
Face([204, 9, 312])
Face([182, 536, 354])
Face([444, 282, 351])
Face([231, 716, 291])
Face([425, 468, 669])
Face([692, 611, 36])
Face([705, 243, 486])
Face([45, 568, 124])
Face([250, 509, 272])
Face([232, 466, 231])
Face([640, 450, 444])
Face([261, 522, 159])
Face([280, 571, 179])
Face([245, 383, 638])
Face([545, 625, 534])
Face([582, 658, 131])
Face([248, 524, 158])
Face([328, 400, 37])
Face([295, 619, 537])
Face([237, 473, 679])
Face([664, 304, 243])
Face([46, 296, 215])
Face([42, 306, 332])
Face([522, 32, 159])
Face([483, 157, 518])
Face([105, 560, 556])
Face([21, 355, 212])
Face([74, 191, 646])
Face([196, 121, 717])
Face([50, 664, 483])
Face([100, 711, 716])
Face([27, 506, 363])
Face([288, 289, 377])
Face([153, 323, 277])
Face([81, 713, 482])
Face([108, 649, 654])
Face([426, 147, 505])
Face([506, 432, 415])
Face([28, 653, 375])
Face([280, 174, 179])
Face([532, 75, 660])
Face([339, 706, 617])
Face([685, 47, 308])
Face([196, 68, 695])
Face([431, 138, 554])
Face([6, 621, 431])
Face([67, 75, 532])
Face([33, 109, 78])
Face([221, 34, 419])
Face([306, 587, 332])
Face([102, 515, 492])
Face([217, 621, 335])
Face([97, 236, 140])
Face([324, 519, 682])
Face([184, 499, 645])
Face([483, 336, 695])
Face([436, 421, 535])
Face([11, 681, 698])
Face([411, 569, 708])
Face([382, 360, 274])
Face([3, 546, 183])
Face([237, 598, 679])
Face([66, 160, 608])
Face([708, 195, 389])
Face([144, 488, 126])
Face([384, 283, 195])
Face([304, 385, 676])
Face([94, 425, 460])
Face([264, 266, 89])
Face([594, 191, 269])
Face([264, 395, 366])
Face([242, 586, 581])
Face([402, 423, 441])
Face([435, 96, 10])
Face([52, 312, 650])
Face([50, 68, 495])
Face([0, 521, 591])
Face([0, 451, 44])
Face([542, 538, 540])
Face([631, 370, 175])
Face([192, 75, 501])
Face([44, 451, 53])
Face([389, 123, 302])
Face([219, 307, 79])
Face([686, 57, 175])
Face([514, 238, 305])
Face([344, 401, 669])
Face([103, 663, 199])
Face([69, 226, 174])
Face([233, 627, 607])
Face([50, 495, 664])
Face([308, 425, 460])
Face([317, 635, 590])
Face([149, 304, 89])
Face([167, 227, 471])
Face([250, 272, 605])
Face([355, 91, 557])
Face([278, 170, 48])
Face([83, 557, 563])
Face([22, 641, 551])
Face([525, 617, 104])
Face([58, 314, 123])
Face([360, 136, 479])
Face([315, 300, 455])
Face([84, 651, 491])
Face([650, 485, 626])
Face([448, 323, 686])
Face([568, 115, 654])
Face([576, 537, 697])
Face([519, 711, 659])
Face([484, 165, 23])
Face([204, 9, 692])
Face([111, 30, 367])
Face([94, 285, 468])
Face([576, 61, 366])
Face([58, 312, 213])
Face([103, 340, 647])
Face([193, 587, 306])
Face([542, 540, 606])
Face([706, 617, 501])
Face([600, 328, 37])
Face([260, 340, 345])
Face([240, 350, 35])
Face([592, 644, 154])
Face([376, 485, 366])
Face([142, 682, 602])
Face([321, 136, 274])
Face([712, 414, 588])
Face([328, 37, 31])
Face([36, 297, 313])
Face([317, 632, 635])
Face([628, 88, 503])
Face([167, 275, 299])
Face([623, 704, 85])
Face([313, 146, 164])
Face([157, 374, 518])
Face([186, 307, 244])
Face([428, 517, 340])
Face([225, 287, 719])
Face([694, 385, 688])
Face([166, 253, 311])
Face([413, 398, 639])
Face([406, 154, 572])
Face([384, 240, 569])
Face([483, 518, 695])
Face([624, 36, 313])
Face([372, 396, 505])
Face([704, 712, 414])
Face([186, 417, 637])
Face([153, 472, 302])
Face([54, 617, 501])
Face([12, 561, 21])
Face([342, 35, 697])
Face([699, 417, 439])
Face([97, 482, 85])
Face([228, 93, 517])
Face([94, 285, 117])
Face([459, 417, 700])
Face([524, 608, 643])
Face([487, 577, 86])
Face([564, 534, 252])
Face([419, 34, 39])
Face([10, 96, 254])
Face([216, 449, 556])
Face([180, 470, 422])
Face([115, 234, 618])
Face([160, 185, 278])
Face([231, 100, 246])
Face([248, 358, 671])
Face([373, 269, 400])
Face([103, 108, 647])
Face([35, 200, 99])
Face([713, 140, 85])
Face([82, 450, 504])
Face([198, 297, 313])
Face([393, 112, 208])
Face([122, 682, 701])
Face([452, 213, 222])
Face([545, 625, 455])
Face([578, 284, 383])
Face([122, 130, 377])
Face([73, 449, 589])
Face([38, 681, 47])
Face([572, 260, 79])
Face([528, 584, 175])
Face([664, 304, 179])
Face([94, 508, 117])
Face([318, 234, 475])
Face([79, 633, 205])
Face([400, 467, 351])
Face([226, 688, 628])
Face([471, 638, 634])
Face([523, 673, 412])
Face([321, 274, 187])
Face([398, 368, 439])
Face([189, 64, 229])
Face([686, 57, 420])
Face([506, 73, 421])
Face([664, 486, 243])
Face([65, 394, 259])
Face([429, 112, 684])
Face([15, 155, 613])
Face([21, 355, 240])
Face([208, 112, 316])
Face([295, 440, 243])
Face([128, 389, 650])
Face([33, 109, 309])
Face([317, 587, 590])
Face([415, 432, 492])
Face([204, 36, 692])
Face([96, 370, 639])
Face([294, 477, 125])
Face([659, 632, 381])
Face([440, 612, 458])
Face([2, 137, 177])
Face([218, 125, 293])
Face([635, 590, 381])
Face([636, 462, 71])
Face([694, 676, 565])
Face([245, 307, 205])
Face([356, 353, 611])
Face([14, 249, 372])
Face([245, 416, 307])
Face([65, 259, 365])
Face([262, 124, 575])
Face([173, 201, 322])
Face([97, 163, 675])
Face([321, 256, 274])
Face([383, 187, 205])
Face([180, 361, 503])
Face([411, 553, 624])
Face([249, 289, 147])
Face([20, 674, 359])
Face([132, 609, 578])
Face([515, 73, 492])
Face([105, 177, 462])
Face([339, 706, 408])
Face([152, 266, 477])
Face([71, 230, 318])
Face([3, 324, 114])
Face([6, 416, 593])
Face([364, 178, 266])
Face([306, 188, 332])
Face([572, 489, 260])
Face([419, 492, 102])
Face([592, 489, 154])
Face([664, 579, 243])
Face([660, 452, 213])
Face([394, 259, 333])
Face([34, 402, 643])
Face([230, 98, 530])
Face([140, 357, 236])
Face([166, 520, 253])
Face([186, 398, 92])
Face([318, 648, 475])
Face([14, 372, 206])
Face([624, 611, 446])
Face([442, 1, 262])
Face([58, 706, 213])
Face([481, 130, 493])
Face([164, 353, 678])
Face([133, 613, 653])
Face([105, 556, 443])
Face([168, 384, 195])
Face([562, 275, 299])
Face([28, 261, 566])
Face([532, 390, 467])
Face([214, 409, 539])
Face([214, 648, 318])
Face([102, 449, 514])
Face([528, 420, 584])
Face([605, 418, 252])
Face([221, 636, 71])
Face([62, 118, 317])
Face([342, 41, 415])
Face([97, 163, 156])
Face([287, 325, 145])
Face([228, 93, 596])
Face([360, 298, 150])
Face([128, 312, 204])
Face([20, 265, 434])
Face([553, 697, 198])
Face([140, 163, 357])
Face([226, 367, 280])
Face([67, 594, 303])
Face([86, 84, 70])
Face([194, 577, 84])
Face([219, 345, 260])
Face([54, 192, 388])
Face([90, 573, 335])
Face([114, 602, 324])
Face([13, 463, 391])
Face([122, 357, 701])
Face([386, 586, 314])
Face([6, 416, 245])
Face([121, 717, 374])
Face([51, 557, 563])
Face([29, 201, 173])
Face([316, 135, 369])
Face([40, 693, 390])
Face([476, 32, 626])
Face([429, 10, 684])
Face([428, 138, 573])
Face([172, 643, 462])
Face([426, 667, 70])
Face([27, 436, 270])
Face([288, 657, 481])
Face([681, 300, 309])
Face([628, 470, 503])
Face([69, 264, 174])
Face([436, 51, 47])
Face([358, 610, 151])
Face([20, 268, 197])
Face([495, 664, 157])
Face([591, 401, 91])
Face([394, 333, 493])
Face([58, 388, 222])
Face([453, 504, 604])
Face([250, 418, 605])
Face([5, 103, 647])
Face([219, 633, 245])
Face([47, 51, 549])
Face([718, 201, 478])
Face([82, 504, 453])
Face([530, 110, 311])
Face([484, 523, 662])
Face([386, 603, 283])
Face([464, 552, 143])
Face([595, 294, 715])
Face([547, 717, 87])
Face([5, 656, 484])
Face([530, 234, 490])
Face([453, 490, 234])
Face([0, 386, 451])
Face([551, 274, 120])
Face([101, 631, 422])
Face([193, 118, 543])
Face([405, 273, 683])
Face([218, 264, 89])
Face([263, 707, 581])
Face([327, 40, 693])
Face([683, 427, 238])
Face([3, 659, 349])
Face([459, 417, 281])
Face([303, 594, 269])
Face([342, 537, 697])
Face([361, 577, 426])
Face([153, 88, 652])
Face([560, 538, 4])
Face([404, 441, 437])
Face([199, 239, 662])
Face([56, 273, 427])
Face([306, 689, 587])
Face([7, 435, 564])
Face([535, 41, 415])
Face([585, 176, 670])
Face([403, 330, 554])
Face([20, 65, 365])
Face([34, 462, 71])
Face([149, 385, 246])
Face([592, 674, 489])
Face([232, 291, 614])
Face([296, 251, 567])
Face([437, 608, 441])
Face([665, 125, 477])
Face([194, 577, 526])
Face([576, 537, 399])
Face([118, 92, 637])
Face([631, 422, 559])
Face([34, 515, 462])
Face([382, 438, 479])
Face([245, 403, 279])
Face([66, 160, 623])
Face([216, 427, 238])
Face([315, 468, 455])
Face([157, 304, 676])
Face([69, 264, 366])
Face([555, 679, 562])
Face([264, 295, 366])
Face([4, 438, 167])
Face([40, 503, 88])
Face([357, 377, 466])
Face([282, 450, 343])
Face([74, 709, 271])
Face([82, 714, 504])
Face([40, 328, 31])
Face([78, 609, 132])
Face([151, 136, 298])
Face([30, 367, 694])
Face([395, 178, 476])
Face([137, 480, 119])
Face([267, 406, 60])
Face([320, 32, 702])
Face([83, 443, 77])
Face([285, 468, 598])
Face([361, 577, 487])
Face([5, 228, 691])
Face([541, 134, 344])
Face([48, 331, 623])
Face([531, 548, 277])
Face([286, 579, 181])
Face([7, 429, 316])
Face([534, 322, 252])
Face([484, 520, 23])
Face([20, 65, 394])
Face([11, 497, 698])
Face([106, 314, 388])
Face([365, 610, 163])
Face([406, 333, 154])
Face([620, 258, 93])
Face([411, 576, 569])
Face([581, 586, 611])
Face([22, 683, 405])
Face([2, 105, 560])
Face([698, 201, 478])
Face([11, 464, 529])
Face([184, 270, 273])
Face([13, 362, 221])
Face([595, 658, 715])
Face([160, 580, 623])
Face([219, 428, 517])
Face([4, 184, 216])
Face([288, 481, 191])
Face([65, 49, 220])
Face([543, 329, 92])
Face([289, 144, 585])
Face([22, 641, 143])
Face([87, 414, 695])
Face([410, 600, 191])
Face([403, 638, 447])
Face([165, 649, 558])
Face([218, 264, 174])
Face([497, 495, 509])
Face([183, 121, 659])
Face([658, 155, 613])
Face([4, 227, 167])
Face([114, 140, 163])
Face([17, 361, 487])
Face([497, 272, 509])
Face([633, 187, 638])
Face([445, 633, 187])
Face([15, 66, 156])
Face([161, 329, 370])
Face([456, 75, 412])
Face([335, 620, 428])
Face([282, 409, 450])
Face([240, 446, 350])
Face([356, 446, 283])
Face([10, 225, 287])
Face([551, 360, 274])
Face([132, 609, 338])
Face([97, 687, 623])
Face([209, 210, 285])
Face([288, 613, 582])
Face([444, 709, 282])
Face([320, 354, 522])
Face([193, 329, 543])
Face([8, 576, 376])
Face([137, 462, 230])
Face([235, 104, 617])
Face([62, 118, 543])
Face([286, 698, 478])
Face([182, 64, 536])
Face([121, 100, 346])
Face([637, 690, 92])
Face([23, 696, 235])
Face([101, 370, 631])
Face([285, 555, 669])
Face([682, 368, 700])
Face([81, 149, 518])
Face([86, 577, 426])
Face([581, 616, 430])
Face([488, 368, 126])
Face([599, 657, 675])
Face([454, 368, 348])
Face([131, 482, 236])
Face([103, 663, 46])
Face([502, 516, 378])
Face([38, 681, 478])
Face([631, 370, 559])
Face([313, 475, 430])
Face([365, 610, 220])
Face([36, 611, 581])
Face([636, 515, 443])
Face([338, 545, 455])
Face([293, 688, 614])
Face([68, 374, 157])
Face([54, 719, 456])
Face([529, 56, 363])
Face([559, 655, 570])
Face([29, 280, 571])
Face([545, 418, 252])
Face([469, 478, 718])
Face([487, 75, 719])
Face([143, 641, 635])
Face([3, 519, 622])
Face([352, 61, 366])
Face([77, 146, 164])
Face([522, 400, 351])
Face([542, 560, 438])
Face([33, 132, 78])
Face([164, 707, 347])
Face([89, 440, 612])
Face([3, 114, 629])
Face([135, 630, 63])
Face([376, 650, 389])
Face([37, 32, 400])
Face([550, 146, 636])
Face([568, 654, 567])
Face([445, 326, 634])
Face([116, 82, 648])
Face([284, 256, 274])
Face([691, 673, 43])
Face([402, 608, 441])
Face([386, 53, 314])
Face([582, 675, 613])
Face([464, 337, 529])
Face([451, 672, 263])
Face([230, 423, 530])
Face([460, 322, 625])
Face([442, 276, 262])
Face([21, 469, 685])
Face([28, 282, 566])
Face([13, 362, 463])
Face([575, 171, 45])
Face([339, 617, 207])
Face([289, 585, 377])
Face([97, 140, 85])
Face([238, 305, 341])
Face([94, 425, 468])
Face([641, 120, 33])
Face([603, 117, 607])
Face([355, 200, 350])
Face([30, 559, 422])
Face([468, 598, 679])
Face([98, 115, 530])
Face([202, 516, 110])
Face([71, 230, 402])
Face([231, 291, 246])
Face([68, 495, 465])
Face([528, 290, 686])
Face([575, 171, 431])
Face([190, 323, 277])
Face([13, 362, 342])
Face([454, 368, 689])
Face([295, 440, 619])
Face([523, 673, 491])
Face([199, 484, 253])
Face([317, 162, 578])
Face([628, 652, 470])
Face([40, 452, 660])
Face([667, 577, 526])
Face([44, 630, 217])
Face([481, 651, 646])
Face([404, 498, 653])
Face([5, 228, 647])
Face([114, 220, 602])
Face([354, 409, 282])
Face([117, 285, 669])
Face([109, 473, 549])
Face([284, 256, 281])
Face([9, 706, 58])
Face([4, 76, 382])
Face([641, 120, 284])
Face([559, 655, 370])
Face([711, 188, 716])
Face([373, 522, 159])
Face([413, 329, 639])
Face([138, 500, 510])
Face([664, 304, 157])
Face([521, 353, 678])
Face([363, 336, 56])
Face([98, 202, 251])
Face([494, 185, 514])
Face([7, 224, 208])
Face([196, 661, 121])
Face([550, 443, 77])
Face([702, 395, 399])
Face([343, 247, 423])
Face([2, 380, 542])
Face([702, 178, 395])
Face([118, 92, 543])
Face([593, 129, 210])
Face([45, 138, 500])
Face([174, 304, 179])
Face([219, 393, 517])
Face([639, 655, 348])
Face([500, 568, 211])
Face([663, 649, 253])
Face([51, 549, 563])
Face([424, 514, 427])
Face([711, 203, 701])
Face([334, 363, 486])
Face([546, 331, 85])
Face([397, 394, 154])
Face([250, 272, 433])
Face([380, 438, 127])
Face([96, 370, 101])
Face([163, 602, 357])
Face([165, 714, 558])
Face([171, 275, 223])
Face([363, 483, 486])
Face([7, 684, 435])
Face([358, 580, 298])
Face([86, 75, 532])
Face([178, 477, 294])
Face([183, 121, 100])
Face([118, 689, 162])
Face([585, 601, 147])
Face([519, 682, 700])
Face([13, 221, 391])
Face([559, 161, 257])
Face([122, 130, 144])
Face([285, 210, 598])
Face([60, 186, 244])
Face([434, 674, 46])
Face([303, 520, 709])
Face([173, 57, 277])
Face([595, 131, 665])
Face([672, 55, 207])
Face([41, 83, 421])
Face([5, 199, 103])
Face([190, 280, 367])
Face([10, 290, 254])
Face([592, 644, 260])
Face([675, 163, 357])
Face([123, 195, 507])
Face([290, 17, 527])
Face([328, 396, 31])
Face([23, 408, 67])
Face([434, 516, 502])
Face([424, 461, 427])
Face([544, 463, 16])
Face([545, 252, 534])
Face([398, 126, 639])
Face([412, 651, 84])
Face([3, 324, 519])
Face([116, 242, 36])
Face([272, 590, 381])
Face([15, 613, 133])
Face([564, 584, 534])
Face([332, 587, 605])
Face([8, 544, 553])
Face([249, 288, 191])
Face([625, 418, 300])
Face([263, 616, 207])
Face([142, 259, 488])
Face([694, 291, 565])
Face([561, 212, 292])
Face([67, 501, 408])
Face([448, 88, 153])
Face([578, 205, 637])
Face([274, 136, 634])
Face([673, 84, 491])
Face([103, 592, 674])
Face([249, 372, 147])
Face([606, 164, 119])
Face([134, 283, 607])
Face([474, 670, 615])
Face([7, 684, 208])
Face([496, 526, 126])
Face([23, 444, 303])
Face([45, 500, 568])
Face([477, 715, 703])
Face([296, 671, 211])
Face([698, 201, 571])
Face([371, 654, 604])
Face([165, 166, 504])
Face([329, 370, 639])
Face([527, 192, 222])
Face([76, 683, 238])
Face([620, 112, 93])
Face([436, 645, 47])
Face([111, 257, 559])
Face([507, 283, 446])
Face([73, 443, 556])
Face([144, 488, 333])
Face([270, 436, 645])
Face([2, 480, 137])
Face([200, 350, 678])
Face([38, 212, 292])
Face([595, 294, 125])
Face([74, 191, 269])
Face([499, 33, 120])
Face([497, 272, 465])
Face([9, 706, 339])
Face([122, 585, 701])
Face([68, 337, 465])
Face([629, 321, 151])
Face([226, 652, 367])
Face([665, 612, 477])
Face([641, 635, 132])
Face([200, 557, 678])
Face([44, 53, 135])
Face([271, 319, 646])
Face([445, 634, 187])
Face([593, 555, 598])
Face([349, 256, 641])
Face([17, 180, 631])
Face([538, 299, 540])
Face([480, 618, 119])
Face([69, 264, 19])
Face([609, 642, 279])
Face([546, 85, 717])
Face([118, 162, 637])
Face([28, 709, 74])
Face([303, 709, 444])
Face([427, 449, 589])
Face([349, 659, 661])
Face([526, 601, 126])
Face([137, 98, 115])
Face([267, 496, 194])
Face([587, 632, 381])
Face([96, 101, 254])
Face([474, 670, 291])
Face([12, 384, 569])
Face([293, 294, 125])
Face([558, 649, 108])
Face([183, 324, 711])
Face([482, 392, 712])
Face([155, 72, 404])
Face([651, 491, 493])
Face([560, 438, 583])
Face([62, 690, 637])
Face([651, 662, 493])
Face([69, 548, 95])
Face([262, 347, 223])
Face([189, 379, 39])
Face([248, 158, 671])
Face([527, 452, 222])
Face([428, 340, 573])
Face([509, 272, 407])
Face([318, 423, 490])
Face([76, 216, 238])
Face([68, 465, 121])
Face([559, 161, 370])
Face([327, 476, 31])
Face([370, 655, 639])
Face([172, 98, 158])
Face([49, 321, 459])
Face([372, 505, 147])
Face([78, 284, 383])
Face([90, 371, 573])
Face([650, 626, 693])
Face([483, 664, 486])
Face([152, 189, 703])
Face([39, 72, 379])
Face([181, 292, 561])
Face([600, 191, 269])
Face([637, 417, 205])
Face([107, 260, 489])
Face([342, 362, 415])
Face([103, 674, 199])
Face([548, 652, 190])
Face([373, 400, 37])
Face([580, 241, 610])
Face([96, 413, 639])
Face([320, 409, 351])
Face([137, 234, 115])
Face([14, 658, 410])
Face([593, 555, 139])
Face([13, 550, 636])
Face([238, 360, 341])
Face([206, 595, 614])
Face([476, 37, 31])
Face([109, 309, 645])
Face([315, 455, 237])
Face([625, 300, 455])
Face([170, 704, 379])
Face([362, 537, 463])
Face([465, 346, 381])
Face([354, 522, 261])
Face([225, 673, 194])
Face([531, 718, 255])
Face([633, 326, 638])
Face([363, 506, 432])
Face([542, 538, 167])
Face([30, 570, 574])
Face([113, 574, 407])
Face([311, 516, 247])
Face([263, 616, 533])
Face([373, 37, 159])
Face([80, 297, 198])
Face([445, 633, 326])
Face([206, 293, 614])
Face([82, 648, 453])
Face([184, 273, 499])
Face([130, 493, 333])
Face([57, 169, 420])
Face([20, 668, 365])
Face([206, 37, 294])
Face([640, 444, 351])
Face([50, 337, 497])
Face([227, 473, 447])
Face([629, 256, 677])
Face([156, 610, 163])
Face([225, 43, 597])
Face([30, 694, 574])
Face([463, 26, 364])
Face([6, 393, 620])
Face([420, 680, 627])
Face([212, 99, 535])
Face([240, 35, 99])
Face([689, 368, 700])
Face([575, 138, 431])
Face([297, 313, 475])
Face([371, 124, 533])
Face([67, 467, 408])
Face([379, 704, 712])
Face([39, 608, 278])
Face([153, 88, 472])
Face([102, 449, 515])
Face([526, 126, 639])
Face([533, 618, 430])
Face([593, 139, 621])
Face([431, 139, 171])
Face([127, 326, 500])
Face([429, 10, 287])
Face([583, 438, 479])
Face([401, 679, 669])
Face([437, 202, 247])
Face([416, 208, 210])
Face([637, 690, 307])
Face([349, 641, 635])
Face([199, 434, 674])
Face([90, 371, 558])
Face([15, 97, 675])
Face([16, 320, 354])
Face([259, 488, 122])
Face([509, 495, 179])
Face([1, 672, 263])
Face([349, 677, 22])
Face([424, 461, 336])
Face([506, 56, 589])
Face([189, 419, 588])
Face([155, 392, 229])
Face([436, 563, 645])
Face([584, 148, 508])
Face([531, 277, 255])
Face([94, 625, 534])
Face([15, 133, 599])
Face([629, 256, 321])
Face([11, 50, 334])
Face([29, 301, 173])
Face([74, 653, 271])
Face([560, 556, 538])
Face([159, 178, 703])
Face([453, 616, 604])
Face([49, 107, 445])
Face([677, 150, 551])
Face([689, 368, 203])
Face([420, 680, 325])
Face([270, 56, 506])
Face([111, 42, 559])
Face([344, 425, 685])
Face([712, 612, 588])
Face([403, 593, 279])
Face([205, 417, 281])
Face([356, 91, 541])
Face([224, 642, 690])
Face([685, 47, 51])
Face([523, 696, 691])
Face([23, 165, 235])
Face([209, 369, 508])
Face([168, 666, 531])
Face([354, 566, 536])
Face([295, 705, 243])
Face([4, 538, 167])
Face([6, 403, 245])
Face([23, 520, 303])
Face([236, 466, 357])
Face([259, 122, 602])
Face([218, 174, 304])
Face([23, 165, 166])
Face([627, 195, 607])
Face([564, 252, 543])
Face([155, 392, 687])
Face([82, 616, 714])
Face([628, 688, 470])
Face([3, 546, 677])
Face([540, 347, 678])
Face([15, 97, 687])
Face([76, 360, 238])
Face([584, 420, 57])
Face([428, 620, 517])
Face([181, 705, 292])
Face([215, 107, 345])
Face([718, 201, 571])
Face([431, 139, 621])
Face([474, 688, 614])
Face([324, 682, 602])
Face([232, 131, 582])
Face([106, 314, 123])
Face([321, 136, 445])
Face([548, 226, 652])
Face([405, 552, 273])
Face([34, 278, 39])
Face([206, 372, 614])
Face([681, 308, 478])
Face([544, 463, 697])
Face([174, 579, 179])
Face([538, 83, 540])
Face([90, 672, 104])
Face([182, 64, 261])
Face([597, 456, 54])
Face([582, 377, 675])
Face([362, 512, 619])
Face([550, 41, 443])
Face([49, 321, 445])
Face([9, 692, 58])
Face([2, 583, 172])
Face([212, 355, 99])
Face([382, 274, 634])
Face([61, 705, 387])
Face([480, 568, 124])
Face([599, 268, 197])
Face([56, 461, 336])
Face([78, 109, 237])
Face([146, 475, 119])
Face([457, 555, 591])
Face([15, 155, 687])
Face([582, 131, 236])
Face([86, 577, 84])
Face([5, 523, 691])
Face([23, 166, 444])
Face([544, 576, 399])
Face([481, 657, 130])
Face([469, 460, 478])
Face([221, 419, 26])
Face([668, 657, 130])
Face([0, 591, 541])
Face([334, 705, 292])
Face([12, 561, 181])
Face([565, 676, 407])
Face([499, 33, 109])
Face([650, 472, 485])
Face([434, 239, 516])
Face([644, 154, 572])
Face([705, 579, 243])
Face([248, 296, 251])
Face([86, 412, 594])
Face([362, 512, 492])
Face([557, 91, 678])
Face([324, 682, 701])
Face([113, 179, 280])
Face([263, 672, 207])
Face([580, 241, 298])
Face([481, 651, 493])
Face([526, 639, 655])
Face([293, 476, 31])
Face([560, 4, 438])
Face([12, 352, 181])
Face([232, 670, 372])
Face([155, 72, 687])
Face([620, 621, 630])
Face([523, 651, 662])
Face([328, 400, 269])
Face([34, 402, 71])
Face([93, 597, 596])
Face([335, 620, 621])
Face([44, 369, 135])
Face([435, 329, 564])
Face([691, 596, 597])
Face([677, 241, 150])
Face([571, 579, 179])
Face([398, 406, 126])
Face([332, 587, 381])
Face([659, 346, 381])
Face([451, 672, 217])
Face([295, 266, 399])
Face([262, 533, 124])
Face([512, 458, 440])
Face([105, 177, 443])
Face([384, 240, 446])
Face([10, 290, 287])
Face([55, 617, 207])
Face([555, 679, 598])
Face([20, 668, 268])
Face([480, 618, 124])
Face([278, 185, 514])
Face([152, 477, 703])
Face([214, 648, 297])
Face([214, 354, 409])
Face([557, 540, 678])
Face([183, 717, 121])
Face([206, 37, 31])
Face([21, 384, 134])
Face([21, 469, 134])
Face([103, 340, 510])
Face([122, 488, 144])
Face([165, 714, 235])
Face([69, 19, 485])
Face([267, 496, 406])
Face([16, 354, 214])
Face([137, 98, 230])
Face([86, 594, 70])
Face([14, 288, 249])
Face([248, 202, 524])
Face([348, 176, 601])
Face([24, 358, 248])
Face([570, 188, 574])
Face([9, 640, 339])
Face([198, 146, 550])
Face([617, 104, 207])
Face([404, 498, 378])
Face([316, 112, 630])
Face([98, 251, 158])
Face([24, 437, 502])
Face([587, 381, 590])
Face([411, 35, 240])
Face([259, 130, 333])
Face([90, 104, 596])
Face([30, 470, 367])
Face([514, 449, 427])
Face([26, 512, 419])
Face([264, 266, 295])
Face([184, 645, 270])
Face([27, 292, 334])
Face([561, 240, 569])
Face([157, 676, 246])
Face([157, 304, 149])
Face([523, 651, 491])
Face([1, 335, 575])
Face([225, 719, 254])
Face([551, 360, 150])
Face([219, 260, 79])
Face([107, 260, 79])
Face([411, 35, 697])
Face([465, 407, 346])
Face([8, 553, 204])
Face([334, 579, 664])
Face([469, 685, 478])
Face([12, 352, 531])
Face([118, 162, 317])
Face([80, 318, 214])
Face([2, 137, 172])
Face([249, 426, 70])
Face([209, 508, 94])
Face([318, 648, 490])
Face([100, 346, 711])
Face([672, 104, 207])
Face([93, 513, 517])
Face([398, 406, 439])
Face([385, 291, 614])
Face([245, 633, 205])
Face([66, 156, 623])
Face([3, 659, 519])
Face([521, 276, 347])
Face([605, 587, 590])
Face([59, 60, 413])
Face([612, 458, 588])
Face([70, 667, 84])
Face([629, 321, 459])
Face([363, 486, 432])
Face([70, 289, 481])
Face([658, 155, 375])
Face([649, 110, 311])
Face([4, 538, 184])
Face([287, 290, 325])
Face([219, 307, 245])
Face([413, 244, 92])
Face([395, 476, 626])
Face([59, 225, 194])
Face([249, 600, 191])
Face([290, 325, 680])
Face([77, 164, 678])
Face([111, 190, 367])
Face([241, 298, 150])
Face([301, 42, 605])
Face([321, 187, 445])
Face([286, 478, 718])
Face([59, 267, 60])
Face([53, 145, 106])
Face([448, 302, 153])
Face([357, 466, 701])
Face([313, 353, 581])
Face([546, 140, 85])
Face([597, 63, 525])
Face([609, 642, 455])
Face([710, 390, 213])
Face([641, 256, 284])
Face([342, 537, 387])
Face([182, 64, 189])
Face([599, 668, 268])
Face([181, 705, 61])
Face([380, 480, 568])
Face([438, 471, 127])
Face([28, 498, 653])
Face([687, 482, 392])
Face([332, 346, 188])
Face([21, 344, 685])
Face([286, 181, 718])
Face([0, 356, 541])
Face([124, 654, 568])
Face([320, 409, 354])
Face([227, 120, 78])
Face([158, 185, 341])
Face([220, 459, 142])
Face([65, 142, 699])
Face([177, 443, 77])
Face([332, 346, 381])
Face([17, 448, 686])
Face([630, 258, 63])
Face([116, 297, 539])
Face([116, 82, 242])
Face([429, 325, 528])
Face([22, 551, 683])
Face([254, 290, 719])
Face([232, 291, 231])
Face([615, 176, 601])
Face([684, 59, 10])
Face([110, 516, 311])
Face([295, 266, 440])
Face([532, 390, 660])
Face([221, 391, 71])
Face([166, 520, 709])
Face([200, 41, 83])
Face([416, 690, 307])
Face([691, 456, 696])
Face([70, 481, 191])
Face([394, 493, 668])
Face([411, 624, 446])
Face([620, 258, 630])
Face([483, 458, 518])
Face([402, 536, 423])
Face([151, 136, 321])
Face([151, 241, 610])
Face([56, 336, 589])
Face([440, 619, 486])
Face([541, 603, 283])
Face([14, 288, 410])
Face([9, 640, 710])
Face([403, 330, 139])
Face([62, 545, 543])
Face([172, 185, 158])
Face([45, 554, 127])
Face([448, 323, 153])
Face([62, 545, 338])
Face([228, 592, 340])
Face([698, 571, 509])
Face([457, 139, 276])
Face([694, 385, 291])
Face([481, 493, 319])
Face([408, 467, 444])
Face([133, 657, 613])
Face([395, 266, 178])
Face([100, 716, 565])
Face([710, 467, 351])
Face([13, 636, 221])
Face([494, 150, 238])
Face([200, 83, 557])
Face([362, 619, 415])
Face([65, 49, 359])
Face([244, 690, 307])
Face([631, 323, 686])
Face([352, 69, 366])
Face([668, 493, 319])
Face([308, 425, 468])
Face([6, 620, 621])
Face([87, 704, 414])
Face([532, 594, 269])
Face([415, 619, 387])
Face([600, 328, 396])
Face([268, 502, 378])
Face([464, 143, 310])
Face([176, 203, 188])
Face([328, 532, 269])
Face([292, 387, 535])
Face([536, 423, 318])
Face([215, 345, 510])
Face([708, 384, 446])
Face([631, 257, 559])
Face([294, 715, 477])
Face([166, 444, 709])
Face([406, 488, 126])
Face([261, 375, 229])
Face([549, 563, 645])
Face([416, 208, 690])
Face([398, 454, 368])
Face([520, 271, 239])
Face([69, 226, 19])
Face([424, 427, 589])
Face([118, 689, 587])
Face([30, 570, 615])
Face([553, 539, 297])
Face([50, 495, 497])
Face([76, 273, 499])
Face([127, 634, 479])
Face([666, 169, 627])
Face([371, 108, 558])
Face([542, 275, 540])
Face([248, 296, 671])
Face([235, 104, 714])
Face([374, 713, 100])
Face([25, 40, 503])
Face([38, 212, 685])
Face([530, 490, 311])
Face([303, 520, 646])
Face([66, 24, 437])
Face([621, 129, 630])
Face([555, 562, 139])
Face([214, 648, 409])
Face([541, 117, 669])
Face([356, 386, 611])
Face([349, 256, 622])
Face([292, 705, 387])
Face([199, 434, 663])
Face([519, 682, 203])
Face([82, 450, 648])
Face([506, 432, 589])
Face([81, 712, 518])
Face([69, 485, 366])
Face([500, 510, 567])
Face([106, 123, 222])
Face([45, 138, 554])
Face([603, 233, 53])
Face([238, 360, 150])
Face([327, 628, 31])
Face([14, 232, 372])
Face([309, 315, 47])
Face([622, 281, 459])
Face([53, 135, 145])
Face([11, 38, 286])
Face([171, 330, 554])
Face([225, 673, 456])
Face([228, 517, 340])
Face([286, 292, 181])
Face([246, 676, 565])
Face([442, 457, 217])
Face([402, 64, 441])
Face([209, 584, 508])
Face([429, 325, 287])
Face([564, 161, 175])
Face([633, 326, 345])
Face([265, 296, 46])
Face([42, 193, 605])
Face([155, 653, 375])
Face([78, 609, 383])
Face([316, 429, 135])
Face([13, 550, 198])
Face([342, 41, 99])
Face([261, 64, 566])
Face([43, 673, 267])
Face([13, 80, 391])
Face([396, 505, 503])
Face([118, 587, 317])
Face([116, 409, 648])
Face([684, 59, 413])
Face([248, 202, 251])
Face([22, 661, 143])
Face([363, 56, 506])
Face([402, 230, 423])
Face([127, 211, 500])
Face([183, 324, 140])
Face([96, 526, 639])
Face([585, 176, 701])
Face([310, 338, 300])
Face([376, 576, 366])
Face([36, 313, 581])
Face([583, 211, 158])
Face([313, 164, 430])
Face([582, 377, 466])
Face([120, 274, 284])
Face([159, 715, 294])
Face([35, 200, 350])
Face([6, 431, 403])
Face([201, 460, 478])
Face([229, 715, 703])
Face([494, 298, 150])
Face([186, 417, 79])
Face([527, 680, 222])
Face([344, 51, 685])
Face([181, 579, 95])
Face([578, 281, 162])
Face([673, 456, 412])
Face([6, 428, 620])
Face([520, 271, 646])
Face([597, 525, 596])
Face([254, 577, 194])
Face([564, 161, 252])
Face([334, 705, 486])
Face([78, 237, 447])
Face([161, 370, 175])
Face([118, 689, 454])
Face([335, 575, 573])
Face([570, 176, 188])
Face([426, 577, 667])
Face([574, 332, 407])
Face([15, 66, 404])
Face([265, 502, 248])
Face([261, 229, 703])
Face([243, 440, 486])
Face([202, 530, 110])
Face([512, 432, 492])
Face([221, 492, 419])
Face([389, 123, 195])
Face([374, 81, 246])
Face([32, 141, 626])
Face([113, 367, 694])
Face([250, 433, 418])
Face([647, 656, 558])
Face([99, 200, 41])
Face([148, 322, 534])
Face([262, 171, 223])
Face([5, 484, 199])
Face([644, 60, 572])
Face([301, 161, 42])
Face([262, 171, 575])
Face([208, 210, 316])
Face([346, 188, 711])
Face([52, 204, 539])
Face([600, 328, 269])
Face([649, 253, 311])
Face([158, 211, 251])
Face([152, 612, 477])
Face([529, 552, 405])
Face([561, 387, 292])
Face([183, 546, 717])
Face([219, 633, 345])
Face([232, 372, 614])
Face([98, 202, 530])
Face([246, 100, 565])
Face([442, 457, 276])
Face([541, 91, 344])
Face([377, 585, 466])
Face([164, 430, 119])
Face([160, 580, 494])
Face([0, 451, 442])
Face([6, 593, 403])
Face([80, 636, 71])
Face([506, 415, 73])
Face([232, 466, 582])
Face([10, 96, 59])
Face([615, 505, 147])
Face([314, 507, 123])
Face([482, 713, 236])
Face([166, 450, 504])
Face([184, 421, 270])
Face([380, 542, 223])
Face([706, 501, 408])
Face([485, 327, 19])
Face([622, 281, 162])
Face([10, 225, 254])
Face([94, 468, 625])
Face([128, 650, 312])
Face([78, 132, 284])
Face([217, 621, 630])
Face([355, 200, 557])
Face([574, 42, 332])
Face([487, 25, 86])
Face([232, 131, 231])
Face([533, 616, 604])
Face([429, 528, 10])
Face([435, 329, 413])
Face([589, 432, 492])
Face([605, 272, 590])
Face([541, 603, 117])
Face([567, 654, 110])
Face([245, 633, 638])
Face([178, 266, 477])
Face([219, 260, 517])
Face([391, 536, 71])
Face([48, 424, 514])
Face([530, 247, 311])
Face([11, 464, 681])
Face([47, 315, 549])
Face([193, 252, 605])
Face([21, 134, 344])
Face([669, 555, 679])
Face([495, 465, 407])
Face([484, 520, 662])
Face([218, 304, 89])
Face([287, 597, 54])
Face([380, 45, 223])
Face([630, 112, 63])
Face([391, 536, 182])
Face([320, 409, 539])
Face([116, 297, 36])
Face([528, 290, 10])
Face([14, 595, 206])
Face([209, 369, 285])
Face([79, 307, 205])
Face([376, 352, 18])
Face([32, 178, 159])
Face([560, 216, 4])
Face([93, 597, 63])
Face([127, 554, 471])
Face([311, 343, 247])
Face([554, 638, 471])
Face([23, 520, 166])
Face([50, 483, 363])
Face([673, 412, 84])
Face([429, 63, 135])
Face([111, 257, 301])
Face([649, 654, 110])
Face([685, 308, 478])
Face([25, 426, 396])
Face([82, 616, 453])
Face([224, 545, 642])
Face([68, 121, 374])
Face([344, 425, 669])
Face([177, 146, 119])
Face([479, 136, 634])
Face([16, 364, 182])
Face([343, 490, 423])
Face([500, 215, 510])
Face([206, 294, 595])
Face([89, 243, 440])
Face([102, 424, 589])
Face([42, 161, 193])
Face([289, 130, 377])
Face([654, 618, 604])
Face([168, 195, 607])
Face([448, 680, 302])
Face([500, 296, 215])
Face([306, 689, 203])
Face([181, 705, 579])
Face([155, 613, 653])
Face([264, 89, 243])
Face([664, 579, 179])
Face([486, 619, 432])
Face([656, 691, 696])
Face([215, 511, 445])
Face([225, 456, 719])
Face([681, 300, 308])
Face([267, 154, 644])
Face([8, 544, 52])
Face([457, 217, 621])
Face([550, 35, 200])
Face([20, 265, 197])
Face([549, 401, 299])
Face([338, 418, 300])
Face([43, 597, 93])
Face([280, 571, 95])
Face([436, 563, 421])
Face([17, 487, 527])
Face([2, 480, 380])
Face([149, 665, 125])
Face([397, 674, 394])
Face([318, 490, 234])
Face([328, 532, 390])
Face([65, 220, 142])
Face([698, 201, 250])
Face([361, 25, 503])
Face([284, 281, 187])
Face([686, 420, 680])
Face([173, 322, 301])
Face([216, 273, 427])
Face([411, 576, 697])
Face([546, 331, 547])
Face([77, 540, 678])
Face([225, 194, 254])
Face([480, 124, 223])
Face([12, 469, 168])
Face([12, 531, 718])
Face([683, 150, 238])
Face([67, 696, 412])
Face([265, 511, 359])
Face([280, 174, 95])
Face([658, 392, 131])
Face([704, 482, 85])
Face([459, 699, 142])
Face([658, 715, 375])
Face([164, 707, 430])
Face([267, 491, 154])
Face([584, 148, 534])
Face([613, 657, 675])
Face([270, 436, 421])
Face([622, 632, 162])
Face([416, 642, 690])
Face([165, 504, 649])
Face([133, 657, 319])
Face([293, 125, 614])
Face([34, 643, 462])
Face([518, 712, 612])
Face([73, 449, 556])
Face([356, 353, 521])
Face([76, 360, 551])
Face([316, 129, 210])
Face([376, 352, 569])
Face([3, 659, 183])
Face([523, 651, 412])
Face([499, 33, 552])
Face([248, 251, 158])
Face([184, 556, 216])
Face([515, 73, 449])
Face([184, 563, 645])
Face([512, 619, 440])
Face([167, 330, 471])
Face([178, 477, 703])
Face([524, 185, 158])
Face([376, 352, 366])
Face([363, 483, 336])
Face([67, 594, 532])
Face([405, 56, 461])
Face([606, 540, 77])
Face([28, 498, 709])
Face([500, 567, 568])
Face([208, 684, 244])
Face([105, 449, 515])
Face([659, 381, 661])
Face([600, 37, 373])
Face([637, 417, 162])
Face([19, 293, 218])
Face([162, 689, 700])
Face([290, 17, 686])
Face([226, 652, 628])
Face([356, 611, 446])
Face([19, 218, 226])
Face([339, 714, 82])
Face([713, 140, 236])
Face([410, 373, 600])
Face([706, 617, 388])
Face([371, 124, 575])
Face([27, 506, 535])
Face([661, 465, 121])
Face([7, 528, 435])
Face([308, 468, 625])
Face([2, 480, 606])
Face([499, 552, 645])
Face([246, 385, 676])
Face([344, 91, 355])
Face([513, 644, 60])
Face([107, 260, 345])
Face([418, 433, 590])
Face([282, 522, 351])
Face([389, 666, 195])
Face([470, 688, 474])
Face([384, 283, 446])
Face([173, 277, 255])
Face([625, 418, 322])
Face([12, 168, 531])
Face([419, 170, 588])
Face([30, 474, 615])
Face([336, 414, 695])
Face([640, 409, 450])
Face([20, 65, 359])
Face([387, 537, 619])
Face([142, 602, 259])
Face([193, 329, 454])
Face([43, 644, 267])
Face([12, 561, 569])
Face([656, 104, 596])
Face([131, 392, 482])
Face([13, 697, 198])
Face([41, 73, 443])
Face([15, 599, 156])
Face([667, 147, 601])
Face([398, 454, 92])
Face([48, 331, 87])
Face([38, 478, 286])
Face([361, 505, 503])
Face([30, 470, 422])
Face([404, 498, 441])
Face([316, 129, 369])
Face([699, 142, 439])
Face([133, 319, 271])
Face([364, 178, 703])
Face([578, 205, 383])
Face([168, 169, 666])
Face([184, 538, 556])
Face([426, 147, 667])
Face([44, 129, 457])
Face([324, 140, 357])
Face([102, 424, 170])
Face([391, 16, 214])
Face([0, 356, 521])
Face([699, 572, 439])
Face([196, 461, 695])
Face([4, 184, 499])
Face([520, 662, 239])
Face([28, 261, 375])
Face([106, 233, 627])
Face([574, 565, 407])
Face([504, 649, 311])
Face([497, 272, 433])
Face([21, 240, 561])
Face([376, 389, 18])
Face([29, 201, 250])
Face([328, 400, 390])
Face([24, 160, 580])
Face([495, 676, 157])
Face([582, 613, 658])
Face([288, 582, 377])
Face([240, 355, 99])
Face([405, 273, 56])
Face([190, 652, 367])
Face([148, 460, 94])
Face([424, 336, 414])
Face([435, 10, 684])
Face([583, 341, 158])
Face([538, 563, 299])
Face([3, 622, 629])
Face([603, 283, 607])
Face([267, 673, 194])
Face([327, 626, 693])
Face([30, 474, 694])
Face([382, 634, 479])
Face([153, 323, 652])
Face([89, 266, 477])
Face([109, 315, 549])
Face([393, 513, 244])
Face([289, 585, 147])
Face([34, 402, 39])
Face([629, 241, 151])
Face([293, 628, 31])
Face([135, 325, 233])
Face([14, 232, 595])
Face([49, 151, 220])
Face([672, 258, 525])
Face([2, 105, 177])
Face([71, 462, 230])
Face([362, 26, 463])
Face([525, 258, 63])
Face([107, 633, 445])
Face([518, 458, 414])
Face([45, 500, 127])
Face([66, 687, 623])
Face([171, 330, 275])
Face([527, 192, 660])
Face([295, 366, 399])
Face([33, 132, 310])
Face([512, 432, 619])
Face([235, 501, 696])
Face([402, 64, 536])
Face([437, 202, 524])
Face([242, 616, 207])
Face([635, 632, 381])
Face([254, 577, 101])
Face([250, 301, 322])
Face([356, 446, 350])
Face([415, 619, 432])
Face([560, 305, 583])
Face([49, 459, 699])
Face([587, 632, 689])
Face([364, 702, 399])
Face([580, 331, 494])
Face([375, 715, 229])
Face([157, 149, 246])
Face([191, 481, 646])
Face([259, 130, 122])
Face([50, 337, 529])
Face([336, 458, 432])
Face([192, 213, 222])
Face([11, 497, 50])
Face([15, 66, 687])
Face([225, 287, 597])
Face([658, 392, 155])
Face([161, 329, 193])
Face([422, 505, 470])
Face([706, 408, 710])
Face([419, 512, 492])
Face([583, 305, 341])
Face([62, 690, 543])
Face([524, 98, 643])
Face([62, 642, 690])
Face([5, 397, 592])
Face([169, 420, 508])
Face([553, 624, 198])
Face([570, 306, 348])
Face([413, 329, 92])
Face([87, 331, 85])
Face([97, 163, 140])
Face([450, 648, 490])
Face([197, 24, 358])
Face([512, 458, 432])
Face([718, 201, 255])
Face([49, 511, 445])
Face([575, 138, 573])
Face([55, 145, 525])
Face([442, 521, 707])
Face([0, 386, 356])
Face([268, 239, 319])
Face([8, 204, 52])
Face([510, 340, 573])
Face([545, 625, 418])
Face([528, 290, 325])
Face([218, 226, 688])
Face([534, 625, 322])
Face([286, 698, 571])
Face([442, 707, 263])
Face([685, 425, 308])
Face([54, 617, 388])
Face([133, 268, 599])
Face([206, 372, 396])
Face([494, 514, 238])
Face([544, 553, 697])
Face([12, 469, 718])
Face([527, 192, 719])
Face([196, 461, 405])
Face([411, 553, 697])
Face([204, 116, 36])
Face([356, 91, 350])
Face([359, 674, 489])
Face([474, 688, 694])
Face([44, 457, 217])
Face([583, 211, 479])
Face([628, 88, 652])
Face([8, 411, 708])
Face([204, 36, 553])
Face([567, 110, 663])
Face([644, 260, 572])
Face([93, 513, 112])
Face([72, 608, 441])
Face([202, 530, 247])
Face([218, 385, 688])
Face([260, 517, 340])
Face([546, 547, 717])
Face([475, 453, 430])
Face([105, 515, 462])
Face([62, 609, 578])
Face([380, 438, 583])
Face([677, 22, 551])
Face([80, 146, 198])
Face([228, 43, 691])
Face([457, 129, 621])
Face([615, 147, 670])
Face([374, 713, 717])
Face([143, 337, 405])
Face([682, 203, 701])
Face([681, 308, 47])
Face([40, 452, 88])
Face([38, 292, 286])
Face([312, 141, 693])
Face([515, 73, 443])
Face([558, 649, 604])
Face([634, 638, 187])
Face([198, 624, 313])
Face([94, 460, 625])
Face([66, 72, 687])
Face([551, 641, 120])
Face([186, 244, 92])
Face([183, 100, 711])
Face([380, 211, 568])
Face([143, 310, 635])
Face([211, 671, 479])
Face([232, 595, 614])
Face([484, 520, 253])
Face([3, 324, 183])
Face([249, 426, 396])
Face([69, 226, 548])
Face([129, 555, 285])
Face([594, 646, 191])
Face([226, 174, 280])
Face([397, 491, 493])
Face([0, 521, 442])
Face([141, 400, 390])
Face([182, 364, 703])
Face([4, 227, 499])
Face([128, 123, 389])
Face([27, 529, 270])
Face([259, 488, 333])
Face([444, 467, 351])
Face([271, 319, 239])
Face([706, 710, 213])
Face([478, 460, 308])
Face([254, 17, 487])
Face([463, 537, 697])
Face([221, 34, 515])
Face([52, 320, 141])
Face([510, 108, 573])
Face([462, 643, 230])
Face([60, 413, 398])
Face([475, 234, 453])
Face([126, 368, 348])
Face([675, 657, 377])
Face([23, 408, 444])
Face([529, 56, 405])
Face([231, 716, 466])
Face([699, 489, 572])
Face([248, 202, 502])
Face([687, 704, 379])
Face([206, 293, 31])
Face([698, 433, 250])
Face([115, 618, 654])
Face([86, 412, 84])
Face([25, 328, 396])
Face([62, 545, 642])
Face([14, 600, 206])
Face([246, 385, 291])
Face([661, 635, 381])
Face([371, 573, 575])
Face([166, 450, 444])
Face([312, 213, 710])
Face([290, 680, 686])
Face([141, 626, 693])
Face([410, 658, 613])
Face([25, 396, 503])
Face([364, 178, 702])
Face([80, 318, 71])
Face([245, 416, 279])
Face([47, 549, 645])
Face([673, 194, 84])
Face([359, 674, 46])
Face([695, 414, 518])
Face([132, 317, 338])
Face([428, 345, 138])
Face([310, 433, 300])
Face([22, 547, 683])
Face([315, 679, 468])
Face([28, 522, 261])
Face([199, 397, 662])
Face([445, 136, 511])
Face([472, 452, 302])
Face([592, 260, 489])
Face([406, 496, 126])
Face([242, 82, 339])
Face([11, 38, 27])
Face([115, 654, 110])
Face([287, 145, 63])
Face([463, 364, 399])
Face([0, 457, 44])
Face([352, 18, 69])
Face([419, 34, 102])
Face([196, 461, 547])
Face([152, 440, 266])
Face([550, 200, 77])
Face([382, 471, 438])
Face([694, 385, 676])
Face([535, 41, 421])
Face([22, 196, 661])
Face([472, 693, 327])
Face([20, 394, 668])
Face([428, 431, 138])
Face([448, 88, 452])
Face([62, 578, 637])
Face([491, 154, 333])
Face([52, 312, 141])
Face([130, 144, 333])
Face([168, 384, 134])
Face([12, 181, 718])
Face([360, 298, 341])
Face([331, 150, 494])
Face([128, 692, 204])
Face([5, 228, 592])
Face([229, 392, 715])
Face([109, 237, 315])
Face([365, 259, 668])
Face([0, 603, 541])
Face([658, 392, 715])
Face([54, 617, 525])
Face([306, 454, 348])
Face([668, 657, 319])
Face([334, 664, 486])
Face([547, 461, 87])
Face([571, 579, 95])
Face([365, 163, 602])
Face([113, 676, 694])
Face([374, 717, 695])
Face([469, 460, 255])
Face([121, 465, 346])
Face([60, 406, 398])
Face([131, 392, 665])
Face([244, 690, 92])
Face([166, 311, 343])
Face([554, 326, 638])
Face([33, 120, 78])
Face([137, 172, 462])
Face([288, 657, 613])
Face([76, 120, 382])
Face([143, 33, 310])
Face([349, 641, 22])
Face([675, 377, 357])
Face([561, 387, 61])
Face([246, 291, 565])
Face([391, 26, 182])
Face([1, 533, 262])
Face([214, 536, 354])
Face([114, 610, 220])
Face([289, 144, 667])
Face([62, 609, 338])
Face([81, 665, 149])
Face([469, 718, 255])
Face([574, 565, 694])
Face([574, 188, 332])
Face([121, 100, 374])
Face([25, 426, 86])
Face([666, 195, 627])
Face([476, 37, 294])
Face([591, 401, 562])
Face([34, 515, 102])
Face([265, 46, 359])
Face([231, 713, 236])
Face([599, 365, 197])
Face([356, 91, 521])
Face([28, 74, 653])
Face([641, 33, 132])
Face([647, 108, 573])
Face([14, 288, 582])
Face([494, 341, 238])
Face([46, 215, 510])
Face([498, 653, 271])
Face([65, 220, 365])
Face([97, 623, 156])
Face([89, 440, 266])
Face([218, 688, 293])
Face([361, 426, 25])
Face([301, 322, 252])
Face([319, 662, 239])
Face([361, 505, 426])
Face([514, 449, 305])
Face([464, 433, 497])
Face([371, 533, 604])
Face([473, 330, 562])
Face([393, 513, 517])
Face([180, 323, 631])
Face([383, 279, 447])
Face([532, 467, 269])
Face([170, 48, 424])
Face([394, 489, 674])
Face([5, 592, 103])
Face([7, 316, 208])
Face([217, 258, 335])
Face([487, 660, 25])
Face([227, 78, 447])
Face([591, 562, 276])
Face([103, 108, 663])
Face([405, 683, 461])
Face([644, 517, 260])
Face([362, 512, 26])
Face([49, 459, 220])
Face([106, 325, 145])
Face([295, 705, 619])
Face([309, 315, 300])
Face([542, 167, 438])
Face([168, 469, 255])
Face([352, 569, 61])
Face([354, 282, 566])
Face([365, 259, 602])
Face([278, 185, 643])
Face([521, 678, 91])
Face([65, 489, 699])
Face([221, 515, 492])
Face([166, 504, 311])
Face([369, 508, 117])
Face([13, 80, 198])
Face([183, 100, 713])
Face([3, 677, 349])
Face([498, 709, 271])
Face([52, 312, 204])
Face([324, 519, 711])
Face([391, 16, 182])
Face([301, 161, 257])
Face([80, 318, 475])
Face([469, 425, 460])
Face([699, 572, 79])
Face([422, 615, 505])
Face([159, 178, 294])
Face([90, 258, 596])
Face([417, 439, 700])
Face([127, 554, 326])
Face([0, 457, 591])
Face([106, 388, 222])
Face([570, 574, 42])
Face([402, 608, 643])
Face([584, 420, 508])
Face([29, 280, 190])
Face([156, 197, 599])
Face([401, 91, 557])
Face([39, 64, 402])
Face([403, 279, 447])
Face([497, 698, 509])
Face([559, 42, 570])
Face([116, 648, 297])
Face([111, 574, 42])
Face([233, 627, 420])
Face([14, 658, 595])
Face([687, 379, 392])
Face([367, 688, 694])
Face([137, 98, 172])
Face([81, 482, 131])
Face([565, 188, 716])
Face([665, 392, 715])
Face([500, 296, 567])
Face([149, 612, 518])
Face([167, 473, 299])
Face([711, 716, 701])
Face([518, 458, 612])
Face([37, 294, 159])
Face([19, 628, 293])
Face([376, 708, 569])
Face([6, 621, 593])
Face([568, 211, 251])
Face([519, 632, 622])
Face([303, 467, 444])
Face([189, 229, 703])
Face([336, 432, 589])
Face([212, 436, 535])
Face([429, 112, 63])
Face([80, 297, 475])
Face([313, 581, 430])
Face([663, 516, 253])
Face([230, 530, 234])
Face([660, 192, 75])
Face([143, 33, 552])
Face([708, 384, 195])
Face([545, 642, 455])
Face([142, 700, 682])
Face([480, 606, 119])
Face([173, 257, 57])
Face([336, 461, 695])
Face([332, 272, 407])
Face([373, 375, 159])
Face([568, 115, 251])
Face([201, 322, 250])
Face([125, 385, 614])
Face([128, 692, 507])
Face([11, 38, 681])
Face([141, 400, 351])
Face([59, 194, 267])
Face([570, 348, 176])
Face([639, 126, 348])
Face([52, 320, 539])
Face([428, 345, 340])
Face([360, 136, 274])
Face([402, 643, 230])
Face([172, 158, 583])
Face([174, 304, 243])
Face([716, 176, 670])
Face([84, 496, 667])
Face([106, 233, 325])
Face([149, 385, 125])
Face([60, 186, 572])
Face([168, 469, 134])
Face([445, 136, 634])
Face([438, 479, 127])
Face([233, 508, 607])
Face([18, 666, 389])
Face([393, 244, 208])
Face([18, 485, 472])
Face([180, 323, 652])
Face([448, 680, 527])
Face([413, 398, 92])
Face([371, 124, 654])
Face([14, 600, 410])
Face([570, 42, 306])
Face([38, 212, 436])
Face([317, 590, 338])
Face([249, 288, 289])
Face([469, 134, 425])
Face([235, 617, 501])
Face([103, 108, 510])
Face([419, 170, 102])
Face([528, 686, 175])
Face([350, 624, 446])
Face([114, 140, 324])
Face([271, 378, 239])
Face([710, 390, 467])
Face([199, 674, 397])
Face([103, 592, 340])
Face([2, 177, 606])
Face([431, 171, 554])
Face([379, 229, 392])
Face([32, 141, 400])
Face([324, 602, 357])
Face([97, 687, 482])
Face([640, 408, 444])
Face([89, 304, 243])
Face([128, 312, 58])
Face([416, 593, 210])
Face([364, 266, 399])
Face([710, 141, 351])
Face([320, 141, 351])
Face([535, 99, 41])
Face([7, 584, 528])
Face([206, 600, 396])
Face([209, 285, 94])
Face([557, 299, 540])
Face([286, 571, 718])
Face([488, 368, 439])
Face([453, 430, 618])
Face([53, 233, 135])
Face([131, 236, 231])
Face([21, 561, 212])
Face([647, 573, 340])
Face([19, 628, 327])
Face([3, 629, 677])
Face([186, 92, 637])
Face([2, 560, 583])
Face([144, 585, 601])
Face([397, 592, 154])
Face([209, 210, 316])
Face([177, 443, 636])
Face([298, 341, 671])
Face([687, 72, 379])
Face([227, 120, 499])
Face([335, 575, 431])
Face([359, 46, 215])
Face([168, 666, 195])
Face([141, 390, 693])
Face([122, 357, 377])
Face([705, 486, 619])
Face([401, 562, 679])
Face([360, 341, 479])
Face([9, 706, 710])
Face([81, 131, 231])
Face([687, 704, 482])
Face([286, 579, 334])
Face([582, 675, 236])
Face([232, 466, 670])
Face([666, 627, 302])
Face([65, 489, 359])
Face([169, 277, 255])
Face([128, 692, 58])
Face([59, 513, 43])
Face([90, 672, 258])
Face([716, 466, 670])
Face([683, 273, 427])
Face([254, 101, 17])
Face([57, 257, 175])
Face([168, 531, 255])
Face([87, 424, 461])
Face([442, 707, 262])
Face([422, 655, 559])
Face([114, 241, 629])
Face([487, 660, 75])
Face([40, 660, 390])
Face([336, 458, 414])
Face([484, 23, 696])
Face([62, 578, 317])
Face([593, 598, 279])
Face([27, 363, 529])
Face([647, 108, 558])
Face([483, 664, 157])
Face([656, 165, 558])
Face([138, 326, 554])
Face([516, 378, 239])
Face([419, 170, 39])
Face([364, 152, 703])
Face([249, 372, 396])
Face([332, 272, 381])
Face([485, 395, 626])
Face([101, 577, 526])
Face([509, 179, 571])
Face([472, 88, 452])
Face([114, 546, 140])
Face([35, 624, 350])
Face([81, 231, 246])
Face([46, 296, 567])
Face([335, 621, 431])
Face([106, 388, 145])
Face([592, 260, 340])
Face([349, 632, 635])
Face([123, 195, 627])
Face([494, 341, 185])
Face([60, 186, 398])
Face([204, 116, 9])
Face([128, 708, 507])
Face([435, 96, 370])
Face([29, 201, 571])
Face([364, 152, 26])
Face([656, 104, 558])
Face([684, 513, 112])
Face([48, 424, 87])
Face([39, 608, 402])
Face([595, 665, 715])
Face([369, 233, 508])
Face([27, 38, 436])
Face([651, 662, 646])
Face([5, 656, 691])
Face([603, 369, 117])
Face([214, 536, 318])
Face([411, 240, 569])
Face([102, 449, 589])
Face([530, 423, 247])
Face([349, 256, 677])
Face([28, 522, 373])
Face([450, 490, 343])
Face([136, 671, 298])
Face([659, 121, 346])
Face([463, 537, 399])
Face([486, 458, 432])
Face([519, 700, 622])
Face([93, 258, 63])
Face([66, 608, 437])
Face([447, 330, 473])
Face([183, 659, 711])
Face([249, 289, 70])
Face([656, 104, 235])
Face([272, 590, 433])
Face([642, 279, 598])
Face([531, 18, 666])
Face([529, 337, 405])
Face([456, 75, 501])
Face([68, 483, 695])
Face([133, 657, 599])
Face([14, 232, 582])
Face([13, 80, 636])
Face([519, 689, 700])
Face([521, 678, 347])
Face([107, 79, 699])
Face([706, 192, 388])
Face([128, 123, 507])
Face([215, 296, 511])
Face([261, 64, 229])
Face([148, 94, 534])
Face([48, 514, 494])
Face([137, 234, 119])
Face([484, 523, 696])
Face([197, 610, 358])
Face([206, 293, 294])
Face([80, 146, 475])
Face([240, 355, 350])
Face([403, 139, 593])
Face([464, 309, 310])
Face([11, 27, 334])
Face([435, 684, 413])
Face([339, 714, 235])
Face([538, 83, 563])
Face([29, 571, 509])
Face([684, 244, 413])
Face([692, 314, 507])
Face([3, 349, 622])
Face([55, 617, 388])
Face([533, 618, 604])
Face([342, 35, 550])
Face([338, 609, 455])
Face([274, 634, 187])
Face([316, 112, 429])
Face([13, 697, 463])
Face([540, 275, 299])
Face([57, 169, 277])
Face([374, 100, 246])
Face([67, 501, 696])
Face([710, 141, 390])
Face([656, 235, 165])
Face([208, 690, 244])
Face([28, 74, 373])
Face([221, 26, 391])
Face([180, 470, 503])
Face([59, 267, 43])
Face([510, 345, 340])
Face([106, 325, 680])
Face([567, 108, 654])
Face([270, 273, 56])
Face([114, 163, 602])
Face([444, 450, 282])
Face([1, 371, 575])
Face([167, 227, 473])
Face([101, 577, 361])
Face([227, 109, 78])
Face([20, 365, 197])
Face([383, 187, 638])
Face([549, 299, 563])
Face([172, 305, 185])
Face([204, 553, 539])
Face([216, 449, 305])
Face([290, 680, 527])
Face([48, 704, 623])
Face([540, 347, 275])
Face([359, 511, 215])
Face([316, 630, 135])
Face([127, 211, 479])
Face([380, 438, 542])
Face([268, 378, 239])
Face([435, 96, 413])
Face([398, 454, 639])
Face([27, 292, 535])
Face([209, 94, 534])
Face([522, 32, 400])
Face([24, 524, 437])
Face([10, 225, 59])
Face([199, 253, 239])
Face([132, 635, 317])
Face([57, 257, 323])
Face([397, 523, 491])
Face([182, 26, 364])
Face([168, 134, 607])
Face([201, 322, 460])
Face([394, 489, 154])
Face([371, 108, 573])
Face([67, 467, 532])
Face([153, 277, 666])
Face([177, 77, 606])
Face([629, 220, 151])
Face([414, 458, 588])
Face([624, 353, 313])
Face([76, 499, 120])
Face([564, 329, 161])
Face([113, 509, 407])
Face([182, 354, 261])
Face([105, 172, 305])
Face([553, 297, 36])
Face([98, 115, 251])
Face([197, 358, 265])
Face([441, 423, 247])
Face([107, 79, 633])
Face([123, 222, 302])
Face([193, 306, 454])
Face([6, 219, 245])
Face([650, 472, 693])
Face([547, 683, 461])
Face([516, 253, 239])
Face([308, 468, 315])
Face([637, 205, 307])
Face([468, 679, 669])
Face([65, 489, 394])
Face([182, 189, 703])
Face([152, 440, 612])
Face([315, 237, 679])
Face([122, 144, 585])
Face([520, 662, 646])
Face([227, 471, 447])
Face([451, 586, 263])
Face([665, 392, 712])
Face([297, 648, 475])
Face([87, 717, 85])
Face([123, 627, 302])
Face([640, 710, 351])
Face([242, 616, 82])
Face([631, 257, 175])
Face([143, 337, 661])
Face([410, 74, 373])
Face([1, 371, 533])
Face([231, 236, 466])
Face([177, 606, 119])
Face([34, 102, 278])
Face([224, 545, 534])
Face([354, 522, 282])
Face([237, 473, 447])
Face([155, 229, 375])
Face([410, 373, 375])
Face([133, 378, 271])
Face([708, 384, 569])
Face([354, 261, 566])
Face([278, 608, 643])
Face([303, 74, 646])
Face([173, 57, 148])
Face([548, 280, 95])
Face([29, 173, 190])
Face([262, 707, 347])
Face([170, 704, 414])
Face([116, 640, 82])
Face([87, 717, 695])
Face([696, 456, 501])
Face([387, 705, 619])
Face([43, 513, 644])
Face([199, 662, 484])
Face([219, 428, 345])
Face([355, 51, 557])
Face([659, 346, 711])
Face([11, 334, 286])
Face([549, 299, 473])
Face([173, 257, 301])
Face([567, 108, 663])
Face([129, 210, 285])
Face([330, 562, 275])
Face([7, 224, 564])
Face([50, 363, 529])
Face([359, 107, 215])
Face([334, 705, 579])
Face([183, 713, 140])
Face([48, 331, 494])
Face([30, 570, 559])
Face([615, 601, 147])
Face([708, 195, 507])
Face([55, 586, 314])
Face([20, 674, 394])
Face([691, 456, 597])
Face([350, 353, 678])
Face([400, 467, 269])
Face([224, 210, 642])
Face([151, 241, 298])
Face([165, 714, 504])
Face([706, 192, 501])
Face([324, 357, 701])
Face([198, 35, 697])
Face([716, 291, 670])
Face([480, 606, 223])
Face([542, 606, 223])
Face([54, 192, 719])
Face([148, 322, 460])
Face([349, 661, 22])
Face([602, 682, 122])
Face([184, 563, 421])
Face([29, 113, 509])
Face([0, 457, 442])
Face([19, 476, 327])
Face([66, 72, 404])
Face([519, 689, 203])
Face([386, 451, 53])
Face([514, 427, 238])
Face([308, 300, 315])
Face([309, 300, 310])
Face([704, 712, 482])
Face([386, 586, 451])
Face([541, 344, 669])
Face([372, 147, 670])
Face([170, 704, 48])
Face([73, 556, 421])
Face([344, 401, 51])
Face([548, 277, 190])
Face([182, 26, 189])
Face([447, 330, 471])
Face([129, 369, 285])
Face([416, 593, 279])
Face([245, 383, 279])
Face([58, 314, 388])
Face([491, 333, 496])
Face([53, 233, 106])
Face([21, 344, 355])
Face([396, 505, 426])
Face([682, 368, 203])
Face([7, 209, 316])
Face([335, 258, 620])
Face([62, 609, 642])
Face([550, 443, 636])
Face([67, 75, 501])
Face([520, 239, 253])
Face([411, 35, 624])
Face([166, 709, 343])
Face([39, 608, 72])
Face([0, 44, 603])
Face([71, 536, 318])
Face([609, 383, 279])
Face([113, 179, 509])
Face([380, 568, 45])
Face([39, 170, 278])
Face([310, 590, 433])
Face([401, 562, 299])
Face([157, 149, 518])
Face([429, 63, 287])
Face([184, 538, 563])
Face([521, 91, 591])
Face([205, 633, 187])
Face([403, 554, 431])
Face([42, 193, 306])
Face([672, 104, 525])
Face([394, 154, 333])
Face([81, 712, 665])
Face([195, 283, 507])
Face([303, 709, 74])
Face([196, 337, 405])
Face([349, 632, 622])
Face([263, 616, 581])
Face([451, 586, 55])
Face([391, 536, 214])
Face([403, 330, 447])
Face([554, 330, 471])
Face([262, 707, 533])
Face([668, 130, 259])
Face([395, 266, 399])
Face([180, 631, 422])
Face([132, 578, 284])
Face([149, 304, 385])
Face([173, 322, 148])
Face([570, 655, 615])
Face([681, 433, 300])
Face([566, 423, 536])
Face([667, 496, 526])
Face([111, 113, 367])
Face([40, 452, 693])
Face([284, 274, 187])
Face([519, 632, 689])
Face([61, 537, 295])
Face([361, 422, 505])
Face([152, 512, 440])
Face([691, 456, 673])
Face([226, 367, 688])
Face([157, 246, 374])
Face([524, 98, 158])
Face([609, 237, 455])
Face([372, 505, 474])
Face([584, 148, 57])
Face([263, 586, 207])
Face([212, 51, 685])
Face([504, 490, 311])
Face([544, 553, 539])
Face([494, 298, 341])
Face([528, 420, 325])
Face([181, 95, 718])
Face([219, 633, 79])
Face([575, 45, 124])
Face([631, 257, 323])
Face([105, 449, 556])
Face([622, 459, 629])
Face([18, 153, 666])
Face([287, 597, 63])
Face([78, 609, 237])
Face([631, 686, 175])
Face([107, 345, 633])
Face([546, 331, 241])
Face([54, 501, 456])
Face([14, 600, 249])
Face([416, 642, 210])
Face([242, 586, 207])
Face([453, 616, 430])
Face([663, 516, 110])
Face([386, 611, 507])
Face([646, 662, 319])
Face([472, 452, 693])
Face([401, 557, 299])
Face([453, 234, 618])
Face([45, 554, 171])
Face([92, 329, 454])
Face([544, 702, 399])
Face([350, 91, 678])
Face([606, 347, 223])
Face([149, 89, 612])
Face([230, 423, 318])
Face([113, 367, 280])
Face([177, 146, 636])
Face([550, 200, 41])
Face([158, 671, 341])
Face([68, 374, 695])
Face([520, 271, 709])
Face([339, 235, 408])
Face([404, 437, 378])
Face([288, 289, 481])
Face([403, 139, 431])
Face([543, 545, 252])
Face([672, 55, 525])
Face([565, 716, 291])
Face([21, 212, 685])
Face([483, 336, 458])
Face([498, 378, 271])
Face([44, 129, 369])
Face([148, 94, 508])
Face([7, 584, 564])
Face([410, 613, 653])
Face([9, 640, 116])
Face([504, 649, 604])
Face([159, 715, 703])
Face([525, 258, 596])
Face([193, 587, 605])
Face([393, 416, 307])
Face([663, 649, 108])
Face([289, 147, 667])
Face([102, 492, 589])
Face([303, 269, 467])
Face([506, 415, 535])
Face([650, 389, 472])
Face([65, 699, 49])
Face([595, 665, 125])
Face([313, 146, 475])
Face([285, 555, 598])
Face([148, 169, 255])
Face([437, 502, 378])
Face([640, 409, 351])
Face([575, 138, 45])
Face([284, 187, 383])
Face([376, 18, 485])
Face([16, 364, 702])
Face([254, 290, 17])
Face([400, 467, 390])
Face([327, 40, 88])
Face([594, 70, 191])
Face([22, 405, 143])
Face([66, 24, 156])
Face([437, 247, 441])
Face([242, 586, 692])
Face([437, 378, 247])
Face([350, 353, 624])
Face([174, 579, 243])
Face([342, 387, 415])
Face([480, 618, 115])
Face([288, 657, 377])
Face([528, 420, 686])
Face([380, 45, 127])
Face([263, 586, 581])
Face([376, 708, 389])
Face([145, 388, 54])
Face([40, 328, 390])
Face([386, 603, 53])
Face([20, 674, 434])
Face([267, 496, 491])
Face([359, 511, 49])
Face([529, 552, 270])
Face([531, 548, 95])
Face([19, 264, 395])
Face([442, 1, 263])
Face([459, 417, 699])
Face([156, 580, 623])
Face([681, 309, 47])
Face([9, 242, 116])
Face([221, 362, 26])
Face([286, 579, 571])
Face([448, 680, 686])
Face([1, 263, 533])
Face([666, 169, 277])
Face([19, 264, 218])
Face([544, 16, 702])
Face([8, 128, 204])
Face([38, 685, 478])
Face([177, 146, 77])
Face([692, 611, 507])
Face([270, 552, 273])
Face([442, 521, 276])
Face([321, 459, 281])
Face([339, 714, 207])
Face([469, 425, 685])
Face([282, 709, 343])
Face([23, 67, 696])
Face([472, 88, 327])
Face([16, 354, 182])
Face([440, 486, 458])
Face([24, 524, 248])
Face([53, 145, 55])
Face([397, 491, 154])
Face([83, 557, 540])
Face([28, 373, 375])
Face([474, 291, 694])
Face([516, 378, 247])
Face([576, 366, 399])
Face([137, 480, 115])
Face([55, 586, 207])
Face([208, 112, 684])
Face([544, 576, 697])
Face([81, 131, 665])
Face([101, 370, 655])
Face([267, 154, 406])
Face([2, 606, 542])
Face([27, 363, 334])
Face([62, 637, 118])
Face([464, 143, 337])
Face([484, 165, 656])
Face([181, 352, 95])
Face([143, 552, 405])
Face([306, 203, 348])
Face([216, 449, 427])
Face([9, 242, 339])
Face([29, 301, 111])
Face([642, 210, 598])
Face([301, 161, 252])
Face([180, 448, 323])
Face([106, 680, 627])
Face([594, 70, 651])
Face([468, 455, 598])
Face([521, 353, 707])
Face([479, 671, 341])
Face([296, 211, 251])
Face([152, 512, 588])
Face([93, 112, 63])
Face([335, 428, 573])
Face([580, 241, 331])
Face([190, 652, 323])
Face([145, 525, 63])
Face([113, 694, 574])
Face([523, 673, 691])
Face([72, 379, 229])
Face([106, 627, 123])
Face([543, 690, 92])
Face([308, 460, 625])
Face([616, 714, 604])
Face([702, 395, 626])
Face([218, 226, 174])
Face([155, 229, 72])
Face([485, 19, 395])
Face([127, 326, 634])
Face([714, 604, 558])
Face([640, 450, 82])
Face([25, 40, 660])
Face([710, 467, 408])
Face([561, 569, 61])
Face([167, 438, 471])
Face([153, 652, 548])
Face([702, 32, 178])
Face([180, 88, 652])
Face([153, 302, 666])
Face([46, 663, 567])
Face([533, 618, 124])
Face([46, 510, 567])
Face([217, 672, 258])
Face([547, 331, 150])
Face([457, 139, 621])
Face([160, 608, 524])
Face([180, 652, 470])
Face([342, 99, 387])
Face([107, 489, 699])
Face([513, 644, 517])
Face([50, 363, 334])
Face([549, 473, 679])
Face([265, 434, 46])
Face([582, 466, 236])
Face([442, 451, 217])
Face([231, 100, 716])
Face([355, 99, 200])
Face([553, 297, 198])
Face([463, 16, 364])
Face([265, 296, 248])
Face([581, 353, 707])
Face([593, 129, 555])
Face([435, 564, 175])
Face([500, 326, 215])
Face([404, 72, 441])
Face([499, 109, 645])
Face([564, 329, 543])
Face([26, 419, 189])
Face([580, 298, 494])
Face([615, 176, 670])
Face([476, 32, 178])
Face([359, 49, 107])
Face([361, 25, 487])
Face([551, 256, 641])
Face([487, 75, 86])
Face([403, 554, 638])
Face([227, 499, 109])
Face([237, 279, 598])
Face([418, 433, 300])
Face([331, 85, 623])
Face([464, 433, 310])
Face([59, 513, 60])
Face([109, 237, 473])
Face([156, 610, 580])
Face([197, 265, 502])
Face([79, 417, 205])
Face([622, 162, 700])
Face([397, 592, 674])
Face([23, 235, 408])
Face([568, 251, 567])
Face([417, 281, 162])
Face([25, 328, 532])
Face([90, 573, 647])
Face([326, 638, 634])
Face([618, 430, 119])
Face([397, 523, 662])
Face([59, 96, 413])
Face([380, 211, 583])
Face([542, 275, 167])
Face([285, 468, 669])
Face([228, 644, 592])
Face([293, 294, 476])
Face([165, 649, 253])
Face([233, 420, 325])
Face([52, 544, 539])
Face([499, 552, 273])
Face([126, 601, 348])
Face([51, 401, 557])
Face([410, 653, 375])
Face([315, 549, 679])
Face([68, 483, 157])
Face([304, 676, 179])
Face([81, 712, 482])
Face([67, 467, 303])
Face([196, 68, 121])
Face([209, 224, 210])
Face([327, 40, 31])
Face([111, 30, 574])
Face([561, 99, 212])
Face([204, 116, 539])
Face([186, 572, 439])
Face([358, 671, 298])
Face([12, 384, 21])
Face([113, 676, 179])
Face([339, 617, 235])
Face([134, 425, 117])
Face([84, 577, 667])
Face([261, 159, 375])
Face([28, 522, 282])
Face([498, 441, 247])
Face([716, 176, 701])
Face([393, 620, 112])
Face([464, 681, 309])
Face([81, 149, 246])
Face([310, 338, 590])
Face([115, 110, 530])
Face([196, 547, 717])
Face([442, 1, 217])
Face([76, 683, 551])
Face([488, 682, 368])
Face([290, 719, 527])
Face([73, 492, 589])
Face([2, 542, 560])
Face([265, 434, 502])
Face([453, 618, 604])
Face([348, 176, 203])
Face([606, 347, 164])
Face([684, 513, 59])
Face([158, 671, 211])
Face([196, 337, 661])
Face([39, 170, 379])
Face([67, 412, 75])
Face([8, 576, 411])
Face([17, 448, 180])
Face([268, 239, 434])
Face([542, 560, 538])
Face([58, 213, 222])
Face([702, 32, 626])
Face([391, 26, 463])
Face([538, 83, 556])
Face([83, 556, 421])
Face([181, 352, 61])
Face([2, 105, 172])
Face([205, 281, 187])
Face([2, 583, 380])
Face([482, 713, 85])
Face([311, 516, 253])
Face([83, 443, 556])
Face([570, 176, 615])
Face([591, 562, 555])
Face([509, 407, 495])
Face([288, 613, 410])
Face([542, 275, 223])
Face([89, 125, 477])
Face([90, 596, 647])
Face([576, 569, 61])
Face([8, 128, 708])
Face([18, 548, 69])
Face([530, 490, 423])
Face([189, 229, 379])
Face([529, 56, 270])
Face([130, 657, 377])
Face([29, 190, 111])
Face([54, 192, 501])
Face([535, 387, 415])
Face([519, 659, 632])
Face([133, 653, 271])
Face([566, 64, 536])
Face([606, 347, 540])
Face([56, 427, 589])
Face([249, 70, 191])
Face([55, 617, 525])
Face([254, 719, 487])
Face([14, 658, 582])
Face([8, 708, 376])
Face([282, 409, 351])
Face([629, 459, 220])
Face([397, 394, 493])
Face([94, 425, 117])
Face([1, 672, 90])
Face([171, 330, 139])
Face([485, 395, 366])
Face([564, 584, 175])
Face([268, 319, 668])
Face([389, 666, 302])
Face([52, 320, 702])
Face([105, 172, 462])
Face([356, 283, 386])
Face([485, 626, 327])
Face([103, 46, 510])
Face([629, 241, 677])
Face([50, 334, 664])
Face([464, 337, 497])
Face([424, 336, 589])
Face([27, 436, 535])
Face([452, 213, 693])
Face([8, 544, 576])
Face([216, 238, 305])
Face([358, 610, 580])
Face([6, 393, 219])
Face([180, 503, 88])
Face([570, 306, 188])
Face([219, 393, 307])
Face([643, 98, 230])
Face([547, 331, 87])
Face([38, 47, 436])
Face([324, 701, 711])
Face([4, 227, 382])
Face([464, 552, 529])
Face([265, 248, 358])
Face([270, 645, 552])
Face([44, 135, 630])
Face([202, 516, 247])
Face([50, 483, 68])
Face([391, 16, 463])
Face([686, 323, 57])
Face([170, 588, 414])
Face([44, 129, 630])
Face([484, 165, 253])
Face([450, 409, 648])
Face([372, 474, 670])
Face([24, 160, 524])
Face([659, 121, 661])
Face([650, 312, 693])
Face([84, 496, 491])
Face([447, 638, 471])
Face([262, 347, 276])
Face([393, 416, 208])
Face([202, 110, 251])
Face([303, 594, 646])
Face([132, 338, 310])
Face([156, 163, 599])
Face([127, 471, 634])
Face([237, 279, 447])
Face([557, 299, 563])
Face([114, 546, 241])
Face([611, 507, 446])
Face([12, 352, 569])
Face([602, 122, 357])
Face([5, 656, 647])
Face([40, 503, 31])
Face([393, 307, 244])
Face([128, 58, 123])
Face([451, 672, 55])
Face([193, 587, 118])
Face([514, 305, 185])
Face([546, 547, 677])
Face([134, 117, 607])
Face([109, 315, 309])
Face([585, 466, 670])
Face([16, 320, 539])
Face([320, 32, 141])
Face([200, 77, 678])
Face([397, 493, 662])
Face([306, 203, 188])
Face([105, 515, 443])
Face([390, 213, 693])
Face([212, 51, 436])
Face([221, 515, 636])
Face([138, 345, 510])
Face([481, 646, 319])
Face([497, 337, 465])
Face([177, 636, 462])
Face([665, 715, 477])
Face([4, 438, 382])
Face([52, 544, 702])
Face([301, 252, 605])
Face([49, 107, 699])
Face([151, 136, 511])
Face([97, 482, 236])
Face([667, 144, 601])
Face([29, 250, 509])
Face([389, 472, 302])
Face([641, 132, 284])
Face([87, 704, 85])
Face([453, 504, 490])
Face([137, 234, 230])
Face([346, 188, 565])
Face([518, 712, 414])
Face([6, 416, 393])
Face([208, 224, 210])
Face([171, 139, 276])
Face([227, 471, 382])
Face([375, 715, 159])
Face([26, 512, 152])
Face([214, 297, 539])
Face([71, 402, 536])
Face([692, 586, 611])
Face([5, 523, 397])
Face([636, 515, 462])
Face([64, 72, 441])
Face([18, 472, 153])
Face([13, 697, 342])
Face([161, 257, 175])
Face([358, 151, 511])
Face([668, 130, 493])
Face([622, 459, 700])
Face([17, 448, 527])
Face([546, 241, 677])
Face([148, 169, 508])
Face([168, 169, 255])
Face([541, 117, 134])
Face([362, 537, 619])
Face([170, 379, 588])
Face([61, 705, 295])
Face([227, 109, 473])
Face([622, 256, 281])
Face([93, 258, 596])
Face([308, 625, 300])
Face([367, 688, 470])
Face([681, 698, 478])
Face([76, 120, 551])
Face([448, 452, 527])
Face([364, 266, 152])
Face([374, 518, 81])
Face([498, 709, 343])
Face([692, 586, 314])
Face([597, 525, 54])
Face([510, 108, 567])
Face([192, 388, 222])
Face([86, 426, 70])
Face([450, 504, 490])
Face([698, 250, 509])
Face([691, 43, 597])
Face([665, 712, 612])
Face([116, 409, 539])
Face([198, 146, 313])
Face([114, 241, 610])
Face([29, 250, 301])
Face([411, 708, 446])
Face([502, 202, 516])
Face([656, 691, 596])
Face([593, 129, 621])
Face([584, 175, 57])
Face([497, 465, 495])
Face([496, 333, 144])
Face([17, 686, 631])
Face([160, 185, 524])
Face([706, 192, 213])
Face([454, 348, 639])
Face([172, 98, 643])
Face([209, 584, 534])
Face([207, 104, 714])
Face([199, 663, 253])
Face([122, 585, 377])
Face([288, 410, 191])
Face([406, 488, 333])
Face([661, 465, 381])
Face([457, 555, 139])
Face([406, 496, 333])
Face([452, 222, 302])
Face([172, 305, 583])
Face([567, 110, 251])
Face([442, 451, 263])
Face([228, 93, 43])
Face([171, 275, 276])
Face([97, 236, 675])
Face([134, 344, 425])
Face([603, 233, 607])
Face([474, 505, 615])
Face([436, 563, 51])
Face([544, 463, 399])
Face([493, 662, 319])
Face([386, 586, 611])
Face([69, 174, 95])
Face([498, 247, 378])
Face([60, 244, 413])
Face([270, 506, 421])
Face([20, 265, 359])
Face([197, 268, 502])
Face([560, 216, 305])
Face([393, 620, 517])
Face([102, 514, 278])
Face([227, 120, 382])
Face([620, 112, 630])
Face([162, 632, 689])
Face([606, 164, 77])
Face([15, 97, 156])
Face([193, 252, 543])
Face([416, 642, 279])
Face([76, 273, 683])
Face([464, 433, 681])
Face([541, 91, 591])
Face([321, 281, 187])
Face([8, 128, 650])
Face([487, 527, 719])
Face([68, 495, 157])
Face([80, 391, 214])
Face([186, 572, 79])
Face([566, 64, 441])
Face([117, 508, 607])
Face([344, 401, 91])
Face([11, 464, 497])
Face([207, 616, 714])
Face([27, 292, 38])
Face([541, 134, 283])
Face([349, 632, 659])
Face([309, 645, 552])
Face([66, 160, 24])
Face([473, 562, 679])
Face([193, 118, 454])
Face([349, 635, 661])
Face([585, 147, 670])
Face([242, 36, 581])
Face([360, 136, 298])
Face([459, 700, 142])
Face([133, 404, 653])
Face([70, 651, 84])
Face([57, 169, 148])
Face([523, 696, 412])
Face([317, 632, 162])
Face([309, 645, 47])
Face([245, 205, 383])
Face([599, 365, 163])
Face([100, 565, 346])
Face([52, 141, 626])
Face([487, 660, 527])
Face([11, 529, 50])
Face([39, 64, 72])
Face([132, 578, 317])
Face([346, 565, 407])
Face([44, 451, 217])
Face([144, 601, 126])
Face([393, 112, 513])
Face([591, 401, 669])
Face([224, 564, 543])
Face([106, 680, 222])
Face([457, 129, 555])
Face([206, 396, 31])
Face([115, 234, 530])
Face([295, 537, 399])
Face([152, 612, 588])
Face([218, 385, 304])
Face([498, 247, 343])
Face([620, 93, 517])
Face([264, 295, 243])
Face([242, 339, 207])
Face([124, 618, 654])
Face([524, 185, 643])
Face([605, 418, 590])
Face([249, 600, 396])
Face([233, 420, 508])
Face([1, 371, 90])
Face([173, 257, 190])
Face([417, 162, 700])
Face([553, 36, 624])
Face([465, 272, 407])
Face([142, 488, 439])
Face([231, 713, 100])
Face([410, 74, 191])
Face([410, 658, 375])
Face([451, 53, 55])
Face([51, 401, 549])
Face([17, 361, 101])
Face([572, 489, 154])
Face([76, 216, 273])
Face([716, 176, 188])
Face([186, 398, 439])
Face([67, 412, 594])
Face([320, 522, 351])
Face([142, 700, 439])
Face([21, 384, 240])
Face([551, 683, 150])
Face([548, 280, 190])
Face([66, 608, 72])
Face([149, 665, 612])
Face([186, 307, 637])
Face([591, 555, 669])
Face([17, 361, 180])
Face([287, 719, 54])
Face([541, 669, 591])
Face([321, 256, 281])
Face([143, 661, 635])
Face([209, 369, 316])
Face([495, 179, 676])
Face([17, 101, 631])
Face([194, 496, 526])
Face([535, 99, 387])
Face([599, 668, 365])
Face([395, 366, 399])
Face([58, 706, 388])
Face([198, 35, 624])
Face([138, 500, 326])
Face([64, 72, 229])
Face([394, 259, 668])
Face([80, 391, 71])
Face([491, 333, 493])
Face([169, 627, 607])
Face([76, 360, 382])
Face([7, 429, 528])
Face([379, 392, 712])
Face([189, 64, 39])
Face([383, 638, 447])
Face([338, 455, 300])
Face([495, 676, 407])
Face([7, 584, 209])
Face([118, 92, 454])
Face([232, 131, 595])
Face([365, 220, 602])
Face([180, 448, 88])
Face([30, 474, 470])
Face([186, 417, 439])
Face([137, 177, 119])
Face([90, 104, 558])
Face([667, 526, 601])
Face([595, 658, 131])
Face([225, 673, 43])
Face([527, 660, 452])
Face([142, 488, 682])
Face([512, 458, 588])
Face([4, 76, 216])
Face([335, 428, 431])
Face([164, 347, 678])
Face([24, 248, 502])
Face([156, 610, 197])
Face([18, 153, 548])
Face([352, 531, 95])
Face([41, 73, 421])
Face([221, 362, 492])
Face([663, 649, 110])
Face([173, 148, 255])
Face([544, 16, 539])
Face([583, 341, 479])
Face([55, 314, 388])
Face([642, 598, 455])
Face([342, 537, 362])
Face([660, 192, 213])
Face([660, 390, 213])
Face([16, 539, 214])
Face([114, 610, 163])
Face([526, 655, 601])
Face([44, 369, 603])
Face([180, 361, 422])
Face([81, 713, 231])
Face([111, 30, 559])
Face([42, 332, 605])
Face([640, 408, 710])
Face([578, 162, 637])
Face([12, 384, 168])
Face([145, 525, 54])
Face([228, 340, 647])
Face([412, 651, 594])
Face([218, 125, 89])
Face([15, 675, 599])
Face([197, 610, 365])
Face([242, 692, 36])
Face([152, 588, 189])
Face([696, 456, 412])
Face([525, 104, 596])
Face([359, 489, 107])
Face([263, 533, 707])
Face([153, 548, 277])
Face([578, 281, 284])
Face([338, 418, 590])
Face([716, 466, 701])
Face([87, 424, 414])
Face([56, 461, 427])
Face([164, 353, 707])
Face([254, 577, 487])
Face([18, 69, 485])
Face([457, 276, 591])
Face([410, 74, 653])
Face([225, 456, 597])
Face([48, 704, 87])
Face([519, 203, 711])
Face([470, 505, 474])
Face([655, 601, 348])
Face([61, 387, 537])
Face([521, 591, 276])
Face([113, 676, 407])
Face([311, 490, 343])
Face([356, 283, 541])
Face([250, 301, 605])
Face([160, 608, 278])
Face([595, 614, 125])
Face([133, 268, 319])
Face([249, 426, 147])
Face([276, 275, 347])
Face([117, 425, 669])
Face([628, 503, 31])
Face([65, 259, 142])
Face([500, 296, 211])
Face([265, 296, 511])
Face([561, 99, 387])
Face([13, 550, 342])
Face([550, 146, 77])
Face([28, 709, 282])
Face([250, 418, 322])
Face([234, 618, 119])
Face([593, 210, 598])
Face([189, 379, 588])
Face([49, 151, 511])
Face([19, 395, 476])
Face([7, 224, 209])
Face([29, 280, 113])
Face([581, 707, 430])
Face([448, 452, 302])
Face([386, 507, 314])
Face([718, 571, 95])
Face([282, 566, 343])
Face([8, 553, 411])
Face([135, 145, 63])
Face([435, 175, 528])
Face([480, 115, 568])
Face([332, 346, 407])
Face([293, 688, 628])
Face([374, 713, 81])
Face([495, 179, 664])
Face([374, 518, 695])
Face([128, 708, 389])
Face([264, 266, 395])
Face([9, 312, 710])
Face([411, 240, 446])
Face([73, 492, 415])
Face([531, 18, 548])
Face([160, 48, 494])
Face([167, 538, 299])
Face([197, 502, 24])
Face([105, 449, 305])
Face([312, 213, 693])
Face([156, 24, 580])
Face([503, 505, 470])
Face([101, 422, 655])
Face([11, 529, 27])
Face([167, 330, 275])
Face([578, 609, 383])
Face([369, 285, 117])
Face([95, 579, 174])
Face([262, 124, 223])
Face([363, 336, 432])
Face([358, 671, 511])
Face([5, 523, 484])
Face([714, 104, 558])
Face([506, 73, 589])
Face([235, 408, 501])
Face([262, 171, 276])
Face([165, 253, 166])
Face([356, 353, 350])
Face([87, 461, 695])
Face([33, 309, 310])
Face([380, 480, 223])
Face([53, 106, 314])
Face([138, 326, 345])
Face([232, 291, 670])
Face([83, 540, 77])
Face([245, 403, 638])
Face([242, 616, 581])
Face([212, 292, 535])
Face([677, 256, 551])
Face([61, 366, 295])
Face([373, 522, 400])
Face([116, 640, 409])
Face([475, 234, 119])
Face([60, 406, 572])
Face([371, 558, 604])
Face([476, 32, 37])
Face([701, 176, 203])
Face([212, 51, 355])
Face([148, 460, 255])
Face([168, 169, 607])
Face([16, 320, 702])
Face([27, 506, 270])
Face([237, 598, 455])
Face([342, 35, 99])
Face([96, 194, 526])
Face([96, 194, 254])
Face([547, 683, 150])
Face([551, 256, 274])
Face([228, 644, 43])
Face([435, 370, 175])
Face([656, 235, 696])
Face([122, 488, 682])
Face([533, 707, 430])
Face([170, 414, 424])
Face([221, 34, 71])
Face([137, 177, 462])
Face([521, 347, 707])
Face([465, 272, 381])
Face([681, 433, 698])
Face([677, 547, 150])
Face([135, 145, 325])
Face([184, 273, 216])
Face([316, 129, 630])
Face([453, 648, 490])
Face([479, 136, 671])
Face([19, 226, 628])
Face([86, 594, 532])
Face([549, 401, 679])
Face([511, 136, 671])
Face([9, 312, 58])
Face([372, 474, 614])
Face([80, 297, 214])
Face([114, 220, 629])
Face([15, 155, 404])
Face([578, 281, 205])
Face([332, 272, 605])
Face([524, 98, 202])
Face([196, 337, 68])
Face([160, 185, 494])
Face([220, 142, 602])
Face([78, 120, 284])
Face([497, 433, 698])
Face([109, 549, 645])
Face([380, 211, 127])
Face([111, 257, 190])
Face([684, 513, 244])
Face([683, 427, 461])
Face([624, 611, 36])
Face([135, 233, 369])
Face([456, 75, 719])
Face([29, 113, 111])
Face([287, 145, 54])
Face([102, 424, 514])
Face([230, 234, 318])
Face([607, 283, 195])
Face([215, 107, 445])
Face([25, 40, 328])
Face([708, 446, 507])
Face([376, 576, 569])
Face([139, 330, 562])
Face([496, 144, 126])
Face([183, 713, 717])
Face([34, 643, 278])
Face([352, 18, 531])
Face([173, 201, 255])
Face([384, 283, 134])
Face([38, 685, 47])
Face([355, 91, 350])
Face([146, 164, 119])
Face([15, 675, 613])
Face([102, 170, 278])
Face([379, 712, 588])
Face([45, 171, 223])
Face([50, 68, 337])
Face([172, 643, 185])
Face([675, 236, 357])
Face([58, 692, 314])
Face([25, 532, 86])
Face([49, 321, 151])
Face([580, 331, 623])
Face([506, 421, 535])
Face([1, 262, 575])
Face([0, 386, 603])
Face([8, 650, 376])
Face([609, 237, 279])
Face([80, 146, 636])
Face([429, 325, 135])
Face([200, 83, 77])
Face([481, 657, 319])
Face([196, 717, 695])
Face([70, 289, 667])
Face([160, 48, 278])
Face([55, 145, 388])
Face([6, 428, 219])
Face([96, 101, 526])
Face([474, 291, 614])
Face([296, 671, 511])
Face([289, 481, 130])
Face([599, 163, 675])
Face([313, 353, 164])
Face([224, 690, 543])
Face([566, 441, 423])
Face([18, 472, 389])
Face([368, 439, 700])
Face([83, 563, 421])
Face([44, 603, 53])
Face([133, 378, 404])
Face([86, 412, 75])
Face([4, 499, 76])
Face([305, 185, 341])
Face([287, 290, 719])
Face([649, 654, 604])
Face([566, 343, 423])
Face([11, 698, 286])
Face([312, 141, 710])
Face([677, 547, 22])
Face([190, 257, 323])
Face([28, 498, 566])
Face([224, 545, 543])
Face([7, 684, 429])
Face([267, 644, 60])
Face([559, 161, 42])
Face([215, 345, 326])
Face([20, 434, 268])
Face([484, 656, 696])
Face([15, 404, 133])
Face([58, 123, 222])
Face([344, 355, 51])
Face([576, 537, 61])
Face([627, 680, 302])
Face([504, 714, 604])
Face([52, 626, 702])
Face([261, 159, 703])
Face([600, 269, 373])
Face([422, 615, 655])
Face([103, 674, 46])
Face([62, 317, 338])
Face([199, 239, 434])
Face([339, 640, 82])
Face([386, 507, 283])
Face([111, 113, 574])
Face([352, 69, 95])
Face([59, 96, 194])
Face([218, 385, 125])
Face([169, 627, 420])
Face([97, 85, 623])
Face([434, 663, 46])
Face([101, 526, 655])
Face([306, 689, 454])
Face([473, 299, 562])
Face([647, 656, 596])
Face([151, 610, 220])
Face([594, 651, 646])
Face([327, 88, 628])
Face([115, 110, 251])
Face([362, 492, 415])
Face([472, 485, 327])
Face([78, 383, 447])
Face([161, 193, 252])
Face([25, 660, 532])
Face([101, 422, 361])
Face([561, 99, 240])
Face([224, 564, 534])
Face([437, 608, 524])
Face([59, 225, 43])
Face([169, 607, 508])
Face([9, 242, 692])
Face([5, 199, 397])
Face([24, 580, 358])
Face([33, 552, 309])
Face([149, 89, 125])
Face([228, 596, 647])
