[0, 881]
[0, 986]
[0, 1986]
[1, 228]
[1, 773]
[1, 1718]
[2, 385]
[2, 761]
[2, 1888]
[3, 757]
[3, 1500]
[3, 1775]
[4, 5]
[4, 583]
[4, 1855]
[5, 583]
[5, 1855]
[6, 964]
[6, 2038]
[6, 2068]
[7, 1243]
[7, 1330]
[7, 1735]
[8, 632]
[8, 768]
[8, 1508]
[9, 918]
[9, 965]
[9, 1443]
[10, 649]
[10, 1390]
[10, 1593]
[11, 436]
[11, 1150]
[11, 2216]
[12, 449]
[12, 450]
[12, 1162]
[13, 597]
[13, 1751]
[13, 1755]
[14, 373]
[14, 508]
[14, 777]
[15, 102]
[15, 1139]
[15, 1800]
[16, 1092]
[16, 1594]
[16, 1780]
[17, 69]
[17, 951]
[17, 2105]
[18, 714]
[18, 1543]
[18, 1684]
[19, 543]
[19, 1279]
[19, 1336]
[20, 1233]
[20, 1859]
[20, 1860]
[21, 2072]
[21, 2294]
[21, 2333]
[22, 317]
[22, 1068]
[22, 1398]
[23, 1175]
[23, 1193]
[23, 1939]
[24, 96]
[24, 256]
[24, 2036]
[25, 268]
[25, 1650]
[25, 2246]
[26, 1159]
[26, 1174]
[26, 1202]
[27, 782]
[27, 874]
[27, 1911]
[28, 878]
[28, 1348]
[28, 1786]
[29, 249]
[29, 1221]
[29, 1483]
[30, 1228]
[30, 1350]
[30, 1673]
[31, 509]
[31, 1406]
[31, 1875]
[32, 732]
[32, 1009]
[32, 2130]
[33, 720]
[33, 938]
[33, 2396]
[34, 1533]
[34, 1838]
[34, 2298]
[35, 526]
[35, 860]
[35, 1671]
[36, 1165]
[36, 1630]
[36, 2090]
[37, 1107]
[37, 2173]
[37, 2227]
[38, 1842]
[38, 2221]
[38, 2256]
[39, 1781]
[39, 2052]
[39, 2171]
[40, 244]
[40, 915]
[40, 1739]
[41, 292]
[41, 364]
[41, 1032]
[42, 212]
[42, 1251]
[42, 2069]
[43, 683]
[43, 1177]
[43, 1996]
[44, 45]
[44, 1056]
[44, 1420]
[45, 1056]
[45, 1420]
[46, 1196]
[46, 1200]
[46, 2111]
[47, 470]
[47, 1422]
[47, 2242]
[48, 1448]
[48, 1604]
[48, 2165]
[49, 125]
[49, 605]
[49, 1868]
[50, 883]
[50, 1051]
[50, 1874]
[51, 206]
[51, 1236]
[51, 1615]
[52, 459]
[52, 669]
[52, 1652]
[53, 854]
[53, 1651]
[53, 1884]
[54, 290]
[54, 2135]
[54, 2139]
[55, 1315]
[55, 1753]
[55, 2264]
[56, 109]
[56, 1503]
[56, 1670]
[57, 992]
[57, 1947]
[57, 1951]
[58, 767]
[58, 1695]
[58, 2172]
[59, 500]
[59, 1296]
[59, 1818]
[60, 184]
[60, 728]
[60, 1878]
[61, 609]
[61, 1847]
[61, 2117]
[62, 398]
[62, 794]
[62, 851]
[63, 287]
[63, 971]
[63, 2176]
[64, 558]
[64, 908]
[64, 1991]
[65, 343]
[65, 710]
[65, 2119]
[66, 889]
[66, 1137]
[66, 1748]
[67, 137]
[67, 736]
[67, 932]
[68, 930]
[68, 1524]
[68, 2032]
[69, 951]
[69, 2105]
[70, 577]
[70, 1773]
[70, 2344]
[71, 154]
[71, 375]
[71, 2108]
[72, 619]
[72, 812]
[72, 2195]
[73, 741]
[73, 1715]
[73, 2320]
[74, 1370]
[74, 1993]
[74, 2302]
[75, 409]
[75, 835]
[75, 1637]
[76, 855]
[76, 923]
[76, 2357]
[77, 1087]
[77, 1891]
[77, 2299]
[78, 79]
[78, 264]
[78, 2275]
[79, 264]
[79, 2275]
[80, 1079]
[80, 1811]
[80, 1813]
[81, 784]
[81, 1820]
[81, 2066]
[82, 159]
[82, 1333]
[82, 1958]
[83, 358]
[83, 563]
[83, 1030]
[84, 546]
[84, 1231]
[84, 1353]
[85, 296]
[85, 1999]
[85, 2082]
[86, 1520]
[86, 1698]
[86, 1941]
[87, 957]
[87, 1581]
[87, 1662]
[88, 585]
[88, 1468]
[88, 2004]
[89, 871]
[89, 1458]
[89, 2262]
[90, 842]
[90, 1382]
[90, 2351]
[91, 250]
[91, 499]
[91, 1238]
[92, 318]
[92, 1765]
[92, 1790]
[93, 747]
[93, 823]
[93, 1953]
[94, 1374]
[94, 1722]
[94, 1969]
[95, 1078]
[95, 1567]
[95, 1774]
[96, 256]
[96, 2036]
[97, 1383]
[97, 1876]
[97, 2033]
[98, 100]
[98, 110]
[98, 1340]
[99, 1123]
[99, 1295]
[99, 1561]
[100, 110]
[100, 1340]
[101, 259]
[101, 630]
[101, 2244]
[102, 1139]
[102, 1800]
[103, 1831]
[103, 1833]
[103, 1880]
[104, 376]
[104, 1018]
[104, 2240]
[105, 988]
[105, 1125]
[105, 2018]
[106, 383]
[106, 1540]
[106, 2235]
[107, 113]
[107, 1628]
[107, 2377]
[108, 315]
[108, 468]
[108, 935]
[109, 1503]
[109, 1670]
[110, 1340]
[111, 190]
[111, 288]
[111, 1085]
[112, 164]
[112, 1564]
[112, 2314]
[113, 1628]
[113, 2377]
[114, 390]
[114, 626]
[114, 1721]
[115, 614]
[115, 755]
[115, 1589]
[116, 394]
[116, 557]
[116, 2128]
[117, 482]
[117, 2091]
[117, 2184]
[118, 263]
[118, 1846]
[118, 2398]
[119, 312]
[119, 461]
[119, 2000]
[120, 967]
[120, 1554]
[120, 1768]
[121, 745]
[121, 870]
[121, 2132]
[122, 156]
[122, 774]
[122, 2210]
[123, 1090]
[123, 1757]
[123, 2303]
[124, 730]
[124, 1031]
[124, 1321]
[125, 605]
[125, 1868]
[126, 298]
[126, 465]
[126, 1821]
[127, 621]
[127, 1324]
[127, 1642]
[128, 843]
[128, 1188]
[128, 2346]
[129, 904]
[129, 1535]
[129, 2232]
[130, 177]
[130, 367]
[130, 1841]
[131, 1345]
[131, 2144]
[131, 2363]
[132, 197]
[132, 944]
[132, 1408]
[133, 370]
[133, 1804]
[133, 2125]
[134, 475]
[134, 1484]
[134, 2109]
[135, 1105]
[135, 1197]
[135, 2182]
[136, 341]
[136, 380]
[136, 1685]
[137, 736]
[137, 932]
[138, 969]
[138, 1438]
[138, 1747]
[139, 1372]
[139, 1539]
[139, 1631]
[140, 566]
[140, 873]
[140, 984]
[141, 171]
[141, 478]
[141, 2234]
[142, 946]
[142, 1114]
[142, 1622]
[143, 145]
[143, 1360]
[143, 2263]
[144, 1038]
[144, 1226]
[144, 2027]
[145, 1360]
[145, 2263]
[146, 350]
[146, 1149]
[146, 1957]
[147, 615]
[147, 838]
[147, 1409]
[148, 534]
[148, 674]
[148, 1690]
[149, 381]
[149, 1191]
[149, 1392]
[150, 920]
[150, 1529]
[150, 1905]
[151, 514]
[151, 816]
[151, 1518]
[152, 689]
[152, 942]
[152, 2387]
[153, 993]
[153, 1909]
[153, 2099]
[154, 375]
[154, 2108]
[155, 995]
[155, 1055]
[155, 1889]
[156, 774]
[156, 2210]
[157, 549]
[157, 906]
[157, 2345]
[158, 620]
[158, 1523]
[158, 2311]
[159, 1333]
[159, 1958]
[160, 862]
[160, 1514]
[160, 2025]
[161, 600]
[161, 960]
[161, 1205]
[162, 1479]
[162, 1678]
[162, 2189]
[163, 357]
[163, 724]
[163, 880]
[164, 1564]
[164, 2314]
[165, 1014]
[165, 2092]
[165, 2202]
[166, 1610]
[166, 1706]
[166, 2014]
[167, 837]
[167, 1975]
[167, 2253]
[168, 968]
[168, 2226]
[168, 2388]
[169, 1719]
[169, 2200]
[169, 2254]
[170, 283]
[170, 817]
[170, 1512]
[171, 478]
[171, 2234]
[172, 677]
[172, 1118]
[172, 1897]
[173, 912]
[173, 1124]
[173, 2278]
[174, 387]
[174, 1645]
[174, 1807]
[175, 1311]
[175, 1989]
[175, 2219]
[176, 275]
[176, 1639]
[176, 2043]
[177, 367]
[177, 1841]
[178, 924]
[178, 1186]
[178, 2280]
[179, 240]
[179, 1189]
[179, 1814]
[180, 231]
[180, 1022]
[180, 1325]
[181, 247]
[181, 255]
[181, 1937]
[182, 183]
[182, 748]
[182, 947]
[183, 748]
[183, 947]
[184, 728]
[184, 1878]
[185, 193]
[185, 238]
[185, 2248]
[186, 1195]
[186, 1474]
[186, 1710]
[187, 542]
[187, 1371]
[187, 1482]
[188, 1255]
[188, 1568]
[188, 1871]
[189, 533]
[189, 544]
[189, 2392]
[190, 288]
[190, 1085]
[191, 1283]
[191, 1488]
[191, 1976]
[192, 447]
[192, 1269]
[192, 2133]
[193, 238]
[193, 2248]
[194, 1048]
[194, 1207]
[194, 1954]
[195, 425]
[195, 765]
[195, 2011]
[196, 939]
[196, 1256]
[196, 1463]
[197, 944]
[197, 1408]
[198, 333]
[198, 2327]
[198, 2361]
[199, 568]
[199, 1343]
[199, 2030]
[200, 595]
[200, 1519]
[200, 2094]
[201, 875]
[201, 901]
[201, 1886]
[202, 415]
[202, 722]
[202, 1681]
[203, 280]
[203, 1013]
[203, 1204]
[204, 1121]
[204, 1923]
[204, 2115]
[205, 905]
[205, 2243]
[205, 2297]
[206, 1236]
[206, 1615]
[207, 1057]
[207, 1292]
[207, 1293]
[208, 328]
[208, 991]
[208, 2339]
[209, 356]
[209, 522]
[209, 760]
[210, 360]
[210, 1176]
[210, 1219]
[211, 1214]
[211, 1309]
[211, 2236]
[212, 1251]
[212, 2069]
[213, 516]
[213, 735]
[213, 2321]
[214, 503]
[214, 1210]
[214, 1829]
[215, 1646]
[215, 1762]
[215, 1832]
[216, 418]
[216, 711]
[216, 2145]
[217, 900]
[217, 1661]
[217, 1971]
[218, 336]
[218, 462]
[218, 1619]
[219, 780]
[219, 799]
[219, 1998]
[220, 785]
[220, 1084]
[220, 1559]
[221, 402]
[221, 1365]
[221, 1517]
[222, 480]
[222, 531]
[222, 1686]
[223, 1155]
[223, 1837]
[223, 2064]
[224, 857]
[224, 1362]
[224, 1437]
[225, 511]
[225, 1380]
[225, 1964]
[226, 1172]
[226, 1308]
[226, 1419]
[227, 1004]
[227, 1271]
[227, 1763]
[228, 773]
[228, 1718]
[229, 613]
[229, 1187]
[229, 2218]
[230, 1355]
[230, 1571]
[230, 1836]
[231, 1022]
[231, 1325]
[232, 426]
[232, 1401]
[232, 1835]
[233, 537]
[233, 1332]
[233, 2167]
[234, 270]
[234, 709]
[234, 1064]
[235, 887]
[235, 1872]
[235, 2147]
[236, 273]
[236, 441]
[236, 690]
[237, 297]
[237, 808]
[237, 1752]
[238, 2248]
[239, 311]
[239, 635]
[239, 1729]
[240, 1189]
[240, 1814]
[241, 334]
[241, 2293]
[241, 2360]
[242, 646]
[242, 2037]
[242, 2057]
[243, 1282]
[243, 1457]
[243, 2013]
[244, 915]
[244, 1739]
[245, 671]
[245, 1128]
[245, 2356]
[246, 521]
[246, 872]
[246, 1066]
[247, 255]
[247, 1937]
[248, 853]
[248, 1151]
[248, 1611]
[249, 1221]
[249, 1483]
[250, 499]
[250, 1238]
[251, 1136]
[251, 1414]
[251, 2380]
[252, 1454]
[252, 1455]
[252, 2098]
[253, 464]
[253, 1664]
[253, 2362]
[254, 412]
[254, 848]
[254, 1167]
[255, 1937]
[256, 2036]
[257, 438]
[257, 1434]
[257, 2353]
[258, 1802]
[258, 1867]
[258, 2136]
[259, 630]
[259, 2244]
[260, 493]
[260, 1285]
[260, 2118]
[261, 1395]
[261, 1712]
[261, 2021]
[262, 284]
[262, 338]
[262, 1497]
[263, 1846]
[263, 2398]
[264, 2275]
[265, 750]
[265, 1306]
[265, 2247]
[266, 547]
[266, 771]
[266, 2075]
[267, 811]
[267, 1203]
[267, 2010]
[268, 1650]
[268, 2246]
[269, 788]
[269, 1281]
[269, 1904]
[270, 709]
[270, 1064]
[271, 484]
[271, 486]
[271, 525]
[272, 314]
[272, 726]
[272, 1169]
[273, 441]
[273, 690]
[274, 719]
[274, 1289]
[274, 1913]
[275, 1639]
[275, 2043]
[276, 982]
[276, 983]
[276, 1815]
[277, 956]
[277, 2343]
[277, 2389]
[278, 569]
[278, 746]
[278, 1647]
[279, 1602]
[279, 1769]
[279, 2095]
[280, 1013]
[280, 1204]
[281, 589]
[281, 1129]
[281, 2315]
[282, 477]
[282, 653]
[282, 1073]
[283, 817]
[283, 1512]
[284, 338]
[284, 1497]
[285, 800]
[285, 2050]
[285, 2051]
[286, 571]
[286, 962]
[286, 1026]
[287, 971]
[287, 2176]
[288, 1085]
[289, 729]
[289, 731]
[289, 2067]
[290, 2135]
[290, 2139]
[291, 355]
[291, 824]
[291, 1516]
[292, 364]
[292, 1032]
[293, 625]
[293, 628]
[293, 640]
[294, 453]
[294, 664]
[294, 2157]
[295, 1132]
[295, 1898]
[295, 1979]
[296, 1999]
[296, 2082]
[297, 808]
[297, 1752]
[298, 465]
[298, 1821]
[299, 403]
[299, 1549]
[299, 1793]
[300, 684]
[300, 891]
[300, 916]
[301, 457]
[301, 1433]
[301, 1495]
[302, 1558]
[302, 1569]
[302, 2257]
[303, 1294]
[303, 2055]
[303, 2153]
[304, 1464]
[304, 1697]
[304, 2034]
[305, 699]
[305, 1002]
[305, 2328]
[306, 841]
[306, 1347]
[306, 2290]
[307, 1011]
[307, 2076]
[307, 2137]
[308, 530]
[308, 1955]
[308, 2188]
[309, 997]
[309, 1723]
[309, 1963]
[310, 654]
[310, 1126]
[310, 2180]
[311, 635]
[311, 1729]
[312, 461]
[312, 2000]
[313, 497]
[313, 551]
[313, 1059]
[314, 726]
[314, 1169]
[315, 468]
[315, 935]
[316, 377]
[316, 1620]
[316, 2042]
[317, 1068]
[317, 1398]
[318, 1765]
[318, 1790]
[319, 893]
[319, 1424]
[319, 1425]
[320, 1805]
[320, 2148]
[320, 2268]
[321, 1391]
[321, 1475]
[321, 1491]
[322, 886]
[322, 1667]
[322, 1894]
[323, 455]
[323, 1850]
[323, 2224]
[324, 868]
[324, 1877]
[324, 2371]
[325, 828]
[325, 1378]
[325, 1825]
[326, 927]
[326, 1154]
[326, 2230]
[327, 961]
[327, 977]
[327, 1074]
[328, 991]
[328, 2339]
[329, 1201]
[329, 1307]
[329, 1466]
[330, 354]
[330, 941]
[330, 1111]
[331, 439]
[331, 593]
[331, 1808]
[332, 863]
[332, 865]
[332, 1144]
[333, 2327]
[333, 2361]
[334, 2293]
[334, 2360]
[335, 1399]
[335, 1713]
[335, 2336]
[336, 462]
[336, 1619]
[337, 804]
[337, 1605]
[337, 2204]
[338, 1497]
[339, 452]
[339, 966]
[339, 1472]
[340, 972]
[340, 1060]
[340, 1906]
[341, 380]
[341, 1685]
[342, 948]
[342, 1082]
[342, 2397]
[343, 710]
[343, 2119]
[344, 345]
[344, 845]
[344, 1190]
[345, 845]
[345, 1190]
[346, 434]
[346, 882]
[346, 1672]
[347, 1076]
[347, 2049]
[347, 2175]
[348, 536]
[348, 1096]
[348, 2231]
[349, 798]
[349, 1223]
[349, 1966]
[350, 1149]
[350, 1957]
[351, 1036]
[351, 1591]
[351, 1682]
[352, 501]
[352, 1863]
[352, 2385]
[353, 1699]
[353, 1741]
[353, 2079]
[354, 941]
[354, 1111]
[355, 824]
[355, 1516]
[356, 522]
[356, 760]
[357, 724]
[357, 880]
[358, 563]
[358, 1030]
[359, 419]
[359, 1232]
[359, 1995]
[360, 1176]
[360, 1219]
[361, 1379]
[361, 1783]
[361, 1895]
[362, 1487]
[362, 2255]
[362, 2347]
[363, 515]
[363, 1359]
[363, 2286]
[364, 1032]
[365, 1148]
[365, 1215]
[365, 1819]
[366, 541]
[366, 1106]
[366, 1290]
[367, 1841]
[368, 1010]
[368, 1376]
[368, 1902]
[369, 479]
[369, 1033]
[369, 1746]
[370, 1804]
[370, 2125]
[371, 869]
[371, 1657]
[371, 2289]
[372, 582]
[372, 705]
[372, 1263]
[373, 508]
[373, 777]
[374, 1184]
[374, 1252]
[374, 1310]
[375, 2108]
[376, 1018]
[376, 2240]
[377, 1620]
[377, 2042]
[378, 952]
[378, 1388]
[378, 1764]
[379, 1239]
[379, 1634]
[379, 2046]
[380, 1685]
[381, 1191]
[381, 1392]
[382, 572]
[382, 1318]
[382, 1931]
[383, 1540]
[383, 2235]
[384, 433]
[384, 555]
[384, 616]
[385, 761]
[385, 1888]
[386, 592]
[386, 1044]
[386, 1598]
[387, 1645]
[387, 1807]
[388, 1375]
[388, 1725]
[388, 2379]
[389, 1072]
[389, 1436]
[389, 1866]
[390, 626]
[390, 1721]
[391, 431]
[391, 1135]
[391, 1411]
[392, 1596]
[392, 2279]
[392, 2390]
[393, 641]
[393, 2045]
[393, 2284]
[394, 557]
[394, 2128]
[395, 1003]
[395, 1361]
[395, 2024]
[396, 1570]
[396, 1881]
[396, 2251]
[397, 1373]
[397, 2086]
[397, 2281]
[398, 794]
[398, 851]
[399, 879]
[399, 1677]
[399, 2162]
[400, 1303]
[400, 2002]
[400, 2026]
[401, 1575]
[401, 2044]
[401, 2126]
[402, 1365]
[402, 1517]
[403, 1549]
[403, 1793]
[404, 407]
[404, 1597]
[404, 1912]
[405, 1216]
[405, 1429]
[405, 2074]
[406, 981]
[406, 1654]
[406, 1893]
[407, 1597]
[407, 1912]
[408, 987]
[408, 1217]
[408, 1258]
[409, 835]
[409, 1637]
[410, 1405]
[410, 1740]
[410, 1858]
[411, 809]
[411, 1439]
[411, 1655]
[412, 848]
[412, 1167]
[413, 717]
[413, 1501]
[413, 2096]
[414, 727]
[414, 1649]
[414, 2054]
[415, 722]
[415, 1681]
[416, 1249]
[416, 1467]
[416, 2156]
[417, 586]
[417, 1387]
[417, 2316]
[418, 711]
[418, 2145]
[419, 1232]
[419, 1995]
[420, 454]
[420, 1328]
[420, 2035]
[421, 704]
[421, 1552]
[421, 1683]
[422, 790]
[422, 1910]
[422, 2208]
[423, 696]
[423, 973]
[423, 1368]
[424, 576]
[424, 1229]
[424, 2209]
[425, 765]
[425, 2011]
[426, 1401]
[426, 1835]
[427, 471]
[427, 1225]
[427, 1339]
[428, 928]
[428, 1485]
[428, 1641]
[429, 1141]
[429, 1759]
[429, 1952]
[430, 676]
[430, 2097]
[430, 2170]
[431, 1135]
[431, 1411]
[432, 1070]
[432, 1447]
[432, 1772]
[433, 555]
[433, 616]
[434, 882]
[434, 1672]
[435, 1178]
[435, 1702]
[435, 1785]
[436, 1150]
[436, 2216]
[437, 1253]
[437, 1665]
[437, 1694]
[438, 1434]
[438, 2353]
[439, 593]
[439, 1808]
[440, 1077]
[440, 1614]
[440, 2300]
[441, 690]
[442, 1138]
[442, 1925]
[442, 2053]
[443, 898]
[443, 1313]
[443, 1926]
[444, 445]
[444, 562]
[444, 1553]
[445, 562]
[445, 1553]
[446, 678]
[446, 1323]
[446, 2211]
[447, 1269]
[447, 2133]
[448, 945]
[448, 1276]
[448, 2271]
[449, 450]
[449, 1162]
[450, 1162]
[451, 832]
[451, 1199]
[451, 1212]
[452, 966]
[452, 1472]
[453, 664]
[453, 2157]
[454, 1328]
[454, 2035]
[455, 1850]
[455, 2224]
[456, 612]
[456, 1134]
[456, 1431]
[457, 1433]
[457, 1495]
[458, 752]
[458, 1883]
[458, 2340]
[459, 669]
[459, 1652]
[460, 535]
[460, 1734]
[460, 2134]
[461, 2000]
[462, 1619]
[463, 888]
[463, 1688]
[463, 2341]
[464, 1664]
[464, 2362]
[465, 1821]
[466, 496]
[466, 685]
[466, 1248]
[467, 550]
[467, 606]
[467, 2177]
[468, 935]
[469, 603]
[469, 1618]
[469, 2110]
[470, 1422]
[470, 2242]
[471, 1225]
[471, 1339]
[472, 1153]
[472, 1273]
[472, 1317]
[473, 786]
[473, 1254]
[473, 1689]
[474, 1021]
[474, 1262]
[474, 1901]
[475, 1484]
[475, 2109]
[476, 716]
[476, 1797]
[476, 2113]
[477, 653]
[477, 1073]
[478, 2234]
[479, 1033]
[479, 1746]
[480, 531]
[480, 1686]
[481, 1039]
[481, 1899]
[481, 1983]
[482, 2091]
[482, 2184]
[483, 644]
[483, 648]
[483, 1230]
[484, 486]
[484, 525]
[485, 1006]
[485, 1131]
[485, 2267]
[486, 525]
[487, 1287]
[487, 1386]
[487, 1960]
[488, 1415]
[488, 1416]
[488, 1890]
[489, 667]
[489, 1242]
[489, 1342]
[490, 504]
[490, 1621]
[490, 1917]
[491, 921]
[491, 1235]
[491, 2058]
[492, 517]
[492, 1093]
[492, 1852]
[493, 1285]
[493, 2118]
[494, 495]
[494, 756]
[494, 758]
[495, 756]
[495, 758]
[496, 685]
[496, 1248]
[497, 551]
[497, 1059]
[498, 645]
[498, 963]
[498, 2349]
[499, 1238]
[500, 1296]
[500, 1818]
[501, 1863]
[501, 2385]
[502, 1046]
[502, 1542]
[502, 2020]
[503, 1210]
[503, 1829]
[504, 1621]
[504, 1917]
[505, 672]
[505, 1102]
[505, 2305]
[506, 661]
[506, 1510]
[506, 1576]
[507, 1035]
[507, 1430]
[507, 1668]
[508, 777]
[509, 1406]
[509, 1875]
[510, 803]
[510, 890]
[510, 1209]
[511, 1380]
[511, 1964]
[512, 528]
[512, 959]
[512, 1985]
[513, 575]
[513, 1848]
[513, 2288]
[514, 816]
[514, 1518]
[515, 1359]
[515, 2286]
[516, 735]
[516, 2321]
[517, 1093]
[517, 1852]
[518, 713]
[518, 743]
[518, 1385]
[519, 1297]
[519, 1480]
[519, 1666]
[520, 694]
[520, 1012]
[520, 1435]
[521, 872]
[521, 1066]
[522, 760]
[523, 524]
[523, 1601]
[523, 2228]
[524, 1601]
[524, 2228]
[526, 860]
[526, 1671]
[527, 1181]
[527, 1185]
[527, 1853]
[528, 959]
[528, 1985]
[529, 1027]
[529, 1222]
[529, 1801]
[530, 1955]
[530, 2188]
[531, 1686]
[532, 552]
[532, 1016]
[532, 2337]
[533, 544]
[533, 2392]
[534, 674]
[534, 1690]
[535, 1734]
[535, 2134]
[536, 1096]
[536, 2231]
[537, 1332]
[537, 2167]
[538, 1067]
[538, 1537]
[538, 1771]
[539, 540]
[539, 723]
[539, 769]
[540, 723]
[540, 769]
[541, 1106]
[541, 1290]
[542, 1371]
[542, 1482]
[543, 1279]
[543, 1336]
[544, 2392]
[545, 978]
[545, 1109]
[545, 1692]
[546, 1231]
[546, 1353]
[547, 771]
[547, 2075]
[548, 856]
[548, 1720]
[548, 2307]
[549, 906]
[549, 2345]
[550, 606]
[550, 2177]
[551, 1059]
[552, 1016]
[552, 2337]
[553, 909]
[553, 910]
[553, 954]
[554, 766]
[554, 1578]
[554, 2330]
[555, 616]
[556, 650]
[556, 2152]
[556, 2159]
[557, 2128]
[558, 908]
[558, 1991]
[559, 1182]
[559, 1327]
[559, 1444]
[560, 934]
[560, 1527]
[560, 2350]
[561, 793]
[561, 902]
[561, 1851]
[562, 1553]
[563, 1030]
[564, 1393]
[564, 1784]
[564, 2203]
[565, 1065]
[565, 1100]
[565, 1887]
[566, 873]
[566, 984]
[567, 638]
[567, 1445]
[567, 1599]
[568, 1343]
[568, 2030]
[569, 746]
[569, 1647]
[570, 989]
[570, 1534]
[570, 2237]
[571, 962]
[571, 1026]
[572, 1318]
[572, 1931]
[573, 718]
[573, 1246]
[573, 2334]
[574, 1008]
[574, 1117]
[574, 2174]
[575, 1848]
[575, 2288]
[576, 1229]
[576, 2209]
[577, 1773]
[577, 2344]
[578, 1691]
[578, 2022]
[578, 2229]
[579, 1156]
[579, 1157]
[579, 1907]
[580, 1180]
[580, 1268]
[580, 1299]
[581, 1163]
[581, 2191]
[581, 2332]
[582, 705]
[582, 1263]
[583, 1855]
[584, 796]
[584, 1099]
[584, 1498]
[585, 1468]
[585, 2004]
[586, 1387]
[586, 2316]
[587, 1245]
[587, 1916]
[587, 2326]
[588, 1319]
[588, 1577]
[588, 1609]
[589, 1129]
[589, 2315]
[590, 706]
[590, 1864]
[590, 1865]
[591, 693]
[591, 1756]
[591, 1943]
[592, 1044]
[592, 1598]
[593, 1808]
[594, 1208]
[594, 1687]
[594, 2212]
[595, 1519]
[595, 2094]
[596, 742]
[596, 1334]
[596, 1531]
[597, 1751]
[597, 1755]
[598, 1071]
[598, 1635]
[598, 2329]
[599, 657]
[599, 1400]
[599, 2158]
[600, 960]
[600, 1205]
[601, 604]
[601, 1326]
[601, 1421]
[602, 1194]
[602, 1525]
[602, 2073]
[603, 1618]
[603, 2110]
[604, 1326]
[604, 1421]
[605, 1868]
[606, 2177]
[607, 655]
[607, 789]
[607, 866]
[608, 844]
[608, 1777]
[608, 1900]
[609, 1847]
[609, 2117]
[610, 1075]
[610, 1115]
[610, 1427]
[611, 643]
[611, 1034]
[611, 1574]
[612, 1134]
[612, 1431]
[613, 1187]
[613, 2218]
[614, 755]
[614, 1589]
[615, 838]
[615, 1409]
[617, 899]
[617, 1828]
[617, 2287]
[618, 1211]
[618, 1462]
[618, 1844]
[619, 812]
[619, 2195]
[620, 1523]
[620, 2311]
[621, 1324]
[621, 1642]
[622, 1025]
[622, 2070]
[622, 2291]
[623, 864]
[623, 936]
[623, 2317]
[624, 1778]
[624, 1987]
[624, 2061]
[625, 628]
[625, 640]
[626, 1721]
[627, 1316]
[627, 1394]
[627, 1441]
[628, 640]
[629, 660]
[629, 691]
[629, 1470]
[630, 2244]
[631, 1397]
[631, 1460]
[631, 1548]
[632, 768]
[632, 1508]
[633, 1061]
[633, 1927]
[633, 2078]
[634, 1363]
[634, 2008]
[634, 2301]
[635, 1729]
[636, 637]
[636, 821]
[636, 2199]
[637, 821]
[637, 2199]
[638, 1445]
[638, 1599]
[639, 1298]
[639, 1849]
[639, 2348]
[641, 2045]
[641, 2284]
[642, 1005]
[642, 1626]
[642, 1882]
[643, 1034]
[643, 1574]
[644, 648]
[644, 1230]
[645, 963]
[645, 2349]
[646, 2037]
[646, 2057]
[647, 1536]
[647, 1566]
[647, 1789]
[648, 1230]
[649, 1390]
[649, 1593]
[650, 2152]
[650, 2159]
[651, 810]
[651, 1029]
[651, 1854]
[652, 670]
[652, 1272]
[652, 1358]
[653, 1073]
[654, 1126]
[654, 2180]
[655, 789]
[655, 866]
[656, 1896]
[656, 1992]
[656, 2084]
[657, 1400]
[657, 2158]
[658, 1679]
[658, 1827]
[658, 1932]
[659, 697]
[659, 1477]
[659, 2124]
[660, 691]
[660, 1470]
[661, 1510]
[661, 1576]
[662, 937]
[662, 1822]
[662, 2335]
[663, 802]
[663, 926]
[663, 2366]
[664, 2157]
[665, 666]
[665, 846]
[665, 1892]
[666, 846]
[666, 1892]
[667, 1242]
[667, 1342]
[668, 1053]
[668, 1743]
[668, 1972]
[669, 1652]
[670, 1272]
[670, 1358]
[671, 1128]
[671, 2356]
[672, 1102]
[672, 2305]
[673, 1179]
[673, 2149]
[673, 2386]
[674, 1690]
[675, 1407]
[675, 1922]
[675, 1950]
[676, 2097]
[676, 2170]
[677, 1118]
[677, 1897]
[678, 1323]
[678, 2211]
[679, 1127]
[679, 1451]
[679, 1623]
[680, 850]
[680, 1301]
[680, 2331]
[681, 744]
[681, 1582]
[681, 1796]
[682, 829]
[682, 892]
[682, 1633]
[683, 1177]
[683, 1996]
[684, 891]
[684, 916]
[685, 1248]
[686, 1511]
[686, 1824]
[686, 2006]
[687, 1244]
[687, 1473]
[687, 1505]
[688, 1042]
[688, 1745]
[688, 1798]
[689, 942]
[689, 2387]
[691, 1470]
[692, 792]
[692, 1940]
[692, 2029]
[693, 1756]
[693, 1943]
[694, 1012]
[694, 1435]
[695, 1453]
[695, 1572]
[695, 1724]
[696, 973]
[696, 1368]
[697, 1477]
[697, 2124]
[698, 703]
[698, 1703]
[698, 1794]
[699, 1002]
[699, 2328]
[700, 762]
[700, 763]
[700, 1994]
[701, 975]
[701, 1586]
[701, 2375]
[702, 1410]
[702, 2190]
[702, 2374]
[703, 1703]
[703, 1794]
[704, 1552]
[704, 1683]
[705, 1263]
[706, 1864]
[706, 1865]
[707, 933]
[707, 1636]
[707, 2016]
[708, 1404]
[708, 1426]
[708, 1513]
[709, 1064]
[710, 2119]
[711, 2145]
[712, 998]
[712, 2140]
[712, 2233]
[713, 743]
[713, 1385]
[714, 1543]
[714, 1684]
[715, 1970]
[715, 2141]
[715, 2355]
[716, 1797]
[716, 2113]
[717, 1501]
[717, 2096]
[718, 1246]
[718, 2334]
[719, 1289]
[719, 1913]
[720, 938]
[720, 2396]
[721, 1024]
[721, 1412]
[721, 2270]
[722, 1681]
[723, 769]
[724, 880]
[725, 1528]
[725, 1584]
[725, 2370]
[726, 1169]
[727, 1649]
[727, 2054]
[728, 1878]
[729, 731]
[729, 2067]
[730, 1031]
[730, 1321]
[731, 2067]
[732, 1009]
[732, 2130]
[733, 896]
[733, 897]
[733, 1257]
[734, 1275]
[734, 1726]
[734, 2285]
[735, 2321]
[736, 932]
[737, 994]
[737, 1440]
[737, 1653]
[738, 1489]
[738, 1573]
[738, 1750]
[739, 2028]
[739, 2056]
[739, 2186]
[740, 1312]
[740, 2220]
[740, 2309]
[741, 1715]
[741, 2320]
[742, 1334]
[742, 1531]
[743, 1385]
[744, 1582]
[744, 1796]
[745, 870]
[745, 2132]
[746, 1647]
[747, 823]
[747, 1953]
[748, 947]
[749, 1816]
[749, 1817]
[749, 1948]
[750, 1306]
[750, 2247]
[751, 1227]
[751, 1933]
[751, 1968]
[752, 1883]
[752, 2340]
[753, 1381]
[753, 1588]
[753, 2393]
[754, 914]
[754, 2213]
[754, 2325]
[755, 1589]
[756, 758]
[757, 1500]
[757, 1775]
[759, 990]
[759, 1352]
[759, 1803]
[761, 1888]
[762, 763]
[762, 1994]
[763, 1994]
[764, 1260]
[764, 1928]
[764, 2238]
[765, 2011]
[766, 1578]
[766, 2330]
[767, 1695]
[767, 2172]
[768, 1508]
[770, 819]
[770, 1145]
[770, 1354]
[771, 2075]
[772, 2102]
[772, 2106]
[772, 2306]
[773, 1718]
[774, 2210]
[775, 787]
[775, 1776]
[775, 2249]
[776, 1277]
[776, 1627]
[776, 2142]
[778, 1161]
[778, 2088]
[778, 2304]
[779, 1097]
[779, 2040]
[779, 2187]
[780, 799]
[780, 1998]
[781, 1541]
[781, 1736]
[781, 1903]
[782, 874]
[782, 1911]
[783, 2007]
[783, 2017]
[783, 2192]
[784, 1820]
[784, 2066]
[785, 1084]
[785, 1559]
[786, 1254]
[786, 1689]
[787, 1776]
[787, 2249]
[788, 1281]
[788, 1904]
[789, 866]
[790, 1910]
[790, 2208]
[791, 1538]
[791, 1791]
[791, 2292]
[792, 1940]
[792, 2029]
[793, 902]
[793, 1851]
[794, 851]
[795, 1547]
[795, 1555]
[795, 1982]
[796, 1099]
[796, 1498]
[797, 1782]
[797, 1961]
[797, 2222]
[798, 1223]
[798, 1966]
[799, 1998]
[800, 2050]
[800, 2051]
[801, 970]
[801, 1506]
[801, 1507]
[802, 926]
[802, 2366]
[803, 890]
[803, 1209]
[804, 1605]
[804, 2204]
[805, 1613]
[805, 1973]
[805, 2217]
[806, 1143]
[806, 1170]
[806, 1643]
[807, 839]
[807, 1490]
[807, 1749]
[808, 1752]
[809, 1439]
[809, 1655]
[810, 1029]
[810, 1854]
[811, 1203]
[811, 2010]
[812, 2195]
[813, 1700]
[813, 1788]
[813, 1981]
[814, 1280]
[814, 1493]
[814, 1879]
[815, 847]
[815, 1278]
[815, 1478]
[816, 1518]
[817, 1512]
[818, 953]
[818, 1206]
[818, 1267]
[819, 1145]
[819, 1354]
[820, 1081]
[820, 1367]
[820, 1608]
[821, 2199]
[822, 1083]
[822, 1286]
[822, 1908]
[823, 1953]
[824, 1516]
[825, 861]
[825, 1259]
[825, 1496]
[826, 1737]
[826, 2155]
[826, 2383]
[827, 1015]
[827, 1335]
[827, 1810]
[828, 1378]
[828, 1825]
[829, 892]
[829, 1633]
[830, 903]
[830, 922]
[830, 2112]
[831, 1920]
[831, 2039]
[831, 2394]
[832, 1199]
[832, 1212]
[833, 1213]
[833, 1366]
[833, 2391]
[834, 1302]
[834, 2131]
[834, 2164]
[835, 1637]
[836, 1103]
[836, 1432]
[836, 2154]
[837, 1975]
[837, 2253]
[838, 1409]
[839, 1490]
[839, 1749]
[840, 1241]
[840, 1787]
[840, 1942]
[841, 1347]
[841, 2290]
[842, 1382]
[842, 2351]
[843, 1188]
[843, 2346]
[844, 1777]
[844, 1900]
[845, 1190]
[846, 1892]
[847, 1278]
[847, 1478]
[848, 1167]
[849, 1402]
[849, 1403]
[849, 2123]
[850, 1301]
[850, 2331]
[852, 1921]
[852, 1924]
[852, 2324]
[853, 1151]
[853, 1611]
[854, 1651]
[854, 1884]
[855, 923]
[855, 2357]
[856, 1720]
[856, 2307]
[857, 1362]
[857, 1437]
[858, 1049]
[858, 1504]
[858, 1629]
[859, 980]
[859, 1396]
[859, 1885]
[860, 1671]
[861, 1259]
[861, 1496]
[862, 1514]
[862, 2025]
[863, 865]
[863, 1144]
[864, 936]
[864, 2317]
[865, 1144]
[867, 1766]
[867, 2245]
[867, 2258]
[868, 1877]
[868, 2371]
[869, 1657]
[869, 2289]
[870, 2132]
[871, 1458]
[871, 2262]
[872, 1066]
[873, 984]
[874, 1911]
[875, 901]
[875, 1886]
[876, 1220]
[876, 1428]
[876, 1592]
[877, 913]
[877, 1234]
[877, 1732]
[878, 1348]
[878, 1786]
[879, 1677]
[879, 2162]
[881, 986]
[881, 1986]
[882, 1672]
[883, 1051]
[883, 1874]
[884, 1471]
[884, 1532]
[884, 2382]
[885, 1264]
[885, 1521]
[885, 1974]
[886, 1667]
[886, 1894]
[887, 1872]
[887, 2147]
[888, 1688]
[888, 2341]
[889, 1137]
[889, 1748]
[890, 1209]
[891, 916]
[892, 1633]
[893, 1424]
[893, 1425]
[894, 1058]
[894, 1346]
[894, 2083]
[895, 1344]
[895, 1494]
[895, 1680]
[896, 897]
[896, 1257]
[897, 1257]
[898, 1313]
[898, 1926]
[899, 1828]
[899, 2287]
[900, 1661]
[900, 1971]
[901, 1886]
[902, 1851]
[903, 922]
[903, 2112]
[904, 1535]
[904, 2232]
[905, 2243]
[905, 2297]
[906, 2345]
[907, 940]
[907, 2277]
[907, 2342]
[908, 1991]
[909, 910]
[909, 954]
[910, 954]
[911, 1364]
[911, 1465]
[911, 1701]
[912, 1124]
[912, 2278]
[913, 1234]
[913, 1732]
[914, 2213]
[914, 2325]
[915, 1739]
[917, 1459]
[917, 1545]
[917, 1716]
[918, 965]
[918, 1443]
[919, 2065]
[919, 2100]
[919, 2114]
[920, 1529]
[920, 1905]
[921, 1235]
[921, 2058]
[922, 2112]
[923, 2357]
[924, 1186]
[924, 2280]
[925, 1043]
[925, 1329]
[925, 2101]
[926, 2366]
[927, 1154]
[927, 2230]
[928, 1485]
[928, 1641]
[929, 958]
[929, 1041]
[929, 1758]
[930, 1524]
[930, 2032]
[931, 1546]
[931, 1644]
[931, 2009]
[933, 1636]
[933, 2016]
[934, 1527]
[934, 2350]
[936, 2317]
[937, 1822]
[937, 2335]
[938, 2396]
[939, 1256]
[939, 1463]
[940, 2277]
[940, 2342]
[941, 1111]
[942, 2387]
[943, 1707]
[943, 1946]
[943, 2001]
[944, 1408]
[945, 1276]
[945, 2271]
[946, 1114]
[946, 1622]
[948, 1082]
[948, 2397]
[949, 955]
[949, 1714]
[949, 2384]
[950, 1305]
[950, 1607]
[950, 2241]
[951, 2105]
[952, 1388]
[952, 1764]
[953, 1206]
[953, 1267]
[955, 1714]
[955, 2384]
[956, 2343]
[956, 2389]
[957, 1581]
[957, 1662]
[958, 1041]
[958, 1758]
[959, 1985]
[960, 1205]
[961, 977]
[961, 1074]
[962, 1026]
[963, 2349]
[964, 2038]
[964, 2068]
[965, 1443]
[966, 1472]
[967, 1554]
[967, 1768]
[968, 2226]
[968, 2388]
[969, 1438]
[969, 1747]
[970, 1506]
[970, 1507]
[971, 2176]
[972, 1060]
[972, 1906]
[973, 1368]
[974, 1001]
[974, 1122]
[974, 1550]
[975, 1586]
[975, 2375]
[976, 1237]
[976, 1595]
[976, 1708]
[977, 1074]
[978, 1109]
[978, 1692]
[979, 1062]
[979, 1069]
[979, 1331]
[980, 1396]
[980, 1885]
[981, 1654]
[981, 1893]
[982, 983]
[982, 1815]
[983, 1815]
[985, 1063]
[985, 1104]
[985, 1450]
[986, 1986]
[987, 1217]
[987, 1258]
[988, 1125]
[988, 2018]
[989, 1534]
[989, 2237]
[990, 1352]
[990, 1803]
[991, 2339]
[992, 1947]
[992, 1951]
[993, 1909]
[993, 2099]
[994, 1440]
[994, 1653]
[995, 1055]
[995, 1889]
[996, 1160]
[996, 2206]
[996, 2207]
[997, 1723]
[997, 1963]
[998, 2140]
[998, 2233]
[999, 1133]
[999, 1956]
[999, 2019]
[1000, 1284]
[1000, 2151]
[1000, 2282]
[1001, 1122]
[1001, 1550]
[1002, 2328]
[1003, 1361]
[1003, 2024]
[1004, 1271]
[1004, 1763]
[1005, 1626]
[1005, 1882]
[1006, 1131]
[1006, 2267]
[1007, 1166]
[1007, 1659]
[1007, 1945]
[1008, 1117]
[1008, 2174]
[1009, 2130]
[1010, 1376]
[1010, 1902]
[1011, 2076]
[1011, 2137]
[1012, 1435]
[1013, 1204]
[1014, 2092]
[1014, 2202]
[1015, 1335]
[1015, 1810]
[1016, 2337]
[1017, 1112]
[1017, 1413]
[1017, 2381]
[1018, 2240]
[1019, 1240]
[1019, 1709]
[1019, 1843]
[1020, 1146]
[1020, 1265]
[1020, 2225]
[1021, 1262]
[1021, 1901]
[1022, 1325]
[1023, 1861]
[1023, 2003]
[1023, 2378]
[1024, 1412]
[1024, 2270]
[1025, 2070]
[1025, 2291]
[1027, 1222]
[1027, 1801]
[1028, 1949]
[1028, 1997]
[1028, 2143]
[1029, 1854]
[1031, 1321]
[1033, 1746]
[1034, 1574]
[1035, 1430]
[1035, 1668]
[1036, 1591]
[1036, 1682]
[1037, 1119]
[1037, 1452]
[1037, 1934]
[1038, 1226]
[1038, 2027]
[1039, 1899]
[1039, 1983]
[1040, 1648]
[1040, 2005]
[1040, 2060]
[1041, 1758]
[1042, 1745]
[1042, 1798]
[1043, 1329]
[1043, 2101]
[1044, 1598]
[1045, 1456]
[1045, 1669]
[1045, 1733]
[1046, 1542]
[1046, 2020]
[1047, 1446]
[1047, 1587]
[1047, 1711]
[1048, 1207]
[1048, 1954]
[1049, 1504]
[1049, 1629]
[1050, 1377]
[1050, 2161]
[1050, 2322]
[1051, 1874]
[1052, 1110]
[1052, 1562]
[1052, 1563]
[1053, 1743]
[1053, 1972]
[1054, 1515]
[1054, 1761]
[1054, 2048]
[1055, 1889]
[1056, 1420]
[1057, 1292]
[1057, 1293]
[1058, 1346]
[1058, 2083]
[1060, 1906]
[1061, 1927]
[1061, 2078]
[1062, 1069]
[1062, 1331]
[1063, 1104]
[1063, 1450]
[1065, 1100]
[1065, 1887]
[1067, 1537]
[1067, 1771]
[1068, 1398]
[1069, 1331]
[1070, 1447]
[1070, 1772]
[1071, 1635]
[1071, 2329]
[1072, 1436]
[1072, 1866]
[1075, 1115]
[1075, 1427]
[1076, 2049]
[1076, 2175]
[1077, 1614]
[1077, 2300]
[1078, 1567]
[1078, 1774]
[1079, 1811]
[1079, 1813]
[1080, 1086]
[1080, 1840]
[1080, 2129]
[1081, 1367]
[1081, 1608]
[1082, 2397]
[1083, 1286]
[1083, 1908]
[1084, 1559]
[1086, 1840]
[1086, 2129]
[1087, 1891]
[1087, 2299]
[1088, 1509]
[1088, 1640]
[1088, 1862]
[1089, 1658]
[1089, 2062]
[1089, 2127]
[1090, 1757]
[1090, 2303]
[1091, 1638]
[1091, 1809]
[1091, 2168]
[1092, 1594]
[1092, 1780]
[1093, 1852]
[1094, 1481]
[1094, 1580]
[1094, 2194]
[1095, 1936]
[1095, 2197]
[1095, 2364]
[1096, 2231]
[1097, 2040]
[1097, 2187]
[1098, 1565]
[1098, 2163]
[1098, 2352]
[1099, 1498]
[1100, 1887]
[1101, 1705]
[1101, 1919]
[1101, 1938]
[1102, 2305]
[1103, 1432]
[1103, 2154]
[1104, 1450]
[1105, 1197]
[1105, 2182]
[1106, 1290]
[1107, 2173]
[1107, 2227]
[1108, 1522]
[1108, 1590]
[1108, 2308]
[1109, 1692]
[1110, 1562]
[1110, 1563]
[1112, 1413]
[1112, 2381]
[1113, 1261]
[1113, 1369]
[1113, 1812]
[1114, 1622]
[1115, 1427]
[1116, 1717]
[1116, 1918]
[1116, 2376]
[1117, 2174]
[1118, 1897]
[1119, 1452]
[1119, 1934]
[1120, 1469]
[1120, 1870]
[1120, 2274]
[1121, 1923]
[1121, 2115]
[1122, 1550]
[1123, 1295]
[1123, 1561]
[1124, 2278]
[1125, 2018]
[1126, 2180]
[1127, 1451]
[1127, 1623]
[1128, 2356]
[1129, 2315]
[1130, 1274]
[1130, 1915]
[1130, 1944]
[1131, 2267]
[1132, 1898]
[1132, 1979]
[1133, 1956]
[1133, 2019]
[1134, 1431]
[1135, 1411]
[1136, 1414]
[1136, 2380]
[1137, 1748]
[1138, 1925]
[1138, 2053]
[1139, 1800]
[1140, 2063]
[1140, 2138]
[1140, 2150]
[1141, 1759]
[1141, 1952]
[1142, 1314]
[1142, 1624]
[1142, 2080]
[1143, 1170]
[1143, 1643]
[1145, 1354]
[1146, 1265]
[1146, 2225]
[1147, 1526]
[1147, 1792]
[1147, 1826]
[1148, 1215]
[1148, 1819]
[1149, 1957]
[1150, 2216]
[1151, 1611]
[1152, 1171]
[1152, 1556]
[1152, 1806]
[1153, 1273]
[1153, 1317]
[1154, 2230]
[1155, 1837]
[1155, 2064]
[1156, 1157]
[1156, 1907]
[1157, 1907]
[1158, 1192]
[1158, 1606]
[1158, 2093]
[1159, 1174]
[1159, 1202]
[1160, 2206]
[1160, 2207]
[1161, 2088]
[1161, 2304]
[1163, 2191]
[1163, 2332]
[1164, 1612]
[1164, 1730]
[1164, 2015]
[1165, 1630]
[1165, 2090]
[1166, 1659]
[1166, 1945]
[1168, 1389]
[1168, 2120]
[1168, 2121]
[1170, 1643]
[1171, 1556]
[1171, 1806]
[1172, 1308]
[1172, 1419]
[1173, 1869]
[1173, 2116]
[1173, 2372]
[1174, 1202]
[1175, 1193]
[1175, 1939]
[1176, 1219]
[1177, 1996]
[1178, 1702]
[1178, 1785]
[1179, 2149]
[1179, 2386]
[1180, 1268]
[1180, 1299]
[1181, 1185]
[1181, 1853]
[1182, 1327]
[1182, 1444]
[1183, 1583]
[1183, 1674]
[1183, 1799]
[1184, 1252]
[1184, 1310]
[1185, 1853]
[1186, 2280]
[1187, 2218]
[1188, 2346]
[1189, 1814]
[1191, 1392]
[1192, 1606]
[1192, 2093]
[1193, 1939]
[1194, 1525]
[1194, 2073]
[1195, 1474]
[1195, 1710]
[1196, 1200]
[1196, 2111]
[1197, 2182]
[1198, 1288]
[1198, 1338]
[1198, 2193]
[1199, 1212]
[1200, 2111]
[1201, 1307]
[1201, 1466]
[1203, 2010]
[1206, 1267]
[1207, 1954]
[1208, 1687]
[1208, 2212]
[1210, 1829]
[1211, 1462]
[1211, 1844]
[1213, 1366]
[1213, 2391]
[1214, 1309]
[1214, 2236]
[1215, 1819]
[1216, 1429]
[1216, 2074]
[1217, 1258]
[1218, 1502]
[1218, 1959]
[1218, 2081]
[1220, 1428]
[1220, 1592]
[1221, 1483]
[1222, 1801]
[1223, 1966]
[1224, 1600]
[1224, 2215]
[1224, 2367]
[1225, 1339]
[1226, 2027]
[1227, 1933]
[1227, 1968]
[1228, 1350]
[1228, 1673]
[1229, 2209]
[1231, 1353]
[1232, 1995]
[1233, 1859]
[1233, 1860]
[1234, 1732]
[1235, 2058]
[1236, 1615]
[1237, 1595]
[1237, 1708]
[1239, 1634]
[1239, 2046]
[1240, 1709]
[1240, 1843]
[1241, 1787]
[1241, 1942]
[1242, 1342]
[1243, 1330]
[1243, 1735]
[1244, 1473]
[1244, 1505]
[1245, 1916]
[1245, 2326]
[1246, 2334]
[1247, 1291]
[1247, 2071]
[1247, 2201]
[1249, 1467]
[1249, 2156]
[1250, 1632]
[1250, 2047]
[1250, 2103]
[1251, 2069]
[1252, 1310]
[1253, 1665]
[1253, 1694]
[1254, 1689]
[1255, 1568]
[1255, 1871]
[1256, 1463]
[1259, 1496]
[1260, 1928]
[1260, 2238]
[1261, 1369]
[1261, 1812]
[1262, 1901]
[1264, 1521]
[1264, 1974]
[1265, 2225]
[1266, 1767]
[1266, 1929]
[1266, 2178]
[1268, 1299]
[1269, 2133]
[1270, 1449]
[1270, 2310]
[1270, 2312]
[1271, 1763]
[1272, 1358]
[1273, 1317]
[1274, 1915]
[1274, 1944]
[1275, 1726]
[1275, 2285]
[1276, 2271]
[1277, 1627]
[1277, 2142]
[1278, 1478]
[1279, 1336]
[1280, 1493]
[1280, 1879]
[1281, 1904]
[1282, 1457]
[1282, 2013]
[1283, 1488]
[1283, 1976]
[1284, 2151]
[1284, 2282]
[1285, 2118]
[1286, 1908]
[1287, 1386]
[1287, 1960]
[1288, 1338]
[1288, 2193]
[1289, 1913]
[1291, 2071]
[1291, 2201]
[1292, 1293]
[1294, 2055]
[1294, 2153]
[1295, 1561]
[1296, 1818]
[1297, 1480]
[1297, 1666]
[1298, 1849]
[1298, 2348]
[1300, 1675]
[1300, 2198]
[1300, 2373]
[1301, 2331]
[1302, 2131]
[1302, 2164]
[1303, 2002]
[1303, 2026]
[1304, 1423]
[1304, 1616]
[1304, 2283]
[1305, 1607]
[1305, 2241]
[1306, 2247]
[1307, 1466]
[1308, 1419]
[1309, 2236]
[1311, 1989]
[1311, 2219]
[1312, 2220]
[1312, 2309]
[1313, 1926]
[1314, 1624]
[1314, 2080]
[1315, 1753]
[1315, 2264]
[1316, 1394]
[1316, 1441]
[1318, 1931]
[1319, 1577]
[1319, 1609]
[1320, 1356]
[1320, 1965]
[1320, 2059]
[1322, 1585]
[1322, 2265]
[1322, 2295]
[1323, 2211]
[1324, 1642]
[1326, 1421]
[1327, 1444]
[1328, 2035]
[1329, 2101]
[1330, 1735]
[1332, 2167]
[1333, 1958]
[1334, 1531]
[1335, 1810]
[1337, 1351]
[1337, 1731]
[1337, 2160]
[1338, 2193]
[1341, 1603]
[1341, 2087]
[1341, 2089]
[1343, 2030]
[1344, 1494]
[1344, 1680]
[1345, 2144]
[1345, 2363]
[1346, 2083]
[1347, 2290]
[1348, 1786]
[1349, 1962]
[1349, 2205]
[1349, 2359]
[1350, 1673]
[1351, 1731]
[1351, 2160]
[1352, 1803]
[1355, 1571]
[1355, 1836]
[1356, 1965]
[1356, 2059]
[1357, 2183]
[1357, 2252]
[1357, 2261]
[1359, 2286]
[1360, 2263]
[1361, 2024]
[1362, 1437]
[1363, 2008]
[1363, 2301]
[1364, 1465]
[1364, 1701]
[1365, 1517]
[1366, 2391]
[1367, 1608]
[1369, 1812]
[1370, 1993]
[1370, 2302]
[1371, 1482]
[1372, 1539]
[1372, 1631]
[1373, 2086]
[1373, 2281]
[1374, 1722]
[1374, 1969]
[1375, 1725]
[1375, 2379]
[1376, 1902]
[1377, 2161]
[1377, 2322]
[1378, 1825]
[1379, 1783]
[1379, 1895]
[1380, 1964]
[1381, 1588]
[1381, 2393]
[1382, 2351]
[1383, 1876]
[1383, 2033]
[1384, 1476]
[1384, 1935]
[1384, 2166]
[1386, 1960]
[1387, 2316]
[1388, 1764]
[1389, 2120]
[1389, 2121]
[1390, 1593]
[1391, 1475]
[1391, 1491]
[1393, 1784]
[1393, 2203]
[1394, 1441]
[1395, 1712]
[1395, 2021]
[1396, 1885]
[1397, 1460]
[1397, 1548]
[1399, 1713]
[1399, 2336]
[1400, 2158]
[1401, 1835]
[1402, 1403]
[1402, 2123]
[1403, 2123]
[1404, 1426]
[1404, 1513]
[1405, 1740]
[1405, 1858]
[1406, 1875]
[1407, 1922]
[1407, 1950]
[1410, 2190]
[1410, 2374]
[1412, 2270]
[1413, 2381]
[1414, 2380]
[1415, 1416]
[1415, 1890]
[1416, 1890]
[1417, 1492]
[1417, 1676]
[1417, 2276]
[1418, 2146]
[1418, 2259]
[1418, 2399]
[1422, 2242]
[1423, 1616]
[1423, 2283]
[1424, 1425]
[1426, 1513]
[1428, 1592]
[1429, 2074]
[1430, 1668]
[1432, 2154]
[1433, 1495]
[1434, 2353]
[1436, 1866]
[1438, 1747]
[1439, 1655]
[1440, 1653]
[1442, 1873]
[1442, 2214]
[1442, 2272]
[1445, 1599]
[1446, 1587]
[1446, 1711]
[1447, 1772]
[1448, 1604]
[1448, 2165]
[1449, 2310]
[1449, 2312]
[1451, 1623]
[1452, 1934]
[1453, 1572]
[1453, 1724]
[1454, 1455]
[1454, 2098]
[1455, 2098]
[1456, 1669]
[1456, 1733]
[1457, 2013]
[1458, 2262]
[1459, 1545]
[1459, 1716]
[1460, 1548]
[1461, 2031]
[1461, 2104]
[1461, 2354]
[1462, 1844]
[1464, 1697]
[1464, 2034]
[1465, 1701]
[1467, 2156]
[1468, 2004]
[1469, 1870]
[1469, 2274]
[1471, 1532]
[1471, 2382]
[1473, 1505]
[1474, 1710]
[1475, 1491]
[1476, 1935]
[1476, 2166]
[1477, 2124]
[1479, 1678]
[1479, 2189]
[1480, 1666]
[1481, 1580]
[1481, 2194]
[1484, 2109]
[1485, 1641]
[1486, 1660]
[1486, 1760]
[1486, 2181]
[1487, 2255]
[1487, 2347]
[1488, 1976]
[1489, 1573]
[1489, 1750]
[1490, 1749]
[1492, 1676]
[1492, 2276]
[1493, 1879]
[1494, 1680]
[1499, 1530]
[1499, 1544]
[1499, 1779]
[1500, 1775]
[1501, 2096]
[1502, 1959]
[1502, 2081]
[1503, 1670]
[1504, 1629]
[1506, 1507]
[1509, 1640]
[1509, 1862]
[1510, 1576]
[1511, 1824]
[1511, 2006]
[1514, 2025]
[1515, 1761]
[1515, 2048]
[1519, 2094]
[1520, 1698]
[1520, 1941]
[1521, 1974]
[1522, 1590]
[1522, 2308]
[1523, 2311]
[1524, 2032]
[1525, 2073]
[1526, 1792]
[1526, 1826]
[1527, 2350]
[1528, 1584]
[1528, 2370]
[1529, 1905]
[1530, 1544]
[1530, 1779]
[1532, 2382]
[1533, 1838]
[1533, 2298]
[1534, 2237]
[1535, 2232]
[1536, 1566]
[1536, 1789]
[1537, 1771]
[1538, 1791]
[1538, 2292]
[1539, 1631]
[1540, 2235]
[1541, 1736]
[1541, 1903]
[1542, 2020]
[1543, 1684]
[1544, 1779]
[1545, 1716]
[1546, 1644]
[1546, 2009]
[1547, 1555]
[1547, 1982]
[1549, 1793]
[1551, 1704]
[1551, 1977]
[1551, 2179]
[1552, 1683]
[1554, 1768]
[1555, 1982]
[1556, 1806]
[1557, 1967]
[1557, 2169]
[1557, 2296]
[1558, 1569]
[1558, 2257]
[1560, 1727]
[1560, 1839]
[1560, 2077]
[1562, 1563]
[1564, 2314]
[1565, 2163]
[1565, 2352]
[1566, 1789]
[1567, 1774]
[1568, 1871]
[1569, 2257]
[1570, 1881]
[1570, 2251]
[1571, 1836]
[1572, 1724]
[1573, 1750]
[1575, 2044]
[1575, 2126]
[1577, 1609]
[1578, 2330]
[1579, 1830]
[1579, 1834]
[1579, 2358]
[1580, 2194]
[1581, 1662]
[1582, 1796]
[1583, 1674]
[1583, 1799]
[1584, 2370]
[1585, 2265]
[1585, 2295]
[1586, 2375]
[1587, 1711]
[1588, 2393]
[1590, 2308]
[1591, 1682]
[1594, 1780]
[1595, 1708]
[1596, 2279]
[1596, 2390]
[1597, 1912]
[1600, 2215]
[1600, 2367]
[1601, 2228]
[1602, 1769]
[1602, 2095]
[1603, 2087]
[1603, 2089]
[1604, 2165]
[1605, 2204]
[1606, 2093]
[1607, 2241]
[1610, 1706]
[1610, 2014]
[1612, 1730]
[1612, 2015]
[1613, 1973]
[1613, 2217]
[1614, 2300]
[1616, 2283]
[1617, 1738]
[1617, 1795]
[1617, 1988]
[1618, 2110]
[1620, 2042]
[1621, 1917]
[1624, 2080]
[1625, 1978]
[1625, 2223]
[1625, 2395]
[1626, 1882]
[1627, 2142]
[1628, 2377]
[1630, 2090]
[1632, 2047]
[1632, 2103]
[1634, 2046]
[1635, 2329]
[1636, 2016]
[1638, 1809]
[1638, 2168]
[1639, 2043]
[1640, 1862]
[1644, 2009]
[1645, 1807]
[1646, 1762]
[1646, 1832]
[1648, 2005]
[1648, 2060]
[1649, 2054]
[1650, 2246]
[1651, 1884]
[1654, 1893]
[1656, 1845]
[1656, 2239]
[1656, 2250]
[1657, 2289]
[1658, 2062]
[1658, 2127]
[1659, 1945]
[1660, 1760]
[1660, 2181]
[1661, 1971]
[1663, 1728]
[1663, 1744]
[1663, 2122]
[1664, 2362]
[1665, 1694]
[1667, 1894]
[1669, 1733]
[1674, 1799]
[1675, 2198]
[1675, 2373]
[1676, 2276]
[1677, 2162]
[1678, 2189]
[1679, 1827]
[1679, 1932]
[1687, 2212]
[1688, 2341]
[1691, 2022]
[1691, 2229]
[1693, 1856]
[1693, 2338]
[1693, 2365]
[1695, 2172]
[1696, 1914]
[1696, 2185]
[1696, 2273]
[1697, 2034]
[1698, 1941]
[1699, 1741]
[1699, 2079]
[1700, 1788]
[1700, 1981]
[1702, 1785]
[1703, 1794]
[1704, 1977]
[1704, 2179]
[1705, 1919]
[1705, 1938]
[1706, 2014]
[1707, 1946]
[1707, 2001]
[1709, 1843]
[1712, 2021]
[1713, 2336]
[1714, 2384]
[1715, 2320]
[1717, 1918]
[1717, 2376]
[1719, 2200]
[1719, 2254]
[1720, 2307]
[1722, 1969]
[1723, 1963]
[1725, 2379]
[1726, 2285]
[1727, 1839]
[1727, 2077]
[1728, 1744]
[1728, 2122]
[1730, 2015]
[1731, 2160]
[1734, 2134]
[1736, 1903]
[1737, 2155]
[1737, 2383]
[1738, 1795]
[1738, 1988]
[1740, 1858]
[1741, 2079]
[1742, 1930]
[1742, 2085]
[1742, 2107]
[1743, 1972]
[1744, 2122]
[1745, 1798]
[1751, 1755]
[1753, 2264]
[1754, 1984]
[1754, 2313]
[1754, 2323]
[1756, 1943]
[1757, 2303]
[1759, 1952]
[1760, 2181]
[1761, 2048]
[1762, 1832]
[1765, 1790]
[1766, 2245]
[1766, 2258]
[1767, 1929]
[1767, 2178]
[1769, 2095]
[1770, 1857]
[1770, 2266]
[1770, 2269]
[1773, 2344]
[1776, 2249]
[1777, 1900]
[1778, 1987]
[1778, 2061]
[1781, 2052]
[1781, 2171]
[1782, 1961]
[1782, 2222]
[1783, 1895]
[1784, 2203]
[1787, 1942]
[1788, 1981]
[1791, 2292]
[1792, 1826]
[1795, 1988]
[1797, 2113]
[1802, 1867]
[1802, 2136]
[1804, 2125]
[1805, 2148]
[1805, 2268]
[1809, 2168]
[1811, 1813]
[1816, 1817]
[1816, 1948]
[1817, 1948]
[1820, 2066]
[1822, 2335]
[1823, 1980]
[1823, 2012]
[1823, 2023]
[1824, 2006]
[1827, 1932]
[1828, 2287]
[1830, 1834]
[1830, 2358]
[1831, 1833]
[1831, 1880]
[1833, 1880]
[1834, 2358]
[1837, 2064]
[1838, 2298]
[1839, 2077]
[1840, 2129]
[1842, 2221]
[1842, 2256]
[1845, 2239]
[1845, 2250]
[1846, 2398]
[1847, 2117]
[1848, 2288]
[1849, 2348]
[1850, 2224]
[1856, 2338]
[1856, 2365]
[1857, 2266]
[1857, 2269]
[1859, 1860]
[1861, 2003]
[1861, 2378]
[1863, 2385]
[1864, 1865]
[1867, 2136]
[1869, 2116]
[1869, 2372]
[1870, 2274]
[1872, 2147]
[1873, 2214]
[1873, 2272]
[1876, 2033]
[1877, 2371]
[1881, 2251]
[1883, 2340]
[1891, 2299]
[1896, 1992]
[1896, 2084]
[1898, 1979]
[1899, 1983]
[1909, 2099]
[1910, 2208]
[1914, 2185]
[1914, 2273]
[1915, 1944]
[1916, 2326]
[1918, 2376]
[1919, 1938]
[1920, 2039]
[1920, 2394]
[1921, 1924]
[1921, 2324]
[1922, 1950]
[1923, 2115]
[1924, 2324]
[1925, 2053]
[1927, 2078]
[1928, 2238]
[1929, 2178]
[1930, 2085]
[1930, 2107]
[1933, 1968]
[1935, 2166]
[1936, 2197]
[1936, 2364]
[1940, 2029]
[1946, 2001]
[1947, 1951]
[1949, 1997]
[1949, 2143]
[1955, 2188]
[1956, 2019]
[1959, 2081]
[1961, 2222]
[1962, 2205]
[1962, 2359]
[1965, 2059]
[1967, 2169]
[1967, 2296]
[1970, 2141]
[1970, 2355]
[1973, 2217]
[1975, 2253]
[1977, 2179]
[1978, 2223]
[1978, 2395]
[1980, 2012]
[1980, 2023]
[1984, 2313]
[1984, 2323]
[1987, 2061]
[1989, 2219]
[1990, 2041]
[1990, 2196]
[1990, 2368]
[1992, 2084]
[1993, 2302]
[1997, 2143]
[1999, 2082]
[2002, 2026]
[2003, 2378]
[2005, 2060]
[2007, 2017]
[2007, 2192]
[2008, 2301]
[2012, 2023]
[2017, 2192]
[2022, 2229]
[2028, 2056]
[2028, 2186]
[2031, 2104]
[2031, 2354]
[2037, 2057]
[2038, 2068]
[2039, 2394]
[2040, 2187]
[2041, 2196]
[2041, 2368]
[2044, 2126]
[2045, 2284]
[2047, 2103]
[2049, 2175]
[2050, 2051]
[2052, 2171]
[2055, 2153]
[2056, 2186]
[2062, 2127]
[2063, 2138]
[2063, 2150]
[2065, 2100]
[2065, 2114]
[2070, 2291]
[2071, 2201]
[2072, 2294]
[2072, 2333]
[2076, 2137]
[2085, 2107]
[2086, 2281]
[2087, 2089]
[2088, 2304]
[2091, 2184]
[2092, 2202]
[2097, 2170]
[2100, 2114]
[2102, 2106]
[2102, 2306]
[2104, 2354]
[2106, 2306]
[2116, 2372]
[2120, 2121]
[2131, 2164]
[2135, 2139]
[2138, 2150]
[2140, 2233]
[2141, 2355]
[2144, 2363]
[2146, 2259]
[2146, 2399]
[2148, 2268]
[2149, 2386]
[2151, 2282]
[2152, 2159]
[2155, 2383]
[2161, 2322]
[2163, 2352]
[2169, 2296]
[2173, 2227]
[2183, 2252]
[2183, 2261]
[2185, 2273]
[2190, 2374]
[2191, 2332]
[2196, 2368]
[2197, 2364]
[2198, 2373]
[2200, 2254]
[2205, 2359]
[2206, 2207]
[2213, 2325]
[2214, 2272]
[2215, 2367]
[2220, 2309]
[2221, 2256]
[2223, 2395]
[2226, 2388]
[2239, 2250]
[2243, 2297]
[2245, 2258]
[2252, 2261]
[2255, 2347]
[2259, 2399]
[2260, 2318]
[2260, 2319]
[2260, 2369]
[2265, 2295]
[2266, 2269]
[2277, 2342]
[2279, 2390]
[2293, 2360]
[2294, 2333]
[2310, 2312]
[2313, 2323]
[2318, 2319]
[2318, 2369]
[2319, 2369]
[2327, 2361]
[2338, 2365]
[2343, 2389]
