(0, 987, 1193, 458, 810, 874, 1147, 431, 592, 475, 1340, 126)->[(-1+1*r5), (1+1*r5), 0, -2]
(0, 1025, 1412, 1001, 431, 912, 757, 1340, 1118, 1214, 1405, 734)->[(1+1*r5), (1+1*r5), (-3+1*r5), (-1-1*r5)]
(0, 801, 1412, 1061, 874, 1034, 431, 79, 597, 1214, 1405, 734)->[(1+1*r5), 4, (1-1*r5), -2]
(0, 1121, 674, 1225, 810, 1131, 1293, 819, 915, 1332, 987, 1214)->[(-1+1*r5), 4, -2, (-1-1*r5)]
(0, 1121, 674, 1001, 810, 779, 1293, 757, 1340, 1214, 189, 1118)->[2, (1+1*r5), (1-1*r5), -4]
(0, 193, 801, 1225, 874, 79, 819, 915, 597, 1267, 987, 1214)->[2, (0+2*r5), -2, -2]
(769, 420, 923, 935, 1160, 975, 315, 374, 1177, 891, 1084, 1436)->[(-1+1*r5), 0, 2, (-1-1*r5)]
(101, 1254, 1290, 1165, 974, 143, 691, 247, 1336, 250, 1019, 1052)->[2, 0, (1+1*r5), (1-1*r5)]
(417, 418, 234, 655, 465, 787, 212, 883, 695, 1151, 926, 479)->[(1+1*r5), 0, (-1+1*r5), 2]
(1312, 963, 776, 299, 1292, 1005, 1421, 946, 211, 564, 947, 890)->[(-1-1*r5), 2, 0, (-1+1*r5)]
(1152, 931, 1093, 622, 526, 1071, 1199, 818, 598, 472, 764, 191)->[(1+1*r5), -2, 0, (1-1*r5)]
(416, 518, 870, 681, 1097, 1418, 525, 1076, 1016, 1307, 253, 767)->[(-1-1*r5), (-1+1*r5), 2, 0]
(513, 545, 453, 1221, 490, 751, 369, 958, 1141, 471, 1018, 62)->[2, 2, 2, -2]
(1346, 1416, 880, 308, 500, 501, 951, 1397, 954, 348, 1246, 447)->[0, 4, 0, 0]
(386, 1314, 1432, 679, 175, 82, 1269, 984, 760, 1241, 1149, 414)->[(-1+1*r5), 0, 2, (1+1*r5)]
(641, 708, 484, 966, 871, 872, 1291, 1230, 1108, 1111, 284, 1150)->[(-1+1*r5), 0, -2, (1+1*r5)]
(673, 546, 1026, 932, 701, 138, 333, 14, 761, 955, 892, 61)->[2, 2, 2, 2]
(1056, 1091, 132, 964, 828, 748, 303, 663, 27, 28, 254, 415)->[0, (-1+1*r5), (1+1*r5), 2]
(1088, 614, 1327, 848, 817, 1180, 627, 1331, 793, 282, 251, 540)->[-2, (-1-1*r5), (-1+1*r5), 0]
(805, 11, 1422, 399, 274, 918, 311, 153, 666, 188, 925, 412)->[-2, 0, (1+1*r5), (1-1*r5)]
(2, 358, 38, 359, 600, 335, 887, 568, 1209, 314, 924, 1021)->[2, (-1-1*r5), (1-1*r5), 0]
(1120, 1345, 580, 424, 331, 398, 495, 882, 179, 281, 986, 347)->[(-1+1*r5), 0, -2, (-1-1*r5)]
(615, 72, 970, 1020, 1261, 718, 910, 464, 561, 889, 474, 508)->[0, (-1-1*r5), 2, (-1+1*r5)]
(1380, 230, 1162, 527, 660, 469, 437, 1367, 377, 796, 29, 1277)->[0, 2, (1-1*r5), (1+1*r5)]
(515, 390, 678, 1287, 905, 654, 943, 786, 473, 155, 510, 1439)->[-2, (-1+1*r5), 0, (-1-1*r5)]
(130, 423, 616, 973, 688, 850, 723, 502, 121, 1370, 1341, 1213)->[-2, -2, -2, -2]
(449, 548, 838, 73, 620, 1357, 302, 852, 118, 950, 1114, 1086)->[(-1+1*r5), 2, (1+1*r5), 0]
(1156, 997, 809, 554, 939, 140, 237, 791, 16, 1328, 439, 255)->[(1+1*r5), (1-1*r5), -2, 0]
(384, 193, 1218, 1381, 552, 1225, 106, 1385, 915, 1332, 1176, 988)->[0, (1+1*r5), -2, (1-1*r5)]
(69, 455, 1129, 1258, 1008, 1392, 914, 467, 218, 219, 1244, 286)->[0, (1-1*r5), (1+1*r5), -2]
(354, 1188, 1350, 267, 1037, 15, 1007, 1074, 243, 821, 1271, 574)->[2, (1-1*r5), 0, (-1-1*r5)]
(290, 1305, 174, 239, 911, 1297, 659, 825, 341, 406, 759, 25)->[(1-1*r5), -2, (-1-1*r5), 0]
(899, 1219, 967, 488, 105, 908, 750, 339, 1431, 152, 283, 1183)->[(1-1*r5), 0, 2, (-1-1*r5)]
(323, 163, 644, 1126, 1349, 844, 1198, 80, 784, 1009, 403, 504)->[0, (-1-1*r5), -2, (-1+1*r5)]
(802, 835, 1247, 1250, 1127, 1228, 365, 1234, 563, 858, 381, 319)->[(1-1*r5), 2, (1+1*r5), 0]
(256, 352, 836, 298, 875, 1296, 337, 531, 1046, 1238, 827, 733)->[0, 2, (-1+1*r5), (1+1*r5)]
(67, 297, 1067, 1004, 463, 176, 499, 372, 1013, 1085, 446, 1311)->[(1-1*r5), 2, (-1-1*r5), 0]
(1282, 677, 523, 1200, 338, 498, 436, 629, 470, 726, 789, 991)->[-2, 2, 2, -2]
(448, 225, 165, 742, 40, 720, 401, 180, 52, 533, 1333, 1274)->[-2, -2, 2, -2]
(289, 450, 901, 1415, 136, 457, 873, 941, 370, 1394, 117, 1337)->[(1+1*r5), (-1+1*r5), 2, 0]
(1313, 1319, 392, 1324, 1197, 1303, 47, 1425, 151, 1050, 92, 1342)->[0, (1+1*r5), 2, (1-1*r5)]
(64, 578, 421, 839, 265, 1098, 1132, 496, 753, 307, 1205, 543)->[(-1-1*r5), 0, (-1+1*r5), -2]
(385, 1249, 1031, 1035, 206, 1236, 22, 823, 1334, 731, 797, 927)->[2, 2, -2, 2]
(867, 868, 202, 843, 172, 205, 1360, 1299, 664, 1243, 444, 127)->[0, (-1+1*r5), (-1-1*r5), 2]
(1185, 1253, 1285, 171, 1260, 141, 1419, 273, 88, 1212, 1309, 478)->[(1-1*r5), 0, 2, (1+1*r5)]
(36, 900, 1286, 696, 1361, 506, 690, 1239, 440, 378, 667, 1022)->[0, (-1+1*r5), (-1-1*r5), -2]
(1154, 167, 200, 1256, 74, 430, 785, 340, 278, 1110, 185, 670)->[(1+1*r5), -2, 0, (-1+1*r5)]
(995, 389, 1001, 779, 270, 238, 912, 1105, 757, 599, 252, 63)->[2, (-1+1*r5), 0, (-1-1*r5)]
(581, 907, 1355, 686, 656, 881, 1010, 1142, 408, 794, 859, 893)->[0, (1+1*r5), 2, (-1+1*r5)]
(1027, 228, 582, 391, 744, 1191, 1382, 1211, 625, 565, 1079, 507)->[2, -2, 2, -2]
(1, 1347, 519, 104, 360, 842, 1226, 716, 944, 980, 373, 477)->[-2, (1-1*r5), 0, (1+1*r5)]
(480, 355, 740, 1059, 1252, 778, 1386, 173, 181, 1398, 1403, 380)->[0, 2, (-1+1*r5), (-1-1*r5)]
(324, 198, 134, 934, 1227, 210, 275, 1202, 1015, 1144, 634, 1240)->[-2, 0, (1+1*r5), (-1+1*r5)]
(608, 960, 1155, 1189, 409, 301, 559, 497, 657, 438, 217, 830)->[2, -2, -2, -2]
(1024, 1184, 34, 898, 994, 965, 1344, 204, 1107, 1207, 249, 1434)->[-2, 2, -2, 2]
(65, 99, 291, 1351, 425, 1163, 1101, 878, 209, 1042, 1172, 601)->[0, (-1-1*r5), 2, (1-1*r5)]
(1304, 1409, 197, 170, 493, 77, 1393, 1045, 182, 1206, 632, 1375)->[(-1-1*r5), 2, 0, (1-1*r5)]
(482, 164, 773, 135, 712, 1032, 43, 909, 1233, 1077, 567, 831)->[(-1-1*r5), 0, (1-1*r5), 2]
(451, 68, 516, 262, 709, 1288, 1317, 1358, 400, 122, 1115, 1438)->[0, 0, 0, -4]
(1063, 296, 169, 394, 1159, 334, 1262, 593, 1073, 596, 376, 1373)->[(1+1*r5), (-1+1*r5), -2, 0]
(5, 326, 1096, 521, 1257, 684, 144, 19, 309, 566, 1371, 476)->[0, (1-1*r5), (-1-1*r5), -2]
(648, 42, 942, 1167, 240, 1203, 1301, 727, 857, 603, 509, 766)->[-2, -2, -2, 2]
(3, 933, 70, 397, 1391, 945, 562, 214, 1400, 411, 669, 1119)->[-4, 0, 0, 0]
(229, 869, 1051, 781, 782, 1069, 894, 115, 981, 89, 59, 350)->[(1+1*r5), 2, 0, (-1+1*r5)]
(96, 258, 642, 710, 1062, 1352, 1195, 556, 820, 53, 1179, 639)->[(-1+1*r5), 2, (-1-1*r5), 0]
(768, 1217, 1369, 462, 591, 367, 816, 54, 345, 699, 1437, 959)->[2, -2, 2, 2]
(224, 161, 736, 992, 357, 586, 682, 685, 336, 532, 1140, 607)->[0, -2, (1-1*r5), (1+1*r5)]
(97, 387, 196, 804, 199, 383, 363, 300, 814, 1231, 157, 287)->[(1+1*r5), 0, (1-1*r5), 2]
(227, 292, 613, 102, 362, 938, 971, 1201, 20, 149, 215, 1023)->[-2, (1+1*r5), (-1+1*r5), 0]
(832, 419, 940, 1134, 687, 81, 466, 1363, 342, 216, 1017, 570)->[-2, 0, (-1-1*r5), (-1+1*r5)]
(514, 707, 388, 738, 930, 487, 1410, 1002, 876, 1039, 529, 949)->[-2, -2, 2, 2]
(427, 396, 146, 1173, 1237, 1429, 1404, 346, 763, 668, 1053, 1374)->[(1+1*r5), 0, (1-1*r5), -2]
(902, 1353, 811, 957, 112, 241, 1424, 884, 87, 856, 569, 637)->[2, 0, (-1-1*r5), (-1+1*r5)]
(133, 6, 841, 1164, 557, 1389, 1275, 1329, 756, 635, 732, 1343)->[2, 0, (-1-1*r5), (1-1*r5)]
(192, 1123, 1220, 1413, 137, 619, 829, 109, 1169, 724, 1044, 221)->[0, (-1-1*r5), -2, (1-1*r5)]
(705, 1025, 1315, 1412, 1061, 208, 435, 468, 84, 55, 572, 734)->[(1+1*r5), 2, 0, (1-1*r5)]
(486, 1128, 233, 746, 1387, 558, 17, 982, 1245, 349, 990, 1279)->[(1-1*r5), (1+1*r5), 0, 2]
(32, 1280, 741, 1030, 904, 1417, 492, 429, 972, 1210, 1372, 125)->[0, 0, -4, 0]
(579, 806, 647, 12, 623, 1138, 1011, 1268, 213, 1014, 183, 665)->[(-1+1*r5), (-1-1*r5), 0, 2]
(612, 1094, 747, 460, 1196, 977, 114, 1335, 628, 1143, 765, 158)->[2, (-1+1*r5), 0, (1+1*r5)]
(544, 801, 4, 261, 1318, 1034, 236, 79, 113, 1267, 1396, 379)->[2, (1+1*r5), (1-1*r5), 0]
(896, 195, 646, 1255, 361, 1330, 1428, 503, 824, 505, 26, 220)->[-2, (-1+1*r5), 0, (1+1*r5)]
(321, 834, 1284, 1190, 428, 528, 305, 978, 916, 1270, 1338, 413)->[(1-1*r5), (-1-1*r5), 0, 2]
(259, 37, 231, 583, 1323, 653, 877, 1136, 343, 1306, 443, 1148)->[2, (1+1*r5), (-1+1*r5), 0]
(35, 772, 1060, 1411, 39, 1192, 1068, 269, 78, 1294, 630, 1402)->[2, -2, -2, 2]
(1057, 1033, 650, 1166, 1264, 434, 310, 822, 1082, 1435, 638, 223)->[(1+1*r5), 0, (-1+1*r5), -2]
(264, 107, 108, 919, 177, 693, 758, 917, 24, 1302, 1430, 1083)->[-2, (1+1*r5), (1-1*r5), 0]
(704, 577, 1089, 1216, 775, 618, 683, 1100, 1133, 49, 375, 317)->[2, 0, (1+1*r5), (-1+1*r5)]
(452, 263, 711, 999, 906, 813, 48, 402, 851, 123, 1117, 1054)->[0, 0, 0, 4]
(643, 550, 1322, 203, 366, 110, 46, 594, 1106, 788, 150, 735)->[(-1-1*r5), (1-1*r5), -2, 0]
(66, 675, 714, 1116, 752, 1139, 148, 662, 344, 1049, 316, 1310)->[(1-1*r5), 0, -2, (-1-1*r5)]
(1158, 232, 1384, 715, 364, 1003, 1006, 624, 658, 1175, 989, 1278)->[-2, 2, 2, 2]
(1408, 611, 1348, 139, 1168, 242, 18, 1170, 661, 953, 762, 156)->[0, -4, 0, 0]
(129, 454, 585, 1321, 404, 853, 1047, 792, 538, 604, 30, 671)->[-2, 0, (-1-1*r5), (1-1*r5)]
(1090, 1222, 749, 1326, 147, 1171, 535, 1272, 633, 1276, 445, 95)->[(-1-1*r5), (-1+1*r5), -2, 0]
(160, 771, 584, 1130, 651, 268, 524, 847, 1040, 1427, 694, 511)->[(-1+1*r5), -2, (-1-1*r5), 0]
(609, 897, 131, 356, 777, 1359, 849, 306, 631, 602, 187, 542)->[(-1-1*r5), 0, (-1+1*r5), 2]
(866, 1122, 294, 936, 1356, 1235, 983, 571, 1308, 1399, 606, 1087)->[(-1+1*r5), (1+1*r5), 0, 2]
(743, 680, 1289, 1383, 652, 45, 1388, 245, 1109, 23, 56, 90)->[(1-1*r5), 0, -2, (1+1*r5)]
(864, 194, 517, 1146, 9, 1242, 1423, 948, 246, 730, 605, 702)->[-2, 2, -2, -2]
(162, 674, 1406, 293, 590, 819, 597, 534, 920, 1214, 1405, 1118)->[2, 2, -2, -2]
(1125, 327, 1194, 459, 588, 560, 50, 21, 184, 442, 382, 922)->[0, -2, (-1+1*r5), (1+1*r5)]
(288, 1157, 1095, 266, 395, 332, 587, 207, 754, 698, 93, 318)->[0, (1+1*r5), -2, (-1+1*r5)]
(774, 903, 812, 1036, 719, 1072, 1137, 1426, 116, 1182, 190, 575)->[4, 0, 0, 0]
(483, 100, 996, 166, 13, 111, 368, 1232, 405, 248, 956, 1407)->[-2, (1-1*r5), 0, (-1-1*r5)]
(320, 485, 422, 968, 717, 846, 1012, 1365, 1366, 1080, 1113, 860)->[2, (-1-1*r5), (-1+1*r5), 0]
(800, 257, 961, 1124, 295, 71, 937, 969, 979, 1368, 410, 700)->[(-1-1*r5), -2, 0, (1-1*r5)]
(1153, 1058, 168, 840, 1064, 271, 145, 913, 1298, 728, 1081, 1181)->[(1-1*r5), (1+1*r5), 0, -2]
(1000, 617, 649, 1229, 272, 1075, 276, 85, 57, 1339, 124, 222)->[0, (-1+1*r5), (1+1*r5), -2]
(226, 803, 260, 1028, 328, 41, 1224, 790, 1208, 1178, 573, 1215)->[-2, (-1-1*r5), (1-1*r5), 0]
(672, 929, 1121, 1281, 1029, 1131, 1293, 433, 1041, 58, 189, 1055)->[0, 2, (1-1*r5), (-1-1*r5)]
(928, 1378, 1092, 7, 8, 553, 1390, 1300, 885, 854, 407, 863)->[(-1+1*r5), -2, (1+1*r5), 0]
(1379, 676, 1273, 555, 44, 494, 1038, 1295, 689, 312, 313, 539)->[0, (1-1*r5), (1+1*r5), 2]
(280, 98, 1186, 329, 426, 178, 1364, 725, 120, 441, 636, 895)->[(-1+1*r5), (-1-1*r5), 0, -2]
(1283, 807, 745, 1259, 721, 119, 1174, 279, 697, 861, 862, 159)->[(-1-1*r5), (1-1*r5), 2, 0]
(353, 962, 998, 201, 713, 235, 1420, 879, 626, 1204, 537, 94)->[2, (1-1*r5), 0, (1+1*r5)]
(610, 739, 325, 645, 489, 1066, 1102, 722, 244, 277, 952, 351)->[(-1-1*r5), -2, 0, (-1+1*r5)]
(1414, 103, 520, 10, 1433, 1325, 83, 1112, 921, 154, 985, 798)->[(1+1*r5), (1-1*r5), 2, 0]
(576, 737, 865, 522, 491, 142, 1070, 976, 1263, 1362, 1043, 826)->[(1-1*r5), -2, (1+1*r5), 0]
(128, 833, 706, 993, 1161, 461, 783, 304, 432, 530, 886, 186)->[0, (1-1*r5), (-1-1*r5), 2]
(640, 1248, 549, 837, 551, 1320, 621, 1265, 1266, 692, 729, 795)->[0, 0, 4, 0]
(33, 481, 547, 770, 393, 1099, 589, 1104, 1078, 536, 91, 703)->[(-1-1*r5), 0, (1-1*r5), -2]
(1376, 1377, 1187, 1251, 456, 1065, 76, 780, 815, 1135, 855, 1145)->[0, -2, (-1+1*r5), (-1-1*r5)]
(512, 1316, 1401, 1354, 75, 51, 1395, 86, 888, 1048, 60, 31)->[(1-1*r5), (-1-1*r5), 0, -2]
(322, 1223, 808, 330, 845, 1103, 371, 595, 755, 285, 541, 799)->[0, -2, (1-1*r5), (-1-1*r5)]
(355, 995, 709, 1252, 975, 400, 1105, 374, 1398, 1115, 1436, 63)->[(-1+1*r5), (-1+1*r5), (-1+1*r5), (-3-1*r5)]
(838, 1254, 617, 490, 649, 620, 1357, 974, 143, 276, 958, 62)->[2, 2, (0+2*r5), -2]
(962, 185, 201, 713, 462, 655, 465, 340, 278, 695, 345, 699)->[4, -2, (-1+1*r5), (1+1*r5)]
(102, 486, 362, 1421, 17, 946, 211, 149, 1430, 24, 1083, 1245)->[(-1-1*r5), (0+2*r5), 0, (-1+1*r5)]
(1186, 1027, 485, 422, 860, 1093, 1071, 818, 725, 1079, 507, 636)->[(1+1*r5), -4, (-1+1*r5), -2]
(1283, 265, 1132, 525, 274, 767, 1205, 1307, 188, 925, 862, 159)->[(0-2*r5), 0, (1+1*r5), (1-1*r5)]
(355, 995, 453, 389, 1221, 1252, 173, 1105, 374, 1018, 891, 1436)->[2, 2, 2, (0-2*r5)]
(544, 866, 261, 294, 1318, 1323, 653, 951, 1306, 1246, 606, 447)->[2, (3+1*r5), 0, (3-1*r5)]
(1026, 1314, 132, 836, 1241, 679, 14, 303, 1296, 531, 761, 828)->[(-1+1*r5), 2, (1+1*r5), 4]
(708, 999, 1162, 1291, 460, 114, 1117, 469, 1150, 796, 765, 1054)->[(-1+1*r5), (-1+1*r5), (1-1*r5), (3+1*r5)]
(673, 1122, 1094, 936, 747, 1356, 531, 61, 1238, 1143, 761, 733)->[2, (1+1*r5), (-1+1*r5), 4]
(352, 1056, 836, 1158, 875, 686, 1006, 658, 1010, 794, 828, 254)->[(-3+1*r5), (1+1*r5), (1+1*r5), (1+1*r5)]
(291, 614, 1048, 1101, 242, 1042, 1170, 1331, 888, 953, 540, 31)->[(1-1*r5), (-3-1*r5), (-1+1*r5), (1-1*r5)]
(576, 737, 1248, 934, 1320, 11, 399, 1263, 1015, 1144, 153, 795)->[-2, (-3+1*r5), (3+1*r5), 0]
(191, 1155, 38, 1199, 16, 657, 1328, 438, 600, 314, 764, 255)->[4, (-1-1*r5), -2, (1-1*r5)]
(133, 424, 427, 398, 495, 590, 146, 756, 1237, 534, 920, 635)->[(1+1*r5), (3-1*r5), (-1-1*r5), (-1-1*r5)]
(611, 1348, 428, 1261, 718, 623, 464, 528, 1011, 916, 1268, 762)->[0, (-3-1*r5), (3-1*r5), 2]
(256, 1094, 1162, 460, 402, 1117, 469, 1238, 1367, 827, 765, 1054)->[(3-1*r5), 2, 0, (3+1*r5)]
(33, 66, 481, 996, 390, 166, 405, 662, 1078, 155, 510, 1310)->[(-1-1*r5), 0, (1-1*r5), (0-2*r5)]
(961, 226, 260, 295, 328, 616, 1322, 203, 150, 502, 700, 1341)->[-4, (-1-1*r5), -2, (1-1*r5)]
(1026, 132, 73, 907, 302, 118, 663, 1142, 794, 892, 701, 254)->[(-1+1*r5), (1+1*r5), 4, 2]
(160, 35, 1353, 1130, 651, 939, 237, 78, 957, 1294, 791, 637)->[(1+1*r5), -2, -4, (-1+1*r5)]
(1153, 987, 552, 1225, 145, 1298, 501, 1397, 954, 475, 988, 126)->[0, (3+1*r5), (-3+1*r5), -2]
(69, 935, 744, 1019, 1191, 1290, 1211, 1392, 1336, 218, 923, 1084)->[2, (1-1*r5), 4, (-1-1*r5)]
(1120, 322, 217, 580, 1188, 1350, 1103, 497, 243, 409, 986, 541)->[2, -2, -2, (0-2*r5)]
(573, 644, 803, 42, 844, 239, 240, 911, 759, 504, 509, 1215)->[-2, -4, (-1-1*r5), (-1+1*r5)]
(899, 923, 69, 455, 1160, 105, 1229, 272, 315, 57, 283, 1244)->[0, 0, 4, -4]
(992, 579, 1411, 1349, 1192, 682, 685, 80, 1009, 630, 1014, 665)->[(-1+1*r5), -4, -2, (1+1*r5)]
(1313, 802, 835, 548, 581, 47, 118, 151, 1142, 1114, 859, 381)->[0, 4, 4, 0]
(672, 68, 740, 678, 778, 654, 943, 400, 433, 1358, 1398, 1055)->[(-3+1*r5), 2, 0, (-3-1*r5)]
(480, 355, 1059, 1160, 105, 1229, 315, 339, 1075, 374, 57, 283)->[0, (-1+1*r5), (1+1*r5), (0-2*r5)]
(352, 896, 1285, 646, 232, 298, 1260, 141, 658, 1428, 1046, 989)->[-2, 2, 2, (0+2*r5)]
(67, 1030, 585, 972, 429, 1004, 1134, 1363, 404, 372, 1047, 570)->[-2, (3-1*r5), (-3-1*r5), 0]
(515, 1059, 778, 908, 654, 339, 436, 470, 726, 152, 1403, 1439)->[-2, 2, 2, (0-2*r5)]
(64, 225, 448, 483, 839, 967, 1407, 1098, 13, 720, 1431, 1183)->[(-1-1*r5), (1-1*r5), 2, -4]
(101, 901, 941, 1264, 370, 691, 83, 822, 1112, 921, 1435, 1052)->[(0+2*r5), 0, (1+1*r5), (1-1*r5)]
(1313, 802, 1282, 1319, 523, 971, 1228, 1201, 20, 789, 858, 1342)->[-2, 4, (1+1*r5), (1-1*r5)]
(481, 578, 421, 170, 155, 493, 496, 1104, 786, 182, 473, 91)->[(0-2*r5), (-1+1*r5), 0, (-1-1*r5)]
(1225, 810, 1131, 1293, 145, 1041, 1298, 1332, 728, 987, 988, 126)->[0, (0+2*r5), (1-1*r5), (-1-1*r5)]
(96, 385, 1249, 1062, 1063, 1352, 1035, 112, 596, 856, 569, 1373)->[(1+1*r5), 2, -4, (-1+1*r5)]
(1250, 1127, 1000, 621, 1234, 692, 311, 153, 666, 795, 124, 222)->[(1-1*r5), (-1+1*r5), (3+1*r5), (1-1*r5)]
(832, 67, 741, 1030, 202, 972, 1299, 372, 1363, 664, 570, 446)->[(1-1*r5), (-1+1*r5), (-3-1*r5), (-1+1*r5)]
(1285, 646, 361, 298, 171, 906, 141, 813, 402, 1428, 1046, 827)->[(1-1*r5), (-1+1*r5), (-1+1*r5), (3+1*r5)]
(900, 293, 133, 6, 424, 398, 590, 756, 920, 281, 506, 667)->[2, (-1+1*r5), -4, (-1-1*r5)]
(1152, 1154, 200, 809, 554, 812, 1036, 16, 116, 598, 670, 191)->[(3+1*r5), -2, (-3+1*r5), 0]
(545, 1252, 453, 389, 458, 173, 1105, 757, 1340, 1018, 1147, 380)->[2, (1+1*r5), (-1+1*r5), -4]
(640, 837, 775, 683, 1133, 1165, 143, 1357, 1266, 852, 950, 250)->[2, (3-1*r5), (3+1*r5), 0]
(288, 258, 867, 1095, 297, 395, 556, 639, 176, 1299, 446, 127)->[0, (1+1*r5), (0-2*r5), (-1+1*r5)]
(1026, 132, 836, 875, 907, 1010, 531, 761, 794, 828, 701, 254)->[(3-1*r5), (1+1*r5), (1+1*r5), (1+1*r5)]
(800, 937, 1274, 1259, 817, 627, 180, 533, 279, 697, 410, 251)->[-4, (-1-1*r5), 2, (1-1*r5)]
(1113, 1092, 485, 1382, 391, 520, 103, 553, 854, 1080, 985, 507)->[(1+1*r5), (-1-1*r5), (1+1*r5), (-3+1*r5)]
(641, 796, 1360, 1236, 284, 437, 823, 1243, 444, 29, 1150, 927)->[(-1+1*r5), 2, (-1-1*r5), 4]
(1284, 1190, 104, 586, 1226, 336, 305, 50, 560, 1140, 442, 477)->[(1-1*r5), (-1-1*r5), 0, (0+2*r5)]
(480, 355, 891, 1221, 617, 173, 1075, 374, 57, 1018, 315, 62)->[(-1+1*r5), 2, (1+1*r5), -4]
(320, 806, 968, 12, 430, 785, 1138, 1012, 1110, 568, 924, 1021)->[(1+1*r5), (0-2*r5), 0, (-1+1*r5)]
(416, 198, 934, 399, 274, 767, 1174, 1240, 1307, 188, 862, 159)->[-4, 0, 4, 0]
(1056, 319, 1158, 715, 686, 1006, 563, 794, 859, 381, 254, 415)->[(1-1*r5), (1+1*r5), 4, 2]
(192, 608, 358, 137, 619, 335, 1040, 657, 1427, 694, 314, 830)->[2, -4, (-1-1*r5), (1-1*r5)]
(1250, 1282, 1127, 1000, 124, 498, 85, 629, 311, 666, 412, 858)->[-2, 2, (0+2*r5), -2]
(288, 1344, 867, 965, 1095, 843, 204, 463, 176, 754, 1299, 446)->[(1-1*r5), (1+1*r5), -4, 2]
(448, 257, 483, 839, 1407, 969, 1098, 720, 180, 248, 410, 543)->[-4, -2, (-1+1*r5), (-1-1*r5)]
(672, 929, 66, 1029, 390, 678, 905, 148, 948, 246, 1146, 1116)->[-2, 2, -2, (0-2*r5)]
(1120, 986, 354, 262, 1350, 331, 1103, 243, 122, 541, 1438, 799)->[(-1+1*r5), (1-1*r5), (1-1*r5), (-3-1*r5)]
(192, 960, 2, 98, 358, 619, 657, 178, 724, 1364, 314, 830)->[2, (0-2*r5), -2, -2]
(228, 935, 1191, 1290, 1211, 691, 822, 1177, 1019, 1084, 638, 223)->[(1+1*r5), (-3+1*r5), (1+1*r5), (-1-1*r5)]
(99, 8, 1129, 522, 142, 878, 914, 1362, 1300, 885, 601, 219)->[0, (-1-1*r5), (0+2*r5), (1-1*r5)]
(130, 423, 1223, 1257, 845, 688, 1371, 371, 1139, 344, 476, 316)->[(1-1*r5), -2, (-1-1*r5), -4]
(1026, 132, 892, 73, 618, 333, 302, 1133, 950, 663, 28, 317)->[2, 2, (0+2*r5), 2]
(197, 102, 1375, 362, 299, 946, 211, 917, 1206, 1430, 24, 1023)->[-4, 4, 0, 0]
(1347, 519, 712, 652, 1233, 1330, 980, 245, 503, 56, 505, 831)->[(-1-1*r5), 0, (1-1*r5), (0+2*r5)]
(997, 296, 169, 809, 140, 812, 334, 1072, 1137, 1404, 763, 668)->[(3+1*r5), 0, -2, (-3+1*r5)]
(192, 322, 5, 1096, 109, 845, 559, 1044, 409, 476, 285, 830)->[(3-1*r5), (-1-1*r5), (-1-1*r5), (-1-1*r5)]
(325, 1190, 716, 1102, 1167, 944, 1203, 277, 857, 1338, 477, 413)->[(-1-1*r5), (-1-1*r5), (-3+1*r5), (1+1*r5)]
(897, 3, 164, 645, 739, 773, 1066, 397, 1359, 567, 187, 1119)->[(-3-1*r5), (-3+1*r5), 0, 2]
(290, 1161, 940, 687, 304, 432, 466, 1301, 406, 759, 603, 509)->[-2, -2, (0-2*r5), 2]
(289, 417, 450, 229, 869, 903, 136, 234, 782, 719, 1182, 479)->[(3+1*r5), (-1+1*r5), (-1+1*r5), (-1+1*r5)]
(96, 385, 1249, 868, 1352, 811, 639, 112, 1360, 1236, 569, 127)->[2, 2, (0-2*r5), 2]
(345, 201, 713, 12, 1420, 430, 462, 340, 213, 54, 183, 185)->[(1+1*r5), (-1-1*r5), (3-1*r5), (1+1*r5)]
(326, 1286, 1321, 714, 1361, 690, 1139, 309, 1049, 1371, 604, 30)->[(1-1*r5), 0, (0-2*r5), (-1-1*r5)]
(1059, 1288, 778, 654, 750, 400, 943, 1358, 339, 1398, 152, 1439)->[(1-1*r5), (-1+1*r5), (-1+1*r5), (-3-1*r5)]
(1408, 2, 359, 717, 1168, 18, 1012, 725, 1364, 120, 860, 1021)->[2, (-3-1*r5), 0, (-3+1*r5)]
(1346, 227, 292, 581, 1324, 47, 881, 1201, 308, 348, 893, 1342)->[(-3+1*r5), (3+1*r5), 2, 0]
(225, 899, 1219, 1251, 742, 967, 1258, 76, 1008, 1333, 855, 1244)->[(1-1*r5), -2, (1+1*r5), -4]
(97, 903, 1256, 363, 575, 814, 465, 116, 278, 1151, 670, 479)->[(3+1*r5), (-3+1*r5), 0, 2]
(736, 161, 706, 833, 992, 1349, 648, 240, 304, 403, 504, 603)->[(-3+1*r5), (-1-1*r5), (-1-1*r5), (1+1*r5)]
(449, 901, 838, 490, 1357, 974, 143, 1394, 117, 1141, 1052, 958)->[(1+1*r5), 2, 4, (1-1*r5)]
(963, 613, 102, 870, 1375, 681, 299, 1393, 946, 1206, 253, 1023)->[(0-2*r5), (1+1*r5), (-1+1*r5), 0]
(1, 361, 906, 171, 1419, 141, 813, 48, 980, 373, 1428, 503)->[-2, 0, (3-1*r5), (3+1*r5)]
(419, 1383, 680, 940, 909, 942, 1233, 245, 1077, 727, 216, 1301)->[(-1-1*r5), (-3+1*r5), (-1-1*r5), (1+1*r5)]
(1153, 227, 1050, 840, 1064, 1324, 1201, 308, 215, 954, 348, 1342)->[(1-1*r5), (3+1*r5), (-1+1*r5), (1-1*r5)]
(1185, 738, 1410, 388, 324, 134, 1253, 1227, 44, 494, 1273, 1309)->[-2, (1-1*r5), 4, (1+1*r5)]
(1218, 1095, 264, 106, 176, 693, 919, 1176, 698, 1085, 318, 1311)->[(1-1*r5), (0+2*r5), (-1-1*r5), 0]
(1120, 354, 262, 1350, 1115, 331, 238, 821, 599, 347, 1438, 63)->[2, 0, (-3+1*r5), (-3-1*r5)]
(1120, 580, 1188, 1350, 267, 396, 301, 495, 497, 146, 1173, 217)->[(1+1*r5), (1-1*r5), -2, -4]
(864, 1222, 1067, 1004, 404, 1013, 95, 792, 1242, 445, 702, 671)->[(-1-1*r5), 2, -4, (1-1*r5)]
(1058, 840, 1386, 1197, 592, 1298, 181, 1303, 1050, 1147, 380, 126)->[0, (0+2*r5), (-1+1*r5), (-1-1*r5)]
(97, 869, 199, 300, 334, 719, 1072, 1073, 115, 376, 59, 575)->[(3+1*r5), (-1+1*r5), (1-1*r5), (-1+1*r5)]
(196, 772, 1353, 791, 237, 78, 1231, 1294, 1424, 439, 637, 383)->[4, (1-1*r5), (-1-1*r5), 2]
(1281, 1345, 675, 68, 1029, 1317, 331, 752, 179, 148, 1438, 1055)->[0, (3-1*r5), -2, (-3-1*r5)]
(32, 584, 521, 904, 492, 1389, 847, 144, 1329, 566, 732, 511)->[(-1+1*r5), (1-1*r5), (-3-1*r5), (1-1*r5)]
(130, 5, 423, 1223, 1257, 109, 845, 1169, 850, 1044, 476, 285)->[(-3+1*r5), (-1-1*r5), (-1-1*r5), (-1-1*r5)]
(1061, 1034, 236, 1069, 1262, 113, 593, 115, 435, 981, 376, 572)->[(0+2*r5), (1+1*r5), (1-1*r5), 0]
(292, 486, 1158, 1384, 233, 746, 938, 1355, 686, 149, 893, 1278)->[-2, (0+2*r5), 2, 2]
(710, 904, 1352, 1417, 1164, 557, 241, 1329, 820, 884, 569, 125)->[2, (3-1*r5), (-3-1*r5), 0]
(323, 1220, 1126, 137, 268, 524, 844, 239, 659, 1427, 341, 829)->[0, -4, -4, 0]
(327, 647, 201, 1194, 1420, 537, 816, 213, 54, 183, 345, 922)->[2, (-1-1*r5), (-1+1*r5), 4]
(1057, 1315, 136, 1033, 208, 1264, 370, 1426, 468, 1337, 1182, 190)->[(3+1*r5), (-1+1*r5), (-1+1*r5), (1-1*r5)]
(353, 386, 998, 711, 263, 460, 1196, 977, 1204, 984, 760, 1117)->[2, 0, (3-1*r5), (3+1*r5)]
(162, 1412, 1061, 1159, 1034, 236, 1262, 79, 593, 597, 572, 1405)->[4, (1+1*r5), -2, (1-1*r5)]
(1024, 482, 898, 994, 1255, 712, 776, 1032, 1005, 947, 505, 26)->[-4, 2, (1-1*r5), (1+1*r5)]
(1028, 325, 489, 1338, 1327, 978, 790, 1270, 952, 793, 1178, 1180)->[(-1-1*r5), (0-2*r5), 0, (-1+1*r5)]
(544, 801, 1318, 1193, 874, 653, 501, 475, 951, 1306, 443, 1246)->[2, (3+1*r5), 0, (-3+1*r5)]
(353, 418, 962, 612, 998, 1196, 655, 977, 82, 984, 760, 926)->[(1+1*r5), 0, (-1+1*r5), (0+2*r5)]
(1376, 769, 354, 451, 420, 709, 262, 1187, 1037, 975, 1007, 1135)->[(-1+1*r5), (1-1*r5), (-1+1*r5), (-3-1*r5)]
(228, 101, 1382, 520, 1211, 83, 691, 1435, 822, 921, 1019, 223)->[4, (1-1*r5), (1+1*r5), -2]
(1091, 964, 551, 1320, 365, 210, 563, 692, 1234, 1144, 634, 415)->[(1-1*r5), (-1+1*r5), (3+1*r5), (-1+1*r5)]
(677, 681, 1132, 493, 525, 77, 496, 1200, 1393, 307, 1076, 991)->[(0-2*r5), 2, 2, -2]
(1024, 1312, 34, 776, 107, 1326, 211, 1107, 758, 1430, 1272, 1276)->[-4, (1+1*r5), -2, (-1+1*r5)]
(704, 1379, 679, 618, 748, 1100, 303, 175, 1269, 312, 313, 28)->[(-1+1*r5), 0, (0+2*r5), (1+1*r5)]
(737, 165, 11, 1422, 1008, 401, 914, 467, 1043, 1333, 918, 1362)->[-2, -2, (0+2*r5), -2]
(608, 1189, 584, 521, 1096, 1389, 559, 847, 566, 694, 1275, 732)->[2, -2, (0-2*r5), -2]
(1121, 674, 1281, 1001, 779, 590, 398, 179, 599, 347, 189, 1118)->[2, 2, -2, (0-2*r5)]
(387, 772, 196, 902, 966, 872, 78, 1231, 1424, 1111, 1402, 637)->[(1+1*r5), (-3+1*r5), (-1-1*r5), (1+1*r5)]
(1, 452, 104, 171, 588, 813, 1419, 48, 373, 442, 1212, 382)->[(1-1*r5), (1-1*r5), (-1+1*r5), (3+1*r5)]
(1090, 547, 1099, 110, 703, 594, 147, 1106, 853, 792, 538, 95)->[(0-2*r5), 0, (-1-1*r5), (1-1*r5)]
(1058, 515, 1287, 778, 1386, 654, 271, 338, 436, 726, 1403, 1181)->[-2, (1+1*r5), (-1+1*r5), -4]
(1345, 684, 752, 1361, 690, 882, 1139, 309, 1371, 281, 667, 1049)->[0, 0, -4, -4]
(418, 962, 1432, 998, 201, 655, 82, 695, 760, 345, 699, 959)->[(1+1*r5), (1-1*r5), 2, 4]
(923, 69, 1254, 455, 935, 649, 1290, 272, 1392, 1336, 57, 315)->[(-1+1*r5), 0, (0+2*r5), (-1-1*r5)]
(548, 838, 617, 490, 620, 369, 1425, 276, 151, 1339, 92, 62)->[(-1+1*r5), (1+1*r5), 4, -2]
(1058, 740, 810, 1386, 1293, 433, 1041, 1298, 728, 1147, 380, 126)->[0, 4, 0, -4]
(643, 454, 585, 366, 110, 1134, 81, 466, 1297, 406, 25, 538)->[(-1-1*r5), (1-1*r5), (0-2*r5), 0]
(896, 356, 232, 777, 1260, 141, 306, 824, 1428, 1175, 88, 989)->[(-1-1*r5), (-1+1*r5), 2, 4]
(611, 1028, 614, 1327, 978, 916, 1270, 1208, 793, 1178, 953, 156)->[-2, (-3-1*r5), 0, (3-1*r5)]
(99, 1251, 742, 40, 1258, 1163, 76, 780, 1008, 209, 1333, 219)->[(-3+1*r5), (-1-1*r5), (1+1*r5), (-1-1*r5)]
(67, 1222, 1067, 204, 1326, 463, 633, 1107, 1363, 342, 249, 1017)->[(-1-1*r5), 2, -4, (-1+1*r5)]
(897, 482, 356, 712, 1292, 1005, 849, 947, 567, 824, 505, 26)->[(0-2*r5), (-1+1*r5), 0, (1+1*r5)]
(608, 1156, 1189, 584, 651, 939, 1389, 1328, 694, 438, 1275, 1343)->[(1+1*r5), -2, -4, (1-1*r5)]
(897, 739, 164, 519, 842, 1066, 1359, 944, 277, 567, 602, 831)->[(0-2*r5), (1-1*r5), 0, (1+1*r5)]
(4, 261, 294, 781, 1069, 113, 1235, 22, 983, 89, 731, 797)->[(1+1*r5), 4, (1-1*r5), 2]
(866, 1346, 1323, 653, 877, 656, 881, 1399, 408, 1246, 606, 447)->[(-1+1*r5), (3+1*r5), (-1+1*r5), (-1+1*r5)]
(386, 452, 1125, 998, 263, 711, 588, 1204, 760, 537, 922, 414)->[(-1+1*r5), (1-1*r5), (-1+1*r5), (3+1*r5)]
(322, 580, 1096, 409, 684, 845, 559, 1103, 882, 217, 986, 476)->[(-1+1*r5), -2, (-1-1*r5), -4]
(1162, 1291, 114, 29, 1335, 284, 1334, 823, 796, 765, 1150, 927)->[2, 2, -2, (0+2*r5)]
(419, 1383, 680, 1161, 940, 45, 942, 687, 304, 1301, 186, 603)->[-2, (1-1*r5), -4, (1+1*r5)]
(1024, 34, 776, 1128, 1421, 17, 211, 758, 1207, 1430, 1083, 1245)->[(-1-1*r5), 4, (1-1*r5), 2]
(739, 164, 550, 135, 1102, 244, 788, 1077, 727, 857, 766, 735)->[(0-2*r5), -2, -2, 2]
(864, 1090, 547, 9, 1099, 671, 792, 853, 536, 445, 702, 95)->[-4, (-1+1*r5), (-1-1*r5), -2]
(1, 1410, 487, 104, 360, 1002, 1419, 184, 442, 1212, 1309, 382)->[-2, -2, 2, (0+2*r5)]
(544, 866, 261, 294, 587, 207, 500, 951, 379, 1308, 93, 447)->[(-1+1*r5), (3+1*r5), (1-1*r5), (-1+1*r5)]
(773, 550, 135, 43, 397, 46, 562, 147, 594, 1171, 535, 1400)->[(-3-1*r5), 0, -2, (3-1*r5)]
(417, 289, 450, 546, 229, 873, 138, 234, 782, 787, 955, 894)->[(0+2*r5), 2, 2, 2]
(1216, 1378, 549, 837, 775, 683, 1165, 1390, 1266, 247, 250, 863)->[2, (-3+1*r5), (3+1*r5), 0]
(448, 1283, 265, 1098, 1259, 1422, 401, 274, 1205, 1274, 925, 159)->[-4, (1-1*r5), (1+1*r5), -2]
(417, 97, 869, 903, 300, 575, 782, 719, 814, 59, 1151, 479)->[(3+1*r5), (3-1*r5), 0, 2]
(513, 259, 583, 457, 751, 208, 1394, 84, 1141, 55, 1337, 1148)->[4, (1+1*r5), 2, (1-1*r5)]
(770, 295, 1322, 203, 589, 1106, 502, 1368, 1341, 700, 1213, 703)->[(0-2*r5), -2, -2, -2]
(768, 928, 1217, 7, 555, 910, 689, 407, 889, 539, 508, 1437)->[(-1+1*r5), (-1-1*r5), 4, 2]
(1312, 482, 773, 43, 397, 1005, 1391, 1171, 564, 535, 1400, 1276)->[(-3-1*r5), (-1+1*r5), (1-1*r5), (-1+1*r5)]
(392, 1193, 1324, 653, 1303, 592, 501, 475, 343, 443, 348, 1246)->[(-1+1*r5), (3+1*r5), (-1+1*r5), (1-1*r5)]
(195, 361, 906, 527, 1330, 851, 660, 469, 1109, 56, 90, 1054)->[(1-1*r5), (-1+1*r5), (1-1*r5), (3+1*r5)]
(33, 166, 589, 368, 688, 405, 662, 1078, 1370, 316, 1213, 1310)->[(-1-1*r5), (1-1*r5), -2, -4]
(471, 901, 974, 1264, 370, 691, 1394, 1141, 822, 310, 1052, 958)->[4, (-1+1*r5), (1+1*r5), -2]
(224, 1347, 357, 1289, 1226, 652, 48, 336, 851, 373, 90, 123)->[(1-1*r5), (1-1*r5), (1-1*r5), (3+1*r5)]
(800, 610, 71, 807, 937, 627, 279, 952, 697, 251, 1180, 351)->[(0-2*r5), (-1-1*r5), (-1+1*r5), 0]
(704, 768, 928, 1216, 1217, 1378, 7, 591, 689, 375, 313, 539)->[2, -2, (0+2*r5), 2]
(1344, 34, 264, 1128, 332, 17, 754, 758, 982, 1207, 698, 1083)->[-2, (0+2*r5), -2, 2]
(992, 161, 321, 1284, 1349, 648, 240, 784, 1203, 1140, 504, 413)->[(1-1*r5), -4, -2, (1+1*r5)]
(320, 72, 718, 623, 1138, 213, 54, 1365, 1366, 1369, 508, 1437)->[2, (0-2*r5), 2, 2]
(353, 962, 612, 804, 1196, 814, 655, 626, 628, 157, 926, 1151)->[4, 0, 0, 4]
(1184, 994, 419, 1383, 1032, 909, 1233, 245, 23, 216, 249, 1017)->[(-1-1*r5), (3-1*r5), (-1-1*r5), (1+1*r5)]
(97, 199, 296, 809, 140, 575, 334, 812, 1072, 1073, 439, 383)->[(3+1*r5), 0, -2, (3-1*r5)]
(512, 961, 260, 1028, 1224, 937, 1327, 627, 979, 1331, 86, 888)->[(-1-1*r5), (0-2*r5), 0, (1-1*r5)]
(672, 1058, 740, 678, 1287, 778, 1386, 654, 433, 1041, 728, 1181)->[(1-1*r5), (1+1*r5), 0, (0-2*r5)]
(963, 518, 777, 1418, 364, 1292, 624, 849, 1175, 890, 253, 542)->[(0-2*r5), 2, 2, 2]
(70, 745, 1097, 1418, 862, 119, 631, 1119, 187, 669, 542, 767)->[(-3-1*r5), 0, 2, (3-1*r5)]
(963, 70, 1097, 1418, 1292, 1391, 849, 564, 187, 253, 542, 1119)->[(-3-1*r5), (-1+1*r5), (-1+1*r5), (-1+1*r5)]
(513, 545, 583, 392, 1193, 458, 1303, 592, 369, 343, 443, 92)->[2, (0+2*r5), 2, -2]
(1090, 1400, 393, 1099, 749, 1104, 945, 1171, 1045, 182, 1304, 411)->[(-3-1*r5), (-1+1*r5), (1-1*r5), (1-1*r5)]
(1215, 226, 489, 42, 1102, 244, 788, 150, 790, 857, 766, 735)->[-4, (-1-1*r5), -2, (-1+1*r5)]
(225, 899, 805, 967, 488, 1422, 1008, 401, 467, 1333, 918, 1244)->[-2, (1-1*r5), 4, (-1-1*r5)]
(704, 928, 1216, 1378, 676, 549, 837, 683, 1390, 729, 313, 539)->[(-1+1*r5), (1-1*r5), (3+1*r5), (-1+1*r5)]
(704, 1217, 1432, 1100, 591, 175, 689, 1269, 375, 312, 313, 959)->[2, (1-1*r5), 4, (1+1*r5)]
(323, 163, 1220, 358, 359, 139, 619, 1198, 1168, 661, 887, 221)->[(3-1*r5), (-3-1*r5), -2, 0]
(165, 40, 522, 848, 209, 817, 976, 1042, 533, 1043, 601, 540)->[-2, -4, (1+1*r5), (1-1*r5)]
(1026, 132, 679, 618, 1100, 333, 14, 303, 175, 1241, 28, 317)->[2, (-1+1*r5), 4, (1+1*r5)]
(350, 1122, 781, 1235, 1335, 1143, 1334, 983, 89, 731, 797, 158)->[(1+1*r5), (1+1*r5), (-3+1*r5), (1+1*r5)]
(320, 1348, 806, 359, 717, 1168, 18, 1011, 1012, 1138, 924, 1021)->[2, (-3-1*r5), 0, (3-1*r5)]
(162, 1159, 169, 394, 427, 841, 756, 1237, 534, 920, 635, 763)->[4, (-1+1*r5), (-1-1*r5), -2]
(1249, 387, 902, 1031, 872, 1231, 112, 1424, 1111, 823, 284, 287)->[(1+1*r5), (3-1*r5), (-1-1*r5), (1+1*r5)]
(197, 1375, 1064, 362, 632, 177, 913, 917, 215, 24, 1081, 1023)->[(-1-1*r5), (0+2*r5), 0, (1-1*r5)]
(70, 681, 1097, 1132, 493, 525, 496, 753, 1393, 1045, 214, 411)->[(-3-1*r5), (-1+1*r5), (-1+1*r5), (1-1*r5)]
(517, 1381, 106, 1085, 693, 1013, 919, 1176, 1302, 1242, 605, 1311)->[-2, 4, (-1-1*r5), (1-1*r5)]
(1409, 194, 1146, 1287, 168, 905, 170, 913, 786, 632, 730, 1181)->[(-1-1*r5), (1+1*r5), (-3+1*r5), (-1-1*r5)]
(1218, 264, 552, 1416, 108, 500, 693, 1397, 1176, 698, 93, 318)->[(-3+1*r5), (3+1*r5), -2, 0]
(386, 382, 452, 1125, 711, 171, 588, 813, 273, 1212, 1149, 414)->[0, (-3+1*r5), 2, (3+1*r5)]
(736, 161, 706, 357, 648, 680, 1289, 45, 942, 304, 186, 603)->[(1-1*r5), -2, (-1-1*r5), 4]
(641, 1249, 868, 902, 811, 112, 1360, 1236, 284, 1111, 823, 444)->[2, (-1+1*r5), -4, (1+1*r5)]
(101, 1382, 391, 520, 553, 1211, 854, 247, 921, 1019, 985, 863)->[(1+1*r5), -2, 4, (1-1*r5)]
(1216, 1089, 1378, 101, 775, 1433, 854, 247, 921, 250, 985, 863)->[(1+1*r5), (1-1*r5), (0+2*r5), 0]
(897, 482, 773, 1292, 397, 1005, 1391, 849, 564, 567, 187, 1119)->[(-3-1*r5), (3-1*r5), 0, 2]
(320, 968, 1369, 12, 430, 462, 1138, 213, 54, 1110, 1365, 185)->[(1+1*r5), -4, (-1+1*r5), 2]
(1156, 296, 841, 394, 1353, 140, 237, 1164, 241, 856, 1373, 1343)->[4, 0, -4, 0]
(705, 1057, 1315, 1374, 1033, 650, 1137, 1426, 468, 346, 668, 190)->[(3+1*r5), (3-1*r5), 0, -2]
(1156, 584, 1353, 1130, 939, 651, 237, 1164, 1389, 241, 957, 1343)->[(1+1*r5), (1-1*r5), (0-2*r5), 0]
(65, 1186, 1027, 485, 1351, 846, 625, 1172, 725, 280, 507, 860)->[2, (0-2*r5), 2, -2]
(1249, 199, 1031, 1035, 1231, 112, 1073, 1424, 596, 856, 1373, 287)->[4, (-1+1*r5), (-1-1*r5), 2]
(736, 706, 484, 357, 743, 871, 1289, 461, 45, 1230, 186, 607)->[0, (1-1*r5), (-1-1*r5), (0+2*r5)]
(865, 165, 1259, 848, 817, 976, 1043, 533, 697, 1274, 251, 861)->[(-1-1*r5), (-1-1*r5), (1+1*r5), (-3+1*r5)]
(804, 1031, 158, 300, 781, 628, 1334, 1335, 59, 797, 350, 287)->[4, 2, (1-1*r5), (1+1*r5)]
(576, 1248, 549, 8, 1129, 142, 1390, 1265, 914, 1362, 885, 286)->[0, -2, (3+1*r5), (-3+1*r5)]
(39, 200, 74, 554, 600, 1068, 1294, 785, 791, 568, 1209, 255)->[4, (-1-1*r5), -2, (-1+1*r5)]
(1024, 898, 1255, 776, 1128, 1387, 1421, 947, 1207, 26, 220, 1245)->[(-1-1*r5), (1+1*r5), (-3+1*r5), (1+1*r5)]
(739, 164, 519, 716, 1102, 1167, 944, 277, 1077, 727, 857, 831)->[-4, -2, (1-1*r5), (1+1*r5)]
(321, 573, 644, 42, 240, 784, 978, 1203, 504, 1178, 413, 1215)->[-2, (0-2*r5), -2, 2]
(353, 708, 263, 999, 1291, 460, 1196, 879, 114, 1108, 1204, 1117)->[2, 0, (-3+1*r5), (3+1*r5)]
(1414, 167, 10, 1325, 462, 367, 465, 883, 278, 695, 185, 699)->[(0+2*r5), -2, 2, 2]
(738, 388, 324, 491, 1227, 494, 1039, 1263, 1295, 1015, 1273, 826)->[-2, -2, (0+2*r5), 2]
(1121, 674, 36, 293, 900, 1385, 1131, 819, 915, 1332, 58, 1022)->[(3-1*r5), (1+1*r5), (-1-1*r5), (-1-1*r5)]
(1091, 676, 964, 1273, 551, 1320, 1379, 1227, 748, 1144, 729, 634)->[(-3+1*r5), 0, (3+1*r5), 2]
(128, 160, 993, 35, 771, 1060, 1130, 78, 957, 886, 87, 637)->[2, -2, (0-2*r5), 2]
(418, 695, 1100, 175, 591, 49, 82, 212, 375, 1432, 699, 959)->[(1+1*r5), (-3+1*r5), (1+1*r5), (1+1*r5)]
(454, 1210, 585, 972, 429, 174, 1134, 1297, 466, 406, 1047, 570)->[-2, (-3+1*r5), (-3-1*r5), 0]
(128, 736, 706, 484, 1060, 966, 682, 461, 1230, 630, 1402, 607)->[(-1+1*r5), -2, (-1-1*r5), 4]
(326, 454, 1321, 492, 429, 174, 144, 1297, 19, 1047, 825, 1210)->[(1-1*r5), (1-1*r5), (-3-1*r5), (1-1*r5)]
(384, 193, 258, 1218, 395, 1179, 207, 1267, 1396, 53, 379, 318)->[(-1+1*r5), (0+2*r5), (-1-1*r5), 0]
(323, 163, 1220, 358, 1126, 137, 619, 524, 335, 1040, 1427, 887)->[(-1+1*r5), (0-2*r5), (-1-1*r5), 0]
(68, 740, 1252, 779, 400, 433, 1105, 1398, 1115, 1055, 189, 63)->[(3-1*r5), 2, 0, (-3-1*r5)]
(517, 1381, 168, 145, 177, 693, 1302, 1176, 1081, 730, 988, 605)->[-2, (0+2*r5), -2, -2]
(1152, 997, 809, 812, 1036, 16, 1137, 1429, 472, 1404, 668, 191)->[(3+1*r5), (1-1*r5), (1-1*r5), (1-1*r5)]
(512, 100, 295, 969, 1354, 368, 723, 979, 502, 248, 1401, 1370)->[(-1-1*r5), (-1-1*r5), (-3+1*r5), (-1-1*r5)]
(514, 834, 325, 1190, 487, 360, 944, 529, 722, 277, 1338, 477)->[(-1-1*r5), (-1-1*r5), (3-1*r5), (1+1*r5)]
(866, 587, 332, 558, 880, 1087, 500, 93, 982, 1308, 349, 447)->[0, (3+1*r5), (-3+1*r5), 2]
(481, 194, 1409, 9, 170, 905, 1104, 786, 182, 536, 1146, 155)->[-4, 2, (1-1*r5), (-1-1*r5)]
(545, 458, 173, 1197, 92, 592, 369, 181, 1303, 1018, 1147, 380)->[(-1+1*r5), 4, 2, (-1-1*r5)]
(65, 291, 72, 425, 970, 717, 846, 1261, 18, 242, 1366, 762)->[(3-1*r5), (-3-1*r5), 2, 0]
(1254, 455, 649, 621, 1165, 272, 1265, 1266, 1392, 1336, 222, 286)->[(3-1*r5), 0, (3+1*r5), -2]
(289, 774, 903, 136, 10, 234, 941, 883, 1112, 154, 1182, 479)->[(3+1*r5), 0, 2, (3-1*r5)]
(288, 867, 1157, 266, 206, 1360, 1236, 437, 377, 1243, 29, 927)->[(3-1*r5), (1+1*r5), (-1-1*r5), (1+1*r5)]
(327, 647, 586, 235, 1420, 685, 560, 665, 532, 183, 537, 922)->[(-1+1*r5), (-1-1*r5), 0, (0+2*r5)]
(643, 550, 135, 940, 909, 81, 788, 1077, 1301, 727, 216, 766)->[-4, (1-1*r5), (-1-1*r5), 2]
(289, 577, 1089, 1415, 10, 234, 941, 49, 883, 212, 1112, 1433)->[(0+2*r5), 0, (1+1*r5), (-1+1*r5)]
(932, 37, 701, 936, 907, 1323, 877, 656, 1399, 408, 61, 606)->[2, (0+2*r5), 2, 2]
(450, 259, 546, 229, 37, 231, 932, 457, 138, 873, 1051, 894)->[4, (1+1*r5), 2, (-1+1*r5)]
(1145, 1377, 1351, 329, 1163, 780, 1101, 51, 280, 1048, 60, 895)->[0, (0-2*r5), (-1+1*r5), (-1-1*r5)]
(384, 193, 642, 79, 819, 915, 597, 53, 1267, 1396, 1179, 1406)->[2, 4, (-1-1*r5), (1-1*r5)]
(292, 1158, 1384, 938, 715, 971, 893, 686, 1228, 859, 381, 319)->[-2, 4, (1+1*r5), (-1+1*r5)]
(929, 36, 517, 1381, 1385, 1131, 378, 1423, 1332, 246, 58, 1022)->[(-3+1*r5), (1+1*r5), (-1-1*r5), (-1-1*r5)]
(1376, 1377, 1186, 1027, 582, 426, 1037, 815, 1074, 565, 1271, 895)->[2, (-1-1*r5), (-1+1*r5), -4]
(1376, 769, 420, 582, 1191, 1037, 815, 1007, 1135, 565, 1271, 1084)->[2, -2, 2, (0-2*r5)]
(641, 868, 902, 811, 461, 205, 783, 1230, 886, 87, 1111, 444)->[(-1+1*r5), 0, (0-2*r5), (1+1*r5)]
(1250, 934, 1320, 365, 399, 210, 1234, 692, 1144, 153, 666, 795)->[-2, (3-1*r5), (3+1*r5), 0]
(321, 611, 644, 1198, 784, 978, 916, 661, 1208, 1178, 156, 573)->[(1-1*r5), (-3-1*r5), (1-1*r5), (-1+1*r5)]
(128, 1060, 902, 966, 461, 78, 1230, 886, 87, 1111, 1402, 637)->[2, (1-1*r5), -4, (1+1*r5)]
(450, 259, 229, 231, 457, 208, 435, 981, 55, 1337, 1051, 1148)->[(0+2*r5), (1+1*r5), (-1+1*r5), 0]
(672, 66, 675, 68, 1029, 390, 678, 1317, 1358, 943, 148, 1055)->[(1-1*r5), (-1+1*r5), (1-1*r5), (-3-1*r5)]
(257, 770, 1124, 421, 933, 393, 753, 945, 214, 1368, 91, 543)->[(-3-1*r5), (-3+1*r5), 0, -2]
(512, 961, 260, 295, 328, 616, 1224, 1354, 723, 979, 502, 86)->[(-1-1*r5), -4, (1-1*r5), -2]
(741, 710, 1030, 297, 202, 556, 639, 1299, 372, 125, 446, 127)->[0, 2, (-3-1*r5), (3-1*r5)]
(1056, 1185, 964, 134, 232, 1003, 1260, 1006, 1202, 634, 27, 478)->[-2, (-1+1*r5), 4, (1+1*r5)]
(33, 129, 547, 714, 589, 973, 688, 853, 316, 1213, 1310, 604)->[(-1-1*r5), (-3+1*r5), (-1-1*r5), (-1-1*r5)]
(327, 647, 428, 718, 623, 464, 305, 50, 528, 1268, 21, 474)->[0, (0-2*r5), (-1+1*r5), (1+1*r5)]
(352, 1056, 836, 1285, 232, 1260, 1006, 658, 1046, 27, 828, 478)->[(1-1*r5), 2, (1+1*r5), 4]
(1346, 581, 392, 1324, 653, 877, 47, 881, 343, 408, 348, 1246)->[(3-1*r5), (3+1*r5), 2, 0]
(450, 1315, 229, 869, 136, 719, 208, 435, 981, 1337, 1182, 190)->[(3+1*r5), 2, (3-1*r5), 0]
(1154, 1093, 422, 38, 968, 785, 1012, 598, 1110, 568, 764, 1021)->[4, -4, 0, 0]
(576, 928, 1248, 676, 549, 142, 1295, 1390, 885, 729, 826, 539)->[0, -2, (3+1*r5), (3-1*r5)]
(615, 425, 522, 970, 142, 878, 1070, 1300, 885, 407, 601, 889)->[0, -4, 4, 0]
(1279, 733, 233, 875, 1355, 1356, 656, 337, 1010, 1399, 349, 1087)->[0, (0+2*r5), (-1+1*r5), (1+1*r5)]
(102, 486, 1384, 746, 938, 364, 1421, 946, 149, 890, 1245, 1278)->[(-1-1*r5), 4, (-1+1*r5), 2]
(929, 1029, 378, 1423, 1361, 148, 948, 246, 1049, 58, 1116, 1022)->[(1-1*r5), 2, (-1-1*r5), -4]
(866, 1346, 233, 1355, 558, 656, 880, 881, 1087, 1399, 349, 447)->[0, (3+1*r5), (3-1*r5), 2]
(256, 195, 1380, 646, 298, 1387, 337, 660, 1367, 220, 990, 1279)->[(1-1*r5), (1+1*r5), 0, (0+2*r5)]
(992, 321, 1284, 1349, 685, 80, 528, 784, 1140, 1268, 1014, 665)->[0, (0-2*r5), (1-1*r5), (1+1*r5)]
(1409, 194, 197, 168, 177, 913, 917, 1302, 632, 1081, 730, 605)->[(-1-1*r5), 4, (1-1*r5), -2]
(1024, 1312, 994, 482, 776, 1032, 43, 1005, 1326, 1107, 535, 1276)->[(0-2*r5), 2, -2, 2]
(963, 613, 102, 518, 870, 1384, 938, 364, 624, 946, 890, 253)->[-4, (1+1*r5), 2, (-1+1*r5)]
(1250, 1282, 1200, 188, 1076, 629, 1016, 666, 1307, 412, 858, 1247)->[(-1-1*r5), 2, 4, (1-1*r5)]
(1251, 100, 1316, 742, 456, 1401, 111, 720, 52, 1145, 60, 1407)->[-2, (-1-1*r5), (-1+1*r5), -4]
(1217, 1125, 1432, 1194, 459, 1038, 816, 689, 1269, 312, 414, 959)->[(-1+1*r5), -2, (1+1*r5), 4]
(1156, 997, 1343, 296, 169, 394, 427, 140, 841, 635, 1404, 763)->[(0+2*r5), 0, (-1-1*r5), (1-1*r5)]
(833, 290, 844, 239, 240, 304, 432, 403, 759, 504, 603, 509)->[(1-1*r5), (-1-1*r5), -4, 2]
(1123, 1413, 1224, 41, 139, 1170, 1395, 86, 1208, 156, 221, 31)->[(1-1*r5), (-3-1*r5), (1-1*r5), (1-1*r5)]
(1281, 1345, 1029, 752, 1361, 179, 148, 1049, 281, 58, 667, 1022)->[0, (-1+1*r5), (-1-1*r5), (0-2*r5)]
(1088, 834, 428, 876, 464, 529, 561, 949, 1270, 793, 282, 1020)->[-2, (0-2*r5), 2, 2]
(1413, 329, 330, 75, 109, 178, 51, 724, 755, 1395, 441, 285)->[0, (0-2*r5), (1-1*r5), (-1-1*r5)]
(1280, 6, 904, 521, 492, 144, 1329, 690, 309, 1239, 506, 732)->[(3-1*r5), 0, (-3-1*r5), -2]
(708, 1150, 743, 871, 999, 527, 851, 469, 1109, 90, 796, 1054)->[0, (3-1*r5), -2, (3+1*r5)]
(1001, 398, 270, 495, 590, 146, 1237, 534, 599, 347, 1053, 1118)->[(1+1*r5), (-1+1*r5), -2, -4]
(1152, 1154, 774, 167, 1036, 1325, 622, 798, 116, 598, 154, 670)->[(3+1*r5), -2, (3-1*r5), 0]
(960, 98, 1155, 1188, 426, 526, 15, 1071, 497, 1074, 1199, 636)->[(1+1*r5), (-1-1*r5), (-3+1*r5), (-1-1*r5)]
(579, 1411, 39, 713, 74, 12, 269, 430, 1420, 340, 183, 94)->[(1+1*r5), (-1-1*r5), (-3+1*r5), (1+1*r5)]
(640, 1254, 649, 620, 621, 1165, 143, 1357, 1266, 276, 852, 222)->[(-1+1*r5), (-1+1*r5), (3+1*r5), (1-1*r5)]
(1281, 68, 1115, 331, 779, 179, 599, 347, 1055, 189, 1438, 63)->[(-1+1*r5), (-1+1*r5), (1-1*r5), (-3-1*r5)]
(578, 515, 677, 170, 77, 493, 496, 786, 307, 726, 473, 991)->[-4, 2, (-1+1*r5), (-1-1*r5)]
(1025, 453, 389, 1033, 1166, 751, 912, 84, 468, 310, 471, 252)->[4, 2, (-1+1*r5), (-1-1*r5)]
(1125, 998, 1432, 201, 1194, 537, 816, 760, 345, 922, 414, 959)->[2, -2, 2, (0+2*r5)]
(1033, 751, 208, 1264, 370, 1394, 468, 84, 310, 471, 1141, 1337)->[(0+2*r5), 2, 2, -2]
(513, 548, 838, 583, 392, 490, 1136, 369, 343, 151, 92, 1086)->[2, 4, (1+1*r5), (1-1*r5)]
(129, 130, 326, 454, 1305, 1257, 1321, 973, 1297, 19, 825, 121)->[-2, -2, (0-2*r5), -2]
(64, 677, 805, 488, 265, 908, 307, 629, 470, 412, 925, 1183)->[(-1-1*r5), (3-1*r5), (1+1*r5), (-1-1*r5)]
(388, 615, 555, 491, 876, 494, 910, 1039, 1070, 1295, 826, 1020)->[(1-1*r5), (-1-1*r5), 4, 2]
(384, 642, 36, 293, 900, 1385, 1195, 819, 915, 696, 1179, 1406)->[(-1+1*r5), (1+1*r5), -4, -2]
(226, 803, 42, 366, 911, 788, 150, 759, 25, 509, 766, 1215)->[(-1-1*r5), (-1-1*r5), (-1-1*r5), (3-1*r5)]
(423, 808, 1223, 368, 688, 1232, 371, 405, 662, 344, 1370, 316)->[-2, -2, -2, (0-2*r5)]
(1120, 1350, 267, 396, 238, 270, 495, 146, 821, 599, 347, 1053)->[(1+1*r5), 0, (1-1*r5), (0-2*r5)]
(100, 423, 808, 1223, 1354, 75, 368, 1232, 723, 755, 1401, 1370)->[-2, (-1-1*r5), (1-1*r5), -4]
(770, 1124, 933, 393, 203, 46, 945, 562, 1106, 1368, 700, 703)->[(-3-1*r5), (1-1*r5), (1-1*r5), (1-1*r5)]
(1304, 194, 1090, 1409, 9, 1099, 749, 1104, 182, 536, 445, 702)->[(0-2*r5), 2, -2, -2]
(801, 1061, 1318, 1193, 874, 1034, 431, 55, 1306, 443, 1148, 734)->[(1+1*r5), (0+2*r5), 0, (1-1*r5)]
(121, 226, 803, 1305, 328, 616, 1322, 366, 911, 150, 25, 1341)->[(-1-1*r5), (-1-1*r5), (-1-1*r5), (-3+1*r5)]
(1156, 997, 1189, 427, 301, 1275, 1328, 1173, 438, 635, 1404, 1343)->[4, (1-1*r5), (-1-1*r5), -2]
(1408, 1413, 329, 139, 178, 51, 724, 1170, 1395, 120, 221, 31)->[0, (-3-1*r5), (-3+1*r5), -2]
(256, 1279, 1380, 230, 733, 1356, 337, 1367, 571, 349, 990, 1087)->[0, 4, 0, 4]
(672, 929, 678, 1146, 168, 905, 1287, 1041, 246, 728, 730, 1181)->[-2, (1+1*r5), (1-1*r5), -4]
(1088, 615, 425, 522, 970, 1070, 848, 561, 976, 1042, 601, 540)->[(1-1*r5), (0-2*r5), (1+1*r5), 0]
(1313, 802, 835, 548, 1127, 1000, 620, 1425, 276, 151, 1114, 1339)->[0, (1+1*r5), (0+2*r5), (1-1*r5)]
(673, 1314, 1241, 1094, 747, 14, 1296, 977, 531, 1238, 984, 761)->[2, 2, 2, (0+2*r5)]
(1153, 1050, 840, 1324, 592, 1298, 501, 1303, 954, 475, 348, 126)->[0, (3+1*r5), (3-1*r5), -2]
(960, 98, 322, 1188, 330, 426, 441, 497, 1074, 243, 409, 541)->[2, (-1-1*r5), (1-1*r5), -4]
(320, 1348, 72, 717, 718, 623, 1261, 18, 1011, 1138, 1366, 762)->[(-1+1*r5), (-3-1*r5), (-1+1*r5), (-1+1*r5)]
(800, 610, 3, 1124, 645, 933, 71, 807, 119, 279, 669, 351)->[(-3-1*r5), -2, (3-1*r5), 0]
(609, 738, 131, 324, 930, 134, 1185, 1410, 306, 275, 88, 1309)->[(-1-1*r5), (-3+1*r5), (1+1*r5), (1+1*r5)]
(737, 865, 165, 11, 1259, 1422, 401, 274, 1043, 1274, 861, 159)->[(-1-1*r5), -2, 4, (1-1*r5)]
(1145, 1377, 329, 330, 75, 1065, 51, 595, 755, 441, 60, 895)->[0, -4, 0, -4]
(1155, 997, 301, 1199, 16, 1328, 1173, 438, 1429, 472, 1404, 191)->[(0+2*r5), -2, -2, -2]
(4, 1035, 236, 781, 1069, 113, 593, 115, 596, 22, 376, 797)->[4, (1+1*r5), -2, (-1+1*r5)]
(1, 930, 131, 1410, 487, 360, 842, 1419, 306, 88, 602, 1309)->[(-1-1*r5), (1-1*r5), 2, 4]
(1122, 230, 1162, 29, 1335, 1143, 1334, 983, 571, 765, 731, 927)->[2, (1+1*r5), (1-1*r5), 4]
(355, 1059, 709, 1160, 1288, 750, 975, 400, 339, 374, 1398, 283)->[0, (3-1*r5), 2, (-3-1*r5)]
(64, 225, 448, 805, 967, 488, 265, 1098, 1422, 401, 925, 1183)->[(-1-1*r5), (-3+1*r5), (1+1*r5), (-1-1*r5)]
(1280, 6, 710, 904, 1195, 557, 1329, 820, 1239, 696, 506, 125)->[(-1+1*r5), (-1+1*r5), (-3-1*r5), (1-1*r5)]
(1344, 1380, 1157, 1128, 332, 754, 982, 1207, 377, 1434, 1277, 990)->[(1-1*r5), 4, -2, (1+1*r5)]
(834, 1190, 487, 104, 360, 1002, 305, 50, 529, 184, 442, 477)->[-2, (-1-1*r5), (-1+1*r5), 4]
(832, 741, 1161, 202, 972, 205, 687, 783, 530, 664, 570, 1372)->[(-3+1*r5), 0, (-3-1*r5), 2]
(1056, 964, 319, 715, 1003, 365, 1006, 210, 563, 1202, 634, 415)->[-2, 2, (0+2*r5), 2]
(1251, 1316, 742, 40, 1163, 780, 1101, 209, 52, 1048, 1145, 60)->[(1-1*r5), -4, 2, (-1-1*r5)]
(420, 69, 582, 1191, 744, 1258, 76, 815, 1135, 218, 923, 1084)->[(-1+1*r5), -2, (1+1*r5), -4]
(868, 741, 710, 1352, 1417, 202, 811, 884, 569, 127, 125, 639)->[(-1+1*r5), (-1+1*r5), (-3-1*r5), (-1+1*r5)]
(99, 165, 40, 522, 1008, 209, 914, 1043, 1362, 1333, 601, 219)->[(1-1*r5), (-1-1*r5), 4, -2]
(1408, 280, 291, 1351, 329, 1101, 242, 51, 1170, 120, 1048, 31)->[0, (-3-1*r5), (3-1*r5), -2]
(391, 8, 553, 744, 1129, 1211, 1392, 247, 1336, 218, 1019, 863)->[2, -2, (0+2*r5), -2]
(705, 1025, 1033, 650, 270, 1166, 912, 468, 346, 252, 1053, 1374)->[(0+2*r5), (-1+1*r5), 0, (-1-1*r5)]
(261, 294, 231, 1318, 1323, 1069, 113, 1235, 89, 1306, 1051, 606)->[(1+1*r5), (0+2*r5), 0, (-1+1*r5)]
(290, 1210, 1161, 972, 174, 687, 432, 466, 530, 406, 570, 1372)->[(1-1*r5), (1-1*r5), (-3-1*r5), (-1+1*r5)]
(1121, 674, 1281, 900, 293, 398, 590, 179, 281, 58, 667, 1022)->[(-1+1*r5), 2, (-1-1*r5), -4]
(1377, 1186, 1027, 582, 1351, 1163, 780, 815, 625, 1172, 280, 895)->[(-1+1*r5), -4, 2, (-1-1*r5)]
(481, 578, 483, 996, 421, 166, 839, 155, 1078, 473, 91, 510)->[-4, 0, 0, -4]
(642, 900, 293, 6, 1195, 557, 756, 820, 920, 696, 506, 1406)->[2, 2, (0-2*r5), -2]
(994, 1032, 43, 909, 1326, 633, 1107, 342, 535, 216, 249, 1017)->[-4, (-1+1*r5), (-1-1*r5), 2]
(1315, 869, 334, 719, 1072, 1262, 115, 435, 981, 376, 572, 190)->[(3+1*r5), 2, (-3+1*r5), 0]
(1312, 1400, 299, 749, 1391, 1171, 564, 1045, 1206, 1304, 411, 1276)->[(-3-1*r5), 2, (-3+1*r5), 0]
(835, 1114, 73, 563, 118, 663, 1142, 794, 859, 381, 254, 415)->[0, (1+1*r5), (0+2*r5), (-1+1*r5)]
(224, 484, 357, 708, 743, 871, 999, 1289, 851, 90, 123, 607)->[0, (-3+1*r5), -2, (3+1*r5)]
(613, 870, 1375, 681, 523, 77, 1200, 1393, 20, 1076, 1023, 991)->[-4, (1+1*r5), 2, (1-1*r5)]
(1304, 194, 1409, 197, 107, 749, 917, 1302, 1272, 605, 702, 445)->[-4, (1+1*r5), -2, (1-1*r5)]
(196, 772, 39, 1256, 713, 74, 363, 269, 626, 340, 157, 94)->[4, -2, (1-1*r5), (1+1*r5)]
(1311, 1222, 107, 1067, 1013, 1302, 919, 1272, 1242, 605, 702, 445)->[(-1-1*r5), (1+1*r5), (-1-1*r5), (-3+1*r5)]
(897, 503, 356, 519, 712, 842, 980, 567, 824, 505, 602, 831)->[-4, 0, 0, 4]
(129, 121, 454, 1305, 1322, 973, 366, 110, 1297, 25, 538, 1341)->[(-1-1*r5), -2, -4, (1-1*r5)]
(514, 834, 325, 1338, 529, 722, 949, 1270, 952, 793, 282, 1180)->[(-1-1*r5), -4, (-1+1*r5), 2]
(1152, 1057, 931, 1082, 774, 1036, 622, 1426, 83, 154, 1435, 798)->[(3+1*r5), (1-1*r5), (-1+1*r5), (1-1*r5)]
(321, 611, 1348, 1198, 80, 528, 784, 1011, 916, 661, 1014, 1268)->[0, (-3-1*r5), (-3+1*r5), 2]
(576, 737, 1248, 11, 1265, 914, 467, 1362, 918, 153, 795, 286)->[(1-1*r5), (1-1*r5), (3+1*r5), (1-1*r5)]
(32, 268, 492, 174, 847, 144, 19, 341, 566, 825, 1210, 511)->[0, -2, (-3-1*r5), (-3+1*r5)]
(768, 1092, 7, 72, 1369, 1365, 1366, 407, 1080, 889, 508, 1437)->[2, -4, (1+1*r5), (-1+1*r5)]
(36, 517, 1381, 1242, 106, 1385, 1423, 499, 1013, 440, 378, 1085)->[(1-1*r5), (1+1*r5), -4, -2]
(865, 738, 707, 324, 491, 1039, 1263, 721, 1174, 1015, 1240, 861)->[(-1-1*r5), -2, 4, (-1+1*r5)]
(1153, 552, 1416, 108, 145, 177, 693, 1397, 1176, 1081, 954, 988)->[(1-1*r5), (3+1*r5), (1-1*r5), (1-1*r5)]
(448, 257, 800, 1283, 1098, 1259, 1274, 180, 1205, 279, 410, 543)->[(0-2*r5), -2, 2, -2]
(548, 581, 392, 877, 47, 1136, 118, 151, 408, 1142, 1086, 343)->[(-1+1*r5), (0+2*r5), (1+1*r5), 0]
(1408, 65, 280, 291, 1351, 717, 846, 18, 242, 725, 120, 860)->[(-1+1*r5), (-3-1*r5), (-1+1*r5), (1-1*r5)]
(931, 228, 526, 15, 434, 818, 565, 1079, 1082, 1271, 574, 223)->[4, -2, (-1+1*r5), (-1-1*r5)]
(323, 573, 644, 1123, 1220, 41, 139, 1198, 661, 1208, 156, 221)->[(-3+1*r5), (-3-1*r5), -2, 0]
(199, 1031, 1035, 300, 781, 1073, 115, 596, 376, 59, 797, 287)->[(0+2*r5), 2, -2, 2]
(192, 608, 5, 1096, 137, 559, 847, 1427, 1044, 566, 694, 830)->[(-1+1*r5), (-1-1*r5), -4, -2]
(609, 738, 131, 324, 707, 930, 745, 721, 275, 1174, 631, 1240)->[-4, (1-1*r5), (1+1*r5), 2]
(256, 195, 646, 361, 298, 906, 402, 660, 469, 1367, 827, 1054)->[(-3+1*r5), 2, 0, (3+1*r5)]
(641, 796, 743, 871, 172, 1388, 527, 437, 1109, 1243, 444, 1150)->[0, (-1+1*r5), (-1-1*r5), (0+2*r5)]
(451, 516, 1187, 456, 808, 1065, 111, 1232, 595, 122, 956, 799)->[(-3+1*r5), -2, 0, (-3-1*r5)]
(480, 617, 173, 1197, 369, 1425, 1075, 181, 1018, 1339, 92, 62)->[(3-1*r5), (1+1*r5), (1+1*r5), (-1-1*r5)]
(64, 578, 483, 996, 839, 1439, 13, 1431, 152, 473, 510, 1183)->[(-1-1*r5), 0, (-1+1*r5), (0-2*r5)]
(1380, 1157, 230, 587, 332, 982, 377, 571, 1308, 349, 990, 1087)->[0, (0+2*r5), (1-1*r5), (1+1*r5)]
(386, 1314, 1285, 711, 171, 813, 1296, 273, 402, 1046, 827, 1149)->[0, (3-1*r5), 2, (3+1*r5)]
(609, 1185, 134, 232, 777, 1003, 1260, 306, 275, 1202, 1175, 88)->[(-1-1*r5), (3-1*r5), (1+1*r5), (1+1*r5)]
(162, 642, 1062, 1063, 1159, 841, 394, 557, 756, 820, 920, 1406)->[(1+1*r5), 2, -4, (1-1*r5)]
(1313, 802, 1282, 1127, 1000, 1319, 1425, 498, 789, 85, 858, 1339)->[(1-1*r5), (1+1*r5), 4, -2]
(1344, 34, 1095, 264, 204, 463, 176, 754, 758, 919, 698, 1311)->[-2, 4, (-1-1*r5), (-1+1*r5)]
(1184, 965, 843, 172, 1388, 527, 437, 1109, 23, 1434, 1243, 1277)->[(1-1*r5), 2, (-1-1*r5), 4]
(96, 385, 258, 4, 266, 395, 206, 207, 1396, 53, 22, 379)->[2, 4, (-1-1*r5), (-1+1*r5)]
(705, 1025, 1374, 1412, 1001, 270, 912, 1405, 1237, 534, 1053, 1118)->[4, 2, (1-1*r5), (-1-1*r5)]
(770, 1368, 166, 295, 969, 589, 368, 502, 1078, 248, 1370, 1213)->[-4, -2, (1-1*r5), (-1-1*r5)]
(769, 354, 995, 709, 262, 238, 975, 1007, 821, 1115, 1436, 63)->[2, 0, (3-1*r5), (-3-1*r5)]
(416, 609, 198, 745, 1418, 862, 275, 1174, 631, 1240, 542, 767)->[(0-2*r5), 0, (1+1*r5), (-1+1*r5)]
(832, 67, 965, 843, 204, 463, 1299, 1363, 664, 249, 1017, 446)->[-2, 2, (0-2*r5), 2]
(1413, 423, 1223, 1354, 75, 109, 1169, 850, 723, 755, 1395, 285)->[(1-1*r5), -4, -2, (-1-1*r5)]
(1028, 614, 1224, 1327, 1170, 1331, 86, 888, 953, 156, 1208, 31)->[-2, (-3-1*r5), 0, (-3+1*r5)]
(579, 1411, 806, 39, 74, 12, 1068, 430, 785, 568, 1209, 924)->[(1+1*r5), -4, (1-1*r5), 2]
(514, 707, 807, 721, 722, 949, 952, 697, 282, 251, 1180, 351)->[-4, (-1-1*r5), 2, (-1+1*r5)]
(417, 612, 804, 158, 300, 782, 814, 926, 628, 59, 350, 1151)->[(0+2*r5), (-1+1*r5), 0, (1+1*r5)]
(932, 37, 231, 936, 138, 1323, 894, 1235, 89, 1051, 61, 606)->[(1+1*r5), 4, (-1+1*r5), 2]
(833, 290, 771, 993, 1126, 268, 524, 844, 239, 432, 403, 341)->[0, (-1-1*r5), (0-2*r5), (-1+1*r5)]
(1153, 227, 1064, 1416, 362, 108, 177, 308, 215, 24, 1081, 954)->[-2, (3+1*r5), 0, (-3+1*r5)]
(3, 164, 645, 550, 135, 739, 773, 397, 46, 562, 244, 735)->[(-3-1*r5), (1-1*r5), (1-1*r5), (-1+1*r5)]
(868, 741, 1417, 202, 811, 205, 783, 530, 884, 886, 87, 1372)->[(3-1*r5), 0, (-3-1*r5), 2]
(129, 130, 326, 1257, 714, 1321, 973, 688, 1139, 1371, 316, 604)->[-2, (1-1*r5), -4, (-1-1*r5)]
(640, 1091, 837, 551, 73, 618, 683, 1133, 852, 950, 663, 28)->[(-1+1*r5), (-1+1*r5), (3+1*r5), (-1+1*r5)]
(1058, 1319, 840, 1386, 1197, 271, 338, 436, 789, 181, 1050, 1403)->[(1-1*r5), 4, 2, (-1-1*r5)]
(288, 1344, 867, 965, 1157, 843, 754, 437, 377, 1434, 1243, 1277)->[(-3+1*r5), (1+1*r5), (-1-1*r5), (1+1*r5)]
(1113, 1414, 167, 103, 968, 1369, 1325, 462, 367, 1365, 1110, 185)->[4, (-1-1*r5), 2, (-1+1*r5)]
(675, 516, 1317, 808, 1232, 371, 405, 662, 344, 122, 956, 799)->[(1-1*r5), (1-1*r5), (1-1*r5), (-3-1*r5)]
(1280, 326, 1286, 1321, 492, 429, 144, 690, 309, 1047, 1239, 30)->[(-3+1*r5), 0, (-3-1*r5), -2]
(608, 651, 939, 335, 1040, 657, 1328, 438, 694, 600, 314, 255)->[(1+1*r5), (-1-1*r5), (-1-1*r5), (-3+1*r5)]
(1345, 684, 845, 1103, 752, 882, 371, 1139, 344, 986, 1371, 476)->[0, (1-1*r5), (-1-1*r5), (0-2*r5)]
(449, 546, 259, 932, 37, 457, 873, 302, 1136, 117, 892, 1086)->[(1+1*r5), (1+1*r5), (1+1*r5), (3-1*r5)]
(99, 582, 744, 1258, 1163, 76, 780, 815, 625, 1172, 218, 219)->[(3-1*r5), (-1-1*r5), (1+1*r5), (-1-1*r5)]
(1284, 327, 647, 586, 685, 528, 305, 50, 560, 1140, 1268, 665)->[0, -4, 0, 4]
(737, 865, 934, 11, 399, 1263, 274, 1174, 1015, 1240, 861, 159)->[(-1-1*r5), (1-1*r5), (0+2*r5), 0]
(227, 486, 1416, 362, 108, 558, 880, 17, 308, 149, 24, 1083)->[-2, (3+1*r5), 0, (3-1*r5)]
(1280, 710, 1030, 297, 1195, 556, 696, 499, 372, 1239, 440, 125)->[0, 2, (-3-1*r5), (-3+1*r5)]
(451, 420, 709, 1187, 1219, 1160, 1288, 750, 975, 1135, 855, 283)->[0, (-3+1*r5), 2, (-3-1*r5)]
(961, 226, 610, 260, 71, 489, 203, 244, 150, 790, 700, 735)->[(0-2*r5), (-1-1*r5), (1-1*r5), 0]
(100, 456, 808, 1065, 75, 1401, 111, 1232, 595, 755, 1145, 60)->[(1-1*r5), (-1-1*r5), 0, (0-2*r5)]
(898, 195, 1380, 1255, 1128, 1387, 660, 1207, 1434, 220, 1277, 990)->[-2, (1+1*r5), (1-1*r5), 4]
(387, 196, 772, 966, 872, 269, 879, 626, 1108, 1402, 157, 94)->[(1+1*r5), (1-1*r5), -2, 4]
(1313, 802, 292, 581, 971, 1228, 893, 47, 1201, 859, 381, 1342)->[(1-1*r5), (0+2*r5), (1+1*r5), 0]
(1088, 291, 614, 425, 970, 1261, 561, 242, 1042, 953, 762, 540)->[(-3+1*r5), (-3-1*r5), 2, 0]
(4, 261, 294, 266, 587, 206, 207, 22, 983, 379, 1308, 731)->[2, (0+2*r5), -2, 2]
(2, 764, 1093, 422, 38, 860, 1071, 1012, 725, 1364, 636, 1021)->[(1+1*r5), (0-2*r5), 0, (1-1*r5)]
(3, 645, 807, 745, 1066, 1359, 119, 631, 187, 669, 1119, 351)->[(-3-1*r5), (1-1*r5), (-1+1*r5), (-1+1*r5)]
(576, 1248, 676, 1273, 1320, 1227, 1263, 1295, 1015, 1144, 729, 826)->[(1-1*r5), (1-1*r5), (3+1*r5), (-1+1*r5)]
(768, 1113, 1092, 1414, 103, 7, 1369, 367, 1365, 854, 1080, 985)->[(1+1*r5), (-1-1*r5), (1+1*r5), (3-1*r5)]
(128, 736, 706, 833, 992, 1060, 1349, 1192, 682, 1009, 403, 630)->[(3-1*r5), (-1-1*r5), (-1-1*r5), (1+1*r5)]
(471, 1221, 935, 1290, 974, 691, 958, 822, 310, 1177, 891, 638)->[(1+1*r5), (3-1*r5), (1+1*r5), (-1-1*r5)]
(960, 2, 98, 764, 1155, 38, 1071, 1199, 657, 1364, 314, 636)->[(1+1*r5), -4, (1-1*r5), -2]
(899, 805, 455, 488, 105, 1229, 272, 467, 1244, 918, 311, 124)->[(1-1*r5), 0, (0+2*r5), (-1-1*r5)]
(1057, 774, 136, 941, 1264, 370, 83, 1426, 1112, 154, 1435, 1182)->[(3+1*r5), 0, 2, (-3+1*r5)]
(1408, 2, 358, 359, 139, 619, 1168, 178, 724, 1364, 120, 221)->[(-1+1*r5), (-3-1*r5), (1-1*r5), (1-1*r5)]
(1347, 519, 680, 716, 652, 942, 1167, 1233, 245, 1077, 727, 831)->[(-1-1*r5), (1-1*r5), -2, 4]
(257, 770, 483, 1368, 421, 166, 839, 969, 1078, 248, 91, 543)->[(0-2*r5), (1-1*r5), 0, (-1-1*r5)]
(160, 35, 651, 939, 1068, 1294, 335, 1040, 791, 600, 1209, 255)->[(1+1*r5), (-1-1*r5), (-1-1*r5), (3-1*r5)]
(704, 1091, 676, 837, 1379, 551, 618, 683, 748, 729, 313, 28)->[(3-1*r5), 0, (3+1*r5), 2]
(449, 546, 577, 1415, 873, 333, 302, 1133, 117, 950, 892, 317)->[(1+1*r5), 2, 4, (-1+1*r5)]
(264, 1416, 108, 332, 558, 880, 17, 500, 982, 698, 1083, 93)->[(1-1*r5), (3+1*r5), (1-1*r5), (-1+1*r5)]
(1247, 613, 518, 870, 1384, 938, 715, 971, 1228, 624, 1016, 319)->[(-1-1*r5), (1+1*r5), (1+1*r5), (3-1*r5)]
(579, 163, 1411, 806, 1192, 1068, 80, 1009, 1014, 887, 1209, 924)->[2, (0-2*r5), -2, 2]
(580, 133, 1189, 424, 427, 301, 495, 1275, 146, 1173, 217, 635)->[(1+1*r5), (-3+1*r5), (-1-1*r5), (-1-1*r5)]
(289, 546, 577, 1415, 873, 234, 333, 49, 787, 212, 955, 317)->[4, (-1+1*r5), (1+1*r5), 2]
(32, 993, 771, 1417, 1130, 530, 884, 886, 87, 1372, 957, 511)->[(-1+1*r5), (1-1*r5), (-3-1*r5), (-1+1*r5)]
(1376, 1377, 1065, 426, 330, 1037, 1074, 243, 595, 441, 541, 895)->[(-1+1*r5), (-1-1*r5), 0, (0-2*r5)]
(224, 452, 263, 586, 235, 588, 560, 532, 1204, 537, 922, 123)->[(3-1*r5), -2, 0, (3+1*r5)]
(163, 1348, 806, 359, 1198, 80, 1168, 1011, 661, 1014, 887, 924)->[(-1+1*r5), (-3-1*r5), (1-1*r5), (-1+1*r5)]
(1123, 1413, 328, 41, 616, 1224, 1354, 1169, 850, 723, 1395, 86)->[-2, (0-2*r5), -2, -2]
(928, 615, 555, 142, 910, 1070, 1295, 885, 407, 889, 826, 539)->[0, (-1-1*r5), (0+2*r5), (-1+1*r5)]
(1154, 1093, 422, 167, 103, 968, 1325, 622, 598, 1110, 1113, 798)->[(0+2*r5), (-1-1*r5), (-1+1*r5), 0]
(643, 550, 135, 43, 909, 81, 594, 147, 342, 535, 216, 633)->[(0-2*r5), 0, (-1-1*r5), (-1+1*r5)]
(65, 1092, 72, 425, 970, 846, 878, 1300, 1366, 407, 1080, 889)->[(-1+1*r5), (0-2*r5), (1+1*r5), 0]
(769, 228, 1191, 638, 1007, 434, 565, 1271, 1177, 1084, 574, 223)->[(1+1*r5), (1-1*r5), 2, -4]
(931, 228, 1382, 520, 622, 818, 83, 1079, 1082, 1435, 798, 223)->[(0+2*r5), -2, 2, -2]
(740, 1252, 810, 779, 1293, 433, 1105, 757, 1340, 1147, 380, 189)->[(-1+1*r5), (1+1*r5), 0, (0-2*r5)]
(512, 1316, 937, 817, 627, 180, 52, 533, 979, 888, 1331, 410)->[(-1-1*r5), -4, (-1+1*r5), -2]
(33, 66, 481, 390, 9, 905, 948, 536, 1146, 155, 1116, 1310)->[(-1-1*r5), (-1+1*r5), -2, -4]
(580, 133, 1189, 424, 521, 1096, 684, 559, 882, 217, 1275, 732)->[2, (1-1*r5), -4, (-1-1*r5)]
(161, 1347, 357, 648, 680, 1226, 1289, 652, 716, 942, 1167, 336)->[-2, -2, -2, (0+2*r5)]
(196, 772, 39, 200, 1256, 74, 363, 554, 791, 1294, 439, 383)->[(0+2*r5), -2, -2, 2]
(32, 584, 904, 1130, 1417, 1164, 1389, 241, 1329, 884, 957, 511)->[2, (-3+1*r5), (-3-1*r5), 0]
(384, 258, 1218, 1095, 297, 106, 395, 556, 176, 1179, 1085, 318)->[0, 4, -4, 0]
(1090, 393, 1099, 46, 945, 562, 147, 594, 1106, 1171, 1400, 703)->[(-3-1*r5), 0, -2, (-3+1*r5)]
(65, 1092, 485, 391, 553, 846, 878, 625, 1172, 1300, 1080, 507)->[2, -4, (1+1*r5), (1-1*r5)]
(352, 896, 646, 298, 746, 1387, 337, 658, 220, 989, 1278, 1279)->[-2, (1+1*r5), (-1+1*r5), 4]
(1088, 611, 614, 428, 1261, 464, 561, 916, 1270, 793, 762, 953)->[(1-1*r5), (-3-1*r5), (-1+1*r5), (-1+1*r5)]
(515, 1287, 170, 77, 271, 913, 338, 786, 726, 632, 1181, 991)->[(-1-1*r5), (1+1*r5), (3-1*r5), (-1-1*r5)]
(544, 193, 1218, 552, 207, 1267, 500, 1397, 951, 379, 93, 318)->[(3-1*r5), (3+1*r5), -2, 0]
(1379, 1253, 679, 44, 748, 303, 273, 1269, 312, 27, 1149, 478)->[0, 0, 4, 4]
(191, 1154, 38, 200, 554, 600, 16, 785, 598, 568, 764, 255)->[(0+2*r5), (-1-1*r5), (1-1*r5), 0]
(417, 673, 612, 955, 138, 747, 782, 894, 787, 926, 158, 350)->[4, 2, (-1+1*r5), (1+1*r5)]
(805, 488, 105, 908, 1229, 498, 85, 470, 311, 629, 412, 124)->[-2, (-1+1*r5), 4, (-1-1*r5)]
(963, 70, 681, 1097, 299, 1391, 1393, 564, 1045, 1206, 411, 253)->[(-3-1*r5), 2, (3-1*r5), 0]
(323, 644, 803, 1123, 1220, 41, 829, 844, 239, 911, 659, 573)->[(1-1*r5), (0-2*r5), (-1-1*r5), 0]
(1280, 1030, 1286, 1004, 429, 499, 404, 372, 1047, 440, 1239, 30)->[(1-1*r5), (-1+1*r5), (-3-1*r5), (1-1*r5)]
(386, 1314, 1094, 711, 460, 1296, 977, 402, 1238, 984, 827, 1117)->[(-1+1*r5), (-1+1*r5), (-1+1*r5), (3+1*r5)]
(64, 578, 515, 677, 1439, 908, 307, 470, 726, 152, 473, 1183)->[(-1-1*r5), (-1+1*r5), 2, -4]
(832, 1184, 419, 965, 1383, 843, 172, 1388, 23, 664, 249, 1017)->[-2, (-1+1*r5), -4, (1+1*r5)]
(484, 966, 682, 235, 269, 879, 532, 1108, 630, 1402, 94, 607)->[2, -2, -2, (0+2*r5)]
(1185, 1379, 964, 1253, 134, 1227, 44, 748, 1273, 634, 27, 478)->[(1-1*r5), 0, (0+2*r5), (1+1*r5)]
(1089, 1414, 695, 10, 367, 591, 49, 883, 212, 375, 1433, 699)->[4, (1-1*r5), (1+1*r5), 2]
(353, 387, 804, 872, 1291, 1196, 879, 114, 626, 628, 1108, 157)->[(1+1*r5), 0, (1-1*r5), (0+2*r5)]
(768, 1089, 1216, 1378, 1414, 7, 1433, 367, 591, 854, 375, 985)->[(1+1*r5), -2, 4, (-1+1*r5)]
(673, 418, 612, 747, 14, 977, 82, 787, 984, 1241, 955, 926)->[(1+1*r5), (-1+1*r5), 2, 4]
(986, 1345, 675, 1317, 331, 1103, 752, 371, 344, 122, 1438, 799)->[0, (-3+1*r5), -2, (-3-1*r5)]
(1184, 898, 195, 1255, 527, 1330, 660, 1109, 23, 56, 1434, 1277)->[-2, 2, -2, (0+2*r5)]
(1347, 361, 906, 652, 48, 1330, 851, 980, 373, 503, 56, 90)->[-2, 0, (-3+1*r5), (3+1*r5)]
(128, 160, 833, 35, 771, 993, 1060, 1126, 1192, 524, 1009, 403)->[(-1+1*r5), (-1-1*r5), -4, 2]
(643, 585, 110, 1134, 81, 594, 147, 342, 792, 633, 538, 95)->[-4, 0, -4, 0]
(1431, 225, 1219, 1251, 742, 967, 456, 13, 111, 720, 855, 1407)->[-2, -2, 2, (0-2*r5)]
(514, 131, 930, 487, 360, 842, 1066, 1359, 944, 722, 277, 602)->[-4, -2, (-1+1*r5), (1+1*r5)]
(641, 743, 871, 172, 205, 45, 461, 783, 1230, 1388, 186, 444)->[0, 0, -4, 4]
(1155, 1188, 267, 396, 301, 526, 15, 1199, 497, 1173, 1429, 472)->[4, -2, (1-1*r5), (-1-1*r5)]
(1062, 1063, 1352, 841, 394, 1164, 557, 241, 820, 856, 569, 1373)->[(1+1*r5), (-1+1*r5), (0-2*r5), 0]
(1282, 613, 870, 523, 971, 1228, 1200, 20, 1076, 1016, 858, 1247)->[(-1-1*r5), (1+1*r5), (1+1*r5), (-3+1*r5)]
(962, 1256, 713, 363, 814, 655, 465, 626, 340, 278, 157, 1151)->[(0+2*r5), (1-1*r5), 0, (1+1*r5)]
(1217, 1194, 555, 459, 910, 1038, 816, 689, 21, 474, 508, 1437)->[(3-1*r5), (-1-1*r5), (1+1*r5), (1+1*r5)]
(1312, 1304, 197, 299, 107, 749, 211, 917, 1206, 1430, 1272, 1276)->[(0-2*r5), (1+1*r5), (1-1*r5), 0]
(668, 705, 1315, 1374, 169, 334, 1262, 1072, 1137, 763, 572, 190)->[(3+1*r5), (-1+1*r5), (1-1*r5), (1-1*r5)]
(995, 453, 389, 1221, 1166, 310, 471, 1177, 891, 252, 638, 1436)->[(1+1*r5), (-1+1*r5), 2, -4]
(1283, 70, 1097, 1132, 525, 753, 1205, 214, 119, 669, 862, 767)->[(-3-1*r5), 0, 2, (-3+1*r5)]
(67, 1222, 585, 1067, 1004, 1134, 1363, 404, 342, 792, 633, 95)->[(-1-1*r5), (-1+1*r5), (0-2*r5), 0]
(514, 131, 707, 930, 807, 745, 1066, 1359, 721, 722, 631, 351)->[(0-2*r5), -2, 2, 2]
(449, 513, 259, 838, 583, 457, 490, 1136, 1394, 117, 1141, 1086)->[(1+1*r5), (1+1*r5), (1+1*r5), (-3+1*r5)]
(1319, 840, 1064, 523, 271, 1201, 338, 20, 789, 215, 1050, 1342)->[-2, (0+2*r5), 2, -2]
(32, 993, 290, 771, 268, 174, 432, 530, 341, 1210, 1372, 511)->[0, -2, (-3-1*r5), (3-1*r5)]
(256, 1122, 230, 1094, 733, 1162, 1356, 1238, 1143, 571, 765, 1367)->[(-1+1*r5), (1+1*r5), 0, (0+2*r5)]
(579, 1411, 682, 235, 1420, 269, 685, 532, 630, 183, 665, 94)->[2, (-1-1*r5), (1-1*r5), 4]
(1088, 615, 491, 876, 1070, 1039, 848, 561, 976, 949, 282, 1020)->[-2, -4, (1+1*r5), (-1+1*r5)]
(701, 936, 875, 907, 1356, 656, 1010, 531, 61, 1399, 761, 733)->[(-1+1*r5), 4, 2, (1+1*r5)]
(800, 257, 1283, 1124, 933, 753, 119, 1205, 214, 279, 669, 543)->[(-3-1*r5), (1-1*r5), (-1+1*r5), (1-1*r5)]
(160, 35, 163, 1126, 1192, 524, 1068, 335, 1040, 1009, 887, 1209)->[2, -4, (-1-1*r5), (-1+1*r5)]
(834, 1002, 428, 876, 464, 305, 50, 529, 21, 184, 474, 1020)->[(1-1*r5), -4, 2, (1+1*r5)]
(162, 642, 1062, 1063, 1159, 236, 79, 593, 1396, 53, 597, 1406)->[(1+1*r5), (1+1*r5), (-1-1*r5), (-3+1*r5)]
(643, 940, 366, 81, 466, 788, 1301, 406, 759, 25, 509, 766)->[(-1-1*r5), -2, -4, (-1+1*r5)]
(1346, 227, 292, 486, 233, 1355, 558, 880, 881, 308, 149, 893)->[(1-1*r5), (3+1*r5), (-1+1*r5), (-1+1*r5)]
(513, 545, 583, 1193, 458, 431, 751, 84, 55, 443, 1148, 734)->[(1+1*r5), 4, (-1+1*r5), -2]
(130, 5, 1305, 1257, 1169, 850, 19, 659, 1044, 825, 121, 829)->[(1-1*r5), (-1-1*r5), -4, -2]
(350, 673, 1122, 936, 138, 747, 894, 1235, 1143, 89, 61, 158)->[(1+1*r5), (1+1*r5), (3-1*r5), (1+1*r5)]
(416, 1247, 198, 518, 715, 1003, 365, 624, 210, 1202, 1016, 319)->[(-1-1*r5), 2, 4, (-1+1*r5)]
(224, 484, 708, 263, 999, 235, 879, 532, 1108, 1204, 123, 607)->[(-1+1*r5), (1-1*r5), (1-1*r5), (3+1*r5)]
(545, 1025, 453, 389, 458, 431, 751, 912, 84, 757, 1340, 734)->[(1+1*r5), (1+1*r5), (3-1*r5), (-1-1*r5)]
(896, 356, 777, 364, 1292, 849, 947, 1175, 824, 26, 989, 890)->[-4, 2, (-1+1*r5), (1+1*r5)]
(418, 1100, 333, 14, 175, 49, 82, 787, 212, 1241, 955, 317)->[(1+1*r5), (3-1*r5), (1+1*r5), (1+1*r5)]
(1376, 354, 451, 1187, 262, 1065, 1037, 243, 595, 122, 541, 799)->[(3-1*r5), -2, 0, (-3-1*r5)]
(512, 100, 1316, 969, 720, 979, 180, 52, 248, 1401, 410, 1407)->[(-1-1*r5), (-1-1*r5), (3-1*r5), (-1-1*r5)]
(864, 1286, 714, 1116, 1423, 1361, 948, 1049, 378, 604, 30, 671)->[-2, (-1+1*r5), -4, (-1-1*r5)]
(97, 200, 809, 554, 363, 812, 575, 1256, 116, 439, 670, 383)->[(3+1*r5), (1-1*r5), (1-1*r5), (-1+1*r5)]
(577, 1089, 101, 901, 775, 1415, 1433, 941, 1112, 921, 250, 1052)->[4, 0, 4, 0]
(864, 1286, 1242, 1004, 1423, 499, 404, 1013, 440, 378, 30, 671)->[-2, 2, (0-2*r5), -2]
(96, 385, 4, 1062, 1063, 1035, 236, 593, 596, 53, 22, 1396)->[(1+1*r5), (1+1*r5), (-1-1*r5), (3-1*r5)]
(480, 1059, 105, 908, 1229, 498, 339, 436, 85, 470, 1075, 1403)->[(1-1*r5), 2, (1+1*r5), -4]
(891, 1221, 1254, 935, 649, 617, 1290, 974, 958, 57, 315, 62)->[2, (-1+1*r5), 4, (-1-1*r5)]
(99, 391, 8, 553, 744, 1129, 878, 625, 1172, 1300, 218, 219)->[(-1+1*r5), (-1-1*r5), 4, -2]
(865, 707, 491, 1039, 848, 721, 976, 949, 697, 282, 251, 861)->[(-1-1*r5), (-1-1*r5), (1+1*r5), (3-1*r5)]
(640, 835, 1127, 1000, 620, 621, 1234, 276, 692, 852, 1114, 222)->[0, 2, (3+1*r5), (-3+1*r5)]
(480, 1319, 1197, 1425, 498, 1075, 436, 85, 181, 789, 1403, 1339)->[(-3+1*r5), (1+1*r5), (1+1*r5), (-1-1*r5)]
(327, 647, 1194, 718, 623, 816, 213, 21, 54, 474, 508, 1437)->[(-1+1*r5), -4, 2, (1+1*r5)]
(485, 422, 103, 520, 1093, 1382, 622, 818, 1079, 1113, 507, 798)->[4, (-1-1*r5), 2, (1-1*r5)]
(384, 36, 297, 106, 1195, 556, 1385, 696, 499, 440, 1179, 1085)->[0, (1+1*r5), (0-2*r5), (1-1*r5)]
(1157, 230, 266, 587, 206, 983, 377, 571, 1308, 29, 731, 927)->[(-1+1*r5), 4, -2, (1+1*r5)]
(1186, 1027, 426, 526, 15, 1071, 818, 1074, 565, 1079, 1271, 636)->[(1+1*r5), (-1-1*r5), (3-1*r5), (-1-1*r5)]
(516, 996, 1288, 13, 750, 943, 1358, 1431, 152, 956, 510, 1439)->[-2, 0, (3-1*r5), (-3-1*r5)]
(192, 960, 98, 322, 330, 441, 109, 178, 724, 409, 285, 830)->[(-1+1*r5), -4, -2, (-1-1*r5)]
(1410, 388, 1253, 1002, 459, 44, 494, 1038, 184, 1212, 1309, 382)->[(1-1*r5), -2, (1+1*r5), 4]
(1061, 1318, 231, 1034, 1069, 113, 435, 981, 55, 1306, 1051, 1148)->[4, 4, 0, 0]
(421, 393, 493, 496, 753, 945, 1104, 411, 1045, 214, 182, 91)->[(-3-1*r5), (3-1*r5), 0, -2]
(864, 33, 547, 9, 714, 1116, 948, 853, 536, 604, 1310, 671)->[(-1-1*r5), (3-1*r5), (-1-1*r5), (-1-1*r5)]
(899, 420, 69, 923, 1219, 1160, 1258, 76, 1135, 855, 283, 1244)->[0, (1-1*r5), (1+1*r5), (0-2*r5)]
(1431, 451, 516, 1187, 1219, 456, 1288, 13, 750, 111, 855, 956)->[(1-1*r5), (1-1*r5), (-1+1*r5), (-3-1*r5)]
(416, 1250, 198, 934, 365, 399, 210, 1016, 666, 1307, 188, 1247)->[(-1-1*r5), (-1+1*r5), (0+2*r5), 0]
(931, 1082, 650, 267, 396, 526, 15, 434, 1429, 472, 346, 574)->[(0+2*r5), (1-1*r5), 0, (-1-1*r5)]
(577, 449, 901, 775, 1415, 1133, 1357, 143, 117, 950, 250, 1052)->[(1+1*r5), (-1+1*r5), (0+2*r5), 0]
(896, 746, 1387, 364, 1421, 947, 1245, 1278, 26, 220, 989, 890)->[(-1-1*r5), (1+1*r5), (3-1*r5), (1+1*r5)]
(382, 1125, 1253, 459, 44, 1038, 273, 1269, 312, 1212, 1149, 414)->[0, (1-1*r5), (1+1*r5), (0+2*r5)]
(961, 610, 260, 1028, 71, 489, 937, 1327, 627, 790, 952, 1180)->[-4, -4, 0, 0]
(1314, 836, 1285, 679, 303, 1296, 273, 1046, 27, 828, 1149, 478)->[0, (-1+1*r5), (1+1*r5), (0+2*r5)]
(544, 193, 801, 987, 552, 1225, 874, 1267, 501, 1397, 951, 475)->[(-1+1*r5), (3+1*r5), (1-1*r5), (1-1*r5)]
(929, 517, 1381, 168, 1131, 145, 1041, 1332, 246, 728, 730, 988)->[(1-1*r5), 4, -2, (-1-1*r5)]
(96, 288, 258, 385, 867, 266, 395, 206, 639, 1360, 1236, 127)->[(-1+1*r5), (1+1*r5), -4, 2]
(477, 161, 1284, 1190, 648, 1226, 716, 1167, 336, 1203, 1140, 413)->[-2, (-1-1*r5), (1-1*r5), 4]
(325, 489, 42, 1338, 1102, 978, 1203, 790, 857, 1178, 413, 1215)->[(-1-1*r5), -4, (1-1*r5), 2]
(66, 675, 516, 996, 390, 1317, 1358, 943, 405, 662, 956, 510)->[-2, 0, (-3+1*r5), (-3-1*r5)]
(224, 452, 104, 586, 1226, 588, 48, 336, 560, 373, 442, 123)->[(-3+1*r5), -2, 0, (3+1*r5)]
(199, 296, 1353, 140, 237, 1231, 1424, 1073, 439, 856, 1373, 383)->[(0+2*r5), 0, (-1-1*r5), (-1+1*r5)]
(677, 265, 1132, 525, 1200, 307, 1076, 629, 412, 1307, 188, 925)->[-4, (-1+1*r5), (1+1*r5), -2]
(387, 804, 1031, 872, 1291, 114, 628, 1334, 823, 284, 1335, 287)->[(1+1*r5), (-1+1*r5), -2, 4]
(549, 8, 1129, 1165, 1390, 1392, 1265, 1266, 247, 1336, 286, 863)->[(-1+1*r5), (1-1*r5), (3+1*r5), (1-1*r5)]
(34, 1222, 107, 204, 1067, 1326, 463, 1107, 758, 919, 1272, 1311)->[(-1-1*r5), (1+1*r5), (-1-1*r5), (3-1*r5)]
(352, 1158, 233, 746, 875, 1355, 686, 337, 658, 1010, 1278, 1279)->[(1-1*r5), 4, 2, (1+1*r5)]
(5, 137, 268, 847, 19, 659, 341, 566, 1044, 1427, 825, 829)->[0, (-1-1*r5), (0-2*r5), (1-1*r5)]
(416, 609, 198, 518, 777, 1418, 1003, 624, 1202, 275, 1175, 542)->[-4, (-1+1*r5), (1+1*r5), 2]
(774, 167, 903, 10, 1325, 465, 883, 116, 278, 154, 670, 479)->[(3+1*r5), (1-1*r5), (-1+1*r5), (-1+1*r5)]
(803, 1123, 1305, 328, 41, 616, 911, 1169, 850, 659, 121, 829)->[-2, -4, (-1-1*r5), (1-1*r5)]
(610, 3, 1124, 645, 933, 71, 203, 46, 562, 244, 700, 735)->[(-3-1*r5), -2, (-3+1*r5), 0]
(1152, 1057, 931, 1082, 650, 1036, 1137, 1426, 1429, 472, 346, 668)->[(3+1*r5), (-3+1*r5), 0, -2]
(1316, 40, 1101, 209, 817, 1042, 52, 533, 1331, 888, 1048, 540)->[-2, (0-2*r5), 2, -2]
(832, 419, 1383, 1161, 172, 205, 45, 687, 783, 1388, 664, 186)->[(1-1*r5), 0, (0-2*r5), (1+1*r5)]
(650, 267, 396, 238, 270, 1166, 434, 821, 346, 252, 1053, 574)->[4, 0, 0, -4]
(1, 356, 842, 1419, 141, 306, 824, 980, 1428, 503, 88, 602)->[(-1-1*r5), 0, (-1+1*r5), (0+2*r5)]
(640, 835, 1091, 551, 73, 1234, 563, 692, 852, 663, 1114, 415)->[0, 2, (3+1*r5), (3-1*r5)]
(129, 547, 1322, 589, 110, 973, 1106, 853, 538, 1341, 1213, 703)->[-4, (1-1*r5), (-1-1*r5), -2]
(705, 162, 1412, 1159, 169, 1262, 1237, 534, 763, 572, 1405, 1374)->[(0+2*r5), 2, -2, -2]
(455, 621, 272, 1265, 467, 918, 311, 153, 795, 124, 222, 286)->[(-3+1*r5), 0, (3+1*r5), -2]
(932, 37, 907, 877, 302, 1136, 118, 1142, 408, 892, 701, 1086)->[2, 4, (1+1*r5), (-1+1*r5)]
(133, 6, 424, 521, 684, 690, 882, 309, 281, 506, 667, 732)->[(-1+1*r5), 0, (0-2*r5), (-1-1*r5)]
(1184, 898, 994, 1255, 712, 1032, 1233, 1330, 245, 23, 56, 505)->[(-1-1*r5), (-1+1*r5), -2, 4]
(769, 995, 638, 238, 1007, 1166, 434, 821, 1177, 252, 574, 1436)->[(1+1*r5), 0, (-1+1*r5), (0-2*r5)]
(1375, 1064, 523, 77, 271, 913, 338, 20, 215, 632, 1023, 991)->[(-1-1*r5), 4, (-1+1*r5), -2]
(388, 1002, 459, 555, 876, 494, 910, 1038, 21, 184, 474, 1020)->[(-3+1*r5), (-1-1*r5), (1+1*r5), (1+1*r5)]
