(0, 450, 386, 44, 53, 603)->[(-1-1*r5), (1-1*r5), 2, -4]
(0, 129, 541, 669, 459, 44, 555, 591, 369, 117, 603, 285)->[(-1-1*r5), (-1-1*r5), (1+1*r5), (-1-1*r5)]
(0, 450, 459, 44, 217, 442)->[-2, -2, 2, (0-2*r5)]
(0, 356, 521, 591, 91, 541)->[-2, (1-1*r5), 4, (-1-1*r5)]
(0, 386, 356, 603, 283, 541)->[(-1-1*r5), (-3+1*r5), (1+1*r5), (-1-1*r5)]
(0, 353, 386, 450, 356, 581, 611, 263, 707, 521, 586, 442)->[-2, 0, (1+1*r5), (-3-1*r5)]
(0, 521, 459, 591, 276, 442)->[(1-1*r5), -2, (1+1*r5), -4]
(7, 208, 209, 210, 316, 223)->[(-1-1*r5), (0-2*r5), 0, (1-1*r5)]
(197, 266, 268, 434, 499, 20)->[(0+2*r5), 0, (-1-1*r5), (1-1*r5)]
(516, 200, 239, 434, 662, 253)->[(1+1*r5), (3-1*r5), (-1-1*r5), (-1-1*r5)]
(580, 298, 331, 494, 241, 149)->[(3+1*r5), (-3+1*r5), 0, 2]
(196, 68, 717, 374, 695, 121)->[2, 0, (3-1*r5), (3+1*r5)]
(449, 515, 102, 73, 490, 589)->[(1+1*r5), 2, 4, (-1+1*r5)]
(549, 647, 109, 47, 309, 315)->[0, (-1-1*r5), (0+2*r5), (-1+1*r5)]
(111, 368, 116, 693, 573, 30)->[(-1-1*r5), 0, (1-1*r5), (0+2*r5)]
(296, 670, 211, 248, 251, 158)->[(3+1*r5), (-3+1*r5), 0, -2]
(67, 269, 303, 467, 532, 595)->[(1-1*r5), (1+1*r5), -4, -2]
(256, 186, 274, 282, 284, 319)->[(1+1*r5), (0-2*r5), 0, (-1+1*r5)]
(233, 369, 117, 603, 508, 607)->[(0-2*r5), -2, 2, -2]
(192, 487, 76, 527, 656, 719)->[-4, (-1+1*r5), (-1-1*r5), -2]
(513, 393, 686, 112, 208, 244)->[-2, (0-2*r5), -2, -2]
(224, 290, 10, 719, 254, 287)->[-4, (1-1*r5), (-1-1*r5), -2]
(227, 167, 330, 471, 473, 447)->[2, -4, (1+1*r5), (1-1*r5)]
(704, 424, 170, 48, 89, 414)->[4, 2, (-1+1*r5), (1+1*r5)]
(545, 8, 553, 205, 52, 539)->[-2, (0+2*r5), 2, -2]
(516, 202, 499, 436, 247, 378)->[(0+2*r5), 2, -2, -2]
(248, 197, 358, 266, 499, 24)->[(3+1*r5), 0, -2, (-3+1*r5)]
(552, 270, 273, 529, 405, 56)->[2, (1-1*r5), 4, (1+1*r5)]
(325, 135, 428, 142, 63, 287)->[-4, -2, (1-1*r5), (-1-1*r5)]
(705, 486, 295, 619, 243, 441)->[(-3+1*r5), (1+1*r5), (1+1*r5), (1+1*r5)]
(321, 354, 16, 213, 409, 539)->[0, (3+1*r5), (3-1*r5), -2]
(544, 640, 223, 690, 62, 543)->[-2, (-3-1*r5), 0, (3-1*r5)]
(320, 645, 520, 271, 239, 663)->[2, 2, (0-2*r5), -2]
(192, 706, 388, 616, 54, 504)->[(-1-1*r5), (-1+1*r5), -2, -4]
(396, 206, 14, 601, 372, 249)->[(1-1*r5), (1+1*r5), -4, 2]
(198, 297, 80, 146, 314, 475)->[(3-1*r5), (1+1*r5), (1+1*r5), (-1-1*r5)]
(386, 611, 586, 692, 313, 507)->[(-1-1*r5), (-1+1*r5), 2, -4]
(361, 426, 396, 505, 502, 25)->[(-1-1*r5), 2, -4, (-1+1*r5)]
(579, 177, 179, 280, 571, 95)->[(-1-1*r5), (-1+1*r5), 2, 4]
(67, 303, 467, 23, 408, 443)->[(-3+1*r5), (1+1*r5), (-1-1*r5), (-1-1*r5)]
(288, 14, 601, 249, 410, 191)->[0, (1+1*r5), (0-2*r5), (-1+1*r5)]
(480, 225, 45, 124, 568, 380)->[(1+1*r5), (1-1*r5), 2, -4]
(449, 105, 556, 560, 307, 216)->[4, 0, 4, 0]
(257, 323, 684, 175, 631, 57)->[(-3-1*r5), (1-1*r5), (1-1*r5), (-1+1*r5)]
(136, 511, 50, 151, 445, 319)->[(0+2*r5), (-1-1*r5), (1-1*r5), 0]
(417, 162, 578, 204, 282, 635)->[(-1+1*r5), (-3-1*r5), (1-1*r5), (-1+1*r5)]
(711, 203, 716, 174, 188, 701)->[0, (1-1*r5), (-1-1*r5), (0+2*r5)]
(512, 612, 458, 588, 152, 441)->[(-1+1*r5), 4, 2, (1+1*r5)]
(385, 134, 168, 13, 21, 469)->[-4, 0, 4, 0]
(195, 389, 302, 627, 123, 667)->[(-3-1*r5), (-1+1*r5), (-1+1*r5), (1-1*r5)]
(712, 74, 653, 271, 498, 28)->[2, 4, (-1-1*r5), (1-1*r5)]
(224, 673, 194, 43, 267, 59)->[-2, -2, (0-2*r5), -2]
(7, 10, 428, 686, 528, 435)->[-4, (-1-1*r5), -2, (1-1*r5)]
(551, 360, 75, 274, 120, 382)->[4, (-1-1*r5), 2, (-1+1*r5)]
(385, 708, 240, 569, 411, 446)->[(-1-1*r5), 2, 4, (1-1*r5)]
(513, 644, 267, 43, 59, 60)->[(1-1*r5), (-1-1*r5), -4, -2]
(512, 362, 490, 619, 432, 413)->[(-1+1*r5), (1+1*r5), 4, 2]
(228, 517, 260, 644, 590, 340)->[(3-1*r5), (-1-1*r5), (-1-1*r5), (-1-1*r5)]
(193, 453, 587, 305, 689, 119)->[(1-1*r5), -4, -2, (1+1*r5)]
(360, 298, 238, 494, 341, 149)->[(3+1*r5), (1-1*r5), (-1+1*r5), (-1+1*r5)]
(74, 269, 373, 601, 410, 191)->[0, 4, -4, 0]
(384, 293, 614, 688, 218, 125)->[-2, (1+1*r5), (1-1*r5), 4]
(362, 12, 463, 697, 342, 537)->[0, 4, 4, 0]
(705, 387, 295, 619, 537, 61)->[(1-1*r5), (1+1*r5), 4, 2]
(640, 416, 208, 210, 690, 223)->[-2, (-3-1*r5), 0, (-3+1*r5)]
(161, 514, 494, 48, 279, 185)->[(3+1*r5), (-1+1*r5), (-1+1*r5), (-1+1*r5)]
(549, 647, 430, 47, 563, 51)->[0, -2, (3+1*r5), (3-1*r5)]
(229, 72, 392, 687, 154, 379)->[(1+1*r5), 4, (1-1*r5), 2]
(546, 3, 678, 241, 114, 629)->[4, -2, (1-1*r5), (1+1*r5)]
(485, 646, 327, 626, 694, 472)->[-4, 4, 0, 0]
(160, 193, 329, 564, 252, 543)->[(-1-1*r5), -4, (1-1*r5), 2]
(576, 545, 8, 553, 697, 411)->[-2, 4, (1+1*r5), (1-1*r5)]
(455, 682, 237, 468, 598, 315)->[(1-1*r5), (0-2*r5), (1+1*r5), 0]
(192, 452, 527, 656, 215, 222)->[(0-2*r5), 2, -2, -2]
(66, 610, 72, 436, 404, 440)->[(0+2*r5), (1+1*r5), (1-1*r5), 0]
(482, 131, 709, 392, 81, 665)->[2, (1+1*r5), (1-1*r5), 4]
(517, 6, 393, 620, 429, 220)->[0, (0-2*r5), (1-1*r5), (-1-1*r5)]
(642, 710, 467, 408, 443, 351)->[(1-1*r5), 4, -2, (-1-1*r5)]
(332, 565, 407, 346, 188, 573)->[(1-1*r5), (1-1*r5), (1-1*r5), (3+1*r5)]
(135, 428, 112, 630, 316, 63)->[(-1-1*r5), (-1-1*r5), (-3+1*r5), (-1-1*r5)]
(391, 362, 12, 463, 26, 221)->[(-1+1*r5), (0+2*r5), (1+1*r5), 0]
(226, 293, 688, 19, 628, 218)->[(-1-1*r5), (1+1*r5), (-3+1*r5), (1+1*r5)]
(129, 209, 210, 369, 316, 285)->[(-1-1*r5), -4, (-1+1*r5), -2]
(42, 332, 305, 570, 188, 573)->[-2, -2, -2, (0+2*r5)]
(514, 238, 494, 307, 341, 185)->[(3+1*r5), 0, 2, (3-1*r5)]
(161, 610, 643, 524, 279, 185)->[(3+1*r5), 2, (3-1*r5), 0]
(514, 102, 424, 170, 48, 279)->[(0+2*r5), 2, 2, 2]
(110, 654, 113, 567, 568, 251)->[4, 0, 0, -4]
(32, 515, 420, 102, 490, 221)->[(1+1*r5), (1+1*r5), (1+1*r5), (3-1*r5)]
(398, 92, 244, 412, 187, 60)->[(1-1*r5), (0-2*r5), (-1-1*r5), 0]
(325, 135, 233, 106, 142, 53)->[(0-2*r5), (1-1*r5), 0, (-1-1*r5)]
(498, 436, 404, 247, 440, 378)->[4, (1+1*r5), -2, (1-1*r5)]
(455, 300, 625, 468, 308, 315)->[-2, -4, (1+1*r5), (-1+1*r5)]
(484, 165, 166, 520, 23, 253)->[(-1+1*r5), 2, (-1-1*r5), -4]
(487, 76, 656, 532, 25, 90)->[(-1-1*r5), 2, -4, (1-1*r5)]
(260, 108, 79, 632, 345, 220)->[2, (0-2*r5), -2, -2]
(673, 522, 651, 493, 84, 415)->[(-3+1*r5), 0, (-3-1*r5), -2]
(326, 554, 471, 637, 638, 127)->[(1+1*r5), -4, (-1+1*r5), -2]
(288, 675, 613, 582, 657, 377)->[2, 2, (0-2*r5), 2]
(37, 328, 269, 400, 373, 601)->[(1-1*r5), (0+2*r5), (-1-1*r5), 0]
(391, 71, 80, 213, 536, 318)->[2, (0+2*r5), 2, -2]
(704, 97, 482, 622, 687, 85)->[4, 2, (1-1*r5), (1+1*r5)]
(299, 557, 83, 563, 538, 540)->[(-1+1*r5), (1-1*r5), (3+1*r5), (1-1*r5)]
(104, 650, 558, 659, 596, 87)->[0, (-3+1*r5), -2, (-3-1*r5)]
(136, 360, 298, 341, 670, 479)->[(3+1*r5), -2, (3-1*r5), 0]
(167, 299, 275, 538, 540, 542)->[2, -2, (0+2*r5), -2]
(706, 710, 9, 215, 312, 58)->[(-1-1*r5), (1+1*r5), (-3+1*r5), (-1-1*r5)]
(705, 579, 486, 336, 243, 664)->[(1-1*r5), 2, (1+1*r5), 4]
(161, 580, 331, 494, 622, 48)->[(3+1*r5), (3-1*r5), 0, 2]
(485, 327, 395, 626, 19, 476)->[(-1-1*r5), (0+2*r5), 0, (-1+1*r5)]
(160, 257, 42, 301, 111, 559)->[-4, -2, (1-1*r5), (1+1*r5)]
(320, 133, 268, 657, 599, 666)->[(1+1*r5), (-1+1*r5), (0-2*r5), 0]
(658, 661, 348, 633, 636, 381)->[(-1+1*r5), (-1-1*r5), 0, (0+2*r5)]
(33, 327, 40, 628, 502, 86)->[-4, (1+1*r5), -2, (-1+1*r5)]
(162, 578, 119, 635, 317, 62)->[0, (-3-1*r5), (-3+1*r5), 2]
(421, 556, 83, 563, 184, 538)->[2, (-3+1*r5), (3+1*r5), 0]
(388, 106, 142, 53, 55, 313)->[-4, 0, 0, -4]
(70, 651, 595, 84, 90, 415)->[(1-1*r5), (-1+1*r5), (-3-1*r5), (1-1*r5)]
(583, 670, 211, 341, 158, 479)->[(3+1*r5), (1-1*r5), (-1+1*r5), (1-1*r5)]
(354, 261, 523, 566, 281, 28)->[(-1+1*r5), (3+1*r5), (1-1*r5), (1-1*r5)]
(577, 137, 554, 171, 45, 431)->[2, (-1-1*r5), (-1+1*r5), -4]
(577, 137, 429, 431, 335, 574)->[(-1+1*r5), (-1-1*r5), 0, (0-2*r5)]
(321, 141, 626, 52, 702, 31)->[-2, (3+1*r5), 0, (-3+1*r5)]
(36, 297, 553, 205, 115, 539)->[(1-1*r5), 4, 2, (-1-1*r5)]
(32, 643, 230, 71, 460, 402)->[4, (1+1*r5), 2, (1-1*r5)]
(260, 489, 108, 79, 699, 572)->[2, -4, (-1-1*r5), (1-1*r5)]
(99, 713, 717, 374, 183, 121)->[2, 0, (-3+1*r5), (3+1*r5)]
(33, 293, 327, 19, 628, 476)->[(-1-1*r5), 4, (1-1*r5), 2]
(385, 195, 708, 507, 283, 446)->[-4, (-1+1*r5), (1+1*r5), -2]
(4, 75, 273, 501, 184, 216)->[(1+1*r5), -2, 4, (-1+1*r5)]
(65, 259, 365, 143, 602, 219)->[(1+1*r5), -2, -4, (-1+1*r5)]
(168, 169, 531, 277, 667, 255)->[(-3-1*r5), 0, 2, (3-1*r5)]
(326, 137, 554, 45, 500, 127)->[(1+1*r5), (-1-1*r5), (3-1*r5), (-1-1*r5)]
(168, 13, 718, 531, 469, 255)->[(0-2*r5), 0, (1+1*r5), (-1+1*r5)]
(352, 548, 69, 18, 531, 95)->[(0-2*r5), 2, 2, 2]
(353, 707, 164, 677, 521, 347)->[0, 0, 4, -4]
(608, 241, 114, 629, 151, 219)->[(0+2*r5), -2, -2, 2]
(613, 133, 653, 15, 404, 154)->[(1+1*r5), (1+1*r5), (-1-1*r5), (3-1*r5)]
(324, 357, 679, 602, 122, 701)->[2, (1-1*r5), -4, (1+1*r5)]
(547, 678, 551, 683, 149, 22)->[4, -2, (-1+1*r5), (1+1*r5)]
(229, 392, 715, 660, 375, 154)->[2, (0+2*r5), -2, 2]
(448, 452, 302, 86, 472, 155)->[(-3-1*r5), 2, (-3+1*r5), 0]
(36, 9, 205, 242, 115, 692)->[-2, (1+1*r5), (-1+1*r5), -4]
(451, 454, 648, 492, 82, 503)->[(-1+1*r5), (1+1*r5), 0, (0-2*r5)]
(34, 647, 552, 109, 501, 309)->[(-1+1*r5), (-1-1*r5), 4, 2]
(390, 40, 328, 656, 532, 25)->[(-1-1*r5), (1+1*r5), (-1-1*r5), (-3+1*r5)]
(555, 139, 459, 591, 562, 276)->[(-3+1*r5), (-1-1*r5), (1+1*r5), (-1-1*r5)]
(647, 552, 270, 273, 501, 184)->[2, -2, (0+2*r5), 2]
(487, 361, 426, 25, 90, 575)->[(-1-1*r5), (-1+1*r5), (0-2*r5), 0]
(609, 578, 132, 337, 317, 62)->[0, (-3-1*r5), (3-1*r5), 2]
(161, 66, 580, 622, 24, 156)->[(3+1*r5), (-1+1*r5), (1-1*r5), (-1+1*r5)]
(38, 680, 685, 47, 308, 478)->[-2, -2, (0+2*r5), 2]
(707, 262, 521, 276, 442, 347)->[0, (1-1*r5), (1+1*r5), (0-2*r5)]
(674, 5, 103, 200, 397, 590)->[2, (1-1*r5), -4, (-1-1*r5)]
(613, 653, 410, 660, 375, 154)->[2, 4, (-1-1*r5), (-1+1*r5)]
(605, 587, 332, 272, 592, 381)->[(1-1*r5), (-1-1*r5), 0, (0+2*r5)]
(550, 199, 41, 77, 83, 444)->[(-1+1*r5), (-1+1*r5), (3+1*r5), (1-1*r5)]
(290, 325, 10, 428, 528, 287)->[(0-2*r5), -2, -2, -2]
(34, 552, 144, 464, 306, 309)->[(3-1*r5), (-1-1*r5), (1+1*r5), (1+1*r5)]
(510, 103, 650, 107, 340, 574)->[2, -2, -2, (0-2*r5)]
(549, 299, 557, 401, 51, 563)->[0, -2, (3+1*r5), (-3+1*r5)]
(451, 166, 712, 343, 281, 443)->[(-1+1*r5), 4, -2, (-1-1*r5)]
(416, 640, 593, 210, 278, 598)->[(1-1*r5), (-3-1*r5), (-1+1*r5), (1-1*r5)]
(672, 258, 104, 525, 596, 87)->[(1-1*r5), (1-1*r5), (1-1*r5), (-3-1*r5)]
(355, 685, 51, 212, 21, 344)->[-2, (-3+1*r5), (3+1*r5), 0]
(526, 496, 145, 600, 668, 126)->[(1-1*r5), (1-1*r5), (-3-1*r5), (-1+1*r5)]
(525, 142, 597, 54, 63, 287)->[(-1-1*r5), (1-1*r5), -2, -4]
(642, 451, 409, 281, 443, 351)->[0, (0+2*r5), (1-1*r5), (-1-1*r5)]
(391, 71, 12, 80, 634, 221)->[2, 4, (1+1*r5), (1-1*r5)]
(289, 585, 145, 147, 600, 668)->[(-3+1*r5), 0, (-3-1*r5), 2]
(165, 649, 714, 558, 503, 604)->[(-1+1*r5), (-1+1*r5), (1-1*r5), (-3-1*r5)]
(641, 34, 132, 144, 306, 636)->[(-1+1*r5), -4, 2, (1+1*r5)]
(512, 420, 490, 362, 26, 221)->[2, 4, (1+1*r5), (-1+1*r5)]
(64, 261, 229, 182, 190, 703)->[2, (3+1*r5), 0, (3-1*r5)]
(194, 526, 496, 84, 668, 575)->[-2, (-3+1*r5), (-3-1*r5), 0]
(136, 360, 274, 637, 382, 479)->[(0+2*r5), (-1-1*r5), (-1+1*r5), 0]
(35, 100, 550, 199, 41, 342)->[0, 2, (3+1*r5), (-3+1*r5)]
(164, 77, 173, 146, 118, 606)->[2, (-1+1*r5), 4, (-1-1*r5)]
(421, 647, 430, 270, 563, 184)->[(-1+1*r5), (1-1*r5), (3+1*r5), (-1+1*r5)]
(426, 396, 505, 147, 372, 249)->[-2, 2, (0-2*r5), 2]
(488, 398, 367, 406, 439, 126)->[0, (-1-1*r5), (0-2*r5), (-1+1*r5)]
(99, 231, 713, 81, 374, 246)->[(-1+1*r5), (-1+1*r5), (1-1*r5), (3+1*r5)]
(169, 176, 148, 277, 57, 255)->[(-3-1*r5), (1-1*r5), (-1+1*r5), (-1+1*r5)]
(452, 327, 40, 86, 694, 472)->[(0-2*r5), (1+1*r5), (1-1*r5), 0]
(383, 403, 245, 278, 638, 447)->[(-1+1*r5), (-3-1*r5), (-1+1*r5), (1-1*r5)]
(204, 245, 632, 186, 638, 383)->[2, (-3-1*r5), 0, (-3+1*r5)]
(398, 406, 439, 187, 60, 572)->[0, -4, -4, 0]
(326, 632, 186, 637, 638, 445)->[(1+1*r5), (0-2*r5), 0, (1-1*r5)]
(129, 555, 593, 210, 598, 285)->[-2, (0-2*r5), 2, -2]
(649, 107, 654, 110, 662, 567)->[(1+1*r5), 0, (1-1*r5), (0-2*r5)]
(495, 272, 465, 497, 407, 509)->[(1-1*r5), (1-1*r5), (-1+1*r5), (3+1*r5)]
(230, 423, 234, 492, 530, 318)->[(1+1*r5), (1+1*r5), (3-1*r5), (-1-1*r5)]
(672, 104, 616, 525, 207, 55)->[-2, 0, (-3+1*r5), (-3-1*r5)]
(421, 73, 41, 535, 506, 413)->[(-1+1*r5), (-1+1*r5), (3+1*r5), (-1+1*r5)]
(265, 364, 178, 152, 477, 703)->[0, (3+1*r5), (3-1*r5), 2]
(669, 591, 401, 344, 91, 541)->[-2, -2, (0+2*r5), -2]
(228, 5, 650, 659, 596, 691)->[0, (1-1*r5), (-1-1*r5), (0-2*r5)]
(353, 350, 611, 356, 624, 446)->[-2, (-1+1*r5), 4, (-1-1*r5)]
(545, 364, 463, 16, 399, 702)->[(-3+1*r5), (3+1*r5), 2, 0]
(488, 333, 496, 145, 406, 126)->[0, -2, (-3-1*r5), (3-1*r5)]
(227, 4, 167, 438, 471, 382)->[(1+1*r5), (-1-1*r5), (1+1*r5), (-3+1*r5)]
(425, 462, 625, 468, 308, 94)->[(-1-1*r5), (-1-1*r5), (1+1*r5), (3-1*r5)]
(203, 174, 305, 570, 188, 349)->[(1-1*r5), -2, (-1-1*r5), 4]
(672, 1, 258, 335, 87, 217)->[(-3+1*r5), -2, 0, (-3-1*r5)]
(64, 229, 39, 72, 379, 190)->[(1+1*r5), (0+2*r5), 0, (-1+1*r5)]
(387, 100, 41, 342, 535, 413)->[0, 2, (3+1*r5), (3-1*r5)]
(128, 9, 205, 692, 312, 58)->[(-1-1*r5), (1+1*r5), (3-1*r5), (-1-1*r5)]
(576, 295, 366, 399, 537, 61)->[-2, 4, (1+1*r5), (-1+1*r5)]
(482, 131, 231, 713, 236, 81)->[2, 2, -2, (0+2*r5)]
(322, 201, 301, 176, 250, 29)->[-4, -2, (-1+1*r5), (1+1*r5)]
(516, 649, 110, 310, 662, 253)->[(1+1*r5), (-1+1*r5), -2, -4]
(11, 464, 49, 338, 497, 529)->[0, (1-1*r5), (1+1*r5), (0+2*r5)]
(128, 195, 708, 389, 507, 123)->[(0-2*r5), 2, 2, -2]
(225, 606, 275, 347, 540, 542)->[2, (1-1*r5), 4, (-1-1*r5)]
(135, 233, 44, 369, 53, 603)->[-4, -2, (-1+1*r5), (-1-1*r5)]
(42, 559, 111, 570, 573, 30)->[(-1-1*r5), (1-1*r5), -2, 4]
(384, 676, 304, 150, 246, 157)->[(-3+1*r5), 2, 0, (3+1*r5)]
(449, 514, 102, 424, 427, 589)->[4, (-1+1*r5), (1+1*r5), 2]
(321, 354, 409, 523, 281, 351)->[0, (3+1*r5), (-3+1*r5), -2]
(550, 77, 173, 146, 634, 444)->[2, 2, (0+2*r5), -2]
(33, 293, 294, 37, 206, 476)->[-2, (0+2*r5), -2, 2]
(227, 4, 75, 501, 120, 382)->[(1+1*r5), (-1-1*r5), (1+1*r5), (3-1*r5)]
(131, 582, 232, 14, 594, 660)->[(3-1*r5), (1+1*r5), (-1-1*r5), (1+1*r5)]
(224, 456, 719, 597, 54, 287)->[(-1-1*r5), (-3+1*r5), (-1-1*r5), (-1-1*r5)]
(101, 422, 559, 655, 371, 631)->[-4, (1-1*r5), (-1-1*r5), 2]
(420, 39, 170, 588, 379, 190)->[(1+1*r5), 4, (-1+1*r5), 2]
(449, 514, 427, 238, 307, 216)->[(0+2*r5), 0, (1+1*r5), (-1+1*r5)]
(355, 557, 401, 51, 344, 91)->[(1-1*r5), (1-1*r5), (3+1*r5), (1-1*r5)]
(323, 548, 652, 277, 155, 189)->[(-3-1*r5), (3-1*r5), 0, 2]
(288, 289, 481, 70, 249, 191)->[0, 2, (-3-1*r5), (3-1*r5)]
(37, 294, 178, 476, 31, 159)->[(1-1*r5), (3+1*r5), (1-1*r5), (-1+1*r5)]
(384, 304, 150, 88, 218, 125)->[(1-1*r5), (1+1*r5), 0, (0+2*r5)]
(3, 519, 623, 658, 633, 348)->[2, (-1-1*r5), (1-1*r5), 4]
(680, 300, 464, 306, 309, 437)->[(-3+1*r5), (-1-1*r5), (1+1*r5), (1+1*r5)]
(98, 643, 172, 524, 185, 158)->[(3+1*r5), (-1+1*r5), (-1+1*r5), (1-1*r5)]
(226, 69, 264, 177, 19, 218)->[(-1-1*r5), (1+1*r5), (3-1*r5), (1+1*r5)]
(1, 577, 335, 370, 87, 574)->[(3-1*r5), -2, 0, (-3-1*r5)]
(67, 456, 76, 696, 504, 415)->[-2, (-1+1*r5), -4, (-1-1*r5)]
(583, 127, 211, 438, 380, 479)->[(0+2*r5), -2, 2, -2]
(547, 196, 683, 461, 405, 22)->[(1+1*r5), (1-1*r5), 2, 4]
(390, 710, 141, 694, 215, 312)->[(-1-1*r5), 4, (1-1*r5), -2]
(483, 68, 518, 374, 695, 157)->[(-1+1*r5), (-1+1*r5), (-1+1*r5), (3+1*r5)]
(483, 518, 458, 334, 695, 414)->[2, 2, 2, (0+2*r5)]
(480, 2, 138, 173, 118, 606)->[(1+1*r5), (3-1*r5), (1+1*r5), (-1-1*r5)]
(129, 459, 44, 621, 630, 217)->[-2, (-1-1*r5), (-1+1*r5), -4]
(193, 453, 329, 119, 92, 543)->[-2, (0-2*r5), -2, 2]
(483, 486, 458, 363, 334, 432)->[(-1+1*r5), 2, (1+1*r5), 4]
(228, 5, 103, 650, 590, 340)->[(-1+1*r5), -2, (-1-1*r5), -4]
(417, 635, 204, 79, 311, 187)->[(3-1*r5), (-3-1*r5), -2, 0]
(645, 520, 712, 74, 303, 271)->[(-1+1*r5), (1+1*r5), -4, -2]
(704, 482, 709, 392, 687, 379)->[(1+1*r5), (1+1*r5), (-3+1*r5), (1+1*r5)]
(167, 330, 299, 562, 275, 473)->[(-1+1*r5), (-1-1*r5), 4, -2]
(6, 620, 429, 621, 431, 335)->[0, -4, 0, -4]
(673, 194, 267, 493, 496, 84)->[(1-1*r5), (1-1*r5), (-3-1*r5), (1-1*r5)]
(363, 270, 529, 56, 506, 27)->[(-1+1*r5), 0, (0+2*r5), (1+1*r5)]
(260, 517, 429, 340, 345, 220)->[(-1+1*r5), -4, -2, (-1-1*r5)]
(2, 583, 105, 172, 560, 307)->[(0+2*r5), 0, (1+1*r5), (1-1*r5)]
(65, 359, 489, 108, 50, 699)->[(1+1*r5), (-1-1*r5), (-1-1*r5), (-3+1*r5)]
(518, 81, 374, 150, 246, 157)->[(3-1*r5), 2, 0, (3+1*r5)]
(134, 669, 425, 117, 344, 541)->[(-1-1*r5), -2, 4, (1-1*r5)]
(96, 329, 371, 435, 412, 639)->[(-1-1*r5), (-1-1*r5), (-1-1*r5), (3-1*r5)]
(384, 291, 614, 688, 693, 474)->[-2, 2, -2, (0+2*r5)]
(419, 584, 169, 148, 57, 508)->[(-3-1*r5), -2, (3-1*r5), 0]
(227, 237, 109, 78, 473, 447)->[(-1+1*r5), (0-2*r5), (1+1*r5), 0]
(417, 79, 439, 187, 572, 699)->[(-1+1*r5), (0-2*r5), (-1-1*r5), 0]
(11, 363, 336, 49, 529, 27)->[0, 0, 4, 4]
(416, 6, 593, 403, 245, 278)->[0, (-3-1*r5), (3-1*r5), -2]
(454, 234, 618, 433, 118, 475)->[2, 2, 2, (0-2*r5)]
(584, 209, 148, 534, 508, 94)->[(0-2*r5), (-1-1*r5), (-1+1*r5), 0]
(70, 426, 84, 90, 668, 575)->[-2, (3-1*r5), (-3-1*r5), 0]
(515, 105, 460, 173, 634, 444)->[(1+1*r5), 2, 4, (1-1*r5)]
(641, 34, 132, 78, 120, 284)->[2, (0-2*r5), 2, 2]
(386, 611, 356, 507, 283, 446)->[(-1-1*r5), (3-1*r5), (1+1*r5), (-1-1*r5)]
(484, 200, 520, 239, 663, 253)->[2, (-1+1*r5), -4, (-1-1*r5)]
(45, 211, 500, 568, 380, 127)->[4, -2, (-1+1*r5), (-1-1*r5)]
(73, 490, 589, 432, 506, 413)->[2, 2, (0+2*r5), 2]
(226, 548, 652, 368, 280, 189)->[(0-2*r5), (-1+1*r5), 0, (1+1*r5)]
(358, 136, 298, 151, 670, 511)->[(3+1*r5), -2, (-3+1*r5), 0]
(352, 13, 561, 181, 569, 61)->[(-1-1*r5), 2, 4, (-1+1*r5)]
(422, 361, 180, 470, 502, 505)->[-4, (-1+1*r5), (-1-1*r5), 2]
(387, 100, 292, 561, 212, 535)->[(1-1*r5), (-1+1*r5), (3+1*r5), (-1+1*r5)]
(483, 68, 495, 49, 664, 157)->[0, (3-1*r5), 2, (3+1*r5)]
(418, 272, 592, 437, 250, 605)->[-2, (-1-1*r5), (-1+1*r5), 4]
(96, 224, 194, 10, 59, 254)->[(-1-1*r5), -2, -4, (1-1*r5)]
(324, 679, 519, 711, 203, 701)->[(-1+1*r5), -2, (-1-1*r5), 4]
(549, 682, 299, 401, 562, 473)->[0, (-1-1*r5), (0+2*r5), (1-1*r5)]
(642, 706, 710, 9, 339, 408)->[-2, (1+1*r5), (1-1*r5), -4]
(67, 504, 235, 696, 23, 408)->[(1-1*r5), 2, (-1-1*r5), -4]
(162, 519, 623, 689, 633, 700)->[(-1+1*r5), -4, -2, (1+1*r5)]
(705, 387, 292, 561, 181, 61)->[-2, 2, (0+2*r5), 2]
(33, 40, 328, 396, 502, 25)->[(-1-1*r5), (1+1*r5), (-1-1*r5), (3-1*r5)]
(453, 329, 398, 412, 92, 639)->[-2, -4, (-1-1*r5), (-1+1*r5)]
(257, 323, 176, 277, 57, 189)->[(-3-1*r5), (-3+1*r5), 0, 2]
(101, 487, 361, 17, 254, 575)->[-4, 0, -4, 0]
(608, 580, 197, 358, 24, 156)->[(3+1*r5), 0, -2, (3-1*r5)]
(388, 616, 525, 142, 54, 55)->[(-1-1*r5), 0, (1-1*r5), (0-2*r5)]
(226, 652, 368, 688, 628, 470)->[-4, 2, (1-1*r5), (1+1*r5)]
(164, 677, 77, 347, 540, 606)->[(-1+1*r5), 0, (0+2*r5), (-1-1*r5)]
(707, 581, 263, 617, 433, 533)->[0, (3-1*r5), 2, (-3-1*r5)]
(672, 450, 263, 586, 207, 55)->[-2, 0, (3-1*r5), (-3-1*r5)]
(36, 198, 297, 553, 624, 314)->[(-3+1*r5), (1+1*r5), (1+1*r5), (-1-1*r5)]
(64, 610, 39, 72, 402, 440)->[4, 4, 0, 0]
(4, 167, 560, 438, 538, 542)->[(1+1*r5), -2, 4, (1-1*r5)]
(196, 144, 338, 405, 22, 661)->[2, -2, 2, (0+2*r5)]
(576, 708, 8, 376, 569, 411)->[(-1-1*r5), (1+1*r5), (1+1*r5), (-3+1*r5)]
(618, 654, 370, 533, 124, 604)->[2, 0, (3-1*r5), (-3-1*r5)]
(359, 296, 266, 46, 214, 511)->[(0+2*r5), -2, -2, -2]
(264, 304, 177, 243, 88, 218)->[-2, (1+1*r5), (-1+1*r5), 4]
(416, 393, 208, 690, 244, 311)->[(1-1*r5), (-3-1*r5), (1-1*r5), (1-1*r5)]
(681, 106, 302, 627, 123, 222)->[(-3-1*r5), (3-1*r5), 0, -2]
(448, 323, 684, 17, 180, 631)->[(-3-1*r5), 0, -2, (3-1*r5)]
(101, 422, 361, 17, 180, 631)->[(0-2*r5), 0, (-1-1*r5), (-1+1*r5)]
(427, 683, 461, 273, 405, 56)->[(1+1*r5), (-3+1*r5), (1+1*r5), (1+1*r5)]
(423, 498, 566, 343, 440, 247)->[(1+1*r5), 4, (1-1*r5), -2]
(673, 456, 522, 691, 696, 415)->[(1-1*r5), 0, (0-2*r5), (-1-1*r5)]
(129, 139, 459, 555, 621, 593)->[(1-1*r5), -4, 2, (-1-1*r5)]
(438, 471, 127, 637, 382, 479)->[4, (-1-1*r5), 2, (1-1*r5)]
(289, 70, 426, 147, 249, 668)->[(1-1*r5), (-1+1*r5), (-3-1*r5), (-1+1*r5)]
(295, 264, 265, 395, 366, 399)->[-2, (0+2*r5), 2, 2]
(258, 620, 112, 630, 93, 63)->[-2, (-1-1*r5), (1-1*r5), -4]
(386, 450, 586, 53, 55, 313)->[(-1-1*r5), 0, (-1+1*r5), (0-2*r5)]
(449, 515, 73, 105, 556, 444)->[(1+1*r5), (-1+1*r5), (0+2*r5), 0]
(132, 592, 337, 306, 636, 317)->[0, (0-2*r5), (-1+1*r5), (1+1*r5)]
(326, 137, 500, 214, 345, 510)->[(1+1*r5), (-1-1*r5), (-3+1*r5), (-1-1*r5)]
(516, 202, 110, 530, 310, 247)->[4, 2, (1-1*r5), (-1-1*r5)]
(290, 487, 527, 719, 17, 254)->[(0-2*r5), 0, (-1-1*r5), (1-1*r5)]
(546, 547, 331, 717, 85, 89)->[4, 0, 0, 4]
(615, 147, 372, 505, 474, 671)->[-2, (-1+1*r5), -4, (1+1*r5)]
(417, 457, 143, 439, 699, 700)->[2, -4, (-1-1*r5), (-1+1*r5)]
(289, 130, 585, 145, 377, 122)->[(3-1*r5), 0, (-3-1*r5), 2]
(98, 643, 230, 138, 460, 172)->[(0+2*r5), 2, 2, -2]
(650, 107, 558, 370, 87, 574)->[(-1+1*r5), (1-1*r5), (1-1*r5), (-3-1*r5)]
(224, 673, 456, 43, 691, 597)->[-2, (1-1*r5), -4, (-1-1*r5)]
(291, 99, 231, 716, 565, 246)->[0, (3-1*r5), -2, (3+1*r5)]
(256, 3, 678, 623, 629, 348)->[(1+1*r5), (-1-1*r5), (-3+1*r5), (1+1*r5)]
(642, 451, 648, 82, 115, 409)->[0, 4, 0, -4]
(484, 5, 522, 691, 659, 696)->[0, 0, -4, -4]
(419, 325, 233, 106, 681, 627)->[(-3-1*r5), (-3+1*r5), 0, -2]
(68, 495, 49, 338, 465, 497)->[0, (-3+1*r5), 2, (3+1*r5)]
(130, 259, 394, 491, 333, 666)->[2, (-3+1*r5), (-3-1*r5), 0]
(128, 692, 507, 313, 58, 123)->[-4, 2, (-1+1*r5), (-1-1*r5)]
(674, 359, 266, 46, 434, 20)->[4, (1-1*r5), (-1-1*r5), -2]
(484, 165, 235, 659, 23, 696)->[0, (-1+1*r5), (-1-1*r5), (0-2*r5)]
(259, 679, 488, 143, 602, 122)->[2, -2, (0-2*r5), 2]
(33, 37, 328, 396, 206, 601)->[-2, 4, (-1-1*r5), (-1+1*r5)]
(75, 427, 683, 238, 273, 216)->[4, (1-1*r5), (1+1*r5), 2]
(649, 107, 558, 654, 370, 604)->[2, 0, (-3+1*r5), (-3-1*r5)]
(65, 259, 394, 365, 20, 666)->[(1+1*r5), (1-1*r5), (0-2*r5), 0]
(706, 504, 616, 235, 339, 408)->[-2, 2, -2, (0-2*r5)]
(483, 486, 363, 336, 49, 664)->[0, (-1+1*r5), (1+1*r5), (0+2*r5)]
(131, 582, 231, 232, 236, 466)->[(-1+1*r5), 2, (-1-1*r5), 4]
(291, 614, 232, 372, 474, 671)->[(1-1*r5), 2, (-1-1*r5), 4]
(674, 489, 394, 397, 590, 153)->[2, -2, (0-2*r5), -2]
(2, 583, 560, 438, 380, 542)->[4, (1-1*r5), (1+1*r5), -2]
(546, 547, 678, 331, 241, 149)->[(0+2*r5), (1-1*r5), 0, (1+1*r5)]
(676, 495, 304, 179, 664, 157)->[(1-1*r5), (-1+1*r5), (-1+1*r5), (3+1*r5)]
(384, 291, 676, 565, 246, 693)->[(1-1*r5), (-1+1*r5), (1-1*r5), (3+1*r5)]
(195, 168, 169, 627, 667, 607)->[(-3-1*r5), 0, 2, (-3+1*r5)]
(576, 545, 463, 399, 697, 537)->[(1-1*r5), (0+2*r5), (1+1*r5), 0]
(425, 685, 462, 308, 469, 478)->[(-1-1*r5), -2, 4, (-1+1*r5)]
(7, 428, 686, 112, 208, 316)->[(-1-1*r5), -4, (1-1*r5), -2]
(32, 420, 102, 39, 170, 279)->[4, (1+1*r5), 2, (-1+1*r5)]
(7, 584, 175, 528, 435, 564)->[(0-2*r5), (-1-1*r5), (1-1*r5), 0]
(2, 105, 138, 172, 173, 460)->[4, (-1+1*r5), (1+1*r5), -2]
(128, 708, 389, 646, 8, 376)->[-4, (1+1*r5), 2, (1-1*r5)]
(390, 710, 141, 400, 467, 351)->[-2, (0+2*r5), -2, -2]
(3, 324, 519, 711, 658, 183)->[2, -2, -2, (0+2*r5)]
(6, 139, 621, 431, 593, 403)->[0, (0-2*r5), (-1+1*r5), (-1-1*r5)]
(201, 718, 698, 571, 478, 286)->[(-1-1*r5), (-3+1*r5), (1+1*r5), (1+1*r5)]
(579, 718, 181, 571, 286, 95)->[(-1-1*r5), (3-1*r5), (1+1*r5), (1+1*r5)]
(549, 682, 237, 109, 473, 315)->[0, -4, 4, 0]
(418, 322, 301, 250, 252, 605)->[(-1-1*r5), (-1-1*r5), (3-1*r5), (1+1*r5)]
(35, 550, 198, 12, 342, 697)->[0, (1+1*r5), (0+2*r5), (1-1*r5)]
(680, 11, 464, 497, 437, 698)->[(1-1*r5), -2, (1+1*r5), 4]
(7, 584, 209, 564, 534, 223)->[-4, -4, 0, 0]
(272, 497, 437, 698, 250, 509)->[-2, -2, 2, (0+2*r5)]
(451, 503, 166, 492, 310, 343)->[2, (1+1*r5), (1-1*r5), -4]
(675, 357, 582, 236, 466, 377)->[2, (-1+1*r5), -4, (1+1*r5)]
(201, 462, 718, 469, 478, 255)->[-4, (1-1*r5), (1+1*r5), 2]
(453, 203, 367, 305, 689, 349)->[(-3+1*r5), (-1-1*r5), (-1-1*r5), (1+1*r5)]
(225, 262, 171, 275, 276, 347)->[(-1+1*r5), -2, (1+1*r5), -4]
(197, 268, 365, 20, 599, 666)->[4, 0, -4, 0]
(321, 523, 141, 400, 31, 351)->[(1-1*r5), (3+1*r5), (1-1*r5), (1-1*r5)]
(64, 354, 261, 182, 566, 536)->[2, (3+1*r5), 0, (-3+1*r5)]
(615, 174, 655, 600, 570, 349)->[-2, (1-1*r5), -4, (1+1*r5)]
(166, 520, 712, 303, 23, 443)->[(3-1*r5), (1+1*r5), (-1-1*r5), (-1-1*r5)]
(226, 548, 69, 177, 280, 95)->[-4, 2, (-1+1*r5), (1+1*r5)]
(103, 107, 46, 662, 567, 510)->[(1+1*r5), (1-1*r5), -2, -4]
(98, 202, 110, 113, 530, 251)->[(0+2*r5), (-1+1*r5), 0, (-1-1*r5)]
(363, 589, 334, 432, 56, 506)->[2, (-1+1*r5), 4, (1+1*r5)]
(293, 294, 614, 206, 594, 125)->[(1-1*r5), 4, -2, (1+1*r5)]
(320, 481, 130, 491, 657, 666)->[2, (3-1*r5), (-3-1*r5), 0]
(320, 481, 645, 491, 651, 663)->[(-1+1*r5), (-1+1*r5), (-3-1*r5), (1-1*r5)]
(385, 13, 240, 561, 21, 569)->[(-1-1*r5), (-1+1*r5), (0+2*r5), 0]
(358, 296, 266, 248, 670, 511)->[(3+1*r5), (1-1*r5), (1-1*r5), (1-1*r5)]
(104, 616, 714, 235, 207, 339)->[(1-1*r5), (-1+1*r5), (1-1*r5), (-3-1*r5)]
(585, 716, 174, 466, 701, 671)->[0, 0, -4, 4]
(712, 498, 566, 343, 281, 28)->[2, (0+2*r5), -2, -2]
(159, 294, 715, 178, 477, 703)->[0, (3+1*r5), (-3+1*r5), 2]
(32, 610, 643, 39, 402, 279)->[(0+2*r5), (1+1*r5), (-1+1*r5), 0]
(608, 163, 365, 114, 602, 219)->[4, (1-1*r5), (-1-1*r5), 2]
(609, 383, 237, 78, 278, 447)->[(3-1*r5), (-3-1*r5), 2, 0]
(74, 653, 373, 375, 410, 28)->[(-1+1*r5), (0+2*r5), (-1-1*r5), 0]
(163, 324, 357, 140, 114, 602)->[(1+1*r5), (-3+1*r5), (-1-1*r5), (1+1*r5)]
(350, 35, 240, 624, 411, 446)->[-2, 2, (0+2*r5), -2]
(394, 491, 333, 397, 493, 153)->[(-1+1*r5), (1-1*r5), (-3-1*r5), (1-1*r5)]
(609, 578, 132, 78, 284, 383)->[(-1+1*r5), (-3-1*r5), (-1+1*r5), (-1+1*r5)]
(644, 267, 406, 153, 60, 572)->[0, (-1-1*r5), (0-2*r5), (1-1*r5)]
(385, 195, 134, 168, 283, 607)->[(0-2*r5), 0, (1+1*r5), (1-1*r5)]
(248, 202, 524, 499, 436, 24)->[(3+1*r5), (-1+1*r5), (1-1*r5), (1-1*r5)]
(228, 43, 691, 596, 597, 93)->[(1-1*r5), -2, (-1-1*r5), -4]
(322, 462, 625, 148, 534, 94)->[-4, (-1-1*r5), 2, (-1+1*r5)]
(637, 136, 274, 186, 445, 319)->[4, -4, 0, 0]
(704, 709, 170, 588, 379, 414)->[(1+1*r5), (1+1*r5), (3-1*r5), (1+1*r5)]
(130, 259, 488, 333, 145, 122)->[(-1+1*r5), (1-1*r5), (-3-1*r5), (-1+1*r5)]
(669, 425, 468, 117, 285, 94)->[(-1-1*r5), (-1-1*r5), (1+1*r5), (-3+1*r5)]
(292, 38, 430, 212, 535, 27)->[(-3+1*r5), 0, (3+1*r5), 2]
(640, 609, 455, 237, 598, 278)->[(-3+1*r5), (-3-1*r5), 2, 0]
(99, 711, 716, 565, 346, 188)->[0, (-3+1*r5), -2, (3+1*r5)]
(96, 10, 686, 435, 59, 412)->[(-1-1*r5), (-1-1*r5), (-1-1*r5), (-3+1*r5)]
(391, 364, 463, 16, 182, 26)->[(3-1*r5), (3+1*r5), 2, 0]
(477, 612, 265, 88, 441, 152)->[0, (0+2*r5), (-1+1*r5), (1+1*r5)]
(225, 577, 262, 171, 45, 124)->[2, -2, 2, (0-2*r5)]
(330, 554, 403, 471, 638, 447)->[2, (0-2*r5), 2, -2]
(332, 272, 465, 407, 346, 381)->[(-3+1*r5), -2, 0, (3+1*r5)]
(4, 556, 560, 184, 538, 216)->[(1+1*r5), (1-1*r5), (0+2*r5), 0]
(424, 461, 334, 695, 89, 414)->[(1+1*r5), (-1+1*r5), 2, 4]
(387, 362, 619, 342, 537, 413)->[0, (1+1*r5), (0+2*r5), (-1+1*r5)]
(290, 419, 325, 681, 684, 528)->[(-3-1*r5), (1-1*r5), (1-1*r5), (1-1*r5)]
(38, 685, 430, 47, 51, 212)->[(1-1*r5), (1-1*r5), (3+1*r5), (-1+1*r5)]
(480, 225, 2, 606, 380, 542)->[(1+1*r5), (-3+1*r5), (1+1*r5), (-1-1*r5)]
(292, 38, 11, 336, 27, 286)->[(1-1*r5), 0, (0+2*r5), (1+1*r5)]
(37, 523, 400, 373, 31, 159)->[(-3+1*r5), (3+1*r5), -2, 0]
(164, 433, 146, 118, 314, 475)->[(-1+1*r5), 2, (1+1*r5), -4]
(1, 707, 262, 263, 533, 442)->[0, (-3+1*r5), 2, (-3-1*r5)]
(256, 641, 678, 551, 22, 348)->[(1+1*r5), (-1-1*r5), (3-1*r5), (1+1*r5)]
(546, 713, 140, 717, 85, 183)->[(1+1*r5), 0, (1-1*r5), (0+2*r5)]
(581, 263, 617, 586, 207, 242)->[(1-1*r5), (-1+1*r5), (-1+1*r5), (-3-1*r5)]
(35, 100, 355, 199, 240, 350)->[(1-1*r5), (-1+1*r5), (3+1*r5), (1-1*r5)]
(353, 611, 36, 581, 624, 314)->[(1-1*r5), 2, (1+1*r5), -4]
(485, 389, 472, 646, 18, 376)->[(0-2*r5), (1+1*r5), (-1+1*r5), 0]
(368, 688, 693, 470, 474, 30)->[(-1-1*r5), (-1+1*r5), -2, 4]
(419, 584, 684, 175, 528, 57)->[(-3-1*r5), -2, (-3+1*r5), 0]
(162, 587, 689, 119, 633, 317)->[0, (0-2*r5), (1-1*r5), (1+1*r5)]
(465, 658, 661, 121, 346, 381)->[(3-1*r5), -2, 0, (3+1*r5)]
(612, 709, 518, 458, 588, 414)->[2, (1+1*r5), (-1+1*r5), 4]
(97, 482, 713, 236, 140, 85)->[(1+1*r5), (-1+1*r5), -2, 4]
(421, 73, 41, 556, 83, 444)->[2, (3-1*r5), (3+1*r5), 0]
(7, 329, 543, 686, 208, 690, 435, 244, 564, 412, 92, 223)->[(-1-1*r5), (-3-1*r5), -2, 0]
(320, 674, 200, 394, 491, 268, 397, 239, 434, 20, 663, 666)->[(1+1*r5), 0, (-3-1*r5), -2]
(484, 165, 5, 103, 200, 649, 650, 107, 558, 659, 662, 253)->[2, 0, (-1-1*r5), (-3-1*r5)]
(256, 678, 551, 136, 360, 298, 241, 274, 149, 629, 151, 319)->[(3+1*r5), (-1-1*r5), 0, 2]
(677, 521, 91, 299, 557, 591, 401, 562, 275, 276, 347, 540)->[0, -2, (3+1*r5), (-1-1*r5)]
(407, 99, 68, 676, 495, 465, 565, 246, 374, 121, 346, 157)->[0, 0, 0, (2+2*r5)]
(32, 449, 514, 515, 643, 102, 105, 172, 460, 307, 279, 185)->[(3+1*r5), 2, (1+1*r5), 0]
(609, 34, 132, 455, 300, 237, 109, 78, 337, 306, 309, 315)->[0, (-3-1*r5), (1+1*r5), 2]
(509, 573, 605, 42, 332, 301, 111, 272, 116, 407, 250, 29)->[(-1-1*r5), -2, 0, (3+1*r5)]
(516, 296, 202, 266, 110, 46, 434, 499, 662, 567, 248, 251)->[(3+1*r5), 0, -2, (-1-1*r5)]
(192, 706, 67, 390, 710, 504, 76, 656, 467, 532, 215, 408)->[(-1-1*r5), (1+1*r5), (-1-1*r5), (-1-1*r5)]
(417, 457, 282, 204, 108, 79, 50, 632, 186, 699, 445, 319)->[(1+1*r5), (-3-1*r5), -2, 0]
(419, 325, 135, 7, 233, 584, 428, 508, 528, 209, 369, 316)->[(-3-1*r5), (-1-1*r5), 0, -2]
(513, 260, 517, 644, 393, 60, 79, 244, 311, 187, 220, 572)->[0, (-3-1*r5), (-1-1*r5), -2]
(192, 290, 388, 325, 681, 106, 142, 527, 719, 54, 222, 287)->[(-3-1*r5), 0, -2, (-1-1*r5)]
(227, 4, 549, 167, 647, 299, 109, 563, 501, 184, 473, 538)->[2, (-1-1*r5), (3+1*r5), 0]
(704, 161, 66, 610, 39, 72, 170, 622, 687, 48, 279, 379)->[(3+1*r5), (1+1*r5), 0, 2]
(128, 611, 36, 708, 8, 553, 205, 624, 692, 507, 411, 446)->[(-1-1*r5), (1+1*r5), (1+1*r5), (-1-1*r5)]
(66, 133, 197, 268, 15, 499, 404, 436, 599, 24, 378, 156)->[(3+1*r5), 2, (-1-1*r5), 0]
(608, 65, 197, 358, 359, 266, 365, 50, 20, 151, 219, 511)->[(3+1*r5), -2, (-1-1*r5), 0]
(38, 647, 552, 680, 11, 270, 47, 430, 464, 529, 309, 27)->[0, -2, (3+1*r5), (1+1*r5)]
(483, 612, 486, 518, 458, 664, 304, 243, 150, 88, 441, 157)->[0, (1+1*r5), 2, (3+1*r5)]
(321, 354, 261, 523, 364, 16, 703, 178, 182, 31, 702, 159)->[0, (2+2*r5), 0, 0]
(544, 193, 418, 605, 587, 592, 337, 119, 252, 317, 62, 543)->[-2, (-3-1*r5), 0, (1+1*r5)]
(516, 166, 520, 712, 271, 239, 498, 310, 247, 378, 253, 343)->[(1+1*r5), (1+1*r5), (-1-1*r5), (-1-1*r5)]
(104, 456, 616, 235, 525, 696, 659, 596, 597, 54, 691, 504)->[-2, 0, (-1-1*r5), (-3-1*r5)]
(288, 289, 582, 232, 377, 585, 14, 466, 147, 372, 249, 671)->[0, 2, (-3-1*r5), (1+1*r5)]
(483, 196, 68, 363, 461, 334, 49, 338, 529, 405, 695, 56)->[2, 0, (1+1*r5), (3+1*r5)]
(36, 581, 454, 648, 297, 617, 433, 242, 82, 115, 314, 475)->[0, (1+1*r5), 2, (-3-1*r5)]
(101, 422, 615, 361, 426, 526, 655, 147, 600, 505, 668, 575)->[(-1-1*r5), 0, (-3-1*r5), 2]
(384, 226, 676, 304, 177, 368, 179, 116, 688, 693, 280, 218)->[(-1-1*r5), 2, 0, (3+1*r5)]
(67, 484, 645, 520, 663, 522, 651, 303, 595, 23, 696, 415)->[0, 2, (-3-1*r5), (-1-1*r5)]
(480, 2, 98, 583, 138, 172, 113, 211, 568, 251, 380, 158)->[(3+1*r5), 0, 2, (-1-1*r5)]
(2, 105, 606, 556, 77, 173, 560, 83, 538, 444, 540, 542)->[(1+1*r5), 0, (3+1*r5), -2]
(96, 290, 101, 10, 684, 175, 528, 17, 371, 435, 631, 254)->[(-3-1*r5), -2, (-1-1*r5), 0]
(637, 326, 136, 296, 479, 511, 211, 500, 214, 445, 670, 127)->[(3+1*r5), (-1-1*r5), 0, -2]
(519, 711, 203, 332, 587, 305, 658, 689, 633, 346, 188, 381)->[0, (-1-1*r5), -2, (3+1*r5)]
(512, 295, 265, 362, 619, 364, 537, 399, 463, 152, 441, 26)->[0, (3+1*r5), (1+1*r5), 2]
(134, 168, 169, 425, 462, 607, 148, 117, 469, 508, 94, 255)->[(-3-1*r5), -2, (1+1*r5), 0]
(448, 323, 419, 169, 681, 684, 302, 627, 277, 57, 155, 667)->[(-2-2*r5), 0, 0, 0]
(96, 194, 267, 398, 526, 496, 406, 412, 59, 60, 126, 639)->[-2, (-1-1*r5), (-3-1*r5), 0]
(352, 385, 195, 708, 389, 168, 13, 18, 531, 376, 569, 667)->[(-3-1*r5), 2, (1+1*r5), 0]
(224, 513, 287, 10, 43, 428, 686, 112, 597, 59, 93, 63)->[(-1-1*r5), (-1-1*r5), (-1-1*r5), (-1-1*r5)]
(515, 550, 73, 41, 362, 12, 490, 342, 634, 444, 221, 413)->[2, (1+1*r5), (3+1*r5), 0]
(417, 162, 439, 700, 453, 635, 398, 367, 689, 119, 187, 92)->[0, (-3-1*r5), (-1-1*r5), 2]
(37, 294, 715, 206, 14, 594, 660, 373, 375, 601, 410, 159)->[0, (3+1*r5), (-1-1*r5), 2]
(384, 131, 291, 614, 231, 232, 81, 594, 150, 246, 665, 125)->[0, (1+1*r5), -2, (3+1*r5)]
(416, 609, 578, 640, 204, 690, 245, 278, 311, 635, 62, 383)->[0, (-2-2*r5), 0, 0]
(514, 547, 424, 331, 427, 461, 238, 494, 48, 683, 149, 89)->[(3+1*r5), 0, 2, (1+1*r5)]
(355, 100, 421, 199, 41, 557, 430, 83, 51, 212, 563, 535)->[0, 0, (2+2*r5), 0]
(97, 482, 131, 675, 613, 582, 392, 236, 15, 687, 660, 154)->[(1+1*r5), (1+1*r5), (-1-1*r5), (1+1*r5)]
(608, 97, 546, 163, 580, 331, 140, 622, 241, 114, 85, 156)->[(3+1*r5), 0, -2, (1+1*r5)]
(576, 545, 485, 646, 8, 395, 366, 399, 626, 52, 376, 702)->[(-1-1*r5), (3+1*r5), 2, 0]
(545, 198, 391, 297, 553, 12, 463, 16, 80, 213, 697, 539)->[0, (3+1*r5), (1+1*r5), -2]
(705, 387, 292, 486, 363, 619, 336, 432, 535, 506, 27, 413)->[0, 2, (3+1*r5), (1+1*r5)]
(612, 229, 709, 392, 715, 588, 152, 665, 379, 477, 190, 703)->[2, (3+1*r5), 0, (1+1*r5)]
(6, 326, 137, 554, 429, 431, 403, 245, 632, 345, 220, 638)->[2, (-3-1*r5), 0, (-1-1*r5)]
(321, 642, 710, 9, 205, 141, 115, 52, 312, 409, 539, 351)->[-2, (3+1*r5), 0, (-1-1*r5)]
(512, 420, 102, 424, 170, 458, 490, 588, 334, 589, 432, 414)->[(1+1*r5), (1+1*r5), (1+1*r5), (1+1*r5)]
(577, 574, 137, 107, 45, 654, 370, 500, 567, 568, 124, 510)->[(1+1*r5), -2, 0, (-3-1*r5)]
(386, 195, 233, 106, 283, 627, 53, 507, 313, 603, 123, 607)->[(-3-1*r5), 0, 2, (-1-1*r5)]
(64, 229, 261, 72, 653, 498, 404, 566, 375, 440, 154, 28)->[(1+1*r5), (3+1*r5), -2, 0]
(544, 640, 455, 209, 210, 625, 468, 534, 598, 285, 94, 223)->[(-1-1*r5), (-3-1*r5), 2, 0]
(673, 228, 5, 644, 522, 267, 43, 397, 493, 590, 691, 153)->[0, -2, (-3-1*r5), (-1-1*r5)]
(33, 37, 390, 327, 40, 328, 141, 400, 626, 694, 476, 31)->[(-1-1*r5), (3+1*r5), -2, 0]
(230, 71, 138, 234, 460, 173, 80, 146, 118, 634, 475, 318)->[(1+1*r5), (1+1*r5), (1+1*r5), (-1-1*r5)]
(672, 1, 263, 104, 617, 714, 558, 207, 370, 533, 87, 604)->[0, 0, 0, (-2-2*r5)]
(641, 34, 551, 552, 75, 683, 144, 273, 405, 22, 501, 120)->[(1+1*r5), (-1-1*r5), (1+1*r5), (1+1*r5)]
(128, 452, 389, 646, 472, 302, 694, 215, 312, 58, 123, 222)->[(-3-1*r5), (1+1*r5), 0, -2]
(579, 11, 495, 336, 49, 497, 179, 664, 698, 571, 509, 286)->[-2, 0, (1+1*r5), (3+1*r5)]
(248, 161, 580, 358, 298, 670, 524, 494, 341, 24, 185, 158)->[(2+2*r5), 0, 0, 0]
(160, 257, 322, 584, 301, 175, 176, 148, 564, 534, 57, 252)->[(-3-1*r5), (-1-1*r5), 0, 2]
(288, 320, 481, 133, 613, 645, 74, 653, 271, 657, 410, 191)->[2, (1+1*r5), (-3-1*r5), 0]
(448, 452, 487, 40, 361, 527, 656, 17, 180, 86, 502, 25)->[(-3-1*r5), 2, (-1-1*r5), 0]
(255, 548, 201, 718, 176, 29, 531, 277, 280, 571, 189, 95)->[(-3-1*r5), 0, 2, (1+1*r5)]
(227, 447, 638, 78, 274, 471, 120, 186, 284, 637, 382, 383)->[(1+1*r5), (-3-1*r5), 2, 0]
(249, 70, 328, 426, 396, 269, 601, 595, 532, 25, 90, 191)->[-2, (1+1*r5), (-3-1*r5), 0]
(1, 577, 262, 139, 171, 459, 621, 335, 431, 276, 217, 442)->[0, (-1-1*r5), 2, (-3-1*r5)]
(98, 610, 643, 230, 423, 202, 524, 402, 530, 436, 247, 440)->[(3+1*r5), (1+1*r5), 0, -2]
(65, 259, 488, 489, 394, 333, 143, 406, 439, 153, 699, 572)->[2, (-1-1*r5), (-3-1*r5), 0]
(226, 548, 69, 485, 327, 652, 18, 19, 628, 86, 472, 155)->[(-3-1*r5), (1+1*r5), 0, 2]
(353, 35, 164, 677, 198, 199, 550, 77, 624, 146, 314, 350)->[0, 2, (3+1*r5), (-1-1*r5)]
(130, 259, 163, 357, 675, 365, 657, 666, 602, 599, 377, 122)->[(1+1*r5), 0, (-3-1*r5), 2]
(546, 3, 196, 547, 678, 717, 658, 661, 22, 183, 121, 348)->[(1+1*r5), -2, 0, (3+1*r5)]
(706, 388, 616, 9, 586, 207, 242, 339, 692, 55, 313, 58)->[(-1-1*r5), 2, 0, (-3-1*r5)]
(454, 649, 234, 618, 492, 110, 654, 113, 530, 310, 503, 604)->[(1+1*r5), 2, 0, (-3-1*r5)]
(224, 673, 194, 487, 456, 76, 575, 719, 84, 90, 254, 415)->[(-1-1*r5), 0, (-3-1*r5), -2]
(33, 293, 614, 396, 206, 688, 372, 628, 470, 502, 505, 474)->[(-1-1*r5), (1+1*r5), (-1-1*r5), (1+1*r5)]
(549, 425, 682, 685, 47, 401, 51, 308, 468, 344, 315, 669)->[-2, (-1-1*r5), (3+1*r5), 0]
(32, 64, 420, 71, 39, 391, 402, 182, 536, 26, 221, 190)->[(1+1*r5), (3+1*r5), 2, 0]
(674, 260, 103, 359, 489, 108, 46, 590, 340, 214, 345, 510)->[(1+1*r5), (-1-1*r5), (-1-1*r5), (-1-1*r5)]
(354, 451, 423, 648, 409, 492, 213, 566, 343, 536, 281, 318)->[2, (3+1*r5), 0, (-1-1*r5)]
(330, 139, 555, 237, 682, 593, 562, 403, 278, 598, 473, 447)->[0, (-3-1*r5), (1+1*r5), -2]
(258, 228, 517, 650, 620, 429, 335, 340, 596, 87, 93, 574)->[0, (-1-1*r5), -2, (-3-1*r5)]
(385, 355, 356, 446, 134, 91, 240, 21, 344, 283, 541, 350)->[(-1-1*r5), 0, (3+1*r5), -2]
(679, 488, 585, 701, 203, 174, 367, 145, 600, 122, 349, 126)->[0, -2, (-3-1*r5), (1+1*r5)]
(672, 258, 450, 135, 44, 525, 142, 53, 630, 55, 217, 63)->[(-1-1*r5), -2, 0, (-3-1*r5)]
(289, 130, 481, 70, 491, 651, 333, 493, 496, 145, 84, 668)->[0, 0, (-2-2*r5), 0]
(256, 636, 162, 578, 132, 641, 623, 348, 633, 282, 284, 317)->[2, (-3-1*r5), 0, (1+1*r5)]
(480, 225, 707, 164, 262, 618, 433, 533, 118, 347, 124, 606)->[2, 0, (1+1*r5), (-3-1*r5)]
(225, 167, 330, 171, 554, 45, 275, 438, 471, 380, 542, 127)->[(1+1*r5), (-1-1*r5), (1+1*r5), (-1-1*r5)]
(449, 421, 73, 427, 556, 589, 270, 273, 56, 506, 184, 216)->[(1+1*r5), 0, (3+1*r5), 2]
(352, 705, 579, 69, 295, 264, 366, 177, 243, 181, 61, 95)->[(-1-1*r5), (1+1*r5), (1+1*r5), (1+1*r5)]
(160, 193, 453, 329, 42, 559, 655, 305, 371, 570, 349, 639)->[(-1-1*r5), (-1-1*r5), (-1-1*r5), (1+1*r5)]
(4, 583, 360, 75, 238, 560, 307, 341, 438, 216, 382, 479)->[(3+1*r5), -2, (1+1*r5), 0]
(144, 272, 306, 338, 464, 437, 465, 497, 592, 661, 636, 381)->[0, (-1-1*r5), 2, (3+1*r5)]
(477, 293, 294, 264, 265, 395, 178, 19, 88, 218, 476, 125)->[-2, (3+1*r5), 0, (1+1*r5)]
(642, 451, 503, 165, 166, 714, 235, 82, 339, 23, 408, 443)->[0, (1+1*r5), -2, (-3-1*r5)]
(416, 129, 6, 393, 620, 621, 112, 208, 210, 593, 630, 316)->[-2, (-3-1*r5), 0, (-1-1*r5)]
(576, 35, 100, 387, 569, 240, 561, 697, 342, 537, 411, 61)->[-2, (1+1*r5), (3+1*r5), 0]
(291, 615, 716, 174, 570, 565, 693, 474, 188, 573, 30, 671)->[-2, 0, (-1-1*r5), (3+1*r5)]
(257, 323, 422, 652, 111, 368, 559, 180, 470, 631, 189, 30)->[(-3-1*r5), 0, -2, (1+1*r5)]
(322, 418, 680, 201, 300, 462, 625, 308, 437, 698, 250, 478)->[(-1-1*r5), (-1-1*r5), (1+1*r5), (1+1*r5)]
(3, 324, 519, 679, 457, 143, 623, 114, 629, 602, 219, 700)->[(1+1*r5), (-1-1*r5), (-1-1*r5), (1+1*r5)]
(704, 482, 709, 518, 713, 717, 81, 85, 374, 695, 89, 414)->[(1+1*r5), 2, 0, (3+1*r5)]
(712, 74, 523, 269, 303, 400, 467, 373, 281, 443, 28, 351)->[0, (3+1*r5), (-1-1*r5), -2]
(99, 324, 357, 231, 711, 713, 140, 236, 716, 466, 183, 701)->[2, 0, (-1-1*r5), (3+1*r5)]
(292, 478, 38, 13, 685, 718, 561, 212, 21, 181, 469, 286)->[(-1-1*r5), 0, (3+1*r5), 2]
(516, 268, 239, 434, 499, 378)->[4, (-1+1*r5), (-1-1*r5), -2]
(674, 103, 200, 46, 434, 662)->[(1+1*r5), (-3+1*r5), (-1-1*r5), (-1-1*r5)]
(608, 580, 358, 298, 241, 151)->[(3+1*r5), (1-1*r5), (1-1*r5), (-1+1*r5)]
(353, 356, 677, 521, 91, 350)->[(1-1*r5), 0, (0+2*r5), (-1-1*r5)]
(196, 68, 465, 338, 661, 121)->[(-1+1*r5), (1-1*r5), (-1+1*r5), (3+1*r5)]
(676, 116, 565, 693, 407, 573)->[-2, 0, (-3+1*r5), (3+1*r5)]
(98, 202, 524, 248, 251, 158)->[(3+1*r5), (3-1*r5), 0, -2]
(390, 328, 269, 400, 467, 532)->[-2, 4, (-1-1*r5), (1-1*r5)]
(256, 457, 623, 629, 282, 319)->[(1+1*r5), -4, (1-1*r5), 2]
(419, 169, 233, 627, 508, 607)->[(-3-1*r5), (1-1*r5), (-1+1*r5), (1-1*r5)]
(192, 456, 76, 719, 54, 504)->[(-1-1*r5), (3-1*r5), (-1-1*r5), (-1-1*r5)]
(704, 331, 622, 48, 85, 89)->[(0+2*r5), (-1+1*r5), 0, (1+1*r5)]
(552, 144, 529, 338, 464, 405)->[(-1+1*r5), -2, (1+1*r5), 4]
(512, 486, 458, 619, 432, 441)->[(3-1*r5), (1+1*r5), (1+1*r5), (1+1*r5)]
(544, 609, 640, 455, 337, 62)->[(1-1*r5), (-3-1*r5), (-1+1*r5), (-1+1*r5)]
(320, 133, 268, 271, 239, 378)->[(1+1*r5), 2, -4, (1-1*r5)]
(480, 618, 654, 113, 568, 124)->[(1+1*r5), 0, (-1+1*r5), (0-2*r5)]
(359, 108, 50, 214, 445, 511)->[4, (-1-1*r5), -2, (1-1*r5)]
(417, 162, 457, 623, 282, 700)->[2, (0-2*r5), -2, 2]
(512, 420, 588, 152, 26, 190)->[2, (0+2*r5), 2, 2]
(256, 641, 551, 274, 120, 284)->[(1+1*r5), -4, (-1+1*r5), 2]
(551, 360, 75, 683, 238, 149)->[(0+2*r5), -2, 2, 2]
(66, 72, 15, 687, 404, 154)->[4, (1+1*r5), -2, (-1+1*r5)]
(646, 141, 626, 52, 694, 312)->[(-1-1*r5), (0+2*r5), 0, (1-1*r5)]
(160, 193, 42, 301, 252, 605)->[(-1-1*r5), (-1-1*r5), (-3+1*r5), (1+1*r5)]
(448, 452, 681, 302, 527, 222)->[(-3-1*r5), (-1+1*r5), (1-1*r5), (1-1*r5)]
(161, 66, 610, 524, 436, 24)->[(3+1*r5), 2, (-3+1*r5), 0]
(612, 709, 518, 81, 150, 665)->[(-1+1*r5), (1+1*r5), 0, (0+2*r5)]
(416, 6, 393, 245, 311, 220)->[0, (-3-1*r5), (-3+1*r5), -2]
(187, 690, 244, 311, 635, 92)->[(-3+1*r5), (-3-1*r5), -2, 0]
(204, 79, 245, 311, 632, 220)->[(-1+1*r5), (-3-1*r5), (1-1*r5), (1-1*r5)]
(288, 289, 130, 481, 657, 377)->[(-1+1*r5), (-1+1*r5), (-3-1*r5), (-1+1*r5)]
(648, 297, 80, 213, 475, 318)->[(-1+1*r5), 4, 2, (-1-1*r5)]
(97, 66, 622, 15, 687, 156)->[(0+2*r5), 2, -2, 2]
(705, 579, 292, 336, 181, 286)->[-2, (-1+1*r5), 4, (1+1*r5)]
(395, 178, 626, 476, 702, 31)->[-2, (3+1*r5), 0, (3-1*r5)]
(133, 653, 271, 498, 404, 378)->[(1+1*r5), (1+1*r5), (-1-1*r5), (-3+1*r5)]
(675, 613, 133, 15, 657, 599)->[(1+1*r5), 2, -4, (-1+1*r5)]
(652, 628, 180, 470, 86, 502)->[(0-2*r5), 2, -2, 2]
(690, 119, 635, 92, 62, 543)->[(1-1*r5), (-3-1*r5), (1-1*r5), (-1+1*r5)]
(67, 76, 595, 532, 90, 415)->[-2, 2, (0-2*r5), -2]
(330, 139, 171, 554, 431, 403)->[(-1+1*r5), -4, 2, (-1-1*r5)]
(260, 644, 489, 590, 153, 572)->[(-1+1*r5), (-1-1*r5), -4, -2]
(99, 711, 658, 183, 121, 346)->[(-1+1*r5), (1-1*r5), (1-1*r5), (3+1*r5)]
(352, 13, 718, 531, 181, 95)->[-4, (-1+1*r5), (1+1*r5), 2]
(352, 69, 485, 366, 18, 376)->[-4, (1+1*r5), 2, (-1+1*r5)]
(457, 50, 629, 151, 219, 319)->[4, (-1-1*r5), -2, (-1+1*r5)]
(357, 585, 466, 377, 122, 701)->[(-1+1*r5), 0, (0-2*r5), (1+1*r5)]
(131, 392, 715, 594, 660, 665)->[(-1+1*r5), 4, -2, (1+1*r5)]
(611, 36, 581, 586, 242, 692)->[-2, 2, 2, (0-2*r5)]
(295, 264, 265, 243, 88, 441)->[(1-1*r5), 4, 2, (1+1*r5)]
(587, 592, 633, 317, 636, 381)->[0, -4, 0, 4]
(574, 137, 429, 340, 345, 510)->[2, (-1-1*r5), (1-1*r5), -4]
(321, 545, 16, 52, 539, 702)->[(1-1*r5), (3+1*r5), (-1+1*r5), (1-1*r5)]
(134, 425, 685, 21, 469, 344)->[(-1-1*r5), (1-1*r5), (0+2*r5), 0]
(526, 655, 600, 349, 126, 639)->[-2, -2, (0-2*r5), 2]
(134, 283, 117, 603, 541, 607)->[-4, (1-1*r5), (1+1*r5), -2]
(550, 198, 12, 80, 146, 634)->[(-1+1*r5), (1+1*r5), 4, -2]
(159, 261, 229, 715, 375, 703)->[(-1+1*r5), (3+1*r5), (1-1*r5), (-1+1*r5)]
(546, 3, 324, 140, 114, 183)->[(1+1*r5), (1-1*r5), -2, 4]
(421, 430, 270, 535, 506, 27)->[(3-1*r5), 0, (3+1*r5), 2]
(453, 398, 367, 349, 126, 639)->[(1-1*r5), (-1-1*r5), -4, 2]
(423, 492, 530, 310, 343, 247)->[(1+1*r5), (1+1*r5), (-3+1*r5), (-1-1*r5)]
(364, 182, 152, 26, 190, 703)->[(-1+1*r5), (3+1*r5), (-1+1*r5), (-1+1*r5)]
(682, 555, 591, 401, 562, 669)->[(1-1*r5), (-1-1*r5), 4, -2]
(267, 333, 493, 496, 406, 153)->[0, -2, (-3-1*r5), (-3+1*r5)]
(258, 620, 621, 335, 630, 217)->[(1-1*r5), (-1-1*r5), 0, (0-2*r5)]
(128, 646, 8, 205, 52, 312)->[(-1-1*r5), 4, (-1+1*r5), -2]
(257, 301, 111, 176, 29, 189)->[(0-2*r5), (1-1*r5), 0, (1+1*r5)]
(129, 135, 44, 369, 630, 316)->[(-1-1*r5), (-1-1*r5), (3-1*r5), (-1-1*r5)]
(296, 211, 500, 567, 568, 251)->[(0+2*r5), (1-1*r5), 0, (-1-1*r5)]
(513, 228, 517, 644, 43, 93)->[(-3+1*r5), (-1-1*r5), (-1-1*r5), (-1-1*r5)]
(34, 227, 109, 78, 501, 120)->[2, -4, (1+1*r5), (-1+1*r5)]
(288, 613, 582, 14, 660, 410)->[(-1+1*r5), (1+1*r5), -4, 2]
(96, 101, 526, 655, 371, 639)->[(-1-1*r5), -2, -4, (-1+1*r5)]
(548, 18, 531, 277, 155, 667)->[(-3-1*r5), (-1+1*r5), (-1+1*r5), (-1+1*r5)]
(69, 485, 264, 395, 366, 19)->[(-1-1*r5), 4, (-1+1*r5), 2]
(612, 125, 150, 88, 665, 477)->[0, 4, 0, 4]
(547, 196, 461, 717, 695, 89)->[(1+1*r5), 0, (-1+1*r5), (0+2*r5)]
(680, 300, 47, 308, 309, 315)->[(1-1*r5), (-1-1*r5), 4, 2]
(669, 682, 555, 468, 598, 285)->[-2, -4, (1+1*r5), (1-1*r5)]
(677, 199, 557, 77, 83, 540)->[(3-1*r5), 0, (3+1*r5), -2]
(452, 390, 40, 656, 694, 215)->[-4, (1+1*r5), -2, (1-1*r5)]
(35, 198, 553, 624, 697, 411)->[(1-1*r5), (1+1*r5), 4, -2]
(454, 648, 234, 492, 475, 318)->[2, (1+1*r5), (-1+1*r5), -4]
(32, 515, 71, 460, 634, 221)->[(1+1*r5), (1+1*r5), (1+1*r5), (-3+1*r5)]
(98, 230, 234, 138, 113, 530)->[4, 2, (-1+1*r5), (-1-1*r5)]
(484, 5, 200, 522, 397, 663)->[(-1+1*r5), 0, (0-2*r5), (-1-1*r5)]
(111, 368, 29, 116, 280, 189)->[-4, 0, 0, 4]
(355, 100, 240, 561, 212, 21)->[-2, (3-1*r5), (3+1*r5), 0]
(330, 139, 171, 562, 275, 276)->[(3-1*r5), (-1-1*r5), (1+1*r5), (-1-1*r5)]
(352, 576, 366, 376, 569, 61)->[(-1-1*r5), (1+1*r5), (1+1*r5), (3-1*r5)]
(96, 194, 101, 526, 254, 575)->[(-1-1*r5), (1-1*r5), (0-2*r5), 0]
(480, 138, 234, 618, 113, 118)->[(1+1*r5), (-1+1*r5), 2, -4]
(192, 706, 388, 215, 58, 222)->[-4, 2, (1-1*r5), (-1-1*r5)]
(583, 172, 307, 341, 185, 158)->[(3+1*r5), 0, 2, (-3+1*r5)]
(64, 440, 423, 402, 566, 536)->[(1+1*r5), (0+2*r5), 0, (1-1*r5)]
(354, 391, 16, 213, 182, 536)->[(-1+1*r5), (3+1*r5), (-1+1*r5), (1-1*r5)]
(1, 577, 262, 370, 533, 124)->[(-1+1*r5), (1-1*r5), (-1+1*r5), (-3-1*r5)]
(388, 106, 313, 58, 123, 222)->[(0-2*r5), (-1+1*r5), 0, (-1-1*r5)]
(448, 290, 681, 684, 527, 17)->[(-3-1*r5), 0, -2, (-3+1*r5)]
(424, 427, 461, 334, 589, 56)->[(1+1*r5), (3-1*r5), (1+1*r5), (1+1*r5)]
(454, 617, 618, 433, 533, 604)->[(-1+1*r5), (-1+1*r5), (-1+1*r5), (-3-1*r5)]
(513, 517, 393, 620, 112, 93)->[(1-1*r5), -4, -2, (-1-1*r5)]
(672, 1, 450, 263, 217, 442)->[(1-1*r5), (1-1*r5), (-1+1*r5), (-3-1*r5)]
(418, 300, 592, 337, 306, 437)->[(1-1*r5), -4, 2, (1+1*r5)]
(160, 329, 175, 371, 435, 564)->[-4, (-1-1*r5), -2, (-1+1*r5)]
(544, 223, 564, 534, 252, 543)->[(-1-1*r5), (0-2*r5), 0, (-1+1*r5)]
(291, 231, 232, 716, 466, 671)->[0, (-1+1*r5), (-1-1*r5), (0+2*r5)]
(642, 9, 242, 82, 115, 339)->[(1-1*r5), (1+1*r5), 0, (0-2*r5)]
(65, 674, 359, 489, 394, 20)->[(1+1*r5), -2, -4, (1-1*r5)]
(509, 201, 698, 250, 571, 29)->[(-1-1*r5), (1-1*r5), 2, 4]
(513, 60, 686, 244, 59, 412)->[-2, -4, (-1-1*r5), (1-1*r5)]
(353, 707, 164, 581, 433, 314)->[0, (-1+1*r5), (1+1*r5), (0-2*r5)]
(38, 680, 11, 698, 478, 286)->[-2, (1-1*r5), 4, (1+1*r5)]
(422, 615, 559, 655, 570, 30)->[(-1-1*r5), (-3+1*r5), (-1-1*r5), (1+1*r5)]
(165, 104, 714, 235, 558, 659)->[0, (3-1*r5), -2, (-3-1*r5)]
(97, 163, 675, 357, 140, 236)->[(1+1*r5), (3-1*r5), (-1-1*r5), (1+1*r5)]
(296, 46, 500, 214, 567, 510)->[4, -2, (1-1*r5), (-1-1*r5)]
(615, 585, 174, 147, 600, 671)->[(1-1*r5), 0, (0-2*r5), (1+1*r5)]
(294, 715, 594, 125, 665, 477)->[0, (0+2*r5), (1-1*r5), (1+1*r5)]
(617, 714, 207, 82, 339, 242)->[(-3+1*r5), 2, 0, (-3-1*r5)]
(578, 282, 204, 186, 284, 383)->[2, (-3-1*r5), 0, (3-1*r5)]
(645, 74, 269, 303, 595, 191)->[0, (1+1*r5), (0-2*r5), (1-1*r5)]
(679, 488, 367, 143, 439, 700)->[(-1+1*r5), (-1-1*r5), -4, 2]
(355, 677, 199, 557, 91, 350)->[(-3+1*r5), 0, (3+1*r5), -2]
(579, 304, 177, 179, 243, 664)->[-2, 2, 2, (0+2*r5)]
(209, 369, 117, 508, 285, 94)->[-4, (-1-1*r5), 2, (1-1*r5)]
(29, 179, 116, 280, 571, 509)->[(-1-1*r5), 0, (-1+1*r5), (0+2*r5)]
(544, 418, 322, 625, 534, 252)->[(-1-1*r5), -4, (-1+1*r5), 2]
(648, 297, 115, 213, 409, 539)->[0, (0+2*r5), (-1+1*r5), (-1-1*r5)]
(676, 495, 179, 116, 407, 509)->[-2, 0, (3-1*r5), (3+1*r5)]
(97, 163, 675, 15, 599, 156)->[4, (-1+1*r5), (-1-1*r5), 2]
(389, 302, 18, 472, 155, 667)->[(-3-1*r5), 2, (3-1*r5), 0]
(641, 144, 661, 22, 348, 636)->[2, (-1-1*r5), (-1+1*r5), 4]
(679, 519, 203, 367, 689, 700)->[(3-1*r5), (-1-1*r5), (-1-1*r5), (1+1*r5)]
(258, 525, 596, 597, 93, 63)->[-2, -2, -2, (0-2*r5)]
(165, 166, 649, 310, 503, 253)->[2, 2, -2, (0-2*r5)]
(544, 418, 455, 300, 337, 625)->[-2, (0-2*r5), 2, 2]
(481, 645, 70, 651, 595, 191)->[0, 2, (-3-1*r5), (-3+1*r5)]
(522, 491, 651, 493, 397, 663)->[(3-1*r5), 0, (-3-1*r5), -2]
(608, 163, 197, 365, 599, 156)->[(0+2*r5), 0, (-1-1*r5), (-1+1*r5)]
(454, 617, 714, 82, 503, 604)->[(3-1*r5), 2, 0, (-3-1*r5)]
(322, 201, 462, 176, 148, 255)->[(0-2*r5), -2, 2, 2]
(265, 395, 364, 399, 178, 702)->[(1-1*r5), (3+1*r5), (-1+1*r5), (-1+1*r5)]
(422, 615, 470, 505, 474, 30)->[(-1-1*r5), (3-1*r5), (-1-1*r5), (1+1*r5)]
(230, 423, 71, 402, 536, 318)->[(1+1*r5), 4, (-1+1*r5), -2]
(65, 457, 143, 50, 219, 699)->[(1+1*r5), (-1-1*r5), (-1-1*r5), (3-1*r5)]
(160, 257, 559, 175, 371, 631)->[(0-2*r5), -2, -2, 2]
(261, 523, 373, 375, 28, 159)->[(3-1*r5), (3+1*r5), -2, 0]
(193, 42, 587, 332, 305, 605)->[-2, (-1-1*r5), (1-1*r5), 4]
(448, 323, 652, 180, 86, 155)->[(-3-1*r5), (-1+1*r5), (1-1*r5), (-1+1*r5)]
(326, 108, 214, 632, 345, 445)->[(1+1*r5), -4, (1-1*r5), -2]
(614, 232, 206, 14, 594, 372)->[(-3+1*r5), (1+1*r5), (-1-1*r5), (1+1*r5)]
