[0, 20]
[0, 22]
[0, 39]
[0, 48]
[0, 54]
[0, 72]
[0, 81]
[0, 82]
[0, 83]
[0, 98]
[0, 115]
[0, 118]
[1, 8]
[1, 13]
[1, 27]
[1, 31]
[1, 46]
[1, 55]
[1, 69]
[1, 71]
[1, 74]
[1, 77]
[1, 91]
[1, 95]
[2, 7]
[2, 17]
[2, 44]
[2, 50]
[2, 52]
[2, 59]
[2, 60]
[2, 65]
[2, 94]
[2, 99]
[2, 101]
[2, 107]
[3, 5]
[3, 22]
[3, 26]
[3, 33]
[3, 42]
[3, 53]
[3, 70]
[3, 76]
[3, 78]
[3, 89]
[3, 115]
[3, 118]
[4, 22]
[4, 47]
[4, 64]
[4, 72]
[4, 76]
[4, 78]
[4, 90]
[4, 93]
[4, 98]
[4, 104]
[4, 105]
[4, 109]
[5, 9]
[5, 14]
[5, 16]
[5, 26]
[5, 33]
[5, 42]
[5, 53]
[5, 70]
[5, 80]
[5, 97]
[5, 112]
[6, 13]
[6, 31]
[6, 33]
[6, 45]
[6, 70]
[6, 76]
[6, 77]
[6, 80]
[6, 86]
[6, 93]
[6, 109]
[6, 114]
[7, 9]
[7, 10]
[7, 17]
[7, 44]
[7, 50]
[7, 52]
[7, 62]
[7, 65]
[7, 97]
[7, 103]
[7, 112]
[8, 9]
[8, 16]
[8, 31]
[8, 55]
[8, 62]
[8, 71]
[8, 77]
[8, 79]
[8, 80]
[8, 91]
[8, 103]
[9, 10]
[9, 14]
[9, 16]
[9, 62]
[9, 79]
[9, 80]
[9, 97]
[9, 103]
[9, 112]
[10, 14]
[10, 25]
[10, 37]
[10, 52]
[10, 65]
[10, 79]
[10, 92]
[10, 96]
[10, 103]
[10, 112]
[11, 48]
[11, 53]
[11, 56]
[11, 64]
[11, 78]
[11, 87]
[11, 92]
[11, 98]
[11, 102]
[11, 106]
[11, 111]
[11, 118]
[12, 18]
[12, 21]
[12, 24]
[12, 27]
[12, 28]
[12, 36]
[12, 38]
[12, 47]
[12, 68]
[12, 84]
[12, 86]
[12, 108]
[13, 27]
[13, 28]
[13, 31]
[13, 46]
[13, 74]
[13, 77]
[13, 86]
[13, 93]
[13, 113]
[13, 114]
[14, 45]
[14, 53]
[14, 70]
[14, 79]
[14, 80]
[14, 92]
[14, 96]
[14, 111]
[14, 112]
[15, 43]
[15, 61]
[15, 63]
[15, 72]
[15, 81]
[15, 82]
[15, 84]
[15, 85]
[15, 90]
[15, 100]
[15, 105]
[15, 110]
[16, 23]
[16, 31]
[16, 33]
[16, 40]
[16, 42]
[16, 62]
[16, 80]
[16, 91]
[16, 97]
[17, 20]
[17, 26]
[17, 50]
[17, 52]
[17, 94]
[17, 97]
[17, 102]
[17, 107]
[17, 112]
[17, 117]
[18, 24]
[18, 25]
[18, 32]
[18, 36]
[18, 37]
[18, 38]
[18, 56]
[18, 67]
[18, 68]
[18, 96]
[18, 108]
[19, 29]
[19, 34]
[19, 35]
[19, 39]
[19, 41]
[19, 43]
[19, 51]
[19, 73]
[19, 82]
[19, 83]
[19, 110]
[19, 116]
[20, 26]
[20, 39]
[20, 48]
[20, 54]
[20, 94]
[20, 102]
[20, 107]
[20, 115]
[20, 117]
[20, 118]
[21, 27]
[21, 28]
[21, 30]
[21, 38]
[21, 74]
[21, 84]
[21, 85]
[21, 95]
[21, 100]
[21, 108]
[21, 119]
[22, 72]
[22, 76]
[22, 78]
[22, 83]
[22, 89]
[22, 98]
[22, 104]
[22, 115]
[22, 118]
[23, 29]
[23, 31]
[23, 33]
[23, 40]
[23, 42]
[23, 46]
[23, 73]
[23, 89]
[23, 91]
[23, 114]
[23, 116]
[24, 27]
[24, 36]
[24, 37]
[24, 38]
[24, 45]
[24, 71]
[24, 77]
[24, 79]
[24, 86]
[24, 96]
[25, 32]
[25, 37]
[25, 52]
[25, 56]
[25, 65]
[25, 67]
[25, 87]
[25, 92]
[25, 96]
[25, 99]
[26, 42]
[26, 53]
[26, 97]
[26, 102]
[26, 112]
[26, 115]
[26, 117]
[26, 118]
[27, 28]
[27, 38]
[27, 71]
[27, 74]
[27, 77]
[27, 86]
[27, 95]
[28, 47]
[28, 74]
[28, 84]
[28, 86]
[28, 90]
[28, 93]
[28, 100]
[28, 113]
[29, 41]
[29, 46]
[29, 73]
[29, 83]
[29, 89]
[29, 104]
[29, 110]
[29, 113]
[29, 114]
[29, 116]
[30, 32]
[30, 38]
[30, 49]
[30, 58]
[30, 75]
[30, 85]
[30, 88]
[30, 95]
[30, 101]
[30, 108]
[30, 119]
[31, 33]
[31, 46]
[31, 77]
[31, 80]
[31, 91]
[31, 114]
[32, 37]
[32, 38]
[32, 65]
[32, 67]
[32, 75]
[32, 88]
[32, 99]
[32, 101]
[32, 108]
[33, 42]
[33, 70]
[33, 76]
[33, 80]
[33, 89]
[33, 114]
[34, 35]
[34, 39]
[34, 43]
[34, 51]
[34, 54]
[34, 58]
[34, 59]
[34, 60]
[34, 63]
[34, 82]
[34, 94]
[35, 39]
[35, 40]
[35, 50]
[35, 51]
[35, 57]
[35, 59]
[35, 73]
[35, 94]
[35, 116]
[35, 117]
[36, 45]
[36, 47]
[36, 56]
[36, 64]
[36, 68]
[36, 86]
[36, 96]
[36, 109]
[36, 111]
[37, 38]
[37, 65]
[37, 71]
[37, 75]
[37, 79]
[37, 96]
[37, 103]
[38, 71]
[38, 75]
[38, 95]
[38, 108]
[39, 54]
[39, 82]
[39, 83]
[39, 94]
[39, 115]
[39, 116]
[39, 117]
[40, 42]
[40, 50]
[40, 57]
[40, 62]
[40, 73]
[40, 91]
[40, 97]
[40, 116]
[40, 117]
[41, 43]
[41, 46]
[41, 51]
[41, 69]
[41, 73]
[41, 74]
[41, 100]
[41, 110]
[41, 113]
[41, 119]
[42, 89]
[42, 97]
[42, 115]
[42, 116]
[42, 117]
[43, 51]
[43, 58]
[43, 63]
[43, 82]
[43, 85]
[43, 100]
[43, 110]
[43, 119]
[44, 49]
[44, 50]
[44, 55]
[44, 57]
[44, 59]
[44, 62]
[44, 65]
[44, 75]
[44, 101]
[44, 103]
[45, 70]
[45, 77]
[45, 79]
[45, 80]
[45, 86]
[45, 96]
[45, 109]
[45, 111]
[46, 69]
[46, 73]
[46, 74]
[46, 91]
[46, 113]
[46, 114]
[47, 64]
[47, 68]
[47, 84]
[47, 86]
[47, 90]
[47, 93]
[47, 105]
[47, 109]
[48, 54]
[48, 66]
[48, 81]
[48, 87]
[48, 98]
[48, 102]
[48, 106]
[48, 107]
[48, 118]
[49, 51]
[49, 55]
[49, 57]
[49, 58]
[49, 59]
[49, 69]
[49, 75]
[49, 95]
[49, 101]
[49, 119]
[50, 57]
[50, 59]
[50, 62]
[50, 94]
[50, 97]
[50, 117]
[51, 57]
[51, 58]
[51, 59]
[51, 69]
[51, 73]
[51, 119]
[52, 65]
[52, 87]
[52, 92]
[52, 99]
[52, 102]
[52, 107]
[52, 112]
[53, 70]
[53, 78]
[53, 92]
[53, 102]
[53, 111]
[53, 112]
[53, 118]
[54, 60]
[54, 63]
[54, 66]
[54, 81]
[54, 82]
[54, 94]
[54, 107]
[55, 57]
[55, 62]
[55, 69]
[55, 71]
[55, 75]
[55, 91]
[55, 95]
[55, 103]
[56, 64]
[56, 67]
[56, 68]
[56, 87]
[56, 92]
[56, 96]
[56, 106]
[56, 111]
[57, 59]
[57, 62]
[57, 69]
[57, 73]
[57, 91]
[58, 59]
[58, 60]
[58, 63]
[58, 85]
[58, 88]
[58, 101]
[58, 119]
[59, 60]
[59, 94]
[59, 101]
[60, 63]
[60, 66]
[60, 88]
[60, 94]
[60, 99]
[60, 101]
[60, 107]
[61, 63]
[61, 66]
[61, 67]
[61, 68]
[61, 81]
[61, 84]
[61, 85]
[61, 88]
[61, 105]
[61, 106]
[61, 108]
[62, 91]
[62, 97]
[62, 103]
[63, 66]
[63, 81]
[63, 82]
[63, 85]
[63, 88]
[64, 68]
[64, 78]
[64, 98]
[64, 105]
[64, 106]
[64, 109]
[64, 111]
[65, 75]
[65, 99]
[65, 101]
[65, 103]
[66, 67]
[66, 81]
[66, 87]
[66, 88]
[66, 99]
[66, 106]
[66, 107]
[67, 68]
[67, 87]
[67, 88]
[67, 99]
[67, 106]
[67, 108]
[68, 84]
[68, 105]
[68, 106]
[68, 108]
[69, 73]
[69, 74]
[69, 91]
[69, 95]
[69, 119]
[70, 76]
[70, 78]
[70, 80]
[70, 109]
[70, 111]
[71, 75]
[71, 77]
[71, 79]
[71, 95]
[71, 103]
[72, 81]
[72, 82]
[72, 83]
[72, 90]
[72, 98]
[72, 104]
[72, 105]
[72, 110]
[73, 91]
[73, 116]
[74, 95]
[74, 100]
[74, 113]
[74, 119]
[75, 95]
[75, 101]
[75, 103]
[76, 78]
[76, 89]
[76, 93]
[76, 104]
[76, 109]
[76, 114]
[77, 79]
[77, 80]
[77, 86]
[78, 98]
[78, 109]
[78, 111]
[78, 118]
[79, 80]
[79, 96]
[79, 103]
[81, 82]
[81, 98]
[81, 105]
[81, 106]
[82, 83]
[82, 110]
[83, 89]
[83, 104]
[83, 110]
[83, 115]
[83, 116]
[84, 85]
[84, 90]
[84, 100]
[84, 105]
[84, 108]
[85, 88]
[85, 100]
[85, 108]
[85, 119]
[86, 93]
[86, 109]
[87, 92]
[87, 99]
[87, 102]
[87, 106]
[87, 107]
[88, 99]
[88, 101]
[88, 108]
[89, 104]
[89, 114]
[89, 115]
[89, 116]
[90, 93]
[90, 100]
[90, 104]
[90, 105]
[90, 110]
[90, 113]
[92, 96]
[92, 102]
[92, 111]
[92, 112]
[93, 104]
[93, 109]
[93, 113]
[93, 114]
[94, 107]
[94, 117]
[95, 119]
[96, 111]
[97, 112]
[97, 117]
[98, 105]
[98, 106]
[98, 118]
[99, 101]
[99, 107]
[100, 110]
[100, 113]
[100, 119]
[102, 107]
[102, 112]
[102, 118]
[104, 110]
[104, 113]
[104, 114]
[105, 106]
[109, 111]
[110, 113]
[113, 114]
[115, 116]
[115, 117]
[115, 118]
[116, 117]
