[0, 15]
[0, 21]
[0, 449]
[0, 456]
[1, 148]
[1, 441]
[1, 461]
[1, 521]
[2, 140]
[2, 225]
[2, 379]
[2, 528]
[3, 97]
[3, 354]
[3, 443]
[3, 505]
[4, 190]
[4, 288]
[4, 556]
[4, 569]
[5, 364]
[5, 365]
[5, 383]
[5, 491]
[6, 12]
[6, 259]
[6, 530]
[6, 571]
[7, 127]
[7, 399]
[7, 455]
[7, 532]
[8, 153]
[8, 157]
[8, 400]
[8, 534]
[9, 53]
[9, 90]
[9, 320]
[9, 510]
[10, 27]
[10, 38]
[10, 43]
[10, 336]
[11, 14]
[11, 17]
[11, 473]
[11, 506]
[12, 123]
[12, 316]
[12, 583]
[13, 87]
[13, 112]
[13, 205]
[13, 543]
[14, 18]
[14, 28]
[14, 306]
[15, 74]
[15, 335]
[15, 480]
[16, 122]
[16, 177]
[16, 559]
[16, 564]
[17, 27]
[17, 420]
[17, 516]
[18, 285]
[18, 315]
[18, 384]
[19, 116]
[19, 283]
[19, 528]
[19, 546]
[20, 111]
[20, 142]
[20, 398]
[20, 565]
[21, 53]
[21, 137]
[21, 223]
[22, 252]
[22, 382]
[22, 390]
[22, 482]
[23, 247]
[23, 251]
[23, 265]
[23, 585]
[24, 46]
[24, 194]
[24, 221]
[24, 336]
[25, 196]
[25, 263]
[25, 537]
[25, 565]
[26, 91]
[26, 184]
[26, 361]
[26, 362]
[27, 385]
[27, 581]
[28, 46]
[28, 516]
[28, 574]
[29, 90]
[29, 145]
[29, 482]
[29, 495]
[30, 33]
[30, 306]
[30, 384]
[30, 545]
[31, 117]
[31, 357]
[31, 366]
[31, 529]
[32, 131]
[32, 307]
[32, 318]
[32, 407]
[33, 227]
[33, 279]
[33, 380]
[34, 214]
[34, 304]
[34, 426]
[34, 471]
[35, 186]
[35, 215]
[35, 485]
[35, 526]
[36, 74]
[36, 322]
[36, 495]
[36, 503]
[37, 43]
[37, 265]
[37, 325]
[37, 385]
[38, 221]
[38, 474]
[38, 499]
[39, 114]
[39, 150]
[39, 179]
[39, 542]
[40, 128]
[40, 134]
[40, 489]
[40, 508]
[41, 337]
[41, 369]
[41, 440]
[41, 529]
[42, 121]
[42, 385]
[42, 420]
[42, 422]
[43, 569]
[43, 590]
[44, 50]
[44, 108]
[44, 361]
[44, 452]
[45, 266]
[45, 321]
[45, 407]
[45, 421]
[46, 285]
[46, 381]
[47, 139]
[47, 142]
[47, 533]
[47, 598]
[48, 200]
[48, 344]
[48, 485]
[48, 508]
[49, 89]
[49, 173]
[49, 201]
[49, 343]
[50, 91]
[50, 195]
[50, 202]
[51, 93]
[51, 159]
[51, 236]
[51, 339]
[52, 168]
[52, 257]
[52, 293]
[52, 370]
[53, 248]
[53, 577]
[54, 132]
[54, 324]
[54, 524]
[54, 536]
[55, 265]
[55, 460]
[55, 527]
[55, 569]
[56, 178]
[56, 394]
[56, 512]
[56, 525]
[57, 346]
[57, 422]
[57, 426]
[57, 527]
[58, 82]
[58, 203]
[58, 240]
[58, 244]
[59, 110]
[59, 294]
[59, 495]
[59, 539]
[60, 153]
[60, 241]
[60, 491]
[60, 582]
[61, 167]
[61, 347]
[61, 469]
[61, 531]
[62, 166]
[62, 178]
[62, 286]
[62, 497]
[63, 124]
[63, 175]
[63, 410]
[63, 578]
[64, 142]
[64, 294]
[64, 382]
[64, 389]
[65, 185]
[65, 231]
[65, 244]
[65, 367]
[66, 219]
[66, 345]
[66, 408]
[66, 437]
[67, 259]
[67, 313]
[67, 317]
[67, 445]
[68, 113]
[68, 171]
[68, 174]
[68, 432]
[69, 239]
[69, 342]
[69, 553]
[69, 556]
[70, 273]
[70, 372]
[70, 439]
[70, 493]
[71, 266]
[71, 350]
[71, 354]
[71, 381]
[72, 129]
[72, 275]
[72, 282]
[72, 479]
[73, 306]
[73, 380]
[73, 473]
[73, 504]
[74, 236]
[74, 579]
[75, 210]
[75, 282]
[75, 367]
[75, 387]
[76, 181]
[76, 197]
[76, 475]
[76, 584]
[77, 197]
[77, 571]
[77, 583]
[77, 598]
[78, 93]
[78, 97]
[78, 456]
[78, 470]
[79, 188]
[79, 195]
[79, 394]
[79, 595]
[80, 136]
[80, 197]
[80, 356]
[80, 374]
[81, 333]
[81, 352]
[81, 460]
[81, 587]
[82, 216]
[82, 377]
[82, 543]
[83, 89]
[83, 290]
[83, 463]
[83, 520]
[84, 91]
[84, 204]
[84, 464]
[84, 513]
[85, 166]
[85, 173]
[85, 188]
[85, 573]
[86, 124]
[86, 167]
[86, 225]
[86, 508]
[87, 401]
[87, 538]
[87, 550]
[88, 147]
[88, 155]
[88, 333]
[88, 426]
[89, 328]
[89, 376]
[90, 446]
[90, 458]
[91, 405]
[92, 168]
[92, 360]
[92, 444]
[92, 574]
[93, 338]
[93, 443]
[94, 170]
[94, 332]
[94, 334]
[94, 439]
[95, 189]
[95, 227]
[95, 292]
[95, 453]
[96, 146]
[96, 229]
[96, 362]
[96, 514]
[97, 323]
[97, 427]
[98, 143]
[98, 436]
[98, 450]
[98, 514]
[99, 259]
[99, 316]
[99, 319]
[99, 450]
[100, 157]
[100, 242]
[100, 421]
[100, 472]
[101, 150]
[101, 275]
[101, 386]
[101, 548]
[102, 118]
[102, 255]
[102, 326]
[102, 438]
[103, 222]
[103, 292]
[103, 296]
[103, 450]
[104, 372]
[104, 392]
[104, 401]
[104, 532]
[105, 127]
[105, 242]
[105, 448]
[105, 594]
[106, 270]
[106, 403]
[106, 534]
[106, 597]
[107, 192]
[107, 343]
[107, 483]
[107, 559]
[108, 208]
[108, 484]
[108, 560]
[109, 154]
[109, 235]
[109, 409]
[109, 426]
[110, 332]
[110, 403]
[110, 481]
[111, 263]
[111, 382]
[111, 430]
[112, 320]
[112, 377]
[112, 577]
[113, 212]
[113, 464]
[113, 562]
[114, 121]
[114, 557]
[114, 589]
[115, 156]
[115, 325]
[115, 523]
[115, 590]
[116, 140]
[116, 169]
[116, 272]
[117, 278]
[117, 387]
[117, 417]
[118, 158]
[118, 323]
[118, 466]
[119, 159]
[119, 338]
[119, 467]
[119, 582]
[120, 178]
[120, 357]
[120, 430]
[120, 437]
[121, 130]
[121, 358]
[122, 149]
[122, 189]
[122, 395]
[123, 151]
[123, 362]
[123, 498]
[124, 134]
[124, 544]
[125, 169]
[125, 278]
[125, 529]
[125, 546]
[126, 250]
[126, 281]
[126, 325]
[126, 586]
[127, 300]
[127, 505]
[128, 365]
[128, 547]
[128, 580]
[129, 201]
[129, 210]
[129, 462]
[130, 281]
[130, 359]
[130, 599]
[131, 153]
[131, 321]
[131, 327]
[132, 155]
[132, 287]
[132, 575]
[133, 388]
[133, 487]
[133, 494]
[133, 550]
[134, 309]
[134, 452]
[135, 171]
[135, 176]
[135, 218]
[135, 291]
[136, 206]
[136, 571]
[136, 588]
[137, 271]
[137, 435]
[137, 554]
[138, 177]
[138, 280]
[138, 476]
[138, 576]
[139, 197]
[139, 238]
[139, 565]
[140, 160]
[140, 305]
[141, 334]
[141, 399]
[141, 427]
[141, 505]
[142, 488]
[143, 268]
[143, 296]
[143, 391]
[144, 333]
[144, 418]
[144, 423]
[144, 507]
[145, 252]
[145, 503]
[145, 510]
[146, 184]
[146, 302]
[146, 373]
[147, 287]
[147, 471]
[147, 587]
[148, 297]
[148, 404]
[148, 510]
[149, 227]
[149, 269]
[149, 303]
[150, 479]
[150, 520]
[151, 229]
[151, 530]
[151, 561]
[152, 257]
[152, 271]
[152, 329]
[152, 466]
[153, 274]
[154, 304]
[154, 542]
[154, 591]
[155, 235]
[155, 423]
[156, 204]
[156, 302]
[156, 586]
[157, 321]
[157, 500]
[158, 205]
[158, 427]
[158, 577]
[159, 491]
[159, 579]
[160, 411]
[160, 432]
[160, 578]
[161, 306]
[161, 326]
[161, 490]
[161, 574]
[162, 183]
[162, 194]
[162, 307]
[162, 327]
[163, 243]
[163, 283]
[163, 352]
[163, 570]
[164, 293]
[164, 295]
[164, 507]
[164, 553]
[165, 312]
[165, 337]
[165, 402]
[165, 515]
[166, 245]
[166, 394]
[167, 230]
[167, 379]
[168, 329]
[168, 507]
[169, 218]
[169, 411]
[170, 242]
[170, 500]
[170, 505]
[171, 411]
[171, 429]
[172, 207]
[172, 218]
[172, 278]
[172, 509]
[173, 192]
[173, 465]
[174, 250]
[174, 291]
[174, 585]
[175, 432]
[175, 464]
[175, 552]
[176, 207]
[176, 310]
[176, 457]
[177, 269]
[177, 392]
[178, 366]
[179, 304]
[179, 358]
[179, 431]
[180, 291]
[180, 358]
[180, 457]
[180, 599]
[181, 192]
[181, 356]
[181, 540]
[182, 268]
[182, 276]
[182, 281]
[182, 581]
[183, 249]
[183, 496]
[183, 556]
[184, 199]
[184, 204]
[185, 324]
[185, 415]
[185, 441]
[186, 344]
[186, 440]
[186, 528]
[187, 262]
[187, 316]
[187, 540]
[187, 584]
[188, 228]
[188, 412]
[189, 222]
[189, 328]
[190, 496]
[190, 535]
[190, 590]
[191, 445]
[191, 478]
[191, 514]
[191, 566]
[192, 245]
[193, 258]
[193, 292]
[193, 315]
[193, 445]
[194, 295]
[194, 368]
[195, 208]
[195, 262]
[196, 245]
[196, 483]
[196, 497]
[198, 244]
[198, 297]
[198, 377]
[198, 441]
[199, 309]
[199, 419]
[199, 544]
[200, 220]
[200, 489]
[200, 519]
[201, 463]
[201, 573]
[202, 410]
[202, 464]
[202, 595]
[203, 280]
[203, 284]
[203, 494]
[204, 552]
[205, 255]
[205, 399]
[206, 259]
[206, 303]
[206, 395]
[207, 387]
[207, 558]
[208, 234]
[208, 584]
[209, 253]
[209, 462]
[209, 483]
[209, 494]
[210, 253]
[210, 286]
[211, 216]
[211, 397]
[211, 438]
[211, 518]
[212, 250]
[212, 459]
[212, 513]
[213, 239]
[213, 243]
[213, 347]
[213, 379]
[214, 251]
[214, 358]
[214, 422]
[215, 348]
[215, 454]
[215, 515]
[216, 311]
[216, 355]
[217, 290]
[217, 459]
[217, 502]
[217, 599]
[218, 260]
[219, 253]
[219, 367]
[219, 511]
[220, 254]
[220, 277]
[220, 369]
[221, 307]
[221, 416]
[222, 319]
[222, 376]
[223, 461]
[223, 480]
[223, 510]
[224, 347]
[224, 371]
[224, 526]
[224, 555]
[225, 344]
[225, 578]
[226, 323]
[226, 326]
[226, 354]
[226, 370]
[227, 258]
[228, 459]
[228, 562]
[228, 568]
[229, 318]
[229, 478]
[230, 341]
[230, 535]
[230, 544]
[231, 240]
[231, 282]
[231, 314]
[232, 366]
[232, 414]
[232, 429]
[232, 512]
[233, 266]
[233, 300]
[233, 384]
[233, 594]
[234, 394]
[234, 398]
[234, 475]
[235, 486]
[235, 536]
[236, 289]
[236, 456]
[237, 286]
[237, 310]
[237, 366]
[237, 387]
[238, 273]
[238, 374]
[238, 537]
[239, 288]
[239, 352]
[240, 275]
[240, 311]
[241, 365]
[241, 406]
[241, 469]
[242, 246]
[243, 526]
[243, 528]
[244, 511]
[245, 475]
[246, 378]
[246, 439]
[246, 588]
[247, 272]
[247, 305]
[247, 460]
[248, 427]
[248, 456]
[248, 458]
[249, 342]
[249, 469]
[249, 582]
[250, 599]
[251, 260]
[251, 291]
[252, 402]
[252, 404]
[253, 497]
[254, 393]
[254, 501]
[254, 525]
[255, 397]
[255, 455]
[256, 293]
[256, 338]
[256, 349]
[256, 470]
[257, 323]
[257, 470]
[258, 317]
[258, 384]
[260, 272]
[260, 471]
[261, 369]
[261, 393]
[261, 414]
[261, 578]
[262, 405]
[262, 412]
[263, 390]
[263, 437]
[264, 271]
[264, 423]
[264, 522]
[264, 575]
[265, 422]
[266, 285]
[267, 335]
[267, 349]
[267, 449]
[267, 522]
[268, 586]
[268, 593]
[269, 279]
[269, 532]
[270, 331]
[270, 547]
[270, 572]
[271, 449]
[272, 587]
[273, 299]
[273, 533]
[274, 318]
[274, 406]
[274, 561]
[275, 284]
[276, 296]
[276, 359]
[276, 567]
[277, 337]
[277, 430]
[277, 433]
[278, 549]
[279, 455]
[279, 576]
[280, 543]
[280, 550]
[281, 385]
[282, 558]
[283, 424]
[283, 587]
[284, 462]
[284, 476]
[285, 416]
[286, 573]
[287, 424]
[287, 596]
[288, 425]
[288, 460]
[289, 332]
[289, 458]
[289, 495]
[290, 359]
[290, 396]
[292, 567]
[293, 368]
[294, 482]
[294, 533]
[295, 434]
[295, 556]
[296, 396]
[297, 320]
[297, 517]
[298, 322]
[298, 348]
[298, 485]
[298, 519]
[299, 446]
[299, 451]
[299, 482]
[300, 354]
[300, 545]
[301, 453]
[301, 473]
[301, 557]
[301, 567]
[302, 474]
[302, 593]
[303, 317]
[303, 448]
[304, 551]
[305, 351]
[305, 425]
[307, 353]
[308, 391]
[308, 396]
[308, 412]
[308, 459]
[309, 361]
[309, 580]
[310, 429]
[310, 568]
[311, 386]
[311, 591]
[312, 345]
[312, 404]
[312, 521]
[313, 421]
[313, 478]
[313, 530]
[314, 324]
[314, 551]
[314, 591]
[315, 506]
[315, 566]
[316, 436]
[317, 594]
[318, 373]
[319, 395]
[319, 540]
[320, 538]
[321, 350]
[322, 383]
[322, 539]
[324, 596]
[325, 585]
[326, 545]
[327, 442]
[327, 582]
[328, 363]
[328, 564]
[329, 423]
[329, 486]
[330, 374]
[330, 392]
[330, 487]
[330, 559]
[331, 488]
[331, 560]
[331, 598]
[332, 339]
[333, 527]
[334, 458]
[334, 493]
[335, 468]
[335, 555]
[336, 434]
[336, 516]
[337, 357]
[338, 442]
[339, 400]
[339, 500]
[340, 355]
[340, 377]
[340, 524]
[340, 554]
[341, 419]
[341, 469]
[341, 496]
[342, 347]
[342, 467]
[343, 462]
[343, 564]
[344, 369]
[345, 357]
[345, 417]
[346, 409]
[346, 420]
[346, 444]
[348, 402]
[348, 503]
[349, 467]
[349, 553]
[350, 442]
[350, 443]
[351, 432]
[351, 523]
[351, 585]
[352, 418]
[353, 373]
[353, 474]
[353, 496]
[355, 477]
[355, 536]
[356, 395]
[356, 559]
[359, 557]
[360, 409]
[360, 486]
[360, 490]
[361, 498]
[362, 436]
[363, 453]
[363, 520]
[363, 548]
[364, 403]
[364, 539]
[364, 547]
[365, 531]
[367, 417]
[368, 381]
[368, 442]
[370, 381]
[370, 574]
[371, 383]
[371, 485]
[371, 531]
[372, 374]
[372, 588]
[373, 419]
[375, 434]
[375, 444]
[375, 507]
[375, 527]
[376, 396]
[376, 465]
[378, 472]
[378, 571]
[378, 597]
[379, 425]
[380, 453]
[380, 592]
[382, 433]
[383, 579]
[386, 518]
[386, 542]
[388, 451]
[388, 517]
[388, 538]
[389, 413]
[389, 519]
[389, 539]
[390, 408]
[390, 451]
[391, 405]
[391, 513]
[392, 550]
[393, 410]
[393, 512]
[397, 543]
[397, 576]
[398, 484]
[398, 525]
[399, 401]
[400, 403]
[400, 491]
[401, 493]
[402, 433]
[404, 408]
[405, 436]
[406, 419]
[406, 580]
[407, 416]
[407, 478]
[408, 517]
[409, 492]
[410, 452]
[411, 414]
[412, 465]
[413, 488]
[413, 489]
[413, 547]
[414, 529]
[415, 417]
[415, 521]
[415, 549]
[416, 566]
[418, 522]
[418, 553]
[420, 589]
[421, 594]
[424, 428]
[424, 563]
[425, 535]
[428, 447]
[428, 546]
[428, 549]
[429, 562]
[430, 525]
[431, 457]
[431, 479]
[431, 558]
[433, 519]
[434, 569]
[435, 461]
[435, 524]
[435, 575]
[437, 497]
[438, 477]
[438, 490]
[439, 481]
[440, 515]
[440, 546]
[441, 524]
[443, 500]
[444, 516]
[445, 450]
[446, 493]
[446, 538]
[447, 515]
[447, 521]
[447, 541]
[448, 532]
[448, 588]
[449, 470]
[451, 537]
[452, 501]
[454, 468]
[454, 480]
[454, 541]
[455, 545]
[457, 502]
[461, 541]
[463, 479]
[463, 502]
[465, 540]
[466, 477]
[466, 554]
[467, 555]
[468, 526]
[468, 570]
[471, 509]
[472, 530]
[472, 534]
[473, 589]
[474, 590]
[475, 565]
[476, 548]
[476, 564]
[477, 486]
[480, 503]
[481, 533]
[481, 597]
[483, 487]
[484, 488]
[484, 501]
[487, 537]
[489, 501]
[490, 504]
[492, 504]
[492, 542]
[492, 589]
[494, 511]
[498, 560]
[498, 572]
[499, 566]
[499, 581]
[499, 593]
[502, 568]
[504, 518]
[506, 567]
[506, 581]
[508, 531]
[509, 551]
[509, 596]
[511, 517]
[512, 595]
[513, 586]
[514, 593]
[518, 592]
[520, 557]
[522, 570]
[523, 535]
[523, 552]
[534, 561]
[536, 591]
[541, 563]
[544, 552]
[548, 592]
[549, 596]
[551, 558]
[554, 577]
[555, 579]
[560, 583]
[561, 572]
[562, 595]
[563, 570]
[563, 575]
[568, 573]
[572, 580]
[576, 592]
[583, 584]
[597, 598]
