[0, 87]
[0, 211]
[0, 406]
[0, 411]
[1, 320]
[1, 465]
[1, 489]
[1, 598]
[2, 118]
[2, 143]
[2, 292]
[2, 596]
[3, 82]
[3, 338]
[3, 349]
[3, 508]
[4, 215]
[4, 366]
[4, 523]
[4, 559]
[5, 38]
[5, 216]
[5, 303]
[5, 370]
[6, 34]
[6, 67]
[6, 431]
[6, 549]
[7, 256]
[7, 450]
[7, 453]
[7, 542]
[8, 124]
[8, 134]
[8, 472]
[8, 536]
[9, 97]
[9, 350]
[9, 481]
[9, 524]
[10, 67]
[10, 78]
[10, 208]
[10, 460]
[11, 137]
[11, 197]
[11, 229]
[11, 274]
[12, 254]
[12, 280]
[12, 299]
[12, 504]
[13, 51]
[13, 312]
[13, 494]
[13, 576]
[14, 252]
[14, 346]
[14, 364]
[14, 555]
[15, 149]
[15, 216]
[15, 473]
[15, 547]
[16, 70]
[16, 296]
[16, 301]
[16, 486]
[17, 221]
[17, 298]
[17, 329]
[17, 407]
[18, 30]
[18, 41]
[18, 81]
[18, 276]
[19, 406]
[19, 415]
[19, 486]
[19, 512]
[20, 143]
[20, 309]
[20, 371]
[20, 570]
[21, 65]
[21, 269]
[21, 290]
[21, 418]
[22, 106]
[22, 234]
[22, 498]
[22, 513]
[23, 133]
[23, 183]
[23, 297]
[23, 528]
[24, 59]
[24, 95]
[24, 137]
[24, 242]
[25, 35]
[25, 126]
[25, 273]
[25, 383]
[26, 41]
[26, 442]
[26, 481]
[26, 561]
[27, 38]
[27, 86]
[27, 288]
[27, 300]
[28, 39]
[28, 179]
[28, 283]
[28, 429]
[29, 115]
[29, 173]
[29, 200]
[29, 251]
[30, 335]
[30, 440]
[30, 482]
[31, 387]
[31, 506]
[31, 556]
[31, 580]
[32, 166]
[32, 293]
[32, 374]
[32, 378]
[33, 294]
[33, 524]
[33, 527]
[33, 543]
[34, 177]
[34, 249]
[34, 321]
[35, 108]
[35, 161]
[35, 518]
[36, 60]
[36, 158]
[36, 275]
[36, 321]
[37, 291]
[37, 360]
[37, 494]
[37, 562]
[38, 304]
[38, 501]
[39, 184]
[39, 393]
[39, 583]
[40, 317]
[40, 395]
[40, 441]
[40, 557]
[41, 261]
[41, 265]
[42, 184]
[42, 283]
[42, 389]
[42, 565]
[43, 97]
[43, 202]
[43, 434]
[43, 584]
[44, 111]
[44, 362]
[44, 410]
[44, 419]
[45, 58]
[45, 79]
[45, 262]
[45, 289]
[46, 130]
[46, 139]
[46, 303]
[46, 402]
[47, 149]
[47, 169]
[47, 500]
[47, 563]
[48, 78]
[48, 339]
[48, 412]
[48, 595]
[49, 307]
[49, 314]
[49, 426]
[49, 519]
[50, 301]
[50, 422]
[50, 508]
[50, 568]
[51, 281]
[51, 452]
[51, 505]
[52, 144]
[52, 168]
[52, 316]
[52, 433]
[53, 305]
[53, 334]
[53, 395]
[53, 512]
[54, 235]
[54, 390]
[54, 495]
[54, 591]
[55, 187]
[55, 227]
[55, 253]
[55, 564]
[56, 110]
[56, 390]
[56, 503]
[56, 577]
[57, 349]
[57, 452]
[57, 558]
[57, 576]
[58, 240]
[58, 359]
[58, 423]
[59, 92]
[59, 545]
[59, 559]
[60, 231]
[60, 249]
[60, 294]
[61, 135]
[61, 266]
[61, 315]
[61, 565]
[62, 88]
[62, 259]
[62, 475]
[62, 503]
[63, 69]
[63, 324]
[63, 363]
[63, 372]
[64, 97]
[64, 343]
[64, 369]
[64, 470]
[65, 341]
[65, 464]
[65, 590]
[66, 100]
[66, 344]
[66, 518]
[66, 551]
[67, 491]
[67, 520]
[68, 85]
[68, 216]
[68, 369]
[68, 542]
[69, 505]
[69, 523]
[69, 588]
[70, 206]
[70, 443]
[70, 593]
[71, 109]
[71, 168]
[71, 558]
[71, 581]
[72, 136]
[72, 219]
[72, 322]
[72, 490]
[73, 104]
[73, 305]
[73, 513]
[73, 515]
[74, 77]
[74, 398]
[74, 521]
[74, 533]
[75, 306]
[75, 381]
[75, 437]
[75, 511]
[76, 82]
[76, 120]
[76, 345]
[76, 581]
[77, 128]
[77, 189]
[77, 546]
[78, 510]
[78, 549]
[79, 163]
[79, 313]
[79, 395]
[80, 118]
[80, 127]
[80, 142]
[80, 242]
[81, 324]
[81, 442]
[81, 587]
[82, 155]
[82, 422]
[83, 224]
[83, 300]
[83, 373]
[83, 556]
[84, 131]
[84, 161]
[84, 304]
[84, 410]
[85, 256]
[85, 362]
[85, 368]
[86, 248]
[86, 509]
[86, 528]
[87, 220]
[87, 417]
[87, 554]
[88, 435]
[88, 553]
[88, 577]
[89, 253]
[89, 279]
[89, 463]
[89, 525]
[90, 108]
[90, 109]
[90, 383]
[90, 517]
[91, 308]
[91, 314]
[91, 397]
[91, 548]
[92, 143]
[92, 366]
[92, 562]
[93, 122]
[93, 205]
[93, 384]
[93, 409]
[94, 387]
[94, 429]
[94, 488]
[94, 572]
[95, 232]
[95, 274]
[95, 426]
[96, 243]
[96, 253]
[96, 267]
[96, 416]
[97, 569]
[98, 130]
[98, 183]
[98, 282]
[98, 565]
[99, 177]
[99, 182]
[99, 184]
[99, 374]
[100, 288]
[100, 500]
[100, 501]
[101, 113]
[101, 124]
[101, 159]
[101, 546]
[102, 105]
[102, 213]
[102, 306]
[102, 497]
[103, 194]
[103, 375]
[103, 445]
[103, 589]
[104, 424]
[104, 466]
[104, 593]
[105, 238]
[105, 302]
[105, 400]
[106, 122]
[106, 401]
[106, 439]
[107, 319]
[107, 521]
[107, 550]
[107, 574]
[108, 140]
[108, 344]
[109, 120]
[109, 433]
[110, 185]
[110, 403]
[110, 454]
[111, 131]
[111, 256]
[111, 306]
[112, 258]
[112, 377]
[112, 415]
[112, 550]
[113, 380]
[113, 530]
[113, 570]
[114, 274]
[114, 311]
[114, 397]
[114, 577]
[115, 204]
[115, 245]
[115, 392]
[116, 190]
[116, 353]
[116, 528]
[116, 552]
[117, 204]
[117, 268]
[117, 356]
[117, 368]
[118, 187]
[118, 198]
[119, 193]
[119, 243]
[119, 391]
[119, 479]
[120, 203]
[120, 441]
[121, 306]
[121, 400]
[121, 419]
[121, 507]
[122, 459]
[122, 526]
[123, 192]
[123, 335]
[123, 414]
[123, 416]
[124, 291]
[124, 405]
[125, 298]
[125, 347]
[125, 403]
[125, 455]
[126, 147]
[126, 381]
[126, 478]
[127, 137]
[127, 192]
[127, 225]
[128, 356]
[128, 438]
[128, 563]
[129, 145]
[129, 230]
[129, 236]
[129, 583]
[130, 370]
[130, 389]
[131, 437]
[131, 453]
[132, 236]
[132, 487]
[132, 524]
[132, 569]
[133, 199]
[133, 228]
[133, 552]
[134, 247]
[134, 551]
[134, 579]
[135, 282]
[135, 353]
[135, 373]
[136, 233]
[136, 354]
[136, 572]
[137, 586]
[138, 148]
[138, 379]
[138, 431]
[138, 491]
[139, 183]
[139, 378]
[139, 484]
[140, 226]
[140, 433]
[140, 509]
[141, 170]
[141, 255]
[141, 361]
[141, 403]
[142, 320]
[142, 463]
[142, 502]
[143, 242]
[144, 228]
[144, 270]
[144, 522]
[145, 264]
[145, 343]
[145, 569]
[146, 333]
[146, 341]
[146, 386]
[146, 520]
[147, 161]
[147, 437]
[147, 555]
[148, 348]
[148, 467]
[148, 537]
[149, 152]
[149, 438]
[150, 477]
[150, 494]
[150, 505]
[150, 507]
[151, 303]
[151, 304]
[151, 453]
[151, 484]
[152, 175]
[152, 212]
[152, 556]
[153, 412]
[153, 495]
[153, 537]
[153, 538]
[154, 230]
[154, 343]
[154, 389]
[154, 402]
[155, 201]
[155, 284]
[155, 449]
[156, 181]
[156, 279]
[156, 408]
[156, 476]
[157, 158]
[157, 193]
[157, 421]
[157, 487]
[158, 236]
[158, 285]
[159, 189]
[159, 245]
[159, 292]
[160, 310]
[160, 332]
[160, 531]
[160, 557]
[161, 226]
[162, 172]
[162, 267]
[162, 420]
[162, 487]
[163, 345]
[163, 441]
[163, 469]
[164, 259]
[164, 428]
[164, 445]
[164, 516]
[165, 167]
[165, 361]
[165, 391]
[165, 414]
[166, 182]
[166, 183]
[166, 199]
[167, 335]
[167, 413]
[167, 444]
[168, 566]
[168, 589]
[169, 216]
[169, 362]
[169, 501]
[170, 237]
[170, 347]
[170, 391]
[171, 254]
[171, 271]
[171, 376]
[171, 527]
[172, 219]
[172, 569]
[172, 584]
[173, 261]
[173, 276]
[173, 302]
[174, 250]
[174, 447]
[174, 466]
[174, 515]
[175, 331]
[175, 398]
[175, 506]
[176, 211]
[176, 568]
[176, 579]
[176, 594]
[177, 393]
[177, 520]
[178, 242]
[178, 309]
[178, 320]
[178, 426]
[179, 337]
[179, 341]
[179, 526]
[180, 200]
[180, 261]
[180, 420]
[180, 584]
[181, 223]
[181, 253]
[181, 322]
[182, 565]
[182, 599]
[184, 230]
[185, 257]
[185, 298]
[185, 427]
[186, 448]
[186, 462]
[186, 489]
[186, 574]
[187, 462]
[187, 463]
[188, 217]
[188, 311]
[188, 338]
[188, 471]
[189, 392]
[189, 474]
[190, 509]
[190, 557]
[190, 571]
[191, 279]
[191, 489]
[191, 493]
[191, 560]
[192, 198]
[192, 482]
[193, 267]
[193, 287]
[194, 235]
[194, 259]
[194, 529]
[195, 278]
[195, 290]
[195, 408]
[195, 464]
[196, 446]
[196, 529]
[196, 581]
[196, 589]
[197, 225]
[197, 326]
[197, 361]
[198, 227]
[198, 251]
[199, 460]
[199, 510]
[200, 227]
[200, 567]
[201, 323]
[201, 338]
[201, 357]
[202, 261]
[202, 330]
[202, 481]
[203, 317]
[203, 422]
[203, 517]
[204, 302]
[204, 534]
[205, 468]
[205, 506]
[205, 592]
[206, 277]
[206, 309]
[206, 499]
[207, 299]
[207, 346]
[207, 382]
[207, 516]
[208, 262]
[208, 355]
[208, 412]
[209, 252]
[209, 271]
[209, 396]
[209, 484]
[210, 322]
[210, 354]
[210, 476]
[210, 533]
[211, 286]
[211, 551]
[212, 224]
[212, 500]
[212, 554]
[213, 280]
[213, 324]
[213, 511]
[214, 234]
[214, 334]
[214, 423]
[214, 514]
[215, 251]
[215, 276]
[215, 482]
[217, 323]
[217, 397]
[217, 591]
[218, 244]
[218, 385]
[218, 496]
[218, 544]
[219, 223]
[219, 264]
[220, 500]
[220, 536]
[220, 551]
[221, 257]
[221, 328]
[221, 430]
[222, 252]
[222, 272]
[222, 318]
[222, 327]
[223, 241]
[223, 267]
[224, 288]
[224, 310]
[225, 414]
[225, 502]
[226, 248]
[226, 316]
[227, 416]
[228, 272]
[228, 540]
[229, 454]
[229, 541]
[229, 577]
[230, 239]
[231, 325]
[231, 407]
[231, 543]
[232, 311]
[232, 340]
[232, 545]
[233, 438]
[233, 473]
[233, 483]
[234, 240]
[234, 459]
[235, 328]
[235, 503]
[236, 294]
[237, 244]
[237, 269]
[237, 479]
[238, 276]
[238, 324]
[238, 523]
[239, 294]
[239, 342]
[239, 374]
[240, 386]
[240, 585]
[241, 287]
[241, 408]
[241, 532]
[243, 414]
[243, 525]
[244, 255]
[244, 535]
[245, 405]
[245, 596]
[246, 310]
[246, 373]
[246, 514]
[246, 597]
[247, 273]
[247, 419]
[247, 518]
[248, 297]
[248, 304]
[249, 374]
[249, 480]
[250, 358]
[250, 385]
[250, 535]
[251, 596]
[252, 540]
[254, 396]
[254, 450]
[255, 308]
[255, 326]
[256, 497]
[257, 503]
[257, 573]
[258, 401]
[258, 424]
[258, 513]
[259, 539]
[260, 384]
[260, 408]
[260, 429]
[260, 526]
[262, 432]
[262, 469]
[263, 336]
[263, 387]
[263, 389]
[263, 547]
[264, 532]
[264, 572]
[265, 335]
[265, 394]
[265, 420]
[266, 283]
[266, 337]
[266, 580]
[268, 362]
[268, 472]
[268, 563]
[269, 379]
[269, 461]
[270, 339]
[270, 458]
[270, 589]
[271, 318]
[271, 378]
[272, 339]
[272, 510]
[273, 456]
[273, 507]
[274, 314]
[275, 325]
[275, 347]
[275, 421]
[277, 340]
[277, 357]
[277, 426]
[278, 279]
[278, 367]
[278, 496]
[280, 351]
[280, 442]
[281, 435]
[281, 545]
[281, 588]
[282, 300]
[282, 528]
[283, 387]
[284, 296]
[284, 305]
[284, 593]
[285, 287]
[285, 418]
[285, 583]
[286, 332]
[286, 344]
[286, 517]
[287, 290]
[288, 531]
[289, 355]
[289, 457]
[289, 585]
[290, 479]
[291, 380]
[291, 579]
[292, 462]
[292, 570]
[293, 318]
[293, 480]
[293, 510]
[295, 404]
[295, 543]
[295, 561]
[295, 582]
[296, 422]
[296, 512]
[297, 484]
[297, 540]
[298, 325]
[299, 364]
[299, 511]
[300, 370]
[301, 499]
[301, 594]
[302, 330]
[303, 542]
[305, 313]
[307, 320]
[307, 425]
[307, 544]
[308, 348]
[308, 492]
[309, 598]
[310, 436]
[311, 435]
[312, 399]
[312, 545]
[312, 562]
[313, 449]
[313, 457]
[314, 326]
[315, 359]
[315, 386]
[315, 599]
[316, 540]
[316, 555]
[317, 332]
[317, 512]
[318, 451]
[319, 377]
[319, 448]
[319, 530]
[321, 418]
[321, 461]
[322, 564]
[323, 548]
[323, 575]
[325, 404]
[326, 544]
[327, 346]
[327, 375]
[327, 430]
[328, 375]
[328, 595]
[329, 455]
[329, 549]
[329, 595]
[330, 368]
[330, 497]
[331, 521]
[331, 554]
[331, 592]
[332, 406]
[333, 491]
[333, 585]
[333, 590]
[334, 415]
[334, 513]
[336, 343]
[336, 473]
[336, 572]
[337, 386]
[337, 459]
[338, 340]
[339, 375]
[340, 399]
[341, 393]
[342, 378]
[342, 402]
[342, 527]
[344, 531]
[345, 446]
[345, 449]
[346, 445]
[347, 461]
[348, 447]
[348, 535]
[349, 471]
[349, 581]
[350, 450]
[350, 470]
[350, 527]
[351, 450]
[351, 481]
[351, 497]
[352, 427]
[352, 573]
[352, 582]
[352, 587]
[353, 359]
[353, 597]
[354, 398]
[354, 488]
[355, 491]
[355, 537]
[356, 392]
[356, 483]
[357, 519]
[357, 593]
[358, 439]
[358, 498]
[358, 590]
[359, 432]
[360, 366]
[360, 405]
[360, 477]
[361, 454]
[363, 475]
[363, 553]
[363, 587]
[364, 396]
[364, 437]
[365, 447]
[365, 457]
[365, 537]
[365, 575]
[366, 596]
[367, 385]
[367, 439]
[367, 493]
[368, 434]
[369, 434]
[369, 473]
[370, 547]
[371, 380]
[371, 499]
[371, 562]
[372, 485]
[372, 511]
[372, 516]
[373, 580]
[376, 451]
[376, 504]
[376, 543]
[377, 443]
[377, 486]
[379, 535]
[379, 590]
[380, 594]
[381, 485]
[381, 507]
[382, 430]
[382, 504]
[382, 573]
[383, 388]
[383, 558]
[384, 476]
[384, 488]
[385, 425]
[388, 456]
[388, 568]
[388, 576]
[390, 397]
[390, 492]
[391, 421]
[392, 567]
[393, 418]
[394, 444]
[394, 487]
[394, 561]
[395, 423]
[396, 453]
[398, 438]
[399, 499]
[399, 508]
[400, 477]
[400, 534]
[401, 409]
[401, 493]
[402, 470]
[403, 492]
[404, 427]
[404, 444]
[405, 534]
[406, 436]
[407, 451]
[407, 480]
[409, 550]
[409, 560]
[410, 501]
[410, 518]
[411, 486]
[411, 530]
[411, 594]
[412, 458]
[413, 427]
[413, 440]
[413, 454]
[415, 578]
[416, 420]
[417, 521]
[417, 530]
[417, 546]
[419, 472]
[421, 444]
[423, 597]
[424, 443]
[424, 465]
[425, 465]
[425, 466]
[428, 452]
[428, 478]
[428, 485]
[429, 532]
[430, 451]
[431, 455]
[431, 461]
[432, 460]
[432, 552]
[433, 571]
[434, 483]
[435, 539]
[436, 554]
[436, 578]
[439, 464]
[440, 541]
[440, 587]
[441, 571]
[442, 582]
[443, 598]
[445, 566]
[446, 458]
[446, 538]
[447, 548]
[448, 570]
[448, 598]
[449, 575]
[452, 539]
[455, 467]
[456, 494]
[456, 579]
[457, 515]
[458, 469]
[459, 468]
[460, 599]
[462, 474]
[463, 489]
[464, 526]
[465, 493]
[466, 519]
[467, 492]
[467, 495]
[468, 514]
[468, 580]
[469, 522]
[470, 542]
[471, 529]
[471, 539]
[472, 534]
[474, 533]
[474, 564]
[475, 516]
[475, 573]
[476, 560]
[477, 523]
[478, 558]
[478, 566]
[479, 496]
[480, 549]
[482, 586]
[483, 490]
[485, 505]
[488, 506]
[490, 567]
[490, 584]
[495, 595]
[496, 525]
[498, 515]
[498, 585]
[502, 525]
[502, 544]
[504, 582]
[508, 576]
[509, 531]
[514, 578]
[517, 568]
[519, 548]
[520, 599]
[522, 552]
[522, 571]
[524, 561]
[529, 591]
[532, 583]
[533, 574]
[536, 546]
[536, 563]
[538, 575]
[538, 591]
[541, 553]
[541, 586]
[547, 556]
[550, 592]
[553, 588]
[555, 566]
[557, 597]
[559, 586]
[559, 588]
[560, 574]
[564, 567]
[578, 592]
