MeshFace([132, 363, 395, 459, 285])
MeshFace([47, 550, 468, 456, 352])
MeshFace([84, 94, 540, 99, 95])
MeshFace([418, 548, 424, 499, 588])
MeshFace([99, 518, 310, 403, 540])
MeshFace([319, 373, 565, 344, 339])
MeshFace([32, 108, 532, 584, 157])
MeshFace([54, 519, 226, 563, 482])
MeshFace([270, 487, 302, 528, 289])
MeshFace([98, 245, 593, 325, 227])
MeshFace([195, 432, 587, 318, 415])
MeshFace([57, 187, 544, 124, 210])
MeshFace([10, 213, 429, 409, 118])
MeshFace([146, 306, 503, 567, 596])
MeshFace([44, 297, 450, 226, 563])
MeshFace([90, 334, 229, 154, 570])
MeshFace([154, 465, 317, 431, 570])
MeshFace([388, 508, 577, 449, 459])
MeshFace([68, 402, 284, 448, 451])
MeshFace([80, 575, 489, 533, 247])
MeshFace([55, 380, 168, 88, 409])
MeshFace([27, 386, 28, 572, 345])
MeshFace([31, 506, 550, 468, 485])
MeshFace([24, 554, 520, 233, 150])
MeshFace([26, 224, 501, 569, 438])
MeshFace([71, 420, 433, 103, 590])
MeshFace([8, 64, 75, 272, 209])
MeshFace([74, 479, 509, 383, 78])
MeshFace([128, 542, 438, 460, 216])
MeshFace([105, 589, 591, 350, 231])
MeshFace([0, 345, 27, 283, 109])
MeshFace([6, 114, 386, 28, 126])
MeshFace([238, 374, 305, 256, 382])
MeshFace([93, 314, 543, 428, 369])
MeshFace([6, 114, 483, 253, 13])
MeshFace([22, 585, 52, 181, 129])
MeshFace([141, 497, 174, 158, 432])
MeshFace([22, 284, 402, 414, 585])
MeshFace([120, 192, 309, 543, 428])
MeshFace([44, 297, 467, 87, 134])
MeshFace([138, 450, 508, 577, 571])
MeshFace([22, 129, 280, 182, 125])
MeshFace([93, 314, 327, 501, 574])
MeshFace([58, 190, 364, 399, 426])
MeshFace([211, 488, 537, 388, 508])
MeshFace([124, 598, 365, 482, 544])
MeshFace([80, 525, 504, 427, 267])
MeshFace([56, 579, 582, 184, 375])
MeshFace([80, 525, 583, 557, 575])
MeshFace([141, 535, 291, 587, 432])
MeshFace([277, 454, 532, 399, 364])
MeshFace([142, 472, 513, 336, 343])
MeshFace([111, 493, 505, 558, 495])
MeshFace([200, 495, 559, 556, 308])
MeshFace([9, 203, 354, 228, 156])
MeshFace([86, 530, 159, 313, 106])
MeshFace([201, 471, 440, 317, 360])
MeshFace([29, 458, 470, 397, 263])
MeshFace([439, 443, 461, 503, 567])
MeshFace([38, 331, 59, 261, 253])
MeshFace([163, 318, 415, 343, 336])
MeshFace([138, 237, 342, 329, 571])
MeshFace([94, 366, 117, 403, 540])
MeshFace([1, 323, 586, 372, 555])
MeshFace([54, 143, 488, 211, 519])
MeshFace([12, 360, 201, 491, 290])
MeshFace([379, 546, 554, 520, 562])
MeshFace([135, 160, 144, 292, 279])
MeshFace([161, 442, 246, 423, 269])
MeshFace([29, 390, 286, 596, 146])
MeshFace([385, 410, 445, 430, 517])
MeshFace([34, 217, 357, 165, 276])
MeshFace([251, 542, 268, 400, 266])
MeshFace([385, 410, 580, 435, 392])
MeshFace([17, 466, 116, 193, 312])
MeshFace([66, 289, 270, 318, 587])
MeshFace([153, 447, 327, 314, 163])
MeshFace([123, 359, 260, 316, 274])
MeshFace([267, 427, 411, 337, 285])
MeshFace([329, 571, 577, 332, 378])
MeshFace([145, 205, 599, 340, 257])
MeshFace([258, 415, 318, 270, 487])
MeshFace([89, 182, 559, 495, 558])
MeshFace([42, 561, 76, 264, 354])
MeshFace([1, 323, 537, 294, 171])
MeshFace([91, 335, 578, 243, 136])
MeshFace([45, 382, 238, 468, 550])
MeshFace([165, 502, 564, 538, 356])
MeshFace([43, 478, 424, 499, 215])
MeshFace([128, 542, 268, 162, 208])
MeshFace([56, 570, 431, 198, 579])
MeshFace([50, 105, 564, 538, 152])
MeshFace([177, 361, 180, 225, 298])
MeshFace([112, 206, 259, 175, 217])
MeshFace([57, 557, 476, 88, 210])
MeshFace([100, 177, 391, 107, 477])
MeshFace([151, 499, 215, 462, 280])
MeshFace([25, 220, 407, 262, 412])
MeshFace([49, 406, 242, 321, 545])
MeshFace([114, 483, 221, 589, 591])
MeshFace([21, 121, 83, 445, 367])
MeshFace([27, 283, 281, 139, 351])
MeshFace([97, 192, 116, 193, 479])
MeshFace([6, 13, 23, 63, 126])
MeshFace([77, 475, 239, 462, 96])
MeshFace([28, 572, 358, 63, 126])
MeshFace([57, 170, 553, 204, 210])
MeshFace([68, 402, 408, 71, 420])
MeshFace([9, 393, 190, 214, 156])
MeshFace([73, 83, 445, 410, 252])
MeshFace([70, 362, 194, 539, 185])
MeshFace([89, 384, 320, 505, 558])
MeshFace([127, 417, 436, 566, 355])
MeshFace([85, 178, 356, 165, 276])
MeshFace([306, 411, 337, 461, 503])
MeshFace([1, 171, 219, 580, 555])
MeshFace([196, 439, 567, 319, 373])
MeshFace([216, 332, 378, 515, 460])
MeshFace([86, 435, 299, 512, 273])
MeshFace([11, 396, 69, 453, 79])
MeshFace([300, 338, 470, 458, 592])
MeshFace([101, 214, 156, 209, 272])
MeshFace([59, 175, 217, 357, 331])
MeshFace([35, 164, 439, 443, 316])
MeshFace([183, 556, 531, 250, 255])
MeshFace([37, 446, 598, 248, 254])
MeshFace([65, 185, 440, 317, 465])
MeshFace([37, 61, 429, 204, 446])
MeshFace([13, 23, 207, 95, 84])
MeshFace([54, 417, 455, 511, 519])
MeshFace([24, 35, 418, 588, 404])
MeshFace([32, 50, 145, 119, 108])
MeshFace([270, 289, 474, 309, 543])
MeshFace([389, 471, 398, 527, 507])
MeshFace([75, 272, 101, 541, 333])
MeshFace([87, 134, 170, 590, 103])
MeshFace([87, 470, 397, 433, 103])
MeshFace([51, 66, 587, 432, 158])
MeshFace([137, 486, 583, 525, 166])
MeshFace([21, 121, 287, 533, 489])
MeshFace([294, 537, 388, 459, 395])
MeshFace([79, 453, 541, 101, 214])
MeshFace([30, 496, 395, 363, 526])
MeshFace([102, 554, 546, 225, 298])
MeshFace([14, 235, 130, 121, 287])
MeshFace([86, 435, 580, 219, 530])
MeshFace([150, 233, 411, 337, 274])
MeshFace([240, 399, 364, 243, 578])
MeshFace([107, 565, 373, 196, 477])
MeshFace([8, 209, 156, 228, 376])
MeshFace([45, 550, 506, 517, 430])
MeshFace([115, 377, 449, 577, 332])
MeshFace([25, 381, 549, 213, 412])
MeshFace([144, 160, 302, 487, 258])
MeshFace([90, 162, 208, 115, 304])
MeshFace([38, 331, 357, 165, 502])
MeshFace([4, 414, 64, 407, 262])
MeshFace([39, 384, 320, 359, 123])
MeshFace([72, 504, 427, 411, 233])
MeshFace([14, 89, 558, 568, 287])
MeshFace([249, 322, 440, 317, 431])
MeshFace([222, 303, 266, 251, 405])
MeshFace([19, 481, 248, 254, 394])
MeshFace([116, 466, 474, 309, 192])
MeshFace([143, 586, 372, 299, 512])
MeshFace([173, 277, 364, 190, 393])
MeshFace([85, 178, 349, 205, 599])
MeshFace([49, 426, 399, 240, 406])
MeshFace([383, 509, 516, 581, 416])
MeshFace([222, 303, 362, 518, 574])
MeshFace([65, 236, 117, 366, 425])
MeshFace([282, 505, 320, 359, 526])
MeshFace([9, 156, 209, 419, 379])
MeshFace([77, 531, 556, 559, 96])
MeshFace([52, 330, 475, 239, 181])
MeshFace([93, 369, 547, 472, 513])
MeshFace([6, 244, 94, 84, 13])
MeshFace([59, 498, 527, 398, 331])
MeshFace([37, 195, 432, 141, 446])
MeshFace([61, 301, 189, 147, 463])
MeshFace([313, 322, 440, 471, 389])
MeshFace([105, 589, 221, 502, 564])
MeshFace([59, 261, 473, 464, 498])
MeshFace([81, 469, 533, 287, 568])
MeshFace([37, 61, 463, 394, 254])
MeshFace([142, 370, 492, 573, 176])
MeshFace([37, 195, 415, 343, 254])
MeshFace([106, 313, 322, 400, 266])
MeshFace([5, 275, 290, 12, 198])
MeshFace([102, 596, 567, 439, 164])
MeshFace([52, 75, 333, 109, 330])
MeshFace([66, 289, 474, 223, 422])
MeshFace([212, 448, 523, 552, 232])
MeshFace([449, 461, 503, 571, 577])
MeshFace([40, 304, 534, 196, 373])
MeshFace([162, 249, 322, 400, 268])
MeshFace([90, 334, 413, 268, 162])
MeshFace([74, 479, 193, 584, 157])
MeshFace([17, 133, 341, 529, 278])
MeshFace([24, 404, 232, 552, 150])
MeshFace([346, 385, 517, 506, 353])
MeshFace([21, 476, 88, 168, 367])
MeshFace([72, 504, 103, 433, 522])
MeshFace([146, 520, 233, 411, 306])
MeshFace([127, 153, 163, 336, 355])
MeshFace([57, 170, 590, 583, 557])
MeshFace([306, 411, 427, 467, 328])
MeshFace([52, 585, 414, 64, 75])
MeshFace([94, 244, 350, 231, 366])
MeshFace([174, 561, 338, 347, 497])
MeshFace([41, 592, 300, 113, 341])
MeshFace([161, 442, 404, 232, 212])
MeshFace([72, 233, 520, 562, 522])
MeshFace([108, 119, 361, 177, 391])
MeshFace([59, 175, 259, 353, 498])
MeshFace([87, 134, 347, 338, 470])
MeshFace([43, 85, 599, 67, 215])
MeshFace([179, 281, 283, 321, 545])
MeshFace([97, 403, 540, 120, 192])
MeshFace([173, 536, 286, 390, 348])
MeshFace([70, 400, 266, 303, 362])
MeshFace([11, 79, 214, 156, 228])
MeshFace([94, 244, 421, 120, 540])
MeshFace([95, 99, 518, 362, 194])
MeshFace([49, 257, 145, 119, 426])
MeshFace([151, 499, 588, 404, 232])
MeshFace([188, 230, 189, 292, 279])
MeshFace([237, 592, 300, 521, 265])
MeshFace([142, 343, 254, 394, 370])
MeshFace([263, 562, 522, 433, 397])
MeshFace([43, 478, 186, 178, 85])
MeshFace([47, 352, 531, 556, 308])
MeshFace([3, 312, 193, 479, 509])
MeshFace([161, 419, 451, 448, 212])
MeshFace([70, 400, 322, 440, 185])
MeshFace([222, 574, 501, 569, 405])
MeshFace([167, 188, 230, 262, 407])
MeshFace([78, 229, 154, 199, 82])
MeshFace([20, 521, 300, 113, 422])
MeshFace([324, 566, 355, 336, 513])
MeshFace([23, 63, 131, 547, 207])
MeshFace([267, 368, 388, 459, 285])
MeshFace([97, 192, 309, 149, 484])
MeshFace([2, 425, 65, 185, 539])
MeshFace([45, 382, 55, 380, 430])
MeshFace([246, 271, 588, 404, 442])
MeshFace([22, 129, 212, 448, 284])
MeshFace([58, 296, 423, 246, 180])
MeshFace([300, 521, 315, 347, 338])
MeshFace([20, 291, 587, 66, 422])
MeshFace([51, 158, 174, 561, 76])
MeshFace([44, 563, 315, 347, 134])
MeshFace([40, 378, 329, 319, 373])
MeshFace([36, 70, 400, 268, 413])
MeshFace([248, 355, 336, 343, 254])
MeshFace([69, 396, 441, 160, 135])
MeshFace([16, 131, 547, 369, 428])
MeshFace([241, 325, 593, 392, 514])
MeshFace([33, 593, 325, 324, 566])
MeshFace([54, 417, 127, 365, 482])
MeshFace([106, 266, 303, 241, 514])
MeshFace([7, 140, 62, 342, 490])
MeshFace([234, 250, 255, 305, 374])
MeshFace([149, 309, 474, 223, 457])
MeshFace([71, 420, 494, 381, 549])
MeshFace([86, 435, 392, 514, 106])
MeshFace([7, 457, 197, 452, 490])
MeshFace([20, 521, 265, 452, 197])
MeshFace([11, 228, 376, 220, 396])
MeshFace([137, 486, 408, 402, 284])
MeshFace([26, 438, 460, 515, 581])
MeshFace([2, 539, 398, 331, 38])
MeshFace([49, 426, 58, 296, 545])
MeshFace([24, 554, 546, 442, 404])
MeshFace([46, 221, 502, 165, 276])
MeshFace([33, 299, 512, 436, 566])
MeshFace([201, 471, 389, 500, 491])
MeshFace([163, 318, 270, 543, 314])
MeshFace([114, 386, 242, 406, 591])
MeshFace([112, 491, 201, 357, 217])
MeshFace([57, 557, 575, 524, 187])
MeshFace([2, 539, 194, 95, 84])
MeshFace([234, 374, 238, 468, 456])
MeshFace([174, 381, 549, 553, 497])
MeshFace([23, 473, 311, 358, 63])
MeshFace([226, 563, 315, 521, 265])
MeshFace([1, 489, 21, 367, 555])
MeshFace([49, 257, 589, 591, 406])
MeshFace([299, 435, 580, 555, 372])
MeshFace([36, 236, 229, 334, 413])
MeshFace([91, 335, 288, 302, 528])
MeshFace([9, 393, 225, 546, 379])
MeshFace([149, 309, 543, 314, 327])
MeshFace([35, 418, 548, 260, 316])
MeshFace([240, 399, 532, 584, 576])
MeshFace([6, 244, 421, 15, 126])
MeshFace([21, 476, 557, 575, 489])
MeshFace([47, 352, 551, 175, 259])
MeshFace([28, 386, 242, 60, 122])
MeshFace([46, 139, 281, 179, 340])
MeshFace([92, 488, 537, 294, 326])
MeshFace([19, 394, 463, 55, 380])
MeshFace([67, 599, 205, 434, 271])
MeshFace([20, 291, 153, 447, 197])
MeshFace([143, 488, 537, 323, 586])
MeshFace([137, 284, 448, 523, 166])
MeshFace([211, 519, 226, 450, 508])
MeshFace([90, 162, 249, 431, 570])
MeshFace([244, 350, 576, 597, 421])
MeshFace([34, 217, 112, 111, 53])
MeshFace([44, 187, 57, 170, 134])
MeshFace([132, 363, 469, 533, 247])
MeshFace([109, 283, 321, 541, 333])
MeshFace([59, 261, 510, 551, 175])
MeshFace([52, 330, 250, 255, 585])
MeshFace([91, 335, 597, 116, 466])
MeshFace([74, 78, 229, 236, 117])
MeshFace([237, 342, 490, 452, 265])
MeshFace([189, 230, 262, 412, 301])
MeshFace([141, 446, 204, 553, 497])
MeshFace([93, 314, 163, 336, 513])
MeshFace([14, 89, 384, 39, 401])
MeshFace([100, 155, 184, 375, 477])
MeshFace([124, 544, 586, 372, 148])
MeshFace([153, 163, 318, 587, 291])
MeshFace([110, 496, 395, 294, 326])
MeshFace([17, 466, 91, 136, 278])
MeshFace([63, 131, 176, 573, 358])
MeshFace([49, 545, 179, 340, 257])
MeshFace([2, 84, 13, 253, 38])
MeshFace([55, 382, 238, 147, 463])
MeshFace([12, 198, 579, 582, 186])
MeshFace([297, 368, 388, 508, 450])
MeshFace([367, 555, 580, 410, 445])
MeshFace([21, 121, 130, 172, 476])
MeshFace([19, 380, 430, 517, 245])
MeshFace([77, 475, 330, 250, 531])
MeshFace([4, 10, 213, 412, 262])
MeshFace([319, 567, 503, 571, 329])
MeshFace([20, 422, 223, 457, 197])
MeshFace([152, 538, 356, 178, 349])
MeshFace([93, 369, 99, 518, 574])
MeshFace([62, 339, 319, 329, 342])
MeshFace([149, 457, 197, 447, 327])
MeshFace([54, 143, 512, 436, 417])
MeshFace([14, 89, 182, 125, 235])
MeshFace([202, 227, 472, 547, 207])
MeshFace([15, 288, 335, 597, 421])
MeshFace([3, 312, 17, 133, 140])
MeshFace([311, 485, 492, 573, 358])
MeshFace([48, 264, 76, 51, 444])
MeshFace([8, 68, 402, 414, 64])
MeshFace([41, 341, 529, 348, 390])
MeshFace([95, 207, 547, 369, 99])
MeshFace([40, 378, 515, 581, 416])
MeshFace([138, 328, 306, 503, 571])
MeshFace([224, 501, 574, 518, 310])
MeshFace([33, 299, 372, 148, 481])
MeshFace([77, 169, 139, 281, 475])
MeshFace([274, 337, 461, 443, 316])
MeshFace([27, 351, 483, 114, 386])
MeshFace([33, 593, 392, 435, 299])
MeshFace([8, 64, 407, 220, 376])
MeshFace([98, 370, 142, 472, 227])
MeshFace([197, 452, 511, 455, 447])
MeshFace([4, 305, 256, 118, 10])
MeshFace([100, 177, 361, 434, 155])
MeshFace([67, 271, 588, 499, 215])
MeshFace([76, 264, 529, 341, 113])
MeshFace([179, 281, 475, 239, 437])
MeshFace([6, 114, 591, 350, 244])
MeshFace([19, 481, 148, 168, 380])
MeshFace([50, 152, 349, 205, 145])
MeshFace([144, 218, 594, 441, 160])
MeshFace([71, 408, 486, 583, 590])
MeshFace([11, 48, 264, 354, 228])
MeshFace([118, 256, 595, 130, 172])
MeshFace([3, 140, 7, 516, 509])
MeshFace([41, 62, 140, 133, 341])
MeshFace([60, 578, 335, 288, 122])
MeshFace([12, 360, 317, 431, 198])
MeshFace([19, 481, 33, 593, 245])
MeshFace([346, 507, 527, 498, 353])
MeshFace([253, 483, 351, 510, 261])
MeshFace([171, 469, 363, 395, 294])
MeshFace([240, 576, 597, 335, 578])
MeshFace([24, 554, 102, 164, 35])
MeshFace([275, 290, 491, 500, 293])
MeshFace([323, 524, 368, 388, 537])
MeshFace([23, 473, 464, 202, 207])
MeshFace([147, 492, 485, 468, 238])
MeshFace([101, 272, 269, 423, 296])
MeshFace([438, 569, 455, 511, 460])
MeshFace([206, 259, 353, 346, 307])
MeshFace([161, 419, 209, 272, 269])
MeshFace([67, 599, 340, 179, 437])
MeshFace([157, 584, 576, 350, 231])
MeshFace([181, 269, 423, 437, 239])
MeshFace([87, 103, 504, 427, 467])
MeshFace([109, 330, 475, 281, 283])
MeshFace([2, 425, 366, 94, 84])
MeshFace([47, 550, 506, 353, 259])
MeshFace([50, 105, 589, 257, 145])
MeshFace([24, 35, 316, 274, 150])
MeshFace([3, 312, 454, 104, 344])
MeshFace([129, 212, 161, 269, 181])
MeshFace([78, 82, 107, 565, 383])
MeshFace([34, 169, 551, 175, 217])
MeshFace([29, 458, 592, 41, 390])
MeshFace([116, 193, 584, 576, 597])
MeshFace([186, 478, 424, 548, 582])
MeshFace([86, 273, 251, 266, 106])
MeshFace([26, 581, 516, 484, 224])
MeshFace([111, 112, 206, 200, 495])
MeshFace([88, 168, 148, 124, 210])
MeshFace([71, 549, 553, 170, 590])
MeshFace([138, 237, 592, 458, 328])
MeshFace([158, 594, 218, 195, 432])
MeshFace([172, 486, 583, 557, 476])
MeshFace([141, 535, 315, 347, 497])
MeshFace([227, 472, 513, 324, 325])
MeshFace([78, 383, 416, 334, 229])
MeshFace([125, 183, 556, 559, 182])
MeshFace([0, 188, 167, 333, 109])
MeshFace([67, 437, 423, 246, 271])
MeshFace([346, 507, 514, 392, 385])
MeshFace([110, 387, 249, 162, 208])
MeshFace([180, 225, 546, 442, 246])
MeshFace([22, 125, 235, 137, 284])
MeshFace([30, 496, 377, 371, 295])
MeshFace([17, 278, 277, 454, 312])
MeshFace([82, 107, 477, 375, 199])
MeshFace([25, 220, 396, 441, 594])
MeshFace([26, 224, 310, 36, 413])
MeshFace([123, 274, 337, 285, 132])
MeshFace([152, 349, 184, 375, 199])
MeshFace([329, 342, 490, 515, 378])
MeshFace([42, 561, 338, 470, 397])
MeshFace([91, 466, 474, 289, 528])
MeshFace([41, 592, 237, 342, 62])
MeshFace([81, 568, 558, 505, 282])
MeshFace([7, 140, 133, 223, 457])
MeshFace([320, 505, 493, 478, 424])
MeshFace([40, 304, 115, 332, 378])
MeshFace([74, 117, 403, 97, 479])
MeshFace([152, 538, 465, 154, 199])
MeshFace([311, 358, 572, 345, 480])
MeshFace([131, 176, 142, 472, 547])
MeshFace([81, 282, 526, 363, 469])
MeshFace([55, 463, 61, 429, 409])
MeshFace([5, 387, 249, 431, 198])
MeshFace([41, 62, 339, 286, 390])
MeshFace([211, 508, 577, 332, 216])
MeshFace([51, 158, 594, 441, 444])
MeshFace([54, 482, 544, 586, 143])
MeshFace([34, 169, 139, 46, 276])
MeshFace([11, 48, 444, 441, 396])
MeshFace([76, 113, 300, 338, 561])
MeshFace([191, 527, 507, 514, 241])
MeshFace([147, 189, 292, 573, 492])
MeshFace([25, 381, 494, 376, 220])
MeshFace([55, 409, 118, 256, 382])
MeshFace([15, 126, 28, 122, 288])
MeshFace([201, 471, 398, 331, 357])
MeshFace([110, 326, 530, 159, 387])
MeshFace([352, 456, 480, 510, 551])
MeshFace([119, 145, 205, 434, 361])
MeshFace([180, 246, 271, 434, 361])
MeshFace([80, 247, 401, 166, 525])
MeshFace([191, 241, 325, 227, 202])
MeshFace([31, 98, 370, 492, 485])
MeshFace([155, 184, 582, 548, 418])
MeshFace([3, 344, 339, 62, 140])
MeshFace([15, 16, 428, 120, 421])
MeshFace([173, 393, 225, 298, 536])
MeshFace([60, 242, 321, 541, 453])
MeshFace([147, 463, 394, 370, 492])
MeshFace([4, 305, 374, 230, 262])
MeshFace([155, 184, 349, 205, 434])
MeshFace([104, 536, 173, 277, 454])
MeshFace([68, 451, 522, 433, 420])
MeshFace([25, 594, 218, 301, 412])
MeshFace([92, 273, 251, 542, 128])
MeshFace([100, 177, 298, 102, 164])
MeshFace([18, 219, 530, 159, 293])
MeshFace([191, 527, 398, 539, 194])
MeshFace([64, 75, 333, 167, 407])
MeshFace([106, 313, 389, 507, 514])
MeshFace([104, 391, 108, 532, 454])
MeshFace([178, 349, 184, 582, 186])
MeshFace([97, 479, 509, 516, 484])
MeshFace([127, 365, 535, 291, 153])
MeshFace([102, 298, 536, 286, 596])
MeshFace([211, 216, 460, 511, 519])
MeshFace([115, 332, 216, 128, 208])
MeshFace([88, 476, 172, 118, 409])
MeshFace([168, 367, 445, 430, 380])
MeshFace([18, 219, 580, 410, 252])
MeshFace([37, 195, 218, 301, 61])
MeshFace([226, 265, 452, 511, 519])
MeshFace([73, 83, 121, 287, 568])
MeshFace([111, 493, 290, 491, 112])
MeshFace([40, 416, 383, 565, 373])
MeshFace([89, 384, 151, 280, 182])
MeshFace([43, 53, 96, 462, 215])
MeshFace([138, 450, 226, 265, 237])
MeshFace([95, 207, 202, 191, 194])
MeshFace([102, 554, 520, 146, 596])
MeshFace([110, 496, 377, 115, 208])
MeshFace([151, 384, 320, 424, 499])
MeshFace([15, 16, 131, 63, 126])
MeshFace([38, 253, 483, 221, 502])
MeshFace([69, 396, 220, 407, 167])
MeshFace([9, 393, 173, 348, 203])
MeshFace([245, 593, 392, 385, 517])
MeshFace([73, 200, 308, 560, 83])
MeshFace([92, 273, 512, 143, 488])
MeshFace([0, 345, 572, 279, 188])
MeshFace([42, 494, 376, 228, 354])
MeshFace([19, 394, 370, 98, 245])
MeshFace([31, 464, 498, 353, 506])
MeshFace([32, 82, 107, 391, 108])
MeshFace([96, 462, 280, 182, 559])
MeshFace([53, 96, 559, 495, 111])
MeshFace([123, 359, 526, 363, 132])
MeshFace([138, 328, 467, 297, 450])
MeshFace([183, 556, 308, 560, 595])
MeshFace([92, 128, 208, 110, 326])
MeshFace([144, 292, 189, 301, 218])
MeshFace([129, 280, 462, 239, 181])
MeshFace([46, 221, 483, 351, 139])
MeshFace([173, 348, 529, 278, 277])
MeshFace([112, 491, 500, 307, 206])
MeshFace([26, 438, 542, 268, 413])
MeshFace([286, 596, 567, 319, 339])
MeshFace([29, 263, 562, 520, 146])
MeshFace([10, 408, 486, 172, 118])
MeshFace([42, 397, 263, 203, 354])
MeshFace([124, 598, 446, 204, 210])
MeshFace([377, 449, 459, 395, 496])
MeshFace([4, 305, 255, 585, 414])
MeshFace([222, 324, 566, 436, 405])
MeshFace([0, 345, 480, 456, 234])
MeshFace([261, 510, 480, 311, 473])
MeshFace([2, 425, 564, 502, 38])
MeshFace([39, 384, 151, 232, 552])
MeshFace([42, 397, 433, 420, 494])
MeshFace([116, 597, 421, 120, 192])
MeshFace([31, 464, 202, 227, 98])
MeshFace([56, 579, 295, 371, 534])
MeshFace([315, 563, 482, 365, 535])
MeshFace([11, 48, 136, 243, 79])
MeshFace([18, 81, 568, 73, 252])
MeshFace([86, 273, 92, 326, 530])
MeshFace([51, 444, 528, 289, 66])
MeshFace([36, 70, 185, 65, 236])
MeshFace([379, 562, 522, 451, 419])
MeshFace([28, 122, 135, 279, 572])
MeshFace([159, 293, 500, 389, 313])
MeshFace([46, 221, 589, 257, 340])
MeshFace([72, 504, 525, 166, 523])
MeshFace([191, 241, 303, 362, 194])
MeshFace([39, 123, 132, 247, 401])
MeshFace([40, 304, 90, 334, 416])
MeshFace([60, 453, 69, 135, 122])
MeshFace([148, 168, 367, 555, 372])
MeshFace([79, 214, 190, 364, 243])
MeshFace([80, 267, 368, 524, 575])
MeshFace([29, 458, 328, 306, 146])
MeshFace([8, 209, 419, 451, 68])
MeshFace([58, 190, 393, 225, 180])
MeshFace([92, 128, 216, 211, 488])
MeshFace([99, 540, 120, 428, 369])
MeshFace([45, 560, 308, 47, 550])
MeshFace([260, 295, 371, 443, 316])
MeshFace([72, 522, 451, 448, 523])
MeshFace([452, 490, 515, 460, 511])
MeshFace([104, 391, 107, 565, 344])
MeshFace([72, 233, 150, 552, 523])
MeshFace([51, 66, 422, 113, 76])
MeshFace([104, 391, 177, 298, 536])
MeshFace([103, 590, 583, 525, 504])
MeshFace([1, 489, 575, 524, 323])
MeshFace([31, 485, 311, 473, 464])
MeshFace([22, 585, 255, 183, 125])
MeshFace([16, 131, 176, 258, 487])
MeshFace([251, 542, 438, 569, 405])
MeshFace([5, 198, 579, 295, 30])
MeshFace([100, 477, 196, 439, 164])
MeshFace([69, 135, 279, 188, 167])
MeshFace([113, 422, 223, 133, 341])
MeshFace([42, 494, 381, 174, 561])
MeshFace([88, 210, 204, 429, 409])
MeshFace([0, 234, 374, 230, 188])
MeshFace([311, 485, 468, 456, 480])
MeshFace([18, 81, 469, 171, 219])
MeshFace([13, 253, 261, 473, 23])
MeshFace([7, 490, 515, 581, 516])
MeshFace([14, 401, 166, 137, 235])
MeshFace([27, 345, 480, 510, 351])
MeshFace([56, 570, 154, 199, 375])
MeshFace([136, 243, 364, 277, 278])
MeshFace([124, 148, 481, 248, 598])
MeshFace([275, 282, 505, 493, 290])
MeshFace([73, 200, 206, 307, 252])
MeshFace([32, 50, 152, 199, 82])
MeshFace([97, 403, 310, 224, 484])
MeshFace([105, 231, 366, 425, 564])
MeshFace([45, 560, 595, 256, 382])
MeshFace([73, 200, 495, 558, 568])
MeshFace([144, 258, 415, 195, 218])
MeshFace([122, 135, 160, 302, 288])
MeshFace([155, 434, 271, 588, 418])
MeshFace([48, 136, 278, 529, 264])
MeshFace([161, 419, 379, 546, 442])
MeshFace([193, 584, 532, 454, 312])
MeshFace([56, 534, 304, 90, 570])
MeshFace([32, 82, 78, 74, 157])
MeshFace([160, 302, 528, 444, 441])
MeshFace([33, 481, 248, 355, 566])
MeshFace([104, 536, 286, 339, 344])
MeshFace([125, 235, 130, 595, 183])
MeshFace([8, 68, 420, 494, 376])
MeshFace([87, 470, 458, 328, 467])
MeshFace([101, 541, 321, 545, 296])
MeshFace([285, 337, 461, 449, 459])
MeshFace([327, 501, 569, 455, 447])
MeshFace([39, 552, 523, 166, 401])
MeshFace([35, 418, 155, 100, 164])
MeshFace([93, 513, 324, 222, 574])
MeshFace([240, 576, 350, 591, 406])
MeshFace([185, 440, 471, 398, 539])
MeshFace([80, 247, 132, 285, 267])
MeshFace([39, 123, 274, 150, 552])
MeshFace([5, 387, 110, 496, 30])
MeshFace([18, 293, 275, 282, 81])
MeshFace([130, 235, 137, 486, 172])
MeshFace([191, 527, 498, 464, 202])
MeshFace([4, 10, 408, 402, 414])
MeshFace([251, 273, 512, 436, 405])
MeshFace([12, 360, 356, 178, 186])
MeshFace([58, 180, 361, 119, 426])
MeshFace([371, 377, 449, 461, 443])
MeshFace([317, 360, 356, 538, 465])
MeshFace([10, 408, 71, 549, 213])
MeshFace([234, 250, 531, 352, 456])
MeshFace([267, 427, 467, 297, 368])
MeshFace([29, 263, 203, 348, 390])
MeshFace([18, 252, 307, 500, 293])
MeshFace([252, 410, 385, 346, 307])
MeshFace([9, 379, 562, 263, 203])
MeshFace([165, 356, 360, 201, 357])
MeshFace([144, 292, 573, 176, 258])
MeshFace([32, 50, 105, 231, 157])
MeshFace([139, 169, 551, 510, 351])
MeshFace([142, 176, 258, 415, 343])
MeshFace([5, 275, 293, 159, 387])
MeshFace([74, 117, 366, 231, 157])
MeshFace([52, 75, 272, 269, 181])
MeshFace([25, 594, 158, 174, 381])
MeshFace([260, 295, 579, 582, 548])
MeshFace([7, 457, 149, 484, 516])
MeshFace([46, 276, 85, 599, 340])
MeshFace([108, 532, 399, 426, 119])
MeshFace([65, 465, 538, 564, 425])
MeshFace([17, 466, 474, 223, 133])
MeshFace([149, 327, 501, 224, 484])
MeshFace([65, 465, 154, 229, 236])
MeshFace([69, 167, 333, 541, 453])
MeshFace([34, 169, 77, 96, 53])
MeshFace([307, 346, 507, 389, 500])
MeshFace([15, 16, 487, 302, 288])
MeshFace([159, 387, 249, 322, 313])
MeshFace([48, 136, 91, 528, 444])
MeshFace([61, 429, 213, 412, 301])
MeshFace([127, 365, 598, 248, 355])
MeshFace([30, 526, 359, 260, 295])
MeshFace([147, 189, 230, 374, 238])
MeshFace([56, 534, 196, 477, 375])
MeshFace([58, 296, 101, 214, 190])
MeshFace([5, 275, 282, 526, 30])
MeshFace([83, 121, 130, 595, 560])
MeshFace([1, 489, 533, 469, 171])
MeshFace([44, 297, 368, 524, 187])
MeshFace([26, 581, 416, 334, 413])
MeshFace([222, 303, 241, 325, 324])
MeshFace([27, 386, 242, 321, 283])
MeshFace([127, 153, 447, 455, 417])
MeshFace([187, 524, 323, 586, 544])
MeshFace([179, 545, 296, 423, 437])
MeshFace([60, 578, 243, 79, 453])
MeshFace([20, 521, 315, 535, 291])
MeshFace([171, 219, 530, 326, 294])
MeshFace([115, 377, 371, 534, 304])
MeshFace([405, 569, 455, 417, 436])
MeshFace([44, 563, 482, 544, 187])
MeshFace([43, 478, 493, 111, 53])
MeshFace([12, 186, 478, 493, 290])
MeshFace([45, 560, 83, 445, 430])
MeshFace([0, 234, 250, 330, 109])
MeshFace([36, 70, 362, 518, 310])
MeshFace([183, 255, 305, 256, 595])
MeshFace([36, 236, 117, 403, 310])
MeshFace([196, 534, 371, 443, 439])
MeshFace([279, 572, 358, 573, 292])
MeshFace([77, 531, 352, 551, 169])
MeshFace([16, 428, 543, 270, 487])
MeshFace([60, 242, 406, 240, 578])
MeshFace([47, 259, 206, 200, 308])
MeshFace([31, 506, 517, 245, 98])
MeshFace([204, 429, 213, 549, 553])
MeshFace([134, 170, 553, 497, 347])
MeshFace([34, 276, 85, 43, 53])
MeshFace([14, 401, 247, 533, 287])
MeshFace([3, 344, 565, 383, 509])
MeshFace([129, 280, 151, 232, 212])
MeshFace([260, 359, 320, 424, 548])
MeshFace([141, 535, 365, 598, 446])
MeshFace([67, 437, 239, 462, 215])
MeshFace([203, 354, 264, 529, 348])
