[240, 259]
[240, 271]
[240, 591]
[240, 947]
[240, 1320]
[240, 1916]
[241, 414]
[241, 531]
[241, 1232]
[241, 2322]
[242, 476]
[242, 710]
[242, 1371]
[242, 1669]
[242, 1749]
[242, 2374]
[243, 307]
[243, 371]
[243, 381]
[243, 776]
[243, 1472]
[243, 1759]
[244, 345]
[244, 494]
[244, 929]
[244, 1214]
[244, 1300]
[244, 1678]
[245, 523]
[245, 1416]
[245, 1521]
[245, 1823]
[245, 2061]
[245, 2204]
[246, 478]
[246, 1428]
[246, 1855]
[246, 1901]
[246, 1972]
[246, 2336]
[247, 1517]
[247, 1672]
[247, 1755]
[247, 1825]
[247, 2144]
[247, 2206]
[248, 722]
[248, 1779]
[248, 2184]
[248, 2187]
[248, 2357]
[249, 500]
[249, 783]
[249, 1181]
[249, 2106]
[249, 2116]
[250, 1028]
[250, 1170]
[250, 1366]
[250, 1676]
[250, 2292]
[250, 2365]
[251, 1383]
[251, 1935]
[251, 2101]
[251, 2103]
[251, 2288]
[251, 2300]
[252, 719]
[252, 863]
[252, 995]
[252, 1629]
[252, 1736]
[253, 509]
[253, 978]
[253, 1288]
[253, 1928]
[253, 1968]
[254, 927]
[254, 2109]
[254, 2194]
[255, 512]
[255, 1363]
[255, 1444]
[255, 1984]
[255, 2065]
[256, 378]
[256, 868]
[256, 1824]
[256, 2016]
[256, 2080]
[256, 2261]
[257, 617]
[257, 867]
[257, 1388]
[257, 2146]
[257, 2369]
[258, 850]
[258, 1590]
[258, 1770]
[258, 1876]
[258, 1912]
[259, 271]
[259, 528]
[259, 603]
[259, 1916]
[259, 2132]
[260, 317]
[260, 456]
[260, 659]
[260, 1271]
[260, 1698]
[260, 2044]
[261, 666]
[261, 708]
[261, 966]
[261, 1048]
[261, 1583]
[261, 2224]
[262, 670]
[262, 795]
[262, 1679]
[262, 2000]
[263, 345]
[263, 595]
[263, 1126]
[263, 1317]
[263, 1678]
[263, 1990]
[264, 749]
[264, 1054]
[264, 1547]
[264, 1871]
[264, 2204]
[264, 2286]
[265, 495]
[265, 670]
[265, 1616]
[265, 2083]
[265, 2162]
[266, 441]
[266, 967]
[266, 1201]
[266, 1434]
[266, 2297]
[267, 719]
[267, 1191]
[267, 1446]
[267, 1525]
[267, 1736]
[267, 2169]
[268, 940]
[268, 968]
[268, 1012]
[268, 1311]
[268, 1968]
[268, 2397]
[269, 759]
[269, 805]
[269, 1434]
[269, 1488]
[269, 2131]
[269, 2337]
[270, 900]
[270, 911]
[270, 1346]
[270, 1890]
[270, 1942]
[271, 1362]
[271, 1793]
[271, 1916]
[272, 534]
[272, 618]
[272, 652]
[272, 855]
[272, 1420]
[272, 1629]
[273, 822]
[273, 1130]
[273, 1423]
[273, 1947]
[273, 1995]
[273, 2298]
[274, 515]
[274, 945]
[274, 1292]
[274, 1407]
[274, 1422]
[275, 518]
[275, 548]
[275, 1298]
[275, 1501]
[275, 1775]
[275, 2360]
[276, 284]
[276, 695]
[276, 1572]
[276, 1607]
[276, 1610]
[276, 1921]
[277, 1153]
[277, 1470]
[277, 1494]
[277, 1609]
[277, 2145]
[277, 2374]
[278, 432]
[278, 839]
[278, 1256]
[278, 1278]
[278, 1812]
[278, 2240]
[279, 797]
[279, 1725]
[279, 1728]
[279, 1983]
[279, 2241]
[280, 586]
[280, 1083]
[280, 1516]
[280, 1784]
[280, 2265]
[281, 327]
[281, 387]
[281, 1136]
[281, 1341]
[281, 1560]
[281, 2302]
[282, 337]
[282, 566]
[282, 845]
[282, 1489]
[282, 1845]
[282, 1877]
[283, 293]
[283, 920]
[283, 1147]
[283, 1266]
[283, 2214]
[284, 947]
[284, 1605]
[284, 1630]
[284, 2306]
[285, 326]
[285, 543]
[285, 957]
[285, 1191]
[285, 1568]
[285, 1989]
[286, 305]
[286, 1125]
[286, 1816]
[286, 2093]
[286, 2311]
[287, 1557]
[287, 1626]
[287, 1709]
[287, 1860]
[287, 2395]
[288, 1262]
[288, 1720]
[288, 1849]
[288, 1988]
[288, 2128]
[288, 2243]
[289, 498]
[289, 1029]
[289, 1369]
[289, 1496]
[289, 1852]
[290, 407]
[290, 560]
[290, 806]
[290, 1097]
[290, 1645]
[291, 378]
[291, 467]
[291, 764]
[291, 1530]
[291, 1824]
[292, 1043]
[292, 1217]
[292, 1247]
[292, 1870]
[292, 1926]
[292, 2242]
[293, 422]
[293, 1316]
[293, 1815]
[293, 2326]
[294, 326]
[294, 331]
[294, 662]
[294, 1272]
[294, 2173]
[294, 2301]
[295, 1269]
[295, 1396]
[295, 1504]
[295, 1878]
[295, 2130]
[296, 980]
[296, 1056]
[296, 1231]
[296, 1414]
[296, 1564]
[296, 1952]
[297, 333]
[297, 488]
[297, 866]
[297, 1268]
[297, 1478]
[297, 1810]
[298, 946]
[298, 1727]
[298, 1827]
[298, 1969]
[298, 2152]
[298, 2371]
[299, 385]
[299, 955]
[299, 966]
[299, 2050]
[299, 2291]
[300, 504]
[300, 674]
[300, 854]
[300, 2168]
[301, 1353]
[301, 1706]
[301, 1925]
[301, 1978]
[301, 2033]
[301, 2157]
[302, 661]
[302, 935]
[302, 1114]
[302, 1864]
[302, 1933]
[303, 325]
[303, 501]
[303, 809]
[303, 905]
[303, 1441]
[303, 1550]
[304, 319]
[304, 465]
[304, 833]
[304, 948]
[304, 1085]
[304, 2281]
[305, 705]
[305, 1125]
[305, 1261]
[305, 1816]
[306, 497]
[306, 848]
[306, 868]
[306, 2016]
[306, 2060]
[306, 2297]
[307, 459]
[307, 620]
[307, 1472]
[307, 1759]
[307, 1971]
[308, 622]
[308, 1079]
[308, 1168]
[308, 1415]
[308, 2233]
[308, 2385]
[309, 728]
[309, 736]
[309, 828]
[309, 867]
[309, 1463]
[309, 1566]
[310, 687]
[310, 697]
[310, 965]
[310, 1481]
[310, 1957]
[310, 2367]
[311, 1182]
[311, 1685]
[311, 1889]
[311, 1905]
[311, 2035]
[311, 2115]
[312, 486]
[312, 1004]
[312, 1401]
[312, 1596]
[312, 1756]
[312, 2022]
[313, 754]
[313, 846]
[313, 1463]
[313, 1566]
[313, 2089]
[313, 2383]
[314, 403]
[314, 438]
[314, 929]
[314, 1214]
[314, 1839]
[314, 2330]
[315, 1152]
[315, 1791]
[315, 1891]
[315, 2098]
[315, 2325]
[316, 1114]
[316, 1482]
[316, 1933]
[316, 1966]
[316, 2112]
[316, 2349]
[317, 1271]
[317, 1698]
[317, 1938]
[317, 2087]
[317, 2110]
[318, 386]
[318, 634]
[318, 735]
[318, 808]
[318, 1161]
[319, 492]
[319, 804]
[319, 1448]
[319, 1662]
[319, 2285]
[320, 846]
[320, 1310]
[320, 1633]
[320, 1996]
[320, 2170]
[321, 395]
[321, 413]
[321, 473]
[321, 777]
[321, 1613]
[321, 2086]
[322, 506]
[322, 580]
[322, 1383]
[322, 1677]
[322, 1699]
[322, 2300]
[323, 579]
[323, 626]
[323, 786]
[323, 1198]
[323, 2068]
[323, 2196]
[324, 440]
[324, 724]
[324, 776]
[324, 1241]
[324, 1945]
[324, 2244]
[325, 1208]
[325, 1676]
[325, 1828]
[325, 1962]
[325, 2276]
[326, 331]
[326, 865]
[326, 1471]
[326, 2173]
[327, 522]
[327, 547]
[327, 1826]
[327, 2008]
[327, 2338]
[328, 549]
[328, 662]
[328, 865]
[328, 1161]
[328, 1452]
[329, 748]
[329, 1017]
[329, 1201]
[329, 1612]
[329, 2263]
[329, 2310]
[330, 678]
[330, 920]
[330, 1024]
[330, 1301]
[330, 1762]
[330, 2273]
[331, 384]
[331, 957]
[331, 1807]
[331, 2173]
[332, 620]
[332, 676]
[332, 754]
[332, 1681]
[332, 2019]
[332, 2383]
[333, 613]
[333, 1169]
[333, 1173]
[333, 1280]
[333, 1821]
[334, 556]
[334, 1110]
[334, 1176]
[334, 1832]
[334, 2090]
[335, 520]
[335, 549]
[335, 834]
[335, 1647]
[335, 2387]
[336, 527]
[336, 928]
[336, 1067]
[336, 1221]
[336, 1393]
[337, 430]
[337, 924]
[337, 1845]
[337, 1877]
[338, 425]
[338, 488]
[338, 1035]
[338, 1478]
[338, 1763]
[338, 2233]
[339, 746]
[339, 1406]
[339, 1425]
[339, 1453]
[339, 2148]
[339, 2152]
[340, 389]
[340, 568]
[340, 916]
[340, 1001]
[340, 1038]
[340, 2220]
[341, 514]
[341, 798]
[341, 1777]
[341, 2295]
[341, 2358]
[342, 508]
[342, 1381]
[342, 1665]
[342, 1763]
[342, 1869]
[342, 2188]
[343, 377]
[343, 406]
[343, 898]
[343, 1874]
[343, 1967]
[344, 544]
[344, 1187]
[344, 1329]
[344, 1849]
[344, 1988]
[344, 2022]
[345, 1126]
[345, 1990]
[345, 2161]
[345, 2388]
[346, 932]
[346, 1377]
[346, 1418]
[346, 1893]
[346, 2348]
[347, 445]
[347, 818]
[347, 1682]
[347, 2193]
[347, 2262]
[348, 1015]
[348, 1114]
[348, 1502]
[348, 1663]
[348, 2010]
[348, 2104]
[349, 691]
[349, 734]
[349, 1663]
[349, 1985]
[349, 2010]
[350, 1219]
[350, 1586]
[350, 1655]
[351, 560]
[351, 738]
[351, 767]
[351, 1074]
[351, 1645]
[351, 1919]
[352, 631]
[352, 692]
[352, 1378]
[352, 1491]
[352, 1604]
[352, 2226]
[353, 813]
[353, 1305]
[353, 1750]
[353, 2072]
[353, 2155]
[354, 1881]
[354, 2112]
[354, 2278]
[354, 2317]
[354, 2349]
[355, 1102]
[355, 1108]
[355, 1246]
[355, 1289]
[355, 1423]
[355, 1848]
[356, 1071]
[356, 1345]
[356, 1714]
[356, 1735]
[356, 1969]
[356, 2371]
[357, 416]
[357, 1484]
[357, 2002]
[357, 2004]
[357, 2226]
[357, 2288]
[358, 650]
[358, 880]
[358, 1406]
[358, 1421]
[358, 1453]
[358, 2399]
[359, 482]
[359, 1535]
[359, 1758]
[359, 2011]
[360, 484]
[360, 762]
[360, 1244]
[360, 1563]
[360, 2105]
[361, 663]
[361, 760]
[361, 1129]
[361, 1547]
[361, 2373]
[362, 994]
[362, 1077]
[362, 2099]
[362, 2258]
[362, 2262]
[363, 1147]
[363, 1156]
[363, 1181]
[363, 1189]
[363, 1202]
[363, 2116]
[364, 900]
[364, 1542]
[364, 1594]
[364, 1890]
[364, 1896]
[365, 392]
[365, 505]
[365, 787]
[365, 1518]
[365, 1961]
[366, 367]
[366, 675]
[366, 897]
[366, 1117]
[366, 1252]
[366, 1438]
[367, 452]
[367, 1026]
[367, 1102]
[367, 1391]
[367, 1848]
[368, 451]
[368, 901]
[368, 924]
[368, 975]
[368, 1365]
[369, 515]
[369, 945]
[369, 1123]
[369, 1525]
[369, 2183]
[370, 672]
[370, 890]
[370, 998]
[370, 1294]
[370, 1454]
[370, 2332]
[371, 440]
[371, 459]
[371, 1177]
[371, 1376]
[371, 1585]
[372, 482]
[372, 976]
[372, 1119]
[372, 1120]
[372, 1680]
[372, 1934]
[373, 1164]
[373, 1481]
[373, 1700]
[373, 1932]
[373, 2096]
[373, 2247]
[374, 859]
[374, 1659]
[374, 1884]
[374, 2326]
[374, 2384]
[375, 841]
[375, 884]
[375, 1257]
[375, 1643]
[375, 2216]
[375, 2237]
[376, 1152]
[376, 1353]
[376, 1666]
[376, 1978]
[377, 788]
[377, 1874]
[377, 1943]
[377, 1967]
[377, 2205]
[378, 497]
[378, 868]
[378, 1238]
[378, 2080]
[379, 515]
[379, 1258]
[379, 1422]
[379, 1488]
[379, 1827]
[379, 2081]
[380, 524]
[380, 692]
[380, 1143]
[380, 1306]
[380, 1457]
[380, 1896]
[381, 705]
[381, 1192]
[381, 1379]
[381, 1617]
[381, 2026]
[382, 752]
[382, 755]
[382, 897]
[382, 1275]
[382, 1615]
[382, 2064]
[383, 402]
[383, 727]
[383, 1739]
[383, 1919]
[383, 2289]
[384, 1272]
[384, 1418]
[384, 1471]
[384, 1837]
[384, 1893]
[385, 923]
[385, 955]
[385, 1019]
[385, 1570]
[385, 2050]
[386, 549]
[386, 1171]
[386, 1701]
[387, 547]
[387, 691]
[387, 1341]
[387, 2302]
[388, 1041]
[388, 1480]
[388, 1815]
[388, 2326]
[389, 1049]
[389, 1180]
[389, 1909]
[389, 2294]
[390, 609]
[390, 614]
[390, 962]
[390, 1044]
[390, 1427]
[390, 2126]
[391, 394]
[391, 471]
[391, 959]
[391, 1125]
[391, 2093]
[391, 2117]
[392, 860]
[392, 974]
[392, 1548]
[392, 1923]
[393, 644]
[393, 1097]
[393, 1101]
[393, 1621]
[393, 2229]
[394, 656]
[394, 843]
[394, 1047]
[394, 2284]
[395, 413]
[395, 1273]
[395, 1333]
[395, 1613]
[396, 481]
[396, 541]
[396, 818]
[396, 973]
[396, 1273]
[396, 1650]
[397, 550]
[397, 797]
[397, 1087]
[397, 1384]
[397, 1588]
[397, 2241]
[398, 445]
[398, 617]
[398, 1200]
[398, 1693]
[398, 2176]
[398, 2212]
[399, 438]
[399, 1721]
[399, 2306]
[400, 424]
[400, 470]
[400, 1424]
[400, 1584]
[400, 2323]
[400, 2372]
[401, 428]
[401, 676]
[401, 754]
[401, 887]
[401, 1234]
[401, 2135]
[402, 703]
[402, 822]
[402, 1289]
[402, 1423]
[402, 1549]
[403, 645]
[403, 1214]
[403, 1537]
[403, 1839]
[404, 755]
[404, 870]
[404, 1275]
[404, 1794]
[404, 2138]
[404, 2315]
[405, 482]
[405, 1680]
[405, 1787]
[405, 2015]
[405, 2261]
[406, 543]
[406, 1150]
[406, 1509]
[406, 1538]
[406, 1943]
[407, 419]
[407, 474]
[407, 686]
[407, 832]
[407, 1660]
[408, 633]
[408, 1121]
[408, 1486]
[408, 1825]
[408, 1895]
[409, 666]
[409, 1177]
[409, 1224]
[409, 1876]
[410, 756]
[410, 914]
[410, 1179]
[410, 1627]
[410, 1942]
[411, 622]
[411, 646]
[411, 690]
[411, 815]
[411, 1410]
[411, 2385]
[412, 831]
[412, 1053]
[412, 1096]
[412, 1618]
[413, 886]
[413, 973]
[413, 1613]
[413, 2327]
[414, 531]
[414, 1094]
[414, 1553]
[414, 2322]
[415, 909]
[415, 1080]
[415, 1253]
[415, 1577]
[415, 2170]
[416, 882]
[416, 1439]
[416, 2003]
[416, 2069]
[417, 666]
[417, 1398]
[417, 1487]
[417, 1661]
[417, 2290]
[418, 697]
[418, 1135]
[418, 1957]
[418, 2057]
[418, 2350]
[419, 753]
[419, 1370]
[419, 1497]
[419, 1618]
[419, 2211]
[420, 486]
[420, 800]
[420, 919]
[420, 1596]
[420, 1833]
[420, 2249]
[421, 621]
[421, 764]
[421, 835]
[421, 1230]
[421, 1238]
[421, 1636]
[422, 920]
[422, 1041]
[422, 1350]
[422, 1815]
[423, 848]
[423, 2016]
[423, 2074]
[423, 2090]
[424, 537]
[424, 878]
[424, 1771]
[424, 2280]
[424, 2356]
[425, 1665]
[425, 1910]
[425, 1949]
[425, 2129]
[425, 2184]
[426, 1155]
[426, 1310]
[426, 1344]
[426, 1437]
[426, 1506]
[427, 751]
[427, 827]
[427, 840]
[427, 855]
[427, 970]
[428, 676]
[428, 1234]
[428, 1382]
[428, 2108]
[428, 2265]
[429, 1054]
[429, 1236]
[429, 1319]
[429, 2136]
[429, 2286]
[430, 451]
[430, 516]
[430, 1320]
[430, 1362]
[430, 1683]
[431, 581]
[431, 618]
[431, 855]
[431, 1290]
[431, 1555]
[431, 2285]
[432, 976]
[432, 1090]
[432, 1278]
[432, 1639]
[432, 1812]
[433, 538]
[433, 1201]
[433, 2052]
[433, 2310]
[434, 845]
[434, 924]
[434, 962]
[434, 2347]
[434, 2366]
[435, 446]
[435, 540]
[435, 1204]
[435, 1321]
[435, 1454]
[435, 1745]
[436, 563]
[436, 932]
[436, 1418]
[436, 2114]
[436, 2228]
[437, 454]
[437, 730]
[437, 1028]
[437, 1170]
[437, 1856]
[438, 978]
[438, 1537]
[438, 1563]
[439, 521]
[439, 604]
[439, 660]
[439, 1433]
[439, 1608]
[440, 1034]
[440, 1154]
[440, 1861]
[441, 693]
[441, 1434]
[441, 1543]
[441, 2131]
[442, 519]
[442, 796]
[442, 948]
[442, 1076]
[442, 1559]
[442, 2351]
[443, 554]
[443, 680]
[443, 1330]
[443, 1586]
[443, 1719]
[444, 872]
[444, 941]
[444, 1203]
[444, 1402]
[444, 1552]
[444, 2392]
[445, 994]
[445, 1682]
[445, 1950]
[445, 2193]
[446, 518]
[446, 573]
[446, 1328]
[446, 1651]
[446, 1775]
[447, 507]
[447, 576]
[447, 1051]
[447, 1335]
[447, 1684]
[447, 2150]
[448, 661]
[448, 691]
[448, 1069]
[448, 1299]
[448, 2302]
[449, 569]
[449, 673]
[449, 986]
[449, 2324]
[450, 702]
[450, 963]
[450, 1159]
[450, 2289]
[450, 2375]
[451, 1115]
[451, 2049]
[451, 2071]
[451, 2153]
[452, 803]
[452, 951]
[452, 1308]
[452, 2178]
[452, 2381]
[453, 930]
[453, 1129]
[453, 1184]
[453, 2024]
[453, 2046]
[454, 730]
[454, 1170]
[454, 1526]
[454, 2021]
[454, 2166]
[455, 1039]
[455, 1223]
[455, 1419]
[455, 1975]
[455, 1981]
[456, 701]
[456, 780]
[456, 1325]
[456, 1471]
[456, 1580]
[457, 551]
[457, 636]
[457, 655]
[457, 996]
[457, 1031]
[458, 814]
[458, 1185]
[458, 1436]
[459, 1154]
[459, 1376]
[459, 1585]
[460, 769]
[460, 817]
[460, 1199]
[460, 1225]
[460, 1706]
[460, 2345]
[461, 645]
[461, 835]
[461, 1288]
[461, 1928]
[461, 2038]
[462, 1465]
[462, 1855]
[462, 1990]
[462, 2336]
[462, 2341]
[462, 2388]
[463, 532]
[463, 2020]
[463, 2127]
[463, 2382]
[464, 598]
[464, 974]
[464, 1399]
[464, 1548]
[464, 1997]
[464, 2247]
[465, 519]
[465, 833]
[465, 1946]
[465, 2281]
[465, 2363]
[466, 652]
[466, 1009]
[466, 1629]
[466, 1875]
[466, 1989]
[467, 600]
[467, 1712]
[467, 2008]
[467, 2287]
[467, 2338]
[468, 595]
[468, 1164]
[468, 1277]
[468, 1932]
[468, 1980]
[469, 923]
[469, 934]
[469, 955]
[469, 1308]
[469, 1544]
[470, 1445]
[470, 1567]
[470, 1764]
[470, 1872]
[470, 2095]
[471, 843]
[471, 902]
[471, 1816]
[471, 2093]
[471, 2117]
[472, 640]
[472, 1129]
[472, 1468]
[472, 1999]
[472, 2005]
[473, 874]
[473, 1081]
[473, 1255]
[474, 686]
[474, 832]
[474, 1097]
[474, 1618]
[474, 2199]
[475, 696]
[475, 1130]
[475, 1799]
[475, 1800]
[475, 1995]
[476, 710]
[476, 1594]
[476, 1749]
[476, 1804]
[477, 1152]
[477, 1435]
[477, 1747]
[477, 1924]
[478, 829]
[478, 1005]
[478, 1428]
[478, 1855]
[478, 2165]
[479, 1056]
[479, 1779]
[479, 1952]
[479, 2000]
[479, 2357]
[840, 985]
[840, 1070]
[840, 1163]
[840, 1946]
[841, 1485]
[841, 1947]
[841, 2298]
[842, 1185]
[842, 1862]
[842, 2124]
[843, 1047]
[843, 2210]
[843, 2284]
[844, 903]
[844, 1227]
[844, 1634]
[844, 1733]
[844, 1959]
[844, 2305]
[845, 924]
[845, 2347]
[846, 1297]
[846, 1633]
[846, 1899]
[847, 1035]
[847, 1380]
[847, 1397]
[847, 1533]
[847, 1763]
[847, 1869]
[848, 967]
[848, 1495]
[848, 2074]
[849, 979]
[849, 1157]
[849, 1730]
[849, 2141]
[850, 1064]
[850, 1078]
[850, 1303]
[850, 1876]
[850, 1912]
[851, 903]
[851, 1331]
[851, 1634]
[851, 1998]
[851, 2073]
[851, 2269]
[852, 1716]
[852, 1927]
[852, 2200]
[853, 862]
[853, 886]
[853, 1127]
[853, 1474]
[853, 2049]
[853, 2208]
[854, 1218]
[854, 1882]
[854, 1970]
[854, 2102]
[855, 1290]
[855, 1662]
[856, 1093]
[856, 1237]
[856, 1599]
[856, 1959]
[856, 2158]
[857, 861]
[857, 1003]
[857, 1371]
[858, 1081]
[858, 1165]
[858, 1385]
[858, 1479]
[858, 1732]
[858, 1920]
[859, 1607]
[859, 1885]
[860, 1277]
[860, 1332]
[860, 1548]
[860, 1997]
[861, 875]
[861, 1235]
[861, 1669]
[861, 1672]
[862, 1115]
[862, 1267]
[862, 2049]
[862, 2208]
[863, 1292]
[863, 1446]
[864, 1111]
[864, 1550]
[864, 1730]
[864, 1882]
[864, 2141]
[865, 1654]
[866, 1953]
[866, 2043]
[866, 2139]
[866, 2186]
[866, 2299]
[867, 1475]
[867, 1773]
[867, 1917]
[868, 1016]
[868, 2080]
[869, 1213]
[869, 1226]
[869, 1319]
[869, 1974]
[870, 1139]
[870, 1349]
[870, 1611]
[870, 2348]
[871, 1334]
[871, 1897]
[871, 2062]
[871, 2271]
[872, 959]
[872, 1412]
[872, 1795]
[872, 2093]
[873, 1066]
[873, 1526]
[873, 2245]
[873, 2337]
[874, 1138]
[874, 1385]
[875, 933]
[875, 1003]
[875, 1235]
[875, 1672]
[875, 1825]
[876, 1652]
[876, 2150]
[877, 1055]
[877, 1061]
[877, 1519]
[877, 1702]
[877, 2083]
[878, 1424]
[878, 1473]
[878, 1927]
[878, 2280]
[878, 2356]
[879, 1370]
[879, 1664]
[879, 2229]
[880, 944]
[880, 945]
[880, 946]
[880, 1727]
[880, 2183]
[881, 1277]
[881, 1980]
[881, 1986]
[881, 2167]
[882, 953]
[882, 1439]
[882, 1802]
[882, 2004]
[883, 999]
[883, 1226]
[883, 1295]
[883, 1399]
[883, 1974]
[884, 1643]
[884, 1746]
[884, 1805]
[884, 2207]
[884, 2216]
[885, 1381]
[885, 1788]
[885, 1801]
[885, 1844]
[885, 2256]
[886, 1333]
[886, 2086]
[886, 2092]
[887, 1144]
[887, 1352]
[887, 1379]
[887, 2108]
[887, 2113]
[888, 889]
[888, 1244]
[888, 1311]
[888, 1435]
[889, 1016]
[889, 1435]
[889, 1924]
[889, 2397]
[890, 998]
[890, 1204]
[890, 1454]
[891, 1652]
[891, 1762]
[891, 1766]
[891, 2177]
[891, 2346]
[892, 1257]
[892, 1436]
[892, 1514]
[892, 1643]
[892, 1805]
[893, 1356]
[893, 1515]
[893, 1516]
[893, 2223]
[894, 896]
[894, 1283]
[894, 2028]
[894, 2146]
[894, 2159]
[894, 2398]
[895, 974]
[895, 1389]
[895, 1806]
[895, 2025]
[896, 1283]
[896, 2146]
[896, 2203]
[897, 951]
[897, 1275]
[897, 1820]
[898, 2099]
[898, 2121]
[898, 2205]
[898, 2262]
[899, 921]
[899, 1034]
[899, 1078]
[899, 1590]
[899, 1861]
[899, 1879]
[900, 1542]
[901, 975]
[901, 1480]
[901, 2071]
[901, 2347]
[902, 937]
[902, 1190]
[902, 1408]
[903, 936]
[903, 1956]
[903, 1998]
[903, 2269]
[904, 977]
[904, 1786]
[904, 1834]
[904, 2011]
[905, 2276]
[905, 2389]
[906, 1251]
[906, 1281]
[906, 1730]
[906, 1803]
[906, 1908]
[906, 2365]
[907, 1420]
[907, 1696]
[907, 1992]
[908, 1249]
[908, 1465]
[908, 1467]
[908, 1867]
[908, 1897]
[908, 2341]
[909, 1040]
[909, 1080]
[909, 1577]
[909, 1899]
[910, 1543]
[910, 1628]
[910, 1752]
[910, 2297]
[911, 1143]
[911, 1306]
[911, 1710]
[911, 2014]
[912, 1228]
[912, 1511]
[912, 1715]
[913, 1022]
[913, 1095]
[913, 1659]
[913, 1726]
[913, 2384]
[914, 962]
[914, 1179]
[914, 1193]
[914, 1346]
[914, 1942]
[915, 931]
[915, 1229]
[915, 1631]
[915, 1716]
[915, 2266]
[916, 1199]
[916, 1554]
[916, 1842]
[916, 2333]
[917, 1388]
[917, 1395]
[917, 1773]
[917, 1840]
[918, 971]
[918, 1512]
[918, 1784]
[918, 2009]
[918, 2103]
[918, 2265]
[919, 1008]
[919, 1596]
[919, 1833]
[919, 2137]
[919, 2308]
[920, 1202]
[920, 1266]
[921, 1106]
[921, 1263]
[921, 1865]
[921, 2061]
[922, 1031]
[922, 1263]
[922, 1941]
[922, 1945]
[923, 1544]
[923, 2147]
[923, 2178]
[924, 2347]
[925, 1581]
[925, 1765]
[925, 2332]
[925, 2360]
[926, 967]
[926, 1142]
[926, 1239]
[926, 1373]
[926, 2201]
[927, 1060]
[927, 1853]
[927, 2057]
[927, 2078]
[927, 2350]
[928, 1221]
[928, 2096]
[928, 2125]
[928, 2174]
[929, 1678]
[929, 1721]
[930, 1184]
[930, 1313]
[930, 2275]
[931, 1425]
[931, 1716]
[931, 2266]
[932, 1123]
[932, 1296]
[932, 2228]
[933, 1961]
[933, 1982]
[933, 2254]
[933, 2342]
[934, 1954]
[934, 2253]
[935, 939]
[935, 1107]
[935, 1186]
[935, 1579]
[936, 1050]
[936, 1098]
[936, 1203]
[936, 2073]
[937, 1408]
[937, 1731]
[937, 2117]
[938, 1184]
[938, 1880]
[938, 1911]
[938, 2046]
[938, 2275]
[939, 1107]
[939, 1579]
[939, 2154]
[940, 1238]
[940, 2303]
[941, 1402]
[941, 1412]
[941, 1737]
[941, 2392]
[942, 1165]
[942, 1683]
[942, 2035]
[942, 2115]
[943, 1264]
[943, 1405]
[943, 1593]
[943, 2031]
[943, 2162]
[943, 2323]
[944, 1123]
[944, 1727]
[944, 1748]
[944, 2183]
[945, 1123]
[945, 2228]
[946, 1422]
[946, 1827]
[946, 2070]
[946, 2371]
[947, 2041]
[948, 1076]
[949, 1322]
[949, 1529]
[949, 1771]
[949, 1850]
[949, 2215]
[949, 2356]
[950, 1063]
[950, 1496]
[950, 1621]
[950, 1704]
[950, 1852]
[950, 2125]
[951, 1367]
[951, 1615]
[951, 2296]
[952, 1873]
[953, 1773]
[953, 2003]
[953, 2051]
[954, 1783]
[954, 1867]
[954, 2161]
[954, 2246]
[955, 1458]
[955, 2050]
[956, 1040]
[956, 1093]
[956, 1599]
[956, 1600]
[956, 2322]
[957, 1446]
[957, 1568]
[957, 1875]
[957, 1989]
[958, 1087]
[958, 1384]
[958, 1556]
[959, 1068]
[959, 1412]
[120, 854]
[120, 1218]
[120, 1441]
[120, 1830]
[120, 2102]
[120, 2268]
[121, 600]
[121, 983]
[121, 1340]
[121, 1443]
[121, 1752]
[121, 2235]
[122, 951]
[122, 1019]
[122, 1314]
[122, 1367]
[122, 1615]
[122, 2178]
[123, 187]
[123, 540]
[123, 630]
[123, 1007]
[123, 1829]
[124, 1503]
[124, 1512]
[124, 1796]
[124, 1892]
[124, 2103]
[124, 2179]
[125, 403]
[125, 774]
[125, 1853]
[125, 2078]
[125, 2140]
[125, 2330]
[126, 862]
[126, 886]
[126, 942]
[126, 1333]
[126, 1903]
[126, 2086]
[127, 195]
[127, 507]
[127, 1084]
[127, 1183]
[127, 1743]
[127, 1835]
[128, 129]
[128, 241]
[128, 555]
[128, 689]
[128, 1094]
[129, 199]
[129, 350]
[129, 555]
[129, 1094]
[129, 1522]
[130, 636]
[130, 682]
[130, 1037]
[130, 1153]
[130, 1327]
[130, 1609]
[131, 472]
[131, 573]
[131, 993]
[131, 1270]
[131, 1603]
[131, 1745]
[132, 1873]
[132, 1895]
[132, 1915]
[132, 1922]
[133, 1301]
[133, 1395]
[133, 1632]
[133, 1906]
[133, 2013]
[133, 2273]
[134, 490]
[134, 506]
[134, 549]
[134, 834]
[134, 1004]
[134, 1383]
[135, 802]
[135, 1242]
[135, 1567]
[135, 1764]
[135, 1772]
[135, 2275]
[136, 902]
[136, 937]
[136, 1203]
[136, 1408]
[136, 1956]
[136, 2093]
[137, 577]
[137, 667]
[137, 775]
[137, 1108]
[137, 1246]
[137, 1368]
[138, 369]
[138, 436]
[138, 945]
[138, 1123]
[138, 1292]
[138, 1837]
[139, 671]
[139, 820]
[139, 936]
[139, 989]
[139, 1552]
[139, 2305]
[140, 315]
[140, 477]
[140, 654]
[140, 707]
[140, 1791]
[140, 2098]
[141, 144]
[141, 353]
[141, 572]
[141, 1404]
[141, 1624]
[141, 1738]
[142, 729]
[142, 872]
[142, 959]
[142, 1412]
[142, 2117]
[142, 2392]
[143, 587]
[143, 793]
[143, 859]
[143, 1248]
[143, 1607]
[143, 2384]
[144, 217]
[144, 817]
[144, 1706]
[144, 2250]
[144, 2368]
[145, 1152]
[145, 1239]
[145, 1902]
[145, 2055]
[146, 566]
[146, 591]
[146, 608]
[146, 1220]
[146, 1334]
[146, 1845]
[147, 176]
[147, 399]
[147, 978]
[147, 1300]
[147, 1614]
[148, 416]
[148, 882]
[148, 1439]
[148, 1484]
[148, 1723]
[148, 1836]
[149, 386]
[149, 634]
[149, 718]
[149, 811]
[149, 1171]
[150, 964]
[150, 999]
[150, 1295]
[150, 1389]
[150, 1668]
[150, 1669]
[151, 159]
[151, 254]
[151, 1060]
[151, 1136]
[151, 1343]
[151, 2109]
[152, 744]
[152, 1668]
[152, 1823]
[152, 1879]
[152, 2061]
[152, 2142]
[153, 257]
[153, 617]
[153, 896]
[153, 1576]
[153, 2176]
[153, 2369]
[154, 793]
[154, 913]
[154, 1332]
[154, 1923]
[154, 2329]
[155, 328]
[155, 335]
[155, 662]
[155, 865]
[155, 1778]
[155, 2173]
[156, 493]
[156, 820]
[156, 1212]
[156, 1352]
[156, 2108]
[156, 2305]
[157, 418]
[157, 605]
[157, 619]
[157, 842]
[157, 1185]
[157, 1862]
[158, 440]
[158, 1034]
[158, 1154]
[158, 1585]
[158, 1590]
[158, 2065]
[159, 254]
[159, 645]
[159, 1091]
[159, 1853]
[159, 2109]
[160, 412]
[160, 449]
[160, 593]
[160, 673]
[160, 982]
[160, 2324]
[161, 677]
[161, 694]
[161, 741]
[161, 1002]
[161, 1012]
[161, 1527]
[162, 318]
[162, 483]
[162, 720]
[162, 971]
[162, 1082]
[162, 1688]
[163, 537]
[163, 852]
[163, 931]
[163, 1927]
[163, 2280]
[163, 2364]
[164, 286]
[164, 1227]
[164, 1261]
[164, 1729]
[164, 1956]
[165, 218]
[165, 254]
[165, 645]
[165, 1317]
[165, 1808]
[165, 1839]
[166, 405]
[166, 839]
[166, 1119]
[166, 1606]
[166, 1680]
[166, 2015]
[167, 219]
[167, 679]
[167, 1064]
[167, 1400]
[167, 1707]
[167, 1717]
[168, 688]
[168, 1158]
[168, 1891]
[168, 2033]
[168, 2123]
[169, 461]
[169, 816]
[169, 1230]
[169, 1288]
[169, 1808]
[169, 2038]
[170, 212]
[170, 1018]
[170, 1498]
[170, 1622]
[170, 1846]
[170, 1993]
[171, 210]
[171, 473]
[171, 874]
[171, 1030]
[171, 1337]
[171, 1613]
[172, 359]
[172, 423]
[172, 838]
[172, 1459]
[172, 1495]
[172, 2261]
[173, 305]
[173, 794]
[173, 1303]
[173, 1592]
[173, 1912]
[173, 1977]
[174, 255]
[174, 512]
[174, 1363]
[174, 1755]
[174, 1979]
[175, 703]
[175, 1438]
[175, 1689]
[175, 1799]
[175, 2278]
[175, 2317]
[176, 284]
[176, 399]
[176, 591]
[176, 1658]
[177, 179]
[177, 186]
[177, 601]
[177, 1687]
[177, 2040]
[177, 2264]
[178, 186]
[178, 760]
[178, 1133]
[178, 1236]
[178, 2359]
[178, 2373]
[179, 1116]
[179, 1236]
[179, 1498]
[179, 1843]
[179, 2380]
[180, 605]
[180, 625]
[180, 1307]
[180, 1338]
[180, 1862]
[180, 2077]
[181, 249]
[181, 1447]
[181, 2082]
[181, 2106]
[181, 2116]
[181, 2188]
[182, 672]
[182, 749]
[182, 1454]
[182, 1697]
[182, 2024]
[182, 2204]
[183, 713]
[183, 1789]
[183, 2075]
[183, 2180]
[183, 2203]
[183, 2236]
[184, 295]
[184, 602]
[184, 1536]
[184, 2153]
[185, 576]
[185, 1269]
[185, 1554]
[185, 1684]
[185, 1842]
[186, 803]
[186, 1754]
[186, 2084]
[187, 598]
[187, 1523]
[187, 1757]
[187, 2036]
[187, 2247]
[188, 374]
[188, 388]
[188, 1095]
[188, 1884]
[188, 2366]
[188, 2384]
[189, 747]
[189, 1526]
[189, 1713]
[189, 2169]
[189, 2245]
[189, 2353]
[190, 668]
[190, 731]
[190, 1036]
[190, 1670]
[190, 2062]
[190, 2316]
[191, 879]
[191, 1151]
[191, 1240]
[191, 1608]
[191, 1694]
[191, 1751]
[192, 346]
[192, 563]
[192, 1139]
[192, 1377]
[192, 1418]
[192, 1929]
[193, 743]
[193, 1045]
[193, 1047]
[193, 1184]
[193, 1493]
[194, 896]
[194, 1766]
[194, 1781]
[194, 2075]
[194, 2159]
[194, 2346]
[195, 654]
[195, 1084]
[195, 1387]
[195, 1835]
[195, 2240]
[196, 890]
[196, 1042]
[196, 1046]
[196, 1294]
[196, 1302]
[196, 2143]
[197, 538]
[197, 759]
[197, 805]
[197, 995]
[197, 1713]
[198, 604]
[198, 715]
[198, 791]
[198, 1000]
[198, 1329]
[198, 1433]
[199, 443]
[199, 657]
[199, 807]
[199, 922]
[199, 1253]
[200, 856]
[200, 1093]
[200, 1237]
[200, 1336]
[200, 1602]
[200, 1634]
[201, 586]
[201, 836]
[201, 893]
[201, 1356]
[202, 1043]
[202, 1309]
[202, 1725]
[202, 1960]
[202, 1983]
[202, 2315]
[203, 718]
[203, 1293]
[203, 1725]
[203, 1728]
[203, 2321]
[204, 589]
[204, 704]
[204, 952]
[204, 1087]
[204, 2054]
[205, 458]
[205, 499]
[205, 522]
[205, 892]
[205, 1257]
[205, 1805]
[206, 600]
[206, 623]
[206, 1052]
[206, 2016]
[206, 2029]
[206, 2287]
[207, 266]
[207, 433]
[207, 441]
[207, 759]
[207, 1434]
[208, 293]
[208, 422]
[208, 1266]
[208, 1426]
[208, 1815]
[208, 1906]
[209, 599]
[209, 895]
[209, 1997]
[209, 2025]
[210, 395]
[210, 473]
[210, 874]
[210, 1742]
[210, 1920]
[211, 1290]
[211, 1555]
[211, 1562]
[211, 1638]
[211, 2104]
[212, 562]
[212, 1053]
[212, 1314]
[212, 1637]
[213, 628]
[213, 1116]
[213, 1213]
[213, 1287]
[213, 2118]
[213, 2380]
[214, 653]
[214, 902]
[214, 1055]
[214, 1956]
[214, 1964]
[215, 279]
[215, 544]
[215, 550]
[215, 1043]
[215, 1725]
[215, 2241]
[216, 961]
[216, 1344]
[216, 1395]
[216, 1506]
[216, 1818]
[216, 2013]
[217, 232]
[217, 389]
[217, 817]
[217, 1199]
[217, 2250]
[218, 645]
[218, 1214]
[218, 1288]
[218, 1808]
[218, 2161]
[219, 1707]
[219, 1717]
[219, 1979]
[219, 2134]
[220, 253]
[220, 1527]
[220, 1614]
[220, 1623]
[220, 1708]
[220, 1858]
[221, 954]
[221, 1751]
[221, 1783]
[221, 2027]
[221, 2246]
[221, 2341]
[222, 270]
[222, 410]
[222, 1346]
[222, 1710]
[222, 1854]
[222, 1890]
[223, 387]
[223, 1160]
[223, 1188]
[223, 1462]
[223, 1560]
[224, 437]
[224, 1524]
[224, 1813]
[224, 1994]
[224, 2110]
[224, 2166]
[225, 412]
[225, 562]
[225, 831]
[225, 1096]
[225, 1497]
[225, 1556]
[226, 1749]
[226, 1955]
[226, 2032]
[226, 2120]
[227, 359]
[227, 455]
[227, 1734]
[227, 1798]
[227, 2007]
[227, 2090]
[228, 1222]
[228, 1927]
[228, 2200]
[228, 2320]
[228, 2364]
[228, 2379]
[229, 427]
[229, 658]
[229, 751]
[229, 827]
[229, 985]
[229, 1744]
[230, 337]
[230, 1081]
[230, 1479]
[230, 1489]
[230, 1574]
[230, 1898]
[231, 792]
[231, 811]
[231, 1065]
[231, 1171]
[231, 1699]
[231, 1701]
[232, 376]
[232, 1137]
[232, 2201]
[232, 2368]
[233, 383]
[233, 450]
[233, 727]
[233, 738]
[233, 1549]
[233, 1919]
[234, 350]
[234, 555]
[234, 681]
[234, 1219]
[234, 1519]
[235, 552]
[235, 907]
[235, 1086]
[235, 1394]
[235, 1905]
[235, 2160]
[236, 641]
[236, 796]
[236, 948]
[236, 1392]
[236, 1527]
[236, 1623]
[237, 334]
[237, 423]
[237, 693]
[237, 848]
[237, 2060]
[237, 2074]
[238, 993]
[238, 1088]
[238, 1321]
[238, 1745]
[238, 1871]
[238, 2181]
[239, 610]
[239, 651]
[239, 1065]
[239, 1087]
[239, 1293]
[239, 1565]
[720, 1583]
[720, 1587]
[720, 1688]
[721, 985]
[721, 1166]
[721, 1186]
[721, 1926]
[722, 1779]
[722, 2000]
[722, 2187]
[723, 1148]
[723, 1885]
[723, 1976]
[723, 2127]
[724, 1154]
[724, 1155]
[724, 1241]
[724, 1971]
[724, 2244]
[725, 781]
[725, 1589]
[725, 1704]
[725, 2283]
[726, 1450]
[726, 1502]
[726, 2104]
[726, 2114]
[726, 2228]
[727, 767]
[727, 1919]
[728, 972]
[728, 1904]
[728, 2028]
[728, 2063]
[728, 2146]
[729, 766]
[729, 1057]
[729, 1068]
[729, 1777]
[729, 2253]
[730, 1122]
[730, 1170]
[730, 1676]
[731, 871]
[731, 1392]
[731, 1467]
[731, 1897]
[731, 2271]
[732, 881]
[732, 929]
[732, 1492]
[732, 1980]
[732, 1986]
[732, 2234]
[733, 1489]
[733, 1648]
[733, 1898]
[733, 2396]
[734, 1502]
[734, 1985]
[734, 2010]
[734, 2058]
[735, 808]
[735, 1131]
[735, 1351]
[736, 828]
[736, 972]
[736, 1032]
[736, 1463]
[736, 1917]
[737, 975]
[737, 981]
[737, 1193]
[737, 1350]
[737, 1365]
[738, 767]
[738, 806]
[738, 1645]
[738, 1881]
[739, 1880]
[739, 1911]
[739, 1936]
[739, 2095]
[739, 2210]
[739, 2239]
[740, 1359]
[740, 1496]
[740, 1982]
[740, 2118]
[740, 2254]
[741, 1002]
[741, 1858]
[741, 2274]
[742, 814]
[742, 1464]
[742, 1746]
[743, 843]
[743, 930]
[743, 1045]
[743, 1592]
[744, 1400]
[744, 1521]
[744, 1823]
[744, 2136]
[744, 2142]
[745, 813]
[745, 907]
[745, 1009]
[745, 1149]
[745, 1305]
[745, 1696]
[746, 1453]
[746, 1800]
[746, 2148]
[747, 1066]
[747, 1940]
[747, 2171]
[747, 2245]
[747, 2353]
[748, 1477]
[748, 1628]
[748, 2297]
[749, 1129]
[749, 1547]
[749, 1745]
[749, 2286]
[750, 790]
[750, 1649]
[750, 2002]
[750, 2014]
[750, 2045]
[751, 827]
[751, 1841]
[752, 897]
[752, 1252]
[752, 1275]
[752, 2138]
[753, 1247]
[753, 1429]
[753, 1870]
[753, 2272]
[754, 1472]
[754, 1681]
[755, 1112]
[755, 1983]
[755, 2138]
[755, 2315]
[756, 997]
[756, 1008]
[756, 1649]
[756, 1900]
[757, 775]
[757, 825]
[757, 915]
[757, 1108]
[757, 1767]
[757, 1936]
[758, 1083]
[758, 1413]
[758, 1417]
[758, 1851]
[758, 2334]
[758, 2352]
[759, 1258]
[759, 1488]
[759, 2131]
[760, 1133]
[760, 1360]
[760, 2359]
[761, 1673]
[761, 1857]
[762, 1354]
[762, 1630]
[762, 1791]
[763, 1323]
[763, 1520]
[763, 1670]
[763, 2091]
[764, 1091]
[764, 1136]
[764, 1341]
[765, 1225]
[765, 1903]
[765, 2092]
[765, 2107]
[766, 934]
[766, 1057]
[766, 1068]
[767, 1188]
[767, 1645]
[767, 2278]
[768, 1668]
[768, 1669]
[768, 1749]
[768, 1804]
[769, 916]
[769, 1554]
[769, 2107]
[769, 2220]
[769, 2333]
[770, 1313]
[770, 1697]
[770, 2024]
[770, 2079]
[771, 845]
[771, 1671]
[771, 2056]
[771, 2366]
[772, 1410]
[772, 1593]
[772, 2168]
[772, 2385]
[773, 1430]
[773, 1545]
[773, 2164]
[773, 2398]
[774, 839]
[774, 1090]
[774, 1244]
[774, 1260]
[774, 2015]
[775, 825]
[775, 1507]
[775, 1911]
[775, 1936]
[776, 1080]
[776, 1899]
[776, 1971]
[776, 2170]
[777, 997]
[777, 1021]
[777, 1802]
[777, 1836]
[777, 2327]
[778, 791]
[778, 1163]
[778, 1720]
[779, 873]
[779, 984]
[779, 1281]
[779, 1640]
[779, 2260]
[779, 2376]
[780, 865]
[780, 1161]
[780, 1351]
[780, 1851]
[781, 799]
[781, 1063]
[781, 1558]
[781, 1704]
[782, 1276]
[782, 1473]
[782, 2031]
[782, 2356]
[782, 2390]
[783, 1027]
[783, 1381]
[783, 2188]
[783, 2344]
[784, 793]
[784, 881]
[784, 1332]
[784, 1885]
[784, 2127]
[784, 2234]
[785, 1807]
[785, 1991]
[785, 2195]
[785, 2301]
[786, 1703]
[786, 2196]
[786, 2260]
[786, 2337]
[787, 861]
[787, 933]
[787, 1295]
[787, 1982]
[787, 2342]
[788, 1736]
[788, 1940]
[788, 2169]
[788, 2353]
[789, 934]
[789, 1047]
[789, 1507]
[789, 1544]
[789, 2253]
[790, 911]
[790, 1306]
[790, 1386]
[790, 1457]
[790, 1710]
[791, 985]
[791, 1163]
[791, 1988]
[792, 811]
[792, 1347]
[792, 1701]
[792, 1790]
[793, 1885]
[793, 1986]
[793, 2234]
[794, 1279]
[794, 1865]
[795, 1679]
[795, 1952]
[795, 2322]
[796, 871]
[796, 1392]
[796, 1623]
[796, 1708]
[797, 1384]
[797, 1556]
[797, 2272]
[798, 1259]
[798, 1611]
[798, 2314]
[798, 2348]
[799, 1221]
[799, 1589]
[799, 2096]
[799, 2309]
[800, 874]
[800, 1008]
[800, 1030]
[800, 1255]
[801, 857]
[801, 1003]
[801, 1561]
[801, 1598]
[801, 2126]
[802, 1162]
[802, 1242]
[802, 1445]
[802, 1567]
[802, 1581]
[803, 1159]
[803, 1754]
[803, 2040]
[803, 2084]
[804, 1017]
[804, 2189]
[804, 2393]
[805, 995]
[805, 1355]
[805, 1713]
[805, 2245]
[806, 832]
[806, 1097]
[807, 1080]
[807, 1253]
[807, 1945]
[808, 1688]
[808, 2227]
[809, 864]
[809, 905]
[809, 1970]
[810, 1233]
[810, 1492]
[810, 1980]
[810, 2078]
[810, 2167]
[810, 2367]
[811, 1587]
[811, 1667]
[811, 1701]
[812, 1148]
[812, 1278]
[812, 1492]
[812, 1639]
[812, 1914]
[812, 2361]
[813, 907]
[813, 1086]
[813, 1696]
[814, 1436]
[814, 1805]
[814, 1862]
[815, 1219]
[815, 1591]
[816, 826]
[816, 1783]
[816, 1817]
[817, 1624]
[817, 2250]
[817, 2294]
[818, 1432]
[818, 2121]
[819, 1002]
[819, 1012]
[819, 1612]
[819, 1978]
[819, 2263]
[819, 2274]
[820, 989]
[820, 1657]
[820, 2362]
[821, 912]
[821, 993]
[821, 1067]
[821, 2088]
[822, 1130]
[822, 1514]
[822, 2298]
[823, 1286]
[823, 1509]
[823, 1538]
[823, 2191]
[824, 885]
[824, 1020]
[824, 1210]
[824, 1801]
[824, 1844]
[825, 1348]
[825, 1716]
[825, 1936]
[825, 2239]
[826, 939]
[826, 1085]
[826, 1299]
[826, 2363]
[827, 990]
[827, 1070]
[827, 1290]
[828, 1463]
[828, 1475]
[828, 2223]
[828, 2383]
[829, 1029]
[829, 1369]
[829, 1483]
[829, 1901]
[829, 1961]
[830, 1019]
[830, 1104]
[830, 1458]
[830, 1819]
[830, 2050]
[831, 958]
[831, 1096]
[831, 2211]
[831, 2324]
[832, 1820]
[832, 2296]
[833, 840]
[833, 1076]
[833, 1662]
[833, 2281]
[834, 1004]
[834, 1756]
[835, 1091]
[835, 1230]
[835, 2303]
[836, 1033]
[836, 2258]
[836, 2262]
[837, 1227]
[837, 1577]
[837, 1729]
[837, 1959]
[837, 2026]
[838, 1459]
[838, 1495]
[838, 2011]
[838, 2055]
[838, 2074]
[839, 1090]
[839, 1260]
[839, 2105]
[480, 564]
[480, 1511]
[480, 1589]
[480, 2194]
[480, 2251]
[480, 2350]
[481, 973]
[481, 1273]
[481, 1613]
[481, 1723]
[481, 2097]
[482, 1039]
[482, 1119]
[482, 1934]
[483, 720]
[483, 1688]
[483, 1796]
[483, 2034]
[483, 2224]
[484, 888]
[484, 889]
[484, 968]
[484, 1435]
[484, 1747]
[485, 551]
[485, 1075]
[485, 1389]
[485, 1494]
[485, 1668]
[485, 2145]
[486, 1138]
[486, 1187]
[486, 1401]
[486, 1756]
[487, 702]
[487, 1097]
[487, 1109]
[487, 1287]
[487, 1687]
[487, 2264]
[488, 1035]
[488, 1168]
[488, 1397]
[488, 2233]
[489, 608]
[489, 771]
[489, 1671]
[489, 1884]
[489, 2347]
[489, 2366]
[490, 588]
[490, 1452]
[490, 1461]
[490, 1935]
[491, 578]
[491, 713]
[491, 1128]
[491, 2203]
[491, 2398]
[492, 639]
[492, 987]
[492, 1863]
[492, 2133]
[493, 989]
[493, 1195]
[493, 1352]
[493, 1634]
[493, 2305]
[494, 929]
[494, 1126]
[494, 1248]
[494, 1678]
[494, 1986]
[495, 815]
[495, 1264]
[495, 1616]
[495, 1702]
[495, 2083]
[496, 648]
[496, 1005]
[496, 1010]
[496, 1092]
[496, 1206]
[496, 1642]
[497, 600]
[497, 910]
[497, 2016]
[497, 2060]
[498, 648]
[498, 879]
[498, 982]
[498, 986]
[498, 1010]
[499, 1307]
[499, 1338]
[499, 1339]
[499, 2192]
[499, 2338]
[500, 876]
[500, 1105]
[500, 1447]
[500, 1743]
[501, 809]
[501, 905]
[501, 1111]
[501, 1331]
[501, 1962]
[502, 867]
[502, 1475]
[502, 1917]
[502, 2051]
[502, 2151]
[502, 2369]
[503, 613]
[503, 687]
[503, 965]
[503, 1007]
[503, 1169]
[503, 2313]
[504, 1798]
[504, 2102]
[505, 546]
[505, 857]
[505, 1022]
[505, 1598]
[505, 1726]
[506, 834]
[506, 1004]
[506, 1401]
[506, 1461]
[507, 654]
[507, 1718]
[507, 2098]
[507, 2325]
[508, 824]
[508, 1380]
[508, 1381]
[508, 1869]
[508, 2344]
[509, 968]
[509, 1858]
[509, 1928]
[509, 1968]
[510, 737]
[510, 1021]
[510, 1127]
[510, 1840]
[510, 2208]
[511, 751]
[511, 990]
[511, 1528]
[511, 1691]
[511, 1744]
[511, 2114]
[512, 768]
[512, 1363]
[512, 1879]
[512, 1955]
[513, 603]
[513, 1916]
[513, 1925]
[513, 2033]
[513, 2115]
[514, 766]
[514, 1611]
[514, 1777]
[514, 2318]
[514, 2358]
[515, 719]
[515, 1292]
[515, 1407]
[516, 942]
[516, 1081]
[516, 1165]
[516, 2035]
[516, 2086]
[517, 641]
[517, 816]
[517, 954]
[517, 1288]
[517, 1623]
[517, 1817]
[518, 742]
[518, 1328]
[518, 1651]
[518, 1769]
[519, 948]
[519, 1076]
[519, 1392]
[519, 2316]
[520, 549]
[520, 1004]
[520, 1171]
[520, 2047]
[520, 2387]
[521, 721]
[521, 1166]
[521, 1186]
[521, 1579]
[521, 1946]
[522, 1514]
[522, 1951]
[522, 2304]
[522, 2354]
[523, 551]
[523, 1075]
[523, 1510]
[523, 1939]
[523, 2143]
[524, 585]
[524, 761]
[524, 1673]
[524, 2042]
[524, 2386]
[525, 1006]
[525, 1357]
[525, 1442]
[525, 1460]
[525, 1558]
[525, 2283]
[526, 539]
[526, 557]
[526, 1322]
[526, 1551]
[526, 2215]
[526, 2331]
[527, 1116]
[527, 1287]
[527, 1687]
[527, 1741]
[527, 2125]
[528, 688]
[528, 947]
[528, 1630]
[528, 2041]
[528, 2123]
[529, 699]
[529, 917]
[529, 953]
[529, 1632]
[529, 1840]
[530, 1243]
[530, 1363]
[530, 1444]
[530, 1755]
[530, 2206]
[530, 2386]
[531, 555]
[531, 1599]
[531, 1679]
[531, 2322]
[532, 613]
[532, 1173]
[532, 1888]
[532, 2252]
[533, 1175]
[533, 1508]
[533, 1532]
[533, 1667]
[533, 1760]
[533, 1866]
[534, 581]
[534, 618]
[534, 863]
[534, 1629]
[534, 1875]
[535, 1140]
[535, 1318]
[535, 1499]
[535, 1860]
[535, 2048]
[535, 2395]
[536, 562]
[536, 686]
[536, 1314]
[536, 1615]
[536, 2199]
[536, 2296]
[537, 852]
[537, 1927]
[537, 2095]
[537, 2266]
[538, 1072]
[538, 1355]
[538, 1404]
[538, 1451]
[539, 556]
[539, 1052]
[539, 1342]
[539, 1814]
[539, 2029]
[540, 998]
[540, 1204]
[540, 1321]
[540, 1871]
[541, 588]
[541, 1431]
[541, 1538]
[541, 2097]
[541, 2191]
[542, 941]
[542, 969]
[542, 1500]
[542, 1505]
[542, 1552]
[542, 2362]
[543, 1509]
[543, 1654]
[543, 1943]
[543, 1967]
[544, 785]
[544, 1647]
[544, 2047]
[544, 2059]
[545, 696]
[545, 734]
[545, 983]
[545, 1340]
[545, 2230]
[546, 1003]
[546, 1022]
[546, 1598]
[546, 1961]
[546, 2165]
[547, 1826]
[547, 2008]
[547, 2304]
[548, 1651]
[548, 1775]
[548, 1953]
[548, 2360]
[549, 2387]
[550, 797]
[550, 1247]
[550, 1329]
[550, 1384]
[551, 1510]
[551, 1939]
[551, 2061]
[552, 1086]
[552, 1559]
[552, 1685]
[552, 1732]
[552, 1905]
[553, 565]
[553, 876]
[553, 1105]
[553, 1335]
[553, 2067]
[553, 2150]
[554, 794]
[554, 807]
[554, 1261]
[554, 1330]
[554, 1719]
[555, 657]
[555, 1094]
[556, 623]
[556, 1052]
[556, 1551]
[556, 1814]
[557, 746]
[557, 1358]
[557, 1443]
[557, 2070]
[557, 2152]
[558, 647]
[558, 766]
[558, 955]
[558, 966]
[558, 1013]
[558, 1619]
[559, 573]
[559, 742]
[559, 1270]
[559, 1436]
[559, 1464]
[559, 2340]
[560, 806]
[560, 1097]
[560, 1101]
[560, 1109]
[561, 821]
[561, 1067]
[561, 1270]
[561, 1715]
[561, 2088]
[561, 2289]
[562, 1053]
[562, 1089]
[562, 1637]
[563, 932]
[563, 1450]
[563, 1958]
[563, 2228]
[564, 799]
[564, 1228]
[564, 1511]
[564, 2251]
[565, 876]
[565, 1684]
[565, 1690]
[565, 2075]
[565, 2150]
[566, 1220]
[566, 1334]
[566, 1897]
[566, 2056]
[567, 668]
[567, 778]
[567, 1948]
[567, 2316]
[567, 2351]
[568, 1051]
[568, 1274]
[568, 1318]
[568, 1789]
[568, 2048]
[569, 593]
[569, 1284]
[569, 1517]
[569, 1825]
[569, 2254]
[570, 609]
[570, 771]
[570, 1044]
[570, 1428]
[570, 1972]
[570, 2165]
[571, 1103]
[571, 1258]
[571, 1752]
[571, 2248]
[572, 1305]
[572, 1451]
[572, 1624]
[572, 1738]
[572, 2085]
[573, 742]
[573, 1265]
[573, 1464]
[574, 826]
[574, 935]
[574, 1085]
[574, 1847]
[574, 2281]
[574, 2363]
[575, 756]
[575, 997]
[575, 1030]
[575, 1836]
[575, 1900]
[575, 2045]
[576, 1158]
[576, 1504]
[576, 1842]
[577, 1073]
[577, 1108]
[577, 1368]
[577, 1485]
[577, 1936]
[578, 1038]
[578, 1653]
[578, 1686]
[578, 1693]
[578, 2277]
[579, 1110]
[579, 1830]
[579, 1832]
[579, 2102]
[580, 632]
[580, 792]
[580, 1383]
[580, 1699]
[580, 2101]
[581, 751]
[581, 855]
[581, 1290]
[581, 1638]
[582, 606]
[582, 698]
[582, 1298]
[582, 1419]
[582, 2094]
[582, 2198]
[583, 680]
[583, 770]
[583, 794]
[583, 1106]
[583, 1279]
[583, 1303]
[584, 991]
[584, 1024]
[584, 1506]
[584, 2018]
[584, 2175]
[584, 2279]
[585, 761]
[585, 1145]
[585, 1457]
[585, 1546]
[585, 1673]
[586, 893]
[586, 1033]
[586, 1356]
[586, 1382]
[587, 859]
[587, 1572]
[587, 1607]
[587, 1721]
[587, 2234]
[588, 1150]
[588, 1250]
[588, 1461]
[589, 1588]
[589, 1596]
[589, 2137]
[589, 2185]
[589, 2249]
[590, 1553]
[590, 1996]
[590, 2018]
[590, 2182]
[590, 2279]
[591, 1614]
[591, 1793]
[591, 2132]
[592, 1581]
[592, 1586]
[592, 1772]
[592, 2079]
[592, 2332]
[593, 628]
[593, 1018]
[593, 1284]
[593, 1517]
[594, 870]
[594, 1139]
[594, 1259]
[594, 1377]
[594, 2315]
[594, 2348]
[595, 725]
[595, 988]
[595, 1620]
[595, 1780]
[596, 888]
[596, 1016]
[596, 1606]
[596, 2015]
[596, 2080]
[596, 2261]
[597, 823]
[597, 1009]
[597, 1597]
[597, 1992]
[597, 2128]
[598, 883]
[598, 974]
[598, 1997]
[598, 2025]
[599, 895]
[599, 1390]
[599, 1965]
[599, 2025]
[599, 2145]
[1920, 2035]
[1923, 2329]
[1926, 2312]
[1928, 1968]
[1929, 1960]
[1929, 2195]
[1930, 2399]
[1932, 2367]
[1933, 2339]
[1934, 2100]
[1935, 2190]
[1936, 2266]
[1937, 2082]
[1937, 2116]
[1940, 1994]
[1940, 2169]
[1941, 1945]
[1943, 1989]
[1944, 2214]
[1944, 2217]
[1944, 2344]
[1948, 2030]
[1949, 2184]
[1949, 2377]
[1950, 2151]
[1952, 2000]
[1952, 2357]
[1954, 2318]
[1955, 2042]
[1955, 2065]
[1956, 1964]
[1957, 2313]
[1957, 2367]
[1958, 2399]
[1959, 1998]
[1960, 1983]
[1960, 2138]
[1962, 2073]
[1962, 2276]
[1962, 2292]
[1963, 2339]
[1964, 2269]
[1965, 2252]
[1966, 2278]
[1966, 2349]
[1967, 2218]
[1968, 2038]
[1969, 2328]
[1970, 2031]
[1970, 2162]
[1970, 2389]
[1971, 2170]
[1972, 2165]
[1973, 2129]
[1976, 2020]
[1976, 2082]
[1976, 2127]
[1978, 2368]
[1979, 1984]
[1979, 2142]
[1980, 1986]
[1981, 2192]
[1982, 2342]
[1983, 2242]
[1985, 2010]
[1987, 2135]
[1988, 2243]
[1990, 2027]
[1991, 2173]
[1991, 2301]
[1992, 2213]
[1994, 2166]
[1995, 2148]
[1996, 2063]
[1997, 2036]
[1998, 2269]
[1999, 2373]
[2000, 2357]
[2001, 2335]
[2002, 2004]
[2002, 2101]
[2003, 2051]
[2003, 2394]
[2004, 2014]
[2005, 2046]
[2009, 2265]
[2012, 2084]
[2014, 2045]
[2015, 2037]
[2016, 2060]
[2017, 2056]
[2017, 2336]
[2018, 2175]
[2019, 2156]
[2019, 2226]
[2020, 2188]
[2020, 2382]
[2022, 2047]
[2024, 2079]
[2027, 2161]
[2030, 2128]
[2030, 2213]
[2031, 2389]
[2033, 2157]
[2033, 2345]
[2036, 2247]
[2039, 2227]
[0, 320]
[0, 426]
[0, 846]
[0, 1633]
[0, 1971]
[0, 2089]
[1, 780]
[1, 808]
[1, 1161]
[1, 1325]
[1, 1351]
[1, 2334]
[2, 4]
[2, 459]
[2, 761]
[2, 1145]
[2, 1378]
[2, 1838]
[3, 197]
[3, 252]
[3, 618]
[3, 719]
[3, 863]
[3, 1407]
[4, 1145]
[4, 1376]
[4, 1822]
[4, 1838]
[4, 1892]
[5, 241]
[5, 262]
[5, 479]
[5, 795]
[5, 1591]
[5, 1679]
[6, 41]
[6, 409]
[6, 1177]
[6, 1376]
[6, 1661]
[6, 2221]
[7, 376]
[7, 1666]
[7, 1747]
[7, 1978]
[7, 2157]
[7, 2274]
[8, 429]
[8, 869]
[8, 1054]
[8, 2134]
[8, 2136]
[8, 2142]
[9, 75]
[9, 468]
[9, 1164]
[9, 1277]
[9, 1620]
[9, 1986]
[10, 616]
[10, 823]
[10, 1286]
[10, 1431]
[10, 1538]
[10, 1597]
[11, 29]
[11, 300]
[11, 504]
[11, 1218]
[11, 1593]
[11, 1734]
[12, 904]
[12, 977]
[12, 1291]
[12, 1535]
[12, 1539]
[12, 1834]
[13, 822]
[13, 841]
[13, 1368]
[13, 1485]
[13, 1643]
[13, 1947]
[14, 46]
[14, 1060]
[14, 1141]
[14, 1338]
[14, 1787]
[14, 2037]
[15, 219]
[15, 1403]
[15, 1541]
[15, 1755]
[15, 1846]
[15, 1993]
[16, 804]
[16, 1072]
[16, 2189]
[16, 2285]
[16, 2310]
[16, 2393]
[17, 635]
[17, 1229]
[17, 1767]
[17, 1809]
[17, 2295]
[17, 2318]
[18, 123]
[18, 1007]
[18, 1042]
[18, 1169]
[18, 1204]
[18, 1829]
[19, 149]
[19, 203]
[19, 386]
[19, 735]
[19, 1171]
[19, 2387]
[20, 801]
[20, 857]
[20, 1003]
[20, 1235]
[20, 1594]
[20, 1705]
[21, 201]
[21, 347]
[21, 1515]
[21, 1650]
[21, 1950]
[21, 2151]
[22, 302]
[22, 448]
[22, 939]
[22, 1864]
[22, 1933]
[22, 1963]
[23, 289]
[23, 628]
[23, 982]
[23, 1369]
[23, 1496]
[23, 1621]
[24, 876]
[24, 980]
[24, 1414]
[24, 1766]
[24, 2067]
[24, 2075]
[25, 725]
[25, 781]
[25, 988]
[25, 1006]
[25, 1704]
[25, 1852]
[26, 837]
[26, 909]
[26, 1227]
[26, 1379]
[26, 1733]
[26, 2026]
[27, 88]
[27, 924]
[27, 962]
[27, 1179]
[27, 1627]
[27, 1898]
[28, 609]
[28, 1092]
[28, 1642]
[28, 1887]
[28, 1922]
[28, 2396]
[29, 300]
[29, 504]
[29, 772]
[29, 1539]
[29, 2007]
[30, 103]
[30, 184]
[30, 602]
[30, 1156]
[30, 1504]
[30, 2041]
[31, 748]
[31, 868]
[31, 940]
[31, 1238]
[31, 2303]
[31, 2397]
[32, 695]
[32, 723]
[32, 1134]
[32, 1937]
[32, 2082]
[32, 2106]
[33, 491]
[33, 773]
[33, 849]
[33, 1545]
[33, 1908]
[33, 2164]
[34, 458]
[34, 814]
[34, 842]
[34, 912]
[34, 1436]
[34, 1464]
[35, 193]
[35, 394]
[35, 743]
[35, 1045]
[35, 1215]
[35, 1977]
[36, 299]
[36, 469]
[36, 656]
[36, 923]
[36, 1215]
[36, 1544]
[37, 209]
[37, 463]
[37, 1209]
[37, 1332]
[37, 1390]
[37, 1806]
[38, 207]
[38, 571]
[38, 910]
[38, 1477]
[38, 1543]
[38, 2297]
[39, 354]
[39, 752]
[39, 1217]
[39, 1660]
[39, 1820]
[39, 2064]
[40, 952]
[40, 958]
[40, 1087]
[40, 1096]
[40, 1556]
[40, 1565]
[41, 258]
[41, 409]
[41, 417]
[41, 1177]
[41, 1585]
[42, 627]
[42, 900]
[42, 961]
[42, 1143]
[42, 1361]
[42, 1896]
[43, 466]
[43, 597]
[43, 652]
[43, 1262]
[43, 1568]
[43, 1875]
[44, 439]
[44, 604]
[44, 660]
[44, 1000]
[44, 1240]
[44, 1429]
[45, 164]
[45, 214]
[45, 1261]
[45, 1330]
[45, 1729]
[45, 1816]
[46, 291]
[46, 1136]
[46, 1530]
[46, 1824]
[46, 2338]
[47, 132]
[47, 408]
[47, 449]
[47, 1873]
[47, 1887]
[47, 1915]
[48, 105]
[48, 287]
[48, 504]
[48, 674]
[48, 904]
[48, 1539]
[49, 548]
[49, 890]
[49, 925]
[49, 1765]
[49, 2332]
[49, 2370]
[50, 99]
[50, 110]
[50, 265]
[50, 612]
[50, 809]
[50, 1331]
[51, 174]
[51, 768]
[51, 964]
[51, 1669]
[51, 1672]
[51, 1804]
[52, 343]
[52, 717]
[52, 836]
[52, 2001]
[52, 2218]
[52, 2343]
[53, 709]
[53, 1738]
[53, 2085]
[53, 2171]
[53, 2245]
[53, 2376]
[54, 145]
[54, 477]
[54, 665]
[54, 1239]
[54, 1459]
[54, 2055]
[55, 567]
[55, 1076]
[55, 1163]
[55, 1394]
[55, 2316]
[55, 2351]
[56, 62]
[56, 783]
[56, 2106]
[56, 2188]
[56, 2214]
[56, 2344]
[57, 590]
[57, 991]
[57, 1766]
[57, 2182]
[57, 2256]
[57, 2279]
[58, 212]
[58, 1019]
[58, 1089]
[58, 1205]
[58, 1819]
[58, 2023]
[59, 209]
[59, 532]
[59, 630]
[59, 1007]
[59, 1042]
[59, 1965]
[60, 788]
[60, 1191]
[60, 1813]
[60, 1940]
[60, 1967]
[60, 2169]
[61, 571]
[61, 1340]
[61, 1422]
[61, 1752]
[61, 2058]
[61, 2248]
[62, 463]
[62, 723]
[62, 1209]
[62, 2020]
[62, 2382]
[63, 211]
[63, 274]
[63, 726]
[63, 1555]
[63, 1638]
[63, 2058]
[64, 128]
[64, 234]
[64, 350]
[64, 1219]
[64, 1254]
[64, 1591]
[65, 223]
[65, 711]
[65, 727]
[65, 1739]
[65, 1951]
[65, 2304]
[66, 492]
[66, 748]
[66, 940]
[66, 1017]
[66, 1477]
[66, 1628]
[67, 75]
[67, 365]
[67, 1022]
[67, 1518]
[67, 1901]
[67, 1961]
[68, 433]
[68, 1201]
[68, 1404]
[68, 1612]
[68, 2052]
[68, 2368]
[69, 718]
[69, 830]
[69, 1112]
[69, 1794]
[69, 2039]
[69, 2321]
[70, 201]
[70, 280]
[70, 1250]
[70, 1516]
[70, 1784]
[70, 2001]
[71, 104]
[71, 147]
[71, 176]
[71, 399]
[71, 1630]
[71, 2132]
[72, 579]
[72, 685]
[72, 1110]
[72, 1176]
[72, 1218]
[72, 1830]
[73, 510]
[73, 529]
[73, 981]
[73, 1021]
[73, 1127]
[73, 1802]
[74, 89]
[74, 226]
[74, 476]
[74, 1896]
[74, 2032]
[74, 2042]
[75, 154]
[75, 392]
[75, 860]
[75, 1548]
[76, 592]
[76, 1242]
[76, 1581]
[76, 1765]
[76, 1772]
[76, 2024]
[77, 457]
[77, 921]
[77, 922]
[77, 1941]
[77, 1945]
[77, 2244]
[78, 458]
[78, 912]
[78, 1228]
[78, 1715]
[78, 1951]
[78, 2251]
[79, 764]
[79, 1091]
[79, 1136]
[79, 1230]
[79, 2109]
[79, 2302]
[80, 490]
[80, 588]
[80, 834]
[80, 1461]
[80, 1778]
[80, 2191]
[81, 900]
[81, 981]
[81, 1350]
[81, 1632]
[81, 1906]
[81, 2006]
[82, 972]
[82, 1336]
[82, 1430]
[82, 1456]
[82, 1782]
[82, 2164]
[83, 336]
[83, 821]
[83, 928]
[83, 1088]
[83, 1221]
[83, 2309]
[84, 368]
[84, 388]
[84, 434]
[84, 901]
[84, 975]
[84, 1193]
[85, 100]
[85, 362]
[85, 669]
[85, 994]
[85, 1682]
[85, 2262]
[86, 271]
[86, 513]
[86, 603]
[86, 677]
[86, 1685]
[86, 1925]
[87, 290]
[87, 393]
[87, 644]
[87, 1101]
[87, 1370]
[87, 1595]
[88, 609]
[88, 733]
[88, 845]
[88, 962]
[88, 1627]
[89, 226]
[89, 1155]
[89, 1361]
[89, 1857]
[89, 2032]
[90, 361]
[90, 453]
[90, 770]
[90, 930]
[90, 1045]
[90, 1184]
[91, 186]
[91, 963]
[91, 1159]
[91, 1411]
[91, 1999]
[91, 2012]
[92, 102]
[92, 773]
[92, 849]
[92, 1157]
[92, 1569]
[92, 2141]
[93, 414]
[93, 415]
[93, 956]
[93, 1040]
[93, 1599]
[93, 1996]
[94, 500]
[94, 1381]
[94, 1414]
[94, 1665]
[94, 2209]
[94, 2377]
[95, 1455]
[95, 1597]
[95, 1742]
[95, 2030]
[95, 2128]
[95, 2213]
[96, 869]
[96, 1319]
[96, 1399]
[96, 1974]
[96, 2118]
[96, 2174]
[97, 733]
[97, 800]
[97, 1520]
[97, 1574]
[97, 1648]
[97, 1898]
[98, 615]
[98, 1033]
[98, 1212]
[98, 1304]
[98, 1657]
[98, 2307]
[99, 102]
[99, 262]
[99, 1602]
[99, 2141]
[99, 2158]
[100, 1077]
[100, 1686]
[100, 1753]
[100, 1776]
[100, 2277]
[101, 132]
[101, 204]
[101, 704]
[101, 952]
[101, 1531]
[101, 2137]
[102, 795]
[102, 1093]
[102, 1602]
[102, 2158]
[103, 184]
[103, 602]
[103, 947]
[103, 1921]
[103, 2071]
[104, 360]
[104, 438]
[104, 509]
[104, 978]
[104, 1537]
[105, 248]
[105, 674]
[105, 977]
[105, 1539]
[105, 2395]
[106, 283]
[106, 920]
[106, 1027]
[106, 1181]
[106, 1266]
[106, 1762]
[107, 1206]
[107, 1249]
[107, 1467]
[107, 1608]
[107, 1670]
[107, 1694]
[108, 1282]
[108, 1490]
[108, 1689]
[108, 1799]
[108, 1930]
[108, 1995]
[109, 349]
[109, 475]
[109, 545]
[109, 547]
[109, 983]
[109, 2230]
[110, 612]
[110, 1331]
[110, 1998]
[110, 2083]
[110, 2158]
[111, 364]
[111, 900]
[111, 1346]
[111, 1542]
[111, 1561]
[111, 2006]
[112, 813]
[112, 1072]
[112, 1149]
[112, 1404]
[112, 1420]
[112, 2393]
[113, 836]
[113, 994]
[113, 1033]
[113, 1356]
[113, 2258]
[113, 2307]
[114, 145]
[114, 232]
[114, 926]
[114, 1049]
[114, 1142]
[114, 1373]
[115, 564]
[115, 1160]
[115, 1343]
[115, 1442]
[115, 1558]
[115, 2194]
[116, 1207]
[116, 1579]
[116, 1608]
[116, 1751]
[116, 2154]
[116, 2246]
[117, 341]
[117, 1211]
[117, 1698]
[117, 1737]
[117, 1831]
[117, 2087]
[118, 168]
[118, 185]
[118, 576]
[118, 1842]
[118, 1878]
[118, 2333]
[119, 616]
[119, 714]
[119, 716]
[119, 818]
[119, 1273]
[119, 1432]
[1320, 1362]
[1320, 1683]
[1320, 1845]
[1320, 2071]
[1321, 1328]
[1321, 1829]
[1322, 1529]
[1322, 1771]
[1322, 2237]
[1323, 1670]
[1323, 2091]
[1324, 1368]
[1324, 1468]
[1324, 2005]
[1324, 2340]
[1325, 1580]
[1325, 2314]
[1326, 1569]
[1326, 1692]
[1326, 2236]
[1326, 2357]
[1326, 2395]
[1327, 1788]
[1327, 1868]
[1327, 2175]
[1327, 2217]
[1328, 1464]
[1328, 1651]
[1328, 2124]
[1329, 1534]
[1329, 1588]
[1329, 1768]
[1330, 1644]
[1330, 1719]
[1331, 1602]
[1332, 1923]
[1332, 2329]
[1333, 2035]
[1333, 2086]
[1334, 1793]
[1334, 1877]
[1335, 1684]
[1335, 1718]
[1336, 1430]
[1336, 1545]
[1336, 1782]
[1337, 1401]
[1337, 1601]
[1337, 1742]
[1337, 2097]
[1339, 1342]
[1339, 1712]
[1339, 2192]
[1340, 1443]
[1340, 2070]
[1340, 2235]
[1341, 2008]
[1341, 2302]
[1342, 1883]
[1342, 1981]
[1342, 2237]
[1343, 1442]
[1343, 1560]
[1343, 2194]
[1343, 2251]
[1344, 1361]
[1344, 2013]
[1345, 2131]
[1345, 2196]
[1345, 2219]
[1345, 2337]
[1346, 1890]
[1346, 2126]
[1347, 1667]
[1347, 1886]
[1348, 1507]
[1348, 1767]
[1348, 1809]
[1348, 1954]
[1348, 2253]
[1349, 2163]
[1349, 2318]
[1350, 1906]
[1350, 2006]
[1350, 2273]
[1351, 1580]
[1352, 1733]
[1352, 1987]
[1352, 2305]
[1353, 1891]
[1353, 2033]
[1353, 2157]
[1354, 1563]
[1354, 2267]
[1354, 2306]
[1355, 1404]
[1355, 1451]
[1355, 1738]
[1355, 2052]
[1356, 1950]
[1357, 1783]
[1357, 1808]
[1357, 2027]
[1357, 2161]
[1358, 1551]
[1358, 2070]
[1358, 2152]
[1358, 2235]
[1358, 2371]
[1359, 1517]
[1359, 2254]
[1359, 2342]
[1360, 1493]
[1360, 2147]
[1361, 1896]
[1362, 1683]
[1362, 1877]
[1363, 1804]
[1363, 2042]
[1364, 1811]
[1364, 1907]
[1364, 2068]
[1364, 2260]
[1366, 1476]
[1366, 1657]
[1366, 1724]
[1367, 1458]
[1367, 1615]
[1369, 1496]
[1369, 2254]
[1370, 1664]
[1370, 2229]
[1371, 1561]
[1371, 1594]
[1372, 1444]
[1372, 1546]
[1372, 1673]
[1372, 1866]
[1372, 2386]
[1373, 1703]
[1373, 2066]
[1374, 1386]
[1374, 1774]
[1374, 2255]
[1375, 2121]
[1375, 2205]
[1376, 1585]
[1376, 1759]
[1377, 1418]
[1378, 1892]
[1378, 2019]
[1378, 2156]
[1379, 1472]
[1379, 1617]
[1380, 1397]
[1380, 1763]
[1380, 2252]
[1380, 2378]
[1381, 1869]
[1382, 2135]
[1382, 2223]
[1383, 1699]
[1383, 1701]
[1384, 1429]
[1384, 1534]
[1385, 1574]
[1385, 1920]
[1385, 1948]
[1386, 1546]
[1386, 1774]
[1386, 2255]
[1387, 1740]
[1387, 1834]
[1387, 2129]
[1388, 1576]
[1388, 2177]
[1388, 2257]
[1389, 2145]
[1389, 2374]
[1390, 1470]
[1390, 1806]
[1390, 2382]
[1391, 1507]
[1391, 1848]
[1391, 2381]
[1392, 1623]
[1392, 1817]
[1393, 1757]
[1393, 2174]
[1393, 2181]
[1394, 1455]
[1394, 1732]
[1394, 1948]
[1394, 2213]
[1395, 1632]
[1395, 2273]
[1396, 1474]
[1396, 1656]
[1396, 2208]
[1396, 2257]
[1397, 1763]
[1398, 1570]
[1398, 1770]
[1398, 2259]
[1398, 2291]
[1399, 1982]
[1400, 1879]
[1400, 1979]
[1400, 1984]
[1401, 1756]
[1401, 1833]
[1402, 2087]
[1402, 2392]
[1403, 1541]
[1403, 1622]
[1403, 1846]
[1403, 1918]
[1404, 1451]
[1405, 1424]
[1405, 1616]
[1405, 2162]
[1405, 2389]
[1406, 1421]
[1406, 1727]
[1407, 1555]
[1408, 1964]
[1409, 1460]
[1409, 1558]
[1409, 1595]
[1409, 2231]
[1410, 1593]
[1410, 2094]
[1410, 2168]
[1411, 1468]
[1411, 2012]
[1411, 2289]
[1412, 2222]
[1413, 1500]
[1413, 1575]
[1413, 1938]
[1413, 2362]
[1414, 2256]
[1415, 1785]
[1415, 1953]
[1415, 2299]
[1416, 1521]
[1416, 1939]
[1416, 2061]
[1417, 1674]
[1417, 2034]
[1417, 2265]
[1418, 1528]
[1419, 1883]
[1419, 1975]
[1419, 2077]
[1420, 2189]
[1421, 2148]
[1422, 2081]
[1423, 1549]
[1423, 1689]
[1424, 1584]
[1424, 1872]
[1424, 2323]
[1425, 1529]
[1425, 1631]
[1425, 2149]
[1426, 1635]
[1426, 1761]
[1427, 1887]
[1427, 2165]
[1428, 1465]
[1428, 1642]
[1428, 1855]
[1429, 2211]
[1429, 2272]
[1430, 1782]
[1430, 2028]
[1431, 1742]
[1431, 2097]
[1431, 2191]
[1432, 2092]
[1432, 2193]
[1433, 1670]
[1434, 1703]
[1434, 2052]
[1435, 1606]
[1435, 2105]
[1436, 1715]
[1437, 1506]
[1437, 2013]
[1437, 2175]
[1438, 1549]
[1438, 1689]
[1438, 1881]
[1438, 2317]
[1439, 2051]
[1439, 2327]
[1440, 2087]
[1440, 2111]
[1440, 2282]
[1440, 2379]
[1441, 1970]
[1441, 2031]
[1441, 2389]
[1442, 1462]
[1442, 2109]
[1442, 2194]
[1443, 2029]
[1443, 2230]
[1443, 2235]
[1444, 1541]
[1444, 1755]
[1445, 1584]
[1445, 1702]
[1445, 1764]
[1445, 1872]
[1446, 1736]
[1446, 1837]
[1447, 1665]
[1447, 1743]
[1447, 1835]
[1448, 1662]
[1448, 2133]
[1448, 2281]
[1448, 2285]
[1449, 1753]
[1449, 1909]
[1449, 2277]
[1449, 2376]
[1450, 1691]
[1450, 2104]
[1450, 2114]
[1452, 1654]
[1452, 1778]
[1452, 2335]
[1453, 2070]
[1453, 2148]
[1454, 1765]
[1455, 1732]
[1455, 1905]
[1455, 1920]
[1455, 1948]
[1456, 1987]
[1456, 2307]
[1457, 1491]
[1458, 1794]
[1459, 1495]
[1459, 1606]
[1459, 1758]
[1460, 1595]
[1460, 1963]
[1460, 2154]
[1460, 2231]
[1461, 2097]
[1461, 2190]
[1462, 1560]
[1462, 1963]
[1462, 2302]
[1463, 1904]
[1463, 2135]
[1465, 2056]
[1465, 2336]
[1465, 2388]
[1466, 1582]
[1466, 1727]
[1466, 1748]
[1466, 2282]
[1467, 1867]
[1467, 2246]
[1467, 2341]
[1468, 1999]
[1469, 1513]
[1469, 1554]
[1469, 1573]
[1469, 1656]
[1469, 2107]
[1469, 2176]
[1470, 1635]
[1470, 1797]
[1470, 1944]
[1470, 2122]
[1471, 1893]
[1471, 1913]
[1472, 1759]
[1472, 1899]
[1473, 2320]
[1473, 2389]
[1473, 2390]
[1474, 1513]
[1474, 1656]
[1475, 1515]
[1475, 1917]
[1475, 2003]
[1476, 1524]
[1476, 1575]
[1476, 1578]
[1476, 1994]
[1477, 1628]
[1477, 2310]
[1478, 1810]
[1478, 1821]
[1478, 1973]
[1479, 1489]
[1479, 1574]
[1479, 1877]
[1479, 2062]
[1480, 1884]
[1480, 1921]
[1480, 2326]
[1481, 1523]
[1481, 1700]
[1481, 1932]
[1481, 2309]
[1482, 1870]
[1482, 1926]
[1482, 2312]
[1483, 1496]
[1483, 1518]
[1483, 1780]
[1483, 1901]
[1484, 2002]
[1484, 2004]
[1484, 2045]
[1484, 2300]
[1485, 1947]
[1485, 2149]
[1485, 2216]
[1486, 1705]
[1486, 1774]
[1486, 1895]
[1486, 2206]
[1487, 1532]
[1487, 1695]
[1487, 1822]
[1487, 1838]
[1487, 1866]
[1488, 1713]
[1488, 2131]
[1488, 2219]
[1489, 1574]
[1490, 1799]
[1490, 1930]
[1490, 1958]
[1490, 2317]
[1491, 1604]
[1491, 2002]
[1491, 2156]
[1491, 2226]
[1492, 2167]
[1492, 2330]
[1493, 1544]
[1493, 2147]
[1494, 1749]
[1494, 2374]
[1497, 1618]
[1497, 2211]
[1497, 2272]
[1498, 1843]
[1498, 2225]
[1498, 2380]
[1499, 1718]
[1499, 1786]
[1499, 1902]
[1500, 1938]
[1500, 2334]
[1501, 1746]
[1501, 1931]
[1501, 2198]
[1502, 1663]
[1502, 1930]
[1503, 2009]
[1503, 2019]
[1503, 2103]
[1503, 2179]
[1503, 2288]
[1504, 1878]
[1505, 1674]
[1505, 2202]
[1505, 2222]
[1506, 1633]
[1507, 1767]
[1507, 1954]
[1508, 1866]
[1508, 1886]
[1508, 1918]
[1509, 1568]
[1509, 1778]
[1509, 1943]
[1510, 1939]
[1510, 2145]
[1511, 2251]
[1511, 2309]
[1512, 2009]
[1512, 2034]
[1512, 2265]
[1513, 1573]
[1513, 2092]
[1513, 2107]
[1513, 2212]
[1514, 1739]
[1514, 2304]
[1514, 2354]
[1515, 1950]
[1515, 2069]
[1515, 2151]
[1516, 1540]
[1516, 1784]
[1516, 2009]
[1517, 1993]
[1518, 1548]
[1518, 1961]
[1518, 1982]
[1519, 1586]
[1519, 1644]
[1519, 1719]
[1520, 2249]
[1520, 2396]
[1521, 1697]
[1521, 2061]
[1522, 2270]
[1523, 1829]
[1523, 2036]
[1523, 2247]
[1524, 1575]
[1524, 1578]
[1524, 1938]
[1525, 1837]
[1525, 1913]
[1525, 2053]
[1525, 2319]
[1526, 2219]
[1527, 1708]
[1527, 1858]
[1527, 1968]
[1528, 1807]
[1528, 1929]
[1528, 2195]
[1529, 1771]
[1529, 2280]
[1529, 2331]
[1530, 1824]
[1530, 2037]
[1530, 2080]
[1531, 2054]
[1531, 2255]
[1531, 2308]
[1532, 1587]
[1532, 1695]
[1532, 1822]
[1532, 2290]
[1533, 2270]
[1533, 2378]
[1534, 1588]
[1534, 1768]
[1534, 2185]
[1535, 1758]
[1535, 1934]
[1535, 2007]
[1535, 2011]
[1536, 1625]
[1536, 1921]
[1537, 1928]
[1538, 2121]
[1539, 2187]
[1540, 1935]
[1540, 2069]
[1540, 2190]
[1540, 2288]
[1541, 1707]
[1541, 1846]
[1541, 2259]
[1542, 1906]
[1543, 2060]
[1543, 2248]
[1543, 2297]
[1544, 2381]
[1545, 1571]
[1545, 2164]
[1546, 2386]
[1547, 1697]
[1547, 2136]
[1547, 2286]
[1550, 1730]
[1550, 2268]
[1551, 1714]
[1551, 2215]
[1551, 2331]
[1552, 2202]
[1552, 2362]
[1553, 1564]
[1553, 1801]
[1553, 2256]
[1554, 2333]
[1555, 1638]
[1557, 1626]
[1557, 2395]
[1558, 2283]
[1559, 2160]
[1800, 1995]
[1800, 2230]
[1800, 2298]
[1801, 1844]
[1801, 1868]
[1802, 1836]
[1802, 1900]
[1802, 2327]
[1803, 2292]
[1803, 2365]
[1806, 1923]
[1807, 1841]
[1807, 1991]
[1807, 2301]
[1808, 2109]
[1809, 2232]
[1809, 2295]
[1809, 2318]
[1810, 2233]
[1810, 2299]
[1811, 1894]
[1811, 1909]
[1811, 2066]
[1812, 1859]
[1812, 1914]
[1812, 1973]
[1813, 1994]
[1813, 2044]
[1813, 2166]
[1814, 2215]
[1815, 2006]
[1817, 2246]
[1817, 2363]
[1818, 2394]
[1819, 2023]
[1820, 1881]
[1820, 2064]
[1821, 1888]
[1821, 1914]
[1823, 2142]
[1824, 2287]
[1825, 2144]
[1825, 2206]
[1826, 2008]
[1826, 2230]
[1826, 2354]
[1827, 2183]
[1827, 2371]
[1828, 2320]
[1830, 2119]
[1831, 2087]
[1831, 2111]
[1831, 2392]
[1832, 2074]
[1832, 2090]
[1835, 1859]
[1835, 2129]
[1836, 2327]
[1837, 1913]
[1837, 2319]
[1839, 2078]
[1840, 2257]
[1840, 2273]
[1841, 1875]
[1842, 1891]
[1843, 1993]
[1843, 2134]
[1843, 2380]
[1844, 1869]
[1845, 1877]
[1845, 2347]
[1847, 2133]
[1849, 2022]
[1850, 2207]
[1850, 2237]
[1850, 2238]
[1851, 2334]
[1851, 2352]
[1853, 2037]
[1853, 2057]
[1854, 1895]
[1854, 2126]
[1856, 2021]
[1856, 2282]
[1857, 1955]
[1857, 2042]
[1857, 2065]
[1858, 2132]
[1859, 2082]
[1859, 2240]
[1859, 2267]
[1860, 1894]
[1860, 2048]
[1861, 1865]
[1861, 1912]
[1863, 2133]
[1864, 1933]
[1864, 1966]
[1865, 1945]
[1866, 2259]
[1867, 2271]
[1867, 2341]
[1867, 2388]
[1868, 2018]
[1869, 2377]
[1870, 2242]
[1871, 2181]
[1873, 1915]
[1874, 1940]
[1874, 1967]
[1874, 2099]
[1876, 1912]
[1876, 1977]
[1876, 2076]
[1879, 1979]
[1879, 1984]
[1880, 2046]
[1880, 2275]
[1881, 2112]
[1881, 2278]
[1882, 2268]
[1883, 1981]
[1883, 2207]
[1884, 2384]
[1885, 2234]
[1885, 2329]
[1887, 1922]
[1888, 2020]
[1888, 2252]
[1889, 1925]
[1889, 2115]
[1891, 2123]
[1892, 2019]
[1892, 2156]
[1893, 2319]
[1894, 2066]
[1894, 2068]
[1895, 2255]
[1897, 2271]
[1899, 1971]
[1899, 2170]
[1900, 1942]
[1900, 2014]
[1902, 2048]
[1902, 2325]
[1903, 2092]
[1903, 2391]
[1904, 2028]
[1906, 2006]
[1907, 2068]
[1907, 2260]
[1907, 2268]
[1908, 2277]
[1908, 2293]
[1909, 2294]
[1910, 1949]
[1910, 2184]
[1910, 2187]
[1910, 2233]
[1911, 2210]
[1911, 2239]
[1913, 2044]
[1913, 2319]
[1914, 1976]
[1914, 2361]
[1915, 2324]
[1917, 1950]
[1918, 2023]
[1918, 2259]
[1919, 2375]
[2040, 2264]
[2040, 2296]
[2042, 2065]
[2043, 2124]
[2044, 2053]
[2044, 2110]
[2046, 2275]
[2047, 2059]
[2047, 2241]
[2049, 2086]
[2049, 2208]
[2053, 2110]
[2053, 2166]
[2057, 2140]
[2059, 2301]
[2059, 2387]
[2062, 2351]
[2063, 2279]
[2064, 2242]
[2066, 2260]
[2067, 2075]
[2067, 2236]
[2068, 2260]
[2070, 2152]
[2071, 2153]
[2072, 2155]
[2076, 2172]
[2076, 2291]
[2077, 2100]
[2077, 2186]
[2078, 2140]
[2078, 2330]
[2080, 2303]
[2081, 2131]
[2081, 2248]
[2081, 2371]
[2084, 2381]
[2085, 2171]
[2085, 2205]
[2085, 2353]
[2088, 2375]
[2089, 2383]
[2091, 2396]
[2093, 2117]
[2096, 2309]
[2097, 2191]
[2099, 2171]
[2099, 2205]
[2100, 2299]
[2101, 2179]
[2101, 2288]
[2101, 2300]
[2103, 2179]
[2104, 2114]
[2106, 2116]
[2108, 2113]
[2110, 2282]
[2111, 2200]
[2111, 2232]
[2112, 2278]
[2115, 2391]
[2117, 2284]
[2118, 2125]
[2119, 2328]
[2120, 2244]
[2120, 2355]
[2122, 2214]
[2123, 2157]
[2127, 2361]
[2128, 2213]
[2134, 2225]
[2135, 2223]
[2137, 2185]
[2137, 2249]
[2138, 2315]
[2139, 2186]
[2139, 2299]
[2140, 2330]
[2144, 2206]
[2147, 2172]
[2147, 2359]
[2149, 2266]
[2151, 2193]
[2152, 2331]
[2153, 2208]
[2156, 2179]
[2159, 2182]
[1560, 1951]
[1561, 1594]
[1561, 1761]
[1562, 2010]
[1562, 2058]
[1562, 2133]
[1563, 2105]
[1564, 2182]
[1564, 2256]
[1564, 2322]
[1565, 1886]
[1565, 2023]
[1566, 1633]
[1566, 1818]
[1566, 2089]
[1566, 2383]
[1567, 1880]
[1568, 1989]
[1568, 2173]
[1569, 1692]
[1569, 1952]
[1569, 2180]
[1570, 2172]
[1570, 2291]
[1571, 1646]
[1571, 1803]
[1571, 1908]
[1571, 2293]
[1572, 1610]
[1572, 2306]
[1573, 1903]
[1573, 2107]
[1573, 2333]
[1575, 1578]
[1575, 1657]
[1575, 2343]
[1576, 1656]
[1576, 2257]
[1576, 2346]
[1577, 1599]
[1578, 1813]
[1578, 2218]
[1579, 2363]
[1581, 1772]
[1582, 1748]
[1582, 2021]
[1582, 2053]
[1582, 2183]
[1582, 2282]
[1583, 2224]
[1583, 2290]
[1584, 1641]
[1584, 2323]
[1585, 1838]
[1586, 1644]
[1587, 1790]
[1587, 1796]
[1588, 1768]
[1588, 2022]
[1589, 1932]
[1589, 2096]
[1589, 2309]
[1590, 1861]
[1590, 1984]
[1592, 1816]
[1592, 1977]
[1593, 2168]
[1595, 2231]
[1595, 2339]
[1596, 1833]
[1597, 1696]
[1597, 1992]
[1600, 1996]
[1600, 2028]
[1600, 2063]
[1600, 2182]
[1601, 1742]
[1601, 1756]
[1601, 2128]
[1601, 2191]
[1602, 2158]
[1603, 1999]
[1603, 2181]
[1604, 2004]
[1604, 2226]
[1605, 1610]
[1605, 1630]
[1605, 2041]
[1605, 2306]
[1606, 2261]
[1607, 1658]
[1607, 1884]
[1610, 1937]
[1611, 2314]
[1612, 2310]
[1612, 2393]
[1613, 1836]
[1614, 1793]
[1614, 2132]
[1616, 2083]
[1617, 2311]
[1618, 2211]
[1618, 2229]
[1619, 2227]
[1620, 1780]
[1620, 1901]
[1621, 1852]
[1622, 1637]
[1622, 1993]
[1623, 2271]
[1624, 1738]
[1624, 2155]
[1625, 1921]
[1625, 2326]
[1626, 1692]
[1626, 1882]
[1626, 2395]
[1627, 1648]
[1628, 1863]
[1630, 2306]
[1631, 1947]
[1631, 2148]
[1631, 2149]
[1632, 2273]
[1633, 2063]
[1634, 1733]
[1634, 1959]
[1635, 1797]
[1635, 2122]
[1635, 2217]
[1636, 1847]
[1636, 1863]
[1637, 2023]
[1638, 2114]
[1639, 1914]
[1639, 2361]
[1640, 1907]
[1641, 1711]
[1641, 2094]
[1641, 2198]
[1641, 2372]
[1643, 2216]
[1643, 2340]
[1644, 1772]
[1645, 2112]
[1645, 2339]
[1646, 1776]
[1646, 1908]
[1646, 2164]
[1646, 2293]
[1646, 2307]
[1647, 1849]
[1647, 1991]
[1647, 2047]
[1647, 2059]
[1648, 1898]
[1649, 1710]
[1649, 2014]
[1649, 2045]
[1649, 2308]
[1650, 1723]
[1650, 2069]
[1651, 2043]
[1652, 1690]
[1652, 2130]
[1653, 1686]
[1653, 1693]
[1653, 2176]
[1653, 2203]
[1654, 1778]
[1654, 1792]
[1655, 2270]
[1655, 2332]
[1655, 2370]
[1657, 1724]
[1658, 1721]
[1659, 1726]
[1659, 2329]
[1660, 1820]
[1660, 1870]
[1660, 2064]
[1660, 2112]
[1661, 1822]
[1661, 2224]
[1661, 2290]
[1662, 2189]
[1662, 2285]
[1663, 1799]
[1663, 1966]
[1664, 2211]
[1664, 2229]
[1665, 2209]
[1665, 2377]
[1666, 1924]
[1666, 1978]
[1666, 2201]
[1666, 2263]
[1667, 1886]
[1669, 1804]
[1670, 2091]
[1671, 1972]
[1671, 2017]
[1671, 2366]
[1671, 2384]
[1672, 2342]
[1673, 1838]
[1673, 2065]
[1674, 2108]
[1674, 2202]
[1674, 2362]
[1675, 2017]
[1675, 2056]
[1675, 2388]
[1676, 2292]
[1677, 1833]
[1677, 2045]
[1677, 2308]
[1678, 1839]
[1678, 1980]
[1679, 2158]
[2280, 2356]
[2280, 2390]
[2286, 2373]
[2287, 2338]
[2288, 2300]
[2289, 2375]
[2293, 2365]
[2295, 2318]
[2298, 2354]
[2304, 2354]
[2312, 2349]
[2314, 2358]
[2315, 2321]
[2316, 2351]
[2323, 2356]
[2328, 2331]
[2328, 2390]
[2333, 2345]
[2334, 2352]
[2335, 2352]
[2336, 2388]
[2344, 2382]
[2345, 2391]
[2350, 2367]
[2364, 2379]
[2383, 2394]
[1680, 2015]
[1681, 1759]
[1681, 1892]
[1682, 2193]
[1683, 1916]
[1684, 1789]
[1685, 1889]
[1685, 2115]
[1686, 1693]
[1686, 2220]
[1689, 2317]
[1690, 2130]
[1690, 2346]
[1691, 1744]
[1691, 1929]
[1691, 2312]
[1692, 2000]
[1692, 2141]
[1693, 1776]
[1694, 2341]
[1695, 1790]
[1695, 1822]
[1696, 1905]
[1696, 2072]
[1697, 2204]
[1700, 1932]
[1700, 2036]
[1704, 1780]
[1704, 2096]
[1705, 1854]
[1705, 1890]
[1705, 2126]
[1706, 1750]
[1706, 2345]
[1707, 1717]
[1707, 1770]
[1707, 1984]
[1708, 1793]
[1708, 1858]
[1709, 1882]
[1709, 2068]
[1709, 2102]
[1709, 2268]
[1710, 2255]
[1711, 1850]
[1711, 2198]
[1711, 2323]
[1711, 2372]
[1712, 1826]
[1712, 2029]
[1712, 2287]
[1712, 2338]
[1714, 2119]
[1714, 2328]
[1715, 1739]
[1716, 2232]
[1716, 2266]
[1717, 1846]
[1717, 2172]
[1717, 2225]
[1718, 2325]
[1719, 1729]
[1720, 1988]
[1720, 2030]
[1720, 2243]
[1722, 1795]
[1722, 2221]
[1722, 2222]
[1722, 2224]
[1723, 2069]
[1723, 2190]
[1724, 2292]
[1725, 2059]
[1725, 2241]
[1726, 1923]
[1727, 2183]
[1731, 2200]
[1731, 2392]
[1732, 1948]
[1732, 2351]
[1733, 1959]
[1734, 1798]
[1734, 1975]
[1734, 2007]
[1735, 1969]
[1735, 2119]
[1736, 1989]
[1737, 1831]
[1737, 2087]
[1737, 2358]
[1738, 2250]
[1739, 1951]
[1740, 2129]
[1740, 2184]
[1741, 2125]
[1743, 2116]
[1743, 2150]
[1744, 1926]
[1744, 2195]
[1745, 1871]
[1745, 2181]
[1746, 2197]
[1746, 2340]
[1747, 1791]
[1747, 1924]
[1748, 2282]
[1750, 1889]
[1750, 2391]
[1751, 2154]
[1751, 2231]
[1752, 2248]
[1753, 2294]
[1753, 2376]
[1754, 2084]
[1754, 2178]
[1754, 2359]
[1756, 1849]
[1757, 1871]
[1757, 1974]
[1757, 2174]
[1758, 1834]
[1758, 2011]
[1760, 1819]
[1760, 1918]
[1760, 2259]
[1761, 1815]
[1763, 1888]
[1764, 1872]
[1765, 1775]
[1765, 2332]
[1766, 1781]
[1766, 2159]
[1767, 1848]
[1767, 1954]
[1768, 2249]
[1769, 1862]
[1769, 2043]
[1769, 2124]
[1769, 2186]
[1770, 2076]
[1770, 2172]
[1771, 2149]
[1771, 2238]
[1773, 1818]
[1773, 2003]
[1773, 2051]
[1774, 2255]
[1774, 2386]
[1775, 1931]
[1775, 2360]
[1776, 2277]
[1777, 1809]
[1777, 1831]
[1777, 2358]
[1779, 1949]
[1779, 2187]
[1781, 2146]
[1781, 2159]
[1781, 2177]
[1781, 2279]
[1782, 1904]
[1782, 1987]
[1783, 2154]
[1783, 2246]
[1784, 1935]
[1784, 2335]
[1785, 1953]
[1785, 2094]
[1785, 2360]
[1786, 1860]
[1786, 1902]
[1786, 2055]
[1787, 1824]
[1787, 2037]
[1788, 1868]
[1790, 1796]
[1790, 2179]
[1791, 2098]
[1791, 2123]
[1792, 1851]
[1792, 2001]
[1792, 2218]
[1792, 2335]
[1793, 2132]
[1794, 2321]
[1795, 2202]
[1795, 2222]
[1795, 2311]
[1796, 1822]
[1797, 1806]
[1797, 2122]
[1797, 2374]
[1798, 1832]
[1798, 2007]
[1798, 2011]
[1799, 1930]
[2160, 2189]
[2162, 2168]
[2163, 2295]
[2163, 2348]
[2166, 2169]
[2167, 2361]
[2174, 2247]
[2176, 2212]
[2177, 2346]
[2178, 2381]
[2180, 2236]
[2180, 2398]
[2181, 2286]
[2182, 2279]
[2184, 2209]
[2185, 2249]
[2186, 2299]
[2187, 2385]
[2188, 2344]
[2189, 2393]
[2190, 2300]
[2192, 2287]
[2193, 2212]
[2194, 2283]
[2197, 2216]
[2197, 2340]
[2198, 2207]
[2198, 2372]
[2199, 2264]
[2199, 2296]
[2200, 2364]
[2200, 2379]
[2201, 2368]
[2203, 2398]
[2207, 2237]
[2207, 2238]
[2209, 2377]
[2210, 2239]
[2210, 2275]
[2212, 2369]
[2213, 2243]
[2214, 2217]
[2215, 2331]
[2216, 2238]
[2218, 2343]
[2219, 2337]
[2220, 2294]
[2221, 2311]
[2225, 2359]
[2226, 2394]
[2227, 2314]
[2228, 2399]
[2235, 2248]
[2237, 2238]
[2238, 2372]
[2239, 2284]
[2240, 2267]
[2242, 2272]
[2245, 2353]
[2252, 2382]
[2253, 2284]
[2263, 2274]
[2263, 2397]
[2264, 2380]
[2270, 2378]
[2276, 2320]
[960, 1208]
[960, 1828]
[960, 1856]
[960, 2320]
[960, 2379]
[961, 1344]
[961, 1632]
[961, 2013]
[962, 1627]
[963, 1067]
[963, 1687]
[963, 2289]
[963, 2375]
[964, 999]
[964, 1226]
[964, 1668]
[964, 2142]
[965, 1700]
[965, 1957]
[965, 2167]
[965, 2367]
[966, 1068]
[966, 1619]
[967, 1198]
[967, 1703]
[968, 1311]
[968, 2274]
[968, 2397]
[969, 1402]
[969, 1552]
[969, 1938]
[969, 2362]
[970, 1262]
[970, 1841]
[970, 2243]
[971, 1132]
[971, 1417]
[971, 2034]
[971, 2352]
[972, 1283]
[972, 1904]
[972, 2028]
[973, 1273]
[973, 1315]
[973, 1432]
[974, 1295]
[974, 1997]
[975, 1041]
[975, 2153]
[976, 1118]
[976, 1256]
[976, 1268]
[976, 1973]
[977, 1499]
[977, 1740]
[977, 1834]
[978, 1214]
[978, 1537]
[979, 1326]
[979, 1557]
[979, 1569]
[979, 1692]
[980, 2067]
[980, 2075]
[980, 2159]
[980, 2180]
[981, 1193]
[981, 1365]
[981, 1942]
[982, 986]
[982, 1010]
[982, 2229]
[983, 1985]
[983, 2008]
[983, 2230]
[984, 1059]
[984, 1066]
[984, 1281]
[984, 1640]
[984, 2365]
[985, 1070]
[985, 1946]
[986, 1005]
[986, 1010]
[986, 1369]
[987, 1103]
[987, 1477]
[987, 1863]
[987, 2133]
[987, 2285]
[988, 1029]
[988, 1620]
[988, 1780]
[988, 1990]
[989, 1724]
[989, 2073]
[990, 1312]
[990, 1691]
[990, 1744]
[990, 2104]
[991, 1762]
[991, 1788]
[991, 2018]
[991, 2175]
[992, 1211]
[992, 1440]
[992, 1466]
[992, 2111]
[992, 2364]
[993, 1270]
[993, 1464]
[993, 1603]
[994, 1776]
[994, 2262]
[995, 1451]
[995, 1713]
[995, 2353]
[996, 1031]
[996, 1210]
[996, 1510]
[996, 1609]
[997, 1179]
[997, 1255]
[997, 1900]
[998, 1454]
[998, 2143]
[998, 2204]
[999, 1075]
[999, 1668]
[999, 1823]
[1000, 1323]
[1000, 1433]
[1000, 1534]
[1001, 1038]
[1001, 1554]
[1001, 1653]
[1001, 1789]
[1001, 2220]
[1002, 1285]
[1002, 1925]
[1004, 1699]
[1005, 1642]
[1005, 1887]
[1006, 1558]
[1006, 2027]
[1006, 2231]
[1006, 2283]
[1007, 1829]
[1007, 2036]
[1008, 1030]
[1008, 1255]
[1008, 1648]
[1009, 1286]
[1009, 1597]
[1009, 1992]
[1010, 1664]
[1010, 2324]
[1011, 1505]
[1011, 1674]
[1011, 1722]
[1011, 2034]
[1011, 2113]
[1011, 2202]
[1012, 1017]
[1012, 2263]
[1012, 2274]
[1013, 1131]
[1013, 1611]
[1013, 1794]
[1013, 2039]
[1013, 2227]
[1014, 1211]
[1014, 1229]
[1014, 2232]
[1014, 2295]
[1015, 1450]
[1015, 1490]
[1015, 1502]
[1015, 1663]
[1015, 2349]
[1016, 1495]
[1016, 1606]
[1016, 2261]
[1017, 1612]
[1017, 2310]
[1018, 1053]
[1018, 1622]
[1018, 1993]
[1018, 2380]
[1019, 1104]
[1019, 1458]
[1020, 1327]
[1020, 1609]
[1020, 1788]
[1020, 1868]
[1020, 1944]
[1021, 1127]
[1021, 1365]
[1021, 2049]
[1022, 1598]
[1022, 1972]
[1023, 1698]
[1023, 1748]
[1023, 2044]
[1023, 2053]
[1023, 2110]
[1023, 2319]
[1024, 1301]
[1024, 1395]
[1024, 1762]
[1024, 2177]
[1025, 1316]
[1025, 1371]
[1025, 1426]
[1025, 1726]
[1025, 1761]
[1025, 1797]
[1026, 1308]
[1026, 1391]
[1026, 1848]
[1026, 1954]
[1027, 1788]
[1027, 1944]
[1027, 2214]
[1027, 2217]
[1028, 1100]
[1028, 1208]
[1028, 1676]
[1028, 2292]
[1029, 1483]
[1029, 1855]
[1029, 1901]
[1030, 1255]
[1030, 1833]
[1031, 1522]
[1031, 1939]
[1032, 1356]
[1032, 1382]
[1032, 1456]
[1032, 2135]
[1032, 2223]
[1033, 2258]
[1033, 2343]
[1034, 1154]
[1034, 1955]
[1034, 2244]
[1035, 1079]
[1035, 1949]
[1035, 2233]
[1036, 1489]
[1036, 1897]
[1036, 2062]
[1036, 2091]
[1037, 1155]
[1037, 1437]
[1037, 2032]
[1037, 2120]
[1037, 2355]
[1038, 1274]
[1038, 1909]
[1038, 2220]
[1039, 1120]
[1039, 2077]
[1039, 2100]
[1040, 1237]
[1040, 1297]
[1040, 1599]
[1041, 1480]
[1041, 1536]
[1041, 2326]
[1042, 1173]
[1042, 1965]
[1043, 1960]
[1043, 1983]
[1043, 2195]
[1044, 1598]
[1044, 1972]
[1044, 2165]
[1044, 2366]
[1045, 1303]
[1045, 1360]
[1046, 1294]
[1046, 1510]
[1046, 1965]
[1046, 2143]
[1046, 2378]
[1047, 1911]
[1047, 2284]
[1048, 1583]
[1048, 1619]
[1048, 1688]
[1048, 2222]
[1048, 2224]
[1049, 1811]
[1049, 1894]
[1049, 2048]
[1049, 2066]
[1050, 1098]
[1050, 1222]
[1050, 2073]
[1050, 2269]
[1050, 2276]
[1051, 1335]
[1051, 1684]
[1051, 1842]
[1051, 2325]
[1052, 1814]
[1052, 1981]
[1052, 2090]
[1053, 1637]
[1053, 2199]
[1054, 1823]
[1054, 1974]
[1054, 2136]
[1055, 1729]
[1055, 1956]
[1055, 1964]
[1055, 1998]
[1056, 1231]
[1056, 1232]
[1056, 1414]
[1056, 2377]
[1057, 1068]
[1057, 1412]
[1057, 1619]
[1057, 2358]
[1058, 1094]
[1058, 1210]
[1058, 1522]
[1058, 1801]
[1059, 1077]
[1059, 1449]
[1059, 1753]
[1059, 2171]
[1059, 2376]
[1060, 1135]
[1060, 1853]
[1060, 2057]
[1061, 1616]
[1061, 1702]
[1061, 1872]
[1061, 1964]
[1062, 1342]
[1062, 1814]
[1062, 1850]
[1062, 1883]
[1062, 1975]
[1062, 1981]
[1063, 1101]
[1063, 1621]
[1063, 1741]
[1063, 1852]
[1064, 1360]
[1064, 1770]
[1064, 2076]
[1064, 2172]
[1065, 1347]
[1065, 1667]
[1065, 1886]
[1065, 2054]
[1066, 1170]
[1066, 1526]
[1067, 1603]
[1067, 2088]
[1069, 1341]
[1069, 1636]
[1069, 1985]
[1070, 1186]
[1070, 1946]
[1070, 2281]
[1071, 1735]
[1071, 1827]
[1071, 1969]
[1071, 2021]
[1071, 2219]
[1072, 1149]
[1072, 1420]
[1073, 1324]
[1073, 1880]
[1073, 2005]
[1073, 2197]
[1074, 1160]
[1074, 1188]
[1074, 1409]
[1074, 1963]
[1074, 2339]
[1075, 1389]
[1075, 2025]
[1075, 2145]
[1076, 2160]
[1077, 1776]
[1077, 2277]
[1077, 2293]
[1078, 1106]
[1078, 1400]
[1078, 1590]
[1078, 1861]
[1079, 1168]
[1079, 1254]
[1200, 1682]
[1200, 1686]
[1200, 2107]
[1200, 2176]
[1200, 2212]
[1201, 2052]
[1201, 2201]
[1202, 1536]
[1202, 2130]
[1203, 1222]
[1203, 1731]
[1204, 1321]
[1204, 1651]
[1205, 1570]
[1205, 1760]
[1205, 1846]
[1205, 1918]
[1205, 2259]
[1206, 1240]
[1206, 1249]
[1206, 1323]
[1206, 1694]
[1207, 1595]
[1207, 1751]
[1207, 2154]
[1208, 1962]
[1208, 2276]
[1209, 1390]
[1209, 1806]
[1209, 2122]
[1209, 2329]
[1210, 1522]
[1210, 2378]
[1211, 1440]
[1211, 1748]
[1211, 2111]
[1212, 1382]
[1212, 1456]
[1212, 1987]
[1213, 1359]
[1213, 1843]
[1213, 2118]
[1214, 1839]
[1215, 1360]
[1215, 1493]
[1215, 2076]
[1215, 2147]
[1216, 1520]
[1216, 1648]
[1216, 1922]
[1216, 2137]
[1216, 2396]
[1217, 1870]
[1217, 1960]
[1217, 2242]
[1217, 2312]
[1218, 2031]
[1218, 2102]
[1220, 1334]
[1220, 1614]
[1220, 1675]
[1220, 2271]
[1221, 1741]
[1221, 2088]
[1222, 1408]
[1222, 1731]
[1223, 1419]
[1223, 1975]
[1223, 2007]
[1223, 2100]
[1224, 2221]
[1224, 2311]
[1225, 1750]
[1225, 2155]
[1225, 2391]
[1226, 1295]
[1226, 1399]
[1226, 2342]
[1227, 1617]
[1227, 2026]
[1228, 1715]
[1228, 2088]
[1229, 1421]
[1229, 2232]
[1230, 1299]
[1231, 1414]
[1231, 2067]
[1231, 2209]
[1231, 2357]
[1232, 1553]
[1232, 1564]
[1232, 1844]
[1232, 2256]
[1233, 1492]
[1233, 1639]
[1233, 1957]
[1233, 2140]
[1233, 2167]
[1234, 1512]
[1234, 1681]
[1234, 2113]
[1235, 1672]
[1235, 1804]
[1235, 2206]
[1236, 2134]
[1236, 2225]
[1237, 1733]
[1237, 1782]
[1238, 1628]
[1238, 2303]
[1239, 1495]
[1239, 1924]
[1239, 2055]
[1240, 1608]
[1240, 1664]
[1241, 1941]
[1241, 2170]
[1241, 2244]
[1241, 2355]
[1242, 1567]
[1242, 1931]
[1242, 2046]
[1243, 1245]
[1243, 1403]
[1243, 1444]
[1243, 1755]
[1243, 2144]
[1244, 1537]
[1244, 1563]
[1244, 2105]
[1245, 1372]
[1245, 1374]
[1245, 1508]
[1245, 1546]
[1245, 2386]
[1246, 1289]
[1246, 1391]
[1246, 2012]
[1247, 1429]
[1247, 2272]
[1248, 1300]
[1248, 1658]
[1248, 1721]
[1248, 2017]
[1249, 1642]
[1249, 1694]
[1249, 2091]
[1250, 1540]
[1250, 1650]
[1250, 1935]
[1250, 2190]
[1251, 1550]
[1251, 1640]
[1251, 1676]
[1251, 1803]
[1251, 2365]
[1252, 2317]
[1253, 1941]
[1254, 1533]
[1254, 1655]
[1254, 2370]
[1255, 1898]
[1256, 1387]
[1256, 1973]
[1257, 1339]
[1257, 1805]
[1257, 2354]
[1258, 1407]
[1258, 1422]
[1258, 2081]
[1259, 1580]
[1259, 1611]
[1259, 2314]
[1260, 1278]
[1260, 1563]
[1260, 2330]
[1261, 1729]
[1261, 2026]
[1262, 1841]
[1262, 1991]
[1263, 1416]
[1263, 1865]
[1264, 1405]
[1264, 1410]
[1264, 1584]
[1264, 2162]
[1265, 1746]
[1265, 1931]
[1265, 2005]
[1265, 2197]
[1265, 2340]
[1266, 1301]
[1266, 2217]
[1267, 1396]
[1267, 1474]
[1267, 1573]
[1267, 1656]
[1267, 1878]
[1268, 1280]
[1268, 1478]
[1268, 1810]
[1268, 2139]
[1269, 1504]
[1269, 1656]
[1269, 1690]
[1269, 1878]
[1270, 1468]
[1270, 1603]
[1271, 1325]
[1271, 1500]
[1271, 1698]
[1271, 1737]
[1272, 1377]
[1272, 1471]
[1272, 1580]
[1272, 1893]
[1273, 1431]
[1274, 1318]
[1274, 1789]
[1275, 1367]
[1276, 1441]
[1276, 1473]
[1276, 1828]
[1276, 2119]
[1276, 2390]
[1277, 1700]
[1278, 1812]
[1278, 2267]
[1279, 1313]
[1279, 1330]
[1279, 1592]
[1280, 1639]
[1280, 1821]
[1280, 2313]
[1281, 1364]
[1281, 1449]
[1281, 1640]
[1282, 1296]
[1282, 1421]
[1282, 1958]
[1282, 2399]
[1283, 2146]
[1284, 1517]
[1284, 1622]
[1284, 2144]
[1285, 1559]
[1285, 2160]
[1285, 2393]
[1286, 1375]
[1286, 1538]
[1286, 1943]
[1287, 1621]
[1287, 1741]
[1287, 2125]
[1288, 2038]
[1289, 1368]
[1289, 1411]
[1290, 1448]
[1291, 1387]
[1291, 1740]
[1291, 1910]
[1291, 2129]
[1292, 1407]
[1292, 1638]
[1293, 1728]
[1293, 2241]
[1294, 1939]
[1294, 2143]
[1294, 2270]
[1295, 1399]
[1296, 1958]
[1296, 2163]
[1296, 2399]
[1297, 1600]
[1297, 1904]
[1297, 1996]
[1297, 2063]
[1298, 1415]
[1298, 1785]
[1298, 1953]
[1298, 2186]
[1299, 1636]
[1299, 1847]
[1300, 1658]
[1300, 1675]
[1300, 1721]
[1301, 1762]
[1301, 2175]
[1302, 1397]
[1302, 1533]
[1302, 2270]
[1302, 2370]
[1302, 2378]
[1303, 1592]
[1303, 1977]
[1304, 1366]
[1304, 2258]
[1304, 2293]
[1304, 2307]
[1305, 1375]
[1305, 2072]
[1305, 2155]
[1306, 1710]
[1306, 1774]
[1306, 1890]
[1307, 1339]
[1307, 1805]
[1307, 1883]
[1307, 2192]
[1308, 1367]
[1308, 2178]
[1308, 2381]
[1309, 1377]
[1309, 1528]
[1309, 1929]
[1309, 2195]
[1309, 2301]
[1310, 1437]
[1310, 1506]
[1310, 2018]
[1310, 2355]
[1311, 1928]
[1311, 2303]
[1311, 2397]
[1312, 1482]
[1312, 1926]
[1312, 2312]
[1313, 1772]
[1313, 2024]
[1313, 2079]
[1314, 2199]
[1314, 2296]
[1315, 1439]
[1315, 1650]
[1315, 1723]
[1315, 2069]
[1315, 2151]
[1316, 1426]
[1316, 1659]
[1316, 1761]
[1316, 2122]
[1317, 1357]
[1317, 2027]
[1317, 2161]
[1317, 2283]
[1318, 1335]
[1318, 1789]
[1318, 2236]
[1319, 1393]
[1319, 1974]
[1080, 1577]
[1080, 2026]
[1081, 1385]
[1081, 1920]
[1082, 1587]
[1082, 1701]
[1082, 1790]
[1082, 1796]
[1082, 2103]
[1083, 1792]
[1083, 2001]
[1083, 2335]
[1083, 2343]
[1084, 1105]
[1084, 1718]
[1084, 1740]
[1084, 1835]
[1085, 2363]
[1086, 1285]
[1086, 1889]
[1086, 1905]
[1087, 1556]
[1088, 1393]
[1088, 1523]
[1088, 1757]
[1088, 2174]
[1089, 1104]
[1089, 1819]
[1089, 2023]
[1090, 1260]
[1090, 1680]
[1090, 2140]
[1091, 1136]
[1091, 1530]
[1092, 1146]
[1092, 1887]
[1092, 1915]
[1092, 1922]
[1093, 1237]
[1093, 1430]
[1094, 1253]
[1095, 1598]
[1095, 1659]
[1095, 1726]
[1095, 1761]
[1096, 1637]
[1098, 1172]
[1098, 1208]
[1098, 2073]
[1099, 1190]
[1099, 1408]
[1099, 1872]
[1099, 1927]
[1099, 2095]
[1100, 1366]
[1100, 1524]
[1100, 1657]
[1100, 1724]
[1101, 1409]
[1102, 1159]
[1102, 1246]
[1102, 1289]
[1102, 1549]
[1103, 1555]
[1103, 1562]
[1103, 2058]
[1104, 1112]
[1104, 1458]
[1104, 1615]
[1105, 1447]
[1105, 1743]
[1105, 2209]
[1106, 1263]
[1106, 1521]
[1106, 1865]
[1107, 1166]
[1107, 1207]
[1107, 1579]
[1107, 1933]
[1108, 1368]
[1108, 1947]
[1109, 1687]
[1109, 1741]
[1109, 2375]
[1110, 1714]
[1110, 1830]
[1110, 2196]
[1111, 1157]
[1111, 1550]
[1111, 1730]
[1111, 1803]
[1112, 1728]
[1112, 1794]
[1112, 2321]
[1113, 1371]
[1113, 1426]
[1113, 1542]
[1113, 1561]
[1113, 1594]
[1114, 1312]
[1114, 1966]
[1114, 2349]
[1115, 1683]
[1115, 2071]
[1115, 2153]
[1116, 1213]
[1116, 1319]
[1116, 2118]
[1117, 1252]
[1117, 1689]
[1117, 1848]
[1118, 1256]
[1118, 1291]
[1118, 1810]
[1118, 1934]
[1118, 1973]
[1119, 1256]
[1119, 1758]
[1119, 1934]
[1120, 2077]
[1120, 2100]
[1120, 2139]
[1121, 1374]
[1121, 1486]
[1121, 1873]
[1121, 1895]
[1121, 2144]
[1122, 1197]
[1122, 1735]
[1122, 1828]
[1122, 1856]
[1122, 2021]
[1123, 2319]
[1124, 1388]
[1124, 1474]
[1124, 1576]
[1124, 2257]
[1124, 2369]
[1125, 1224]
[1125, 1816]
[1125, 1977]
[1126, 1620]
[1126, 1990]
[1126, 2336]
[1127, 2327]
[1128, 1283]
[1128, 1693]
[1128, 2164]
[1128, 2203]
[1128, 2398]
[1129, 2373]
[1130, 2298]
[1130, 2304]
[1131, 1259]
[1131, 2039]
[1131, 2227]
[1131, 2321]
[1132, 1417]
[1132, 1505]
[1132, 1688]
[1132, 2034]
[1132, 2334]
[1133, 1493]
[1133, 2084]
[1133, 2359]
[1134, 1148]
[1134, 1572]
[1134, 1937]
[1134, 2082]
[1134, 2267]
[1135, 1185]
[1135, 2251]
[1135, 2350]
[1137, 1373]
[1137, 2052]
[1137, 2201]
[1137, 2250]
[1137, 2368]
[1138, 1337]
[1138, 1601]
[1138, 1742]
[1138, 2030]
[1139, 1174]
[1139, 2138]
[1139, 2348]
[1140, 1274]
[1140, 1557]
[1140, 1811]
[1140, 1860]
[1140, 2048]
[1141, 1680]
[1141, 1787]
[1141, 2037]
[1141, 2057]
[1142, 1198]
[1142, 1373]
[1142, 1894]
[1142, 2055]
[1143, 1457]
[1143, 1604]
[1144, 1617]
[1144, 2108]
[1144, 2113]
[1144, 2202]
[1144, 2305]
[1145, 1695]
[1145, 1838]
[1145, 2156]
[1146, 1216]
[1146, 1323]
[1146, 1520]
[1146, 2185]
[1146, 2396]
[1147, 1181]
[1147, 1202]
[1147, 1625]
[1147, 2106]
[1148, 1976]
[1148, 2127]
[1148, 2234]
[1149, 1420]
[1149, 1451]
[1149, 1629]
[1150, 1452]
[1150, 1654]
[1150, 1778]
[1150, 2001]
[1151, 1207]
[1151, 1240]
[1151, 1370]
[1151, 1608]
[1152, 1747]
[1152, 1924]
[1153, 1494]
[1153, 1635]
[1153, 2374]
[1154, 1857]
[1155, 2120]
[1155, 2355]
[1156, 1536]
[1156, 1610]
[1156, 1625]
[1156, 1921]
[1157, 1545]
[1157, 1602]
[1157, 2141]
[1158, 1891]
[1158, 2041]
[1158, 2098]
[1158, 2123]
[1159, 1411]
[1159, 2012]
[1160, 1462]
[1160, 1560]
[1161, 1351]
[1161, 2352]
[1162, 1501]
[1162, 1641]
[1162, 1931]
[1162, 2360]
[1163, 2243]
[1164, 1277]
[1164, 1548]
[1164, 1780]
[1165, 1362]
[1165, 1685]
[1165, 2035]
[1166, 1186]
[1166, 1482]
[1167, 1596]
[1167, 1677]
[1167, 1699]
[1167, 2054]
[1167, 2308]
[1168, 1953]
[1168, 2370]
[1169, 2043]
[1169, 2313]
[1170, 1994]
[1171, 1293]
[1172, 1203]
[1172, 1222]
[1172, 1402]
[1172, 1731]
[1172, 2379]
[1173, 1397]
[1173, 1888]
[1173, 2252]
[1174, 1252]
[1174, 1349]
[1174, 1958]
[1174, 2163]
[1175, 1347]
[1175, 1508]
[1175, 1546]
[1175, 1695]
[1175, 1866]
[1176, 1734]
[1176, 1814]
[1176, 1832]
[1176, 2090]
[1177, 1912]
[1178, 1345]
[1178, 1735]
[1178, 2219]
[1178, 2337]
[1179, 1365]
[1179, 1942]
[1180, 1909]
[1180, 2066]
[1180, 2250]
[1180, 2294]
[1180, 2376]
[1181, 1202]
[1181, 1652]
[1182, 1225]
[1182, 1750]
[1182, 2072]
[1182, 2391]
[1183, 1859]
[1183, 1937]
[1183, 2240]
[1183, 2267]
[1185, 1338]
[1185, 1862]
[1186, 1312]
[1187, 1720]
[1187, 1768]
[1187, 1849]
[1187, 2022]
[1188, 1864]
[1188, 1963]
[1188, 2339]
[1189, 1504]
[1189, 1652]
[1189, 1690]
[1189, 2130]
[1189, 2150]
[1190, 1764]
[1190, 2095]
[1190, 2210]
[1191, 1446]
[1191, 1736]
[1191, 1913]
[1192, 1379]
[1192, 1617]
[1192, 1759]
[1192, 2113]
[1192, 2221]
[1193, 1365]
[1193, 2006]
[1194, 1364]
[1194, 1557]
[1194, 1709]
[1194, 1730]
[1194, 1882]
[1194, 2268]
[1195, 1212]
[1195, 1336]
[1195, 1456]
[1195, 1987]
[1196, 1375]
[1196, 2121]
[1196, 2155]
[1197, 1466]
[1197, 1856]
[1197, 1969]
[1197, 2021]
[1198, 1703]
[1198, 2074]
[1199, 1353]
[1199, 1706]
[1199, 2345]
[600, 623]
[600, 2029]
[601, 1314]
[601, 1498]
[601, 1754]
[601, 2040]
[601, 2264]
[602, 688]
[602, 1115]
[602, 1878]
[603, 741]
[603, 1925]
[603, 2157]
[604, 660]
[604, 721]
[604, 1247]
[605, 625]
[605, 1120]
[605, 1141]
[605, 1338]
[606, 698]
[606, 772]
[606, 1223]
[606, 1415]
[606, 2094]
[607, 778]
[607, 791]
[607, 1163]
[607, 1433]
[607, 1946]
[607, 2316]
[608, 1658]
[608, 1675]
[608, 2017]
[608, 2056]
[609, 614]
[609, 1427]
[610, 651]
[610, 718]
[610, 1565]
[610, 1667]
[610, 1819]
[611, 624]
[611, 952]
[611, 1374]
[611, 1531]
[611, 1886]
[611, 2054]
[612, 905]
[612, 1331]
[612, 1616]
[612, 2269]
[613, 1280]
[613, 1821]
[613, 2361]
[614, 1427]
[614, 1627]
[614, 1854]
[614, 1922]
[615, 1195]
[615, 1304]
[615, 1571]
[615, 1724]
[615, 2307]
[616, 1196]
[616, 1375]
[616, 2072]
[616, 2121]
[617, 1283]
[617, 1917]
[617, 2369]
[618, 1072]
[618, 1629]
[619, 1769]
[619, 2043]
[619, 2124]
[619, 2139]
[619, 2313]
[620, 754]
[620, 1378]
[620, 1681]
[620, 2089]
[621, 639]
[621, 835]
[621, 940]
[621, 1230]
[621, 2038]
[622, 706]
[622, 1079]
[622, 1168]
[622, 1785]
[623, 2029]
[623, 2060]
[623, 2235]
[624, 632]
[624, 1347]
[624, 1386]
[624, 1531]
[624, 2054]
[625, 1039]
[625, 1338]
[625, 1787]
[625, 2192]
[626, 786]
[626, 1178]
[626, 1830]
[626, 1907]
[626, 2196]
[627, 1361]
[627, 1542]
[627, 1896]
[627, 2013]
[627, 2032]
[628, 740]
[628, 1359]
[628, 2254]
[629, 1162]
[629, 1501]
[629, 1567]
[629, 1931]
[629, 2197]
[629, 2372]
[630, 1042]
[630, 1965]
[630, 2025]
[630, 2143]
[631, 637]
[631, 1344]
[631, 1818]
[631, 2089]
[631, 2394]
[632, 750]
[632, 1167]
[632, 1677]
[632, 2308]
[633, 1003]
[633, 1427]
[633, 1705]
[633, 1854]
[633, 2126]
[634, 720]
[634, 735]
[634, 808]
[634, 2039]
[635, 1117]
[635, 1174]
[635, 1282]
[635, 1349]
[635, 2163]
[636, 682]
[636, 1494]
[636, 1609]
[636, 2120]
[637, 953]
[637, 961]
[637, 1604]
[637, 1818]
[637, 2394]
[638, 1219]
[638, 1519]
[638, 1581]
[638, 1586]
[638, 1644]
[638, 1702]
[639, 1085]
[639, 1299]
[639, 1636]
[639, 1847]
[640, 663]
[640, 667]
[640, 1468]
[640, 1999]
[640, 2012]
[641, 816]
[641, 1085]
[641, 1817]
[641, 2038]
[642, 960]
[642, 1197]
[642, 1828]
[642, 2320]
[642, 2364]
[642, 2390]
[643, 730]
[643, 873]
[643, 1066]
[643, 1178]
[643, 1526]
[643, 1640]
[644, 879]
[644, 1101]
[644, 1852]
[644, 2231]
[645, 1808]
[646, 690]
[646, 1079]
[646, 1591]
[646, 1779]
[646, 2385]
[647, 966]
[647, 1583]
[647, 1619]
[647, 2039]
[647, 2050]
[648, 1005]
[648, 1642]
[648, 1694]
[648, 1855]
[649, 1398]
[649, 1570]
[649, 1760]
[649, 2050]
[649, 2290]
[649, 2291]
[650, 944]
[650, 1014]
[650, 1296]
[650, 1406]
[650, 1421]
[651, 1089]
[651, 1556]
[651, 1565]
[651, 1728]
[652, 970]
[652, 1875]
[652, 1992]
[653, 877]
[653, 1061]
[653, 1644]
[653, 1702]
[653, 1764]
[654, 665]
[654, 1718]
[654, 2325]
[655, 682]
[655, 996]
[655, 1031]
[655, 1058]
[655, 1941]
[656, 789]
[656, 934]
[656, 1068]
[656, 2253]
[657, 807]
[657, 1253]
[657, 1577]
[657, 1719]
[658, 785]
[658, 970]
[658, 1262]
[658, 1841]
[658, 1988]
[659, 1413]
[659, 1500]
[659, 1578]
[659, 1851]
[659, 1938]
[660, 753]
[660, 1151]
[660, 1166]
[661, 691]
[661, 1069]
[661, 1847]
[661, 2010]
[662, 865]
[662, 1351]
[662, 2387]
[663, 1129]
[663, 1133]
[663, 1184]
[663, 2373]
[664, 746]
[664, 841]
[664, 1322]
[664, 1425]
[664, 1631]
[664, 2149]
[665, 1499]
[665, 1786]
[665, 1834]
[665, 1902]
[666, 1661]
[666, 2290]
[666, 2291]
[667, 938]
[667, 1073]
[667, 1324]
[667, 2005]
[668, 763]
[668, 1036]
[668, 1574]
[668, 2062]
[669, 709]
[669, 898]
[669, 1196]
[669, 2099]
[669, 2205]
[670, 681]
[670, 690]
[670, 815]
[670, 1591]
[671, 820]
[671, 969]
[671, 989]
[671, 1098]
[671, 1100]
[672, 1416]
[672, 1697]
[672, 2079]
[672, 2204]
[673, 1096]
[673, 1284]
[673, 1873]
[673, 2324]
[674, 722]
[674, 1539]
[674, 1626]
[675, 1026]
[675, 1117]
[675, 1252]
[675, 1275]
[675, 1349]
[676, 1234]
[676, 2009]
[676, 2223]
[677, 741]
[677, 1002]
[677, 1559]
[677, 1708]
[678, 891]
[678, 2130]
[678, 2177]
[678, 2257]
[678, 2346]
[679, 760]
[679, 1236]
[679, 2134]
[679, 2136]
[679, 2225]
[680, 794]
[680, 1263]
[680, 1279]
[680, 2079]
[681, 815]
[681, 1591]
[681, 1679]
[681, 2083]
[682, 1609]
[682, 1868]
[682, 2355]
[683, 1103]
[683, 1562]
[683, 1752]
[683, 1863]
[683, 1985]
[683, 2058]
[684, 852]
[684, 937]
[684, 1099]
[684, 1190]
[684, 2095]
[684, 2239]
[685, 782]
[685, 1714]
[685, 2119]
[685, 2215]
[685, 2328]
[686, 832]
[686, 1497]
[686, 2064]
[687, 1169]
[687, 1829]
[687, 2124]
[687, 2313]
[688, 947]
[688, 1916]
[688, 2041]
[689, 1058]
[689, 1210]
[689, 1522]
[689, 1533]
[689, 1844]
[690, 722]
[690, 2168]
[690, 2385]
[691, 1069]
[691, 1864]
[692, 761]
[692, 1143]
[692, 1361]
[692, 1457]
[693, 967]
[693, 1198]
[693, 1703]
[693, 2196]
[694, 804]
[694, 948]
[694, 1285]
[694, 1559]
[694, 2160]
[695, 859]
[695, 1572]
[695, 1610]
[695, 1625]
[696, 1453]
[696, 1800]
[696, 1930]
[696, 1995]
[697, 842]
[697, 1135]
[697, 1511]
[697, 2350]
[698, 1593]
[698, 1711]
[698, 1975]
[698, 2094]
[699, 917]
[699, 1124]
[699, 1127]
[699, 1840]
[699, 2051]
[700, 931]
[700, 992]
[700, 1014]
[700, 1229]
[700, 1406]
[700, 2232]
[701, 798]
[701, 1325]
[701, 1580]
[701, 1698]
[701, 1893]
[702, 806]
[702, 1109]
[702, 1687]
[702, 2040]
[703, 727]
[703, 1130]
[703, 1423]
[703, 1549]
[704, 952]
[704, 958]
[704, 1915]
[704, 2185]
[705, 1177]
[705, 1224]
[705, 2221]
[705, 2311]
[706, 925]
[706, 1219]
[706, 1254]
[706, 1655]
[706, 2370]
[707, 712]
[707, 762]
[707, 1354]
[707, 2105]
[707, 2240]
[708, 959]
[708, 1224]
[708, 1722]
[708, 1795]
[708, 2222]
[709, 1624]
[709, 1753]
[709, 2085]
[709, 2171]
[710, 1113]
[710, 1153]
[710, 1749]
[710, 2032]
[711, 1160]
[711, 1228]
[711, 1739]
[711, 1919]
[711, 1951]
[712, 762]
[712, 1183]
[712, 1354]
[712, 1605]
[712, 2098]
[713, 979]
[713, 1274]
[713, 2180]
[713, 2236]
[714, 765]
[714, 818]
[714, 1196]
[714, 1432]
[714, 1682]
[715, 763]
[715, 778]
[715, 1000]
[715, 1433]
[715, 1768]
[716, 765]
[716, 1182]
[716, 1333]
[716, 1903]
[716, 2092]
[717, 1476]
[717, 1874]
[717, 2218]
[717, 2258]
[717, 2343]
[718, 1293]
[718, 1728]
[719, 863]
[719, 1713]
