Face([1487, 198, 1103, 276, 351])
Face([443, 259, 590, 1825, 1292])
Face([750, 1293, 1704, 1340, 2149])
Face([737, 793, 769, 1673, 1250])
Face([1425, 1712, 190, 1917, 1923])
Face([90, 946, 2072, 856, 847])
Face([394, 1018, 826, 189, 678])
Face([395, 1842, 1123, 1621, 542])
Face([611, 1186, 2104, 1600, 1231])
Face([1526, 2125, 1473, 1517, 959])
Face([484, 181, 918, 2266, 2071])
Face([1440, 803, 1371, 1286, 2118])
Face([911, 1347, 969, 1346, 1001])
Face([1644, 1618, 2067, 1252, 1172])
Face([2327, 1330, 1438, 2097, 1850])
Face([2135, 256, 2222, 6, 2388])
Face([686, 1336, 702, 217, 1511])
Face([505, 1441, 1758, 2053, 1242])
Face([1865, 1150, 2178, 996, 2031])
Face([479, 2258, 854, 1827, 1570])
Face([765, 1696, 330, 253, 2223])
Face([662, 1650, 208, 1504, 1893])
Face([377, 684, 797, 929, 1236])
Face([2294, 418, 442, 2391, 2398])
Face([63, 1681, 514, 488, 1451])
Face([441, 1826, 2256, 1347, 911])
Face([391, 1162, 1637, 785, 342])
Face([1798, 546, 2051, 1576, 9])
Face([1902, 2035, 1598, 2212, 1597])
Face([631, 1724, 171, 1293, 750])
Face([345, 73, 1716, 2344, 1405])
Face([1435, 1742, 2096, 1525, 2182])
Face([96, 777, 243, 1334, 2143])
Face([700, 2388, 6, 1077, 62])
Face([1723, 1573, 1021, 1053, 1599])
Face([369, 1795, 2394, 2048, 1230])
Face([304, 1488, 1147, 1046, 2251])
Face([749, 1281, 1288, 1123, 1621])
Face([477, 973, 1196, 1730, 510])
Face([422, 1027, 1953, 723, 860])
Face([364, 1738, 762, 1804, 565])
Face([2024, 975, 85, 1251, 2317])
Face([403, 1051, 123, 2217, 1475])
Face([1108, 896, 1396, 2107, 169])
Face([626, 594, 844, 2286, 939])
Face([675, 954, 1533, 1591, 923])
Face([1579, 587, 1294, 2239, 877])
Face([421, 739, 1820, 896, 1108])
Face([66, 2099, 1802, 1854, 2140])
Face([2323, 91, 1175, 778, 1860])
Face([15, 770, 1048, 338, 1066])
Face([652, 139, 2246, 1694, 766])
Face([606, 1901, 2197, 735, 1494])
Face([1328, 211, 97, 1797, 1674])
Face([274, 1507, 562, 534, 1060])
Face([424, 1177, 518, 1632, 135])
Face([459, 1113, 1895, 1509, 1537])
Face([368, 709, 899, 1221, 815])
Face([2175, 937, 2330, 516, 1323])
Face([624, 810, 1076, 2094, 2342])
Face([370, 598, 900, 639, 1891])
Face([462, 1298, 240, 1877, 263])
Face([2357, 344, 1079, 1417, 1607])
Face([305, 1928, 1882, 138, 2184])
Face([91, 116, 1887, 2208, 1175])
Face([1174, 971, 1880, 1377, 2231])
Face([495, 1638, 1703, 752, 158])
Face([2078, 1284, 473, 1830, 501])
Face([1318, 1431, 1179, 695, 1135])
Face([626, 594, 1345, 668, 1691])
Face([907, 2282, 1069, 1920, 1942])
Face([620, 1662, 201, 1867, 1471])
Face([126, 1142, 1643, 1722, 1463])
Face([386, 2064, 817, 2234, 861])
Face([386, 300, 1692, 1973, 861])
Face([741, 1627, 1871, 756, 525])
Face([1005, 1232, 1954, 154, 1639])
Face([78, 1931, 876, 528, 1173])
Face([373, 1361, 46, 176, 1476])
Face([1979, 2370, 531, 1348, 1719])
Face([765, 1995, 1161, 1401, 2223])
Face([97, 211, 1998, 255, 791])
Face([366, 1723, 1573, 1476, 373])
Face([853, 968, 713, 2264, 1611])
Face([667, 1086, 1896, 0, 486])
Face([115, 1325, 1155, 267, 1389])
Face([2278, 1665, 2275, 159, 2303])
Face([1971, 67, 1930, 2250, 974])
Face([1271, 1977, 2128, 1854, 2140])
Face([86, 1737, 782, 1307, 1749])
Face([137, 1585, 1246, 1505, 1099])
Face([1629, 436, 890, 454, 1603])
Face([1255, 100, 1278, 1781, 2085])
Face([973, 17, 1211, 2070, 1196])
Face([83, 1057, 1014, 286, 1337])
Face([1197, 121, 2077, 552, 582])
Face([465, 1011, 1861, 472, 1287])
Face([477, 2240, 1719, 1348, 510])
Face([706, 32, 1902, 1597, 325])
Face([2329, 131, 2150, 2028, 742])
Face([388, 993, 27, 31, 1381])
Face([1672, 1813, 2368, 1447, 559])
Face([1414, 969, 1347, 2256, 1889])
Face([2015, 922, 806, 2285, 1652])
Face([722, 164, 1601, 1752, 1903])
Face([84, 1715, 1863, 1383, 591])
Face([107, 299, 1623, 1536, 1999])
Face([434, 1546, 2149, 1340, 142])
Face([469, 1466, 136, 792, 2103])
Face([477, 2240, 2052, 17, 973])
Face([1494, 529, 1835, 553, 735])
Face([622, 1800, 2340, 1755, 1421])
Face([365, 1595, 1677, 2105, 669])
Face([619, 1550, 995, 1483, 2167])
Face([1382, 199, 435, 2093, 1695])
Face([1310, 865, 1591, 923, 1109])
Face([664, 1314, 1787, 210, 204])
Face([616, 298, 2019, 1443, 852])
Face([40, 1322, 764, 829, 2151])
Face([689, 1602, 1332, 333, 1894])
Face([715, 1832, 327, 1036, 1303])
Face([2050, 832, 1334, 2143, 895])
Face([1983, 1461, 1269, 1393, 1183])
Face([52, 931, 188, 811, 1540])
Face([2259, 161, 1938, 1228, 586])
Face([610, 1012, 1465, 1332, 333])
Face([453, 1968, 264, 1767, 1705])
Face([2235, 1346, 1001, 2095, 2343])
Face([625, 1090, 1065, 275, 167])
Face([2030, 1260, 1697, 1239, 151])
Face([361, 2015, 922, 2346, 2159])
Face([68, 2278, 1665, 1297, 2367])
Face([490, 945, 903, 2088, 2309])
Face([986, 1985, 2083, 2198, 202])
Face([616, 298, 1344, 1650, 662])
Face([636, 2232, 2079, 277, 1631])
Face([183, 967, 1184, 1477, 2263])
Face([1527, 1985, 2083, 927, 1702])
Face([362, 2040, 1590, 780, 2011])
Face([1872, 2373, 1954, 154, 2271])
Face([2184, 138, 2061, 854, 1827])
Face([1094, 1362, 590, 1825, 1270])
Face([620, 157, 278, 2352, 1662])
Face([14, 2068, 1063, 1641, 1541])
Face([40, 1322, 2005, 1091, 1156])
Face([1230, 2048, 1085, 1763, 186])
Face([510, 1730, 914, 531, 1348])
Face([1208, 1448, 1786, 1885, 962])
Face([849, 1987, 280, 1931, 78])
Face([655, 883, 1627, 741, 261])
Face([2347, 2320, 1444, 897, 279])
Face([691, 1279, 507, 1323, 2175])
Face([363, 1965, 1970, 1362, 1094])
Face([2353, 727, 317, 571, 1343])
Face([704, 1905, 2389, 732, 236])
Face([1877, 499, 2304, 2113, 263])
Face([1565, 2041, 1259, 1624, 1397])
Face([343, 184, 1055, 2033, 775])
Face([316, 1429, 1029, 502, 1981])
Face([7, 1797, 97, 791, 1373])
Face([462, 2386, 1169, 2113, 263])
Face([392, 68, 2367, 1237, 1054])
Face([2039, 842, 1671, 528, 1173])
Face([852, 1443, 819, 1682, 725])
Face([396, 2243, 958, 1622, 1460])
Face([2349, 1942, 907, 303, 1439])
Face([249, 898, 1881, 1748, 1907])
Face([1249, 19, 848, 908, 2012])
Face([610, 1821, 1819, 1894, 333])
Face([1391, 2042, 2215, 451, 1900])
Face([471, 1569, 522, 1354, 1746])
Face([414, 2075, 1801, 1809, 252])
Face([610, 1821, 1363, 1732, 1012])
Face([401, 1148, 1297, 2367, 1237])
Face([1158, 1699, 39, 2272, 1941])
Face([561, 761, 229, 169, 2107])
Face([1578, 1957, 2062, 1041, 1910])
Face([453, 1968, 2299, 1566, 294])
Face([573, 1666, 254, 484, 181])
Face([2, 1435, 2182, 1753, 1124])
Face([1361, 46, 744, 1735, 271])
Face([634, 928, 172, 1406, 359])
Face([362, 2040, 262, 265, 511])
Face([365, 669, 1770, 293, 1551])
Face([1092, 122, 952, 987, 1659])
Face([1195, 1489, 337, 1024, 916])
Face([292, 588, 1424, 884, 2238])
Face([718, 520, 1976, 1403, 2361])
Face([634, 928, 2325, 527, 2356])
Face([371, 57, 1812, 45, 1163])
Face([442, 816, 1878, 1772, 2391])
Face([628, 1915, 2129, 1004, 645])
Face([1375, 992, 250, 101, 242])
Face([2215, 2042, 246, 1984, 1479])
Face([5, 1257, 1779, 2168, 981])
Face([646, 1883, 1722, 1463, 2316])
Face([2057, 2116, 1678, 1428, 855])
Face([691, 37, 1352, 937, 2175])
Face([2224, 506, 2324, 2020, 2130])
Face([2364, 938, 1775, 483, 1933])
Face([1231, 1600, 2298, 1210, 1773])
Face([469, 265, 262, 941, 1466])
Face([481, 1068, 1190, 1025, 1047])
Face([1023, 2121, 461, 30, 579])
Face([544, 873, 1897, 1769, 1100])
Face([390, 490, 2309, 174, 197])
Face([641, 1539, 1338, 999, 1949])
Face([106, 1427, 1138, 2383, 2102])
Face([1008, 1634, 1531, 492, 1127])
Face([28, 178, 1859, 1574, 2139])
Face([1500, 955, 1547, 1469, 1990])
Face([1851, 347, 2192, 673, 165])
Face([47, 1107, 1777, 2301, 1422])
Face([456, 2022, 869, 1461, 1983])
Face([1571, 2170, 314, 1081, 515])
Face([397, 794, 113, 1096, 1774])
Face([95, 809, 2003, 1991, 1370])
Face([1820, 896, 1396, 965, 935])
Face([2147, 1932, 1259, 2041, 2013])
Face([1874, 1620, 1039, 1178, 982])
Face([18, 1720, 1683, 2112, 994])
Face([92, 328, 1912, 1562, 1467])
Face([437, 2152, 1032, 1061, 1326])
Face([2264, 1611, 825, 1762, 1532])
Face([1301, 1865, 2031, 2025, 2054])
Face([1884, 1276, 959, 1526, 214])
Face([1832, 571, 1343, 1285, 327])
Face([30, 537, 518, 1632, 579])
Face([46, 176, 295, 244, 744])
Face([49, 193, 2021, 2134, 1794])
Face([1198, 160, 2133, 1188, 748])
Face([1027, 681, 1879, 2288, 1953])
Face([1540, 811, 1110, 2100, 94])
Face([731, 170, 885, 755, 2155])
Face([766, 1352, 937, 2330, 1694])
Face([292, 1926, 2319, 130, 2238])
Face([1426, 257, 491, 1575, 1708])
Face([641, 1277, 1388, 1594, 1949])
Face([313, 331, 1932, 1259, 1624])
Face([65, 220, 947, 1783, 983])
Face([1071, 2392, 1967, 213, 239])
Face([2399, 562, 534, 948, 1698])
Face([233, 1144, 2216, 1831, 2227])
Face([635, 209, 617, 1255, 2085])
Face([810, 1048, 770, 2328, 1076])
Face([2028, 1492, 1947, 837, 2150])
Face([473, 2136, 1024, 916, 1284])
Face([2046, 0, 1896, 1137, 1538])
Face([2249, 738, 1131, 1393, 1269])
Face([1309, 1075, 130, 2238, 884])
Face([25, 2377, 915, 2155, 755])
Face([1905, 2389, 2174, 2285, 806])
Face([891, 1844, 645, 1004, 1118])
Face([1733, 560, 1658, 1876, 978])
Face([816, 1878, 966, 2195, 1615])
Face([618, 1843, 1922, 1860, 2323])
Face([1015, 851, 548, 2377, 915])
Face([1384, 352, 2026, 1589, 1925])
Face([1079, 129, 1167, 1241, 1417])
Face([39, 2272, 921, 1042, 227])
Face([2258, 1365, 596, 2061, 854])
Face([683, 1368, 1171, 960, 168])
Face([1883, 1722, 1643, 1083, 1366])
Face([822, 953, 925, 1750, 843])
Face([2032, 2001, 1655, 1689, 1043])
Face([698, 225, 1510, 1185, 1934])
Face([461, 1139, 2196, 537, 30])
Face([1795, 2394, 2338, 1168, 2315])
Face([420, 2080, 2382, 348, 1667])
Face([1855, 1945, 2181, 147, 2131])
Face([1965, 1970, 1331, 1617, 934])
Face([613, 754, 1390, 1556, 1845])
Face([421, 1108, 169, 229, 1583])
Face([1370, 970, 1817, 1187, 1991])
Face([1257, 784, 1188, 2133, 1779])
Face([1380, 1876, 978, 1225, 2302])
Face([2162, 201, 1867, 1747, 717])
Face([467, 11, 649, 1044, 36])
Face([721, 2090, 729, 1290, 334])
Face([1082, 752, 158, 1499, 1472])
Face([427, 114, 986, 1985, 1527])
Face([1690, 2110, 994, 2112, 192])
Face([1051, 123, 463, 1660, 1084])
Face([450, 1328, 211, 1998, 1619])
Face([2218, 840, 1657, 1170, 2027])
Face([630, 1745, 674, 1642, 1446])
Face([627, 1608, 2099, 1802, 919])
Face([1866, 2304, 2113, 1169, 2091])
Face([1546, 1612, 631, 750, 2149])
Face([364, 1738, 1864, 376, 125])
Face([395, 1629, 1603, 1944, 542])
Face([281, 1980, 1491, 1058, 2291])
Face([2316, 898, 1881, 126, 1463])
Face([808, 960, 168, 2248, 1214])
Face([602, 1440, 803, 2302, 1380])
Face([431, 1195, 916, 1284, 2078])
Face([633, 1874, 1620, 2343, 2235])
Face([1784, 940, 1202, 283, 575])
Face([26, 2314, 1433, 1453, 55])
Face([275, 1065, 1099, 1505, 1834])
Face([276, 301, 1888, 541, 351])
Face([2371, 1304, 1731, 1700, 2191])
Face([1011, 1861, 2123, 2153, 1545])
Face([698, 32, 1902, 2035, 225])
Face([1915, 2129, 848, 908, 180])
Face([1326, 1061, 2049, 1734, 638])
Face([22, 491, 1575, 760, 1518])
Face([397, 145, 1936, 828, 794])
Face([953, 485, 2252, 1404, 925])
Face([379, 2105, 1677, 603, 438])
Face([384, 2225, 2385, 845, 2290])
Face([1959, 308, 1670, 1233, 1951])
Face([1514, 1264, 835, 1794, 49])
Face([1823, 2355, 1616, 1064, 1997])
Face([1841, 1930, 67, 1822, 1112])
Face([404, 1087, 2305, 418, 2294])
Face([4, 496, 2114, 1568, 1493])
Face([2086, 523, 2096, 1525, 951])
Face([40, 1156, 782, 1307, 2151])
Face([4, 1656, 2203, 1481, 1493])
Face([465, 872, 1244, 1545, 1011])
Face([1113, 1226, 2206, 269, 1895])
Face([461, 2121, 753, 653, 1139])
Face([570, 1227, 1254, 1771, 1399])
Face([434, 726, 1022, 1625, 142])
Face([449, 745, 946, 90, 1398])
Face([273, 519, 120, 1071, 239])
Face([426, 2058, 1816, 1389, 115])
Face([611, 1231, 1773, 354, 231])
Face([705, 1704, 1340, 142, 1625])
Face([288, 306, 2185, 152, 2244])
Face([919, 1802, 1854, 2128, 1356])
Face([675, 2153, 1545, 1244, 954])
Face([87, 2274, 1498, 2397, 228])
Face([1460, 1513, 1744, 532, 1622])
Face([660, 1122, 2114, 496, 1757])
Face([2386, 1169, 2091, 1311, 1394])
Face([77, 1008, 1127, 1267, 1182])
Face([608, 70, 2050, 895, 1351])
Face([707, 1500, 955, 1160, 1684])
Face([455, 2148, 1993, 1358, 1327])
Face([1308, 1201, 1960, 1964, 2379])
Face([403, 1549, 1224, 1474, 1475])
Face([2111, 2012, 908, 180, 759])
Face([1582, 2390, 315, 2337, 215])
Face([692, 580, 1100, 1769, 1141])
Face([623, 2074, 318, 979, 781])
Face([706, 2345, 2001, 2032, 325])
Face([476, 1073, 918, 181, 573])
Face([1989, 642, 2179, 570, 1227])
Face([650, 721, 2090, 2081, 1766])
Face([1757, 496, 4, 1656, 1470])
Face([86, 1548, 2289, 1530, 1749])
Face([430, 179, 1669, 178, 28])
Face([224, 316, 1981, 1776, 597])
Face([450, 1619, 2260, 2120, 1799])
Face([2156, 1780, 938, 1775, 2165])
Face([420, 329, 682, 72, 1667])
Face([367, 1713, 1003, 1929, 1038])
Face([672, 568, 354, 231, 346])
Face([374, 1851, 165, 1811, 1982])
Face([387, 1191, 561, 761, 127])
Face([2132, 464, 1582, 215, 285])
Face([42, 194, 524, 558, 1972])
Face([716, 2018, 1395, 751, 10])
Face([1322, 764, 540, 128, 2005])
Face([370, 1891, 807, 1305, 838])
Face([1609, 1432, 990, 804, 867])
Face([1569, 1458, 2313, 1640, 522])
Face([285, 2202, 2270, 2337, 215])
Face([75, 1313, 1153, 1543, 322])
Face([8, 1098, 1552, 536, 508])
Face([1133, 2186, 1848, 2106, 2276])
Face([1614, 339, 1557, 1646, 357])
Face([1031, 2176, 589, 2158, 23])
Face([309, 1994, 1115, 880, 1002])
Face([1434, 1601, 164, 1137, 1538])
Face([1476, 176, 295, 1021, 1573])
Face([614, 1425, 1712, 897, 1444])
Face([1595, 515, 1571, 603, 1677])
Face([403, 1051, 1084, 1939, 1549])
Face([1250, 1673, 1788, 1711, 134])
Face([470, 2065, 983, 65, 1974])
Face([79, 232, 1499, 158, 495])
Face([631, 1724, 2141, 1560, 1612])
Face([2075, 1801, 1262, 1508, 661])
Face([444, 1872, 2373, 2226, 1387])
Face([736, 1768, 1698, 2399, 248])
Face([879, 332, 2108, 183, 967])
Face([1572, 1649, 2221, 1909, 1315])
Face([2193, 720, 219, 2117, 1605])
Face([2308, 1074, 2169, 2358, 1886])
Face([640, 1792, 1523, 595, 1164])
Face([612, 274, 1507, 200, 2076])
Face([623, 781, 35, 748, 1198])
Face([1718, 1683, 2112, 192, 1319])
Face([369, 1265, 513, 2315, 1795])
Face([602, 155, 1658, 1876, 1380])
Face([1668, 1357, 1207, 1218, 1759])
Face([613, 1845, 1437, 1630, 2247])
Face([367, 320, 149, 1006, 1038])
Face([1696, 330, 2084, 140, 2060])
Face([48, 1072, 1449, 1235, 991])
Face([532, 221, 205, 958, 1622])
Face([451, 2137, 110, 1986, 1900])
Face([774, 1789, 578, 1085, 1763])
Face([768, 1579, 877, 1501, 1132])
Face([466, 1273, 1554, 730, 786])
Face([63, 345, 1405, 1873, 1681])
Face([392, 68, 2278, 2303, 1847])
Face([671, 2056, 1875, 1626, 1442])
Face([1745, 674, 104, 2156, 1780])
Face([439, 900, 639, 1436, 1341])
Face([831, 1456, 2165, 1775, 483])
Face([949, 244, 295, 1021, 1053])
Face([290, 1372, 1419, 339, 1614])
Face([744, 244, 949, 103, 1735])
Face([1219, 1010, 1542, 1868, 1628])
Face([604, 2122, 156, 332, 879])
Face([1261, 1515, 500, 2092, 2375])
Face([282, 1544, 2370, 531, 914])
Face([413, 657, 1781, 2085, 635])
Face([1162, 1952, 1636, 1833, 1637])
Face([25, 755, 885, 2293, 1140])
Face([385, 688, 1274, 21, 711])
Face([70, 2050, 832, 1522, 1222])
Face([439, 2160, 512, 504, 1341])
Face([593, 880, 1115, 1229, 1253])
Face([687, 1392, 950, 251, 1275])
Face([448, 538, 1633, 198, 1103])
Face([60, 1852, 2010, 742, 2329])
Face([465, 872, 2334, 247, 1287])
Face([435, 556, 1518, 760, 2093])
Face([668, 1345, 2387, 1973, 1692])
Face([628, 645, 1844, 2365, 287])
Face([860, 202, 986, 114, 723])
Face([227, 1042, 1790, 1950, 203])
Face([2173, 1170, 2027, 1760, 1300])
Face([372, 569, 1120, 1765, 2287])
Face([419, 547, 1157, 344, 2357])
Face([1211, 1520, 1544, 282, 2070])
Face([707, 1684, 322, 1543, 1516])
Face([1858, 2177, 1374, 1935, 1302])
Face([870, 1450, 859, 751, 1395])
Face([429, 1784, 575, 1524, 998])
Face([2167, 1045, 2280, 863, 1483])
Face([505, 1441, 1892, 1189, 2166])
Face([405, 1158, 1699, 917, 1367])
Face([325, 2032, 1043, 2212, 1597])
Face([1287, 472, 1310, 865, 247])
Face([194, 1987, 280, 2180, 524])
Face([404, 1087, 1680, 1850, 2327])
Face([1313, 1153, 2261, 105, 1870])
Face([389, 1243, 1685, 951, 2086])
Face([535, 1416, 1613, 234, 1037])
Face([644, 988, 727, 317, 1335])
Face([492, 1644, 1172, 1267, 1127])
Face([453, 1705, 2092, 2375, 294])
Face([2055, 1374, 1935, 299, 1623])
Face([551, 1224, 1474, 1700, 1731])
Face([944, 798, 221, 532, 1744])
Face([2011, 1978, 868, 2089, 780])
Face([2082, 139, 2246, 1146, 1143])
Face([1619, 2260, 1409, 255, 1998])
Face([757, 1740, 1026, 1059, 812])
Face([1121, 710, 2142, 2161, 871])
Face([665, 1914, 2007, 1764, 1862])
Face([422, 1027, 681, 677, 324])
Face([673, 1761, 302, 1811, 165])
Face([633, 1874, 982, 1889, 1414])
Face([747, 212, 609, 1561, 1596])
Face([308, 1386, 1235, 1449, 1670])
Face([622, 1555, 1535, 1385, 1421])
Face([655, 882, 2248, 1214, 261])
Face([669, 2105, 379, 1924, 1770])
Face([101, 321, 157, 278, 242])
Face([1713, 1003, 718, 520, 1911])
Face([13, 1899, 14, 2068, 2115])
Face([678, 189, 1311, 1394, 839])
Face([93, 521, 821, 1659, 1092])
Face([566, 961, 1354, 522, 1640])
Face([672, 1521, 2312, 1136, 346])
Face([789, 312, 1729, 1376, 1402])
Face([455, 1271, 2140, 66, 1327])
Face([1846, 694, 2002, 1181, 2047])
Face([397, 145, 1433, 2314, 1774])
Face([363, 1937, 1291, 934, 1965])
Face([59, 823, 1131, 1393, 1183])
Face([383, 1258, 700, 2388, 2135])
Face([2244, 2187, 2230, 2254, 152])
Face([665, 1862, 1963, 1353, 270])
Face([1954, 1232, 2396, 2226, 2373])
Face([1909, 1145, 943, 2014, 2221])
Face([2272, 921, 1697, 1260, 1941])
Face([103, 949, 1053, 1599, 341])
Face([2214, 1105, 307, 1106, 830])
Face([1857, 2073, 509, 1706, 2037])
Face([1588, 797, 929, 286, 1014])
Face([698, 32, 706, 2345, 1934])
Face([395, 1842, 1263, 436, 1629])
Face([89, 2009, 336, 976, 2163])
Face([637, 2353, 727, 988, 2219])
Face([445, 2034, 1980, 281, 1067])
Face([1336, 2253, 1333, 2109, 702])
Face([1914, 1782, 1756, 1205, 2007])
Face([399, 619, 1550, 214, 1884])
Face([1604, 1561, 609, 83, 1057])
Face([616, 852, 725, 1893, 662])
Face([445, 555, 1090, 625, 2034])
Face([1662, 2352, 697, 2162, 201])
Face([475, 1339, 950, 251, 2204])
Face([1101, 1234, 269, 1895, 1509])
Face([771, 57, 1812, 1070, 1988])
Face([1836, 2257, 64, 1534, 2395])
Face([1182, 1267, 1172, 1252, 175])
Face([2192, 347, 197, 174, 29])
Face([247, 865, 1591, 1533, 2334])
Face([363, 1937, 1751, 1270, 1094])
Face([629, 819, 1682, 132, 1418])
Face([1279, 779, 2082, 1143, 507])
Face([2225, 2385, 574, 716, 2018])
Face([1583, 487, 127, 761, 229])
Face([335, 226, 1190, 1068, 1486])
Face([1584, 577, 8, 1098, 2292])
Face([424, 888, 1725, 266, 1177])
Face([326, 906, 1485, 196, 1007])
Face([371, 1163, 763, 141, 133])
Face([1122, 2114, 1568, 2227, 1831])
Face([652, 297, 779, 2082, 139])
Face([2251, 1529, 550, 1080, 1046])
Face([1734, 585, 767, 2380, 2049])
Face([366, 373, 1361, 271, 150])
Face([1107, 2376, 2084, 140, 1777])
Face([414, 1584, 2292, 661, 2075])
Face([1705, 2092, 500, 2038, 1767])
Face([774, 163, 2273, 186, 1763])
Face([1102, 1009, 1028, 2280, 1045])
Face([1826, 2256, 1889, 982, 1178])
Face([1728, 1748, 1881, 126, 1142])
Face([430, 1410, 1220, 2139, 28])
Face([375, 1088, 2308, 1886, 1078])
Face([764, 540, 2289, 1530, 829])
Face([837, 1706, 509, 1359, 1947])
Face([476, 1073, 195, 1961, 1676])
Face([1473, 2125, 995, 1483, 863])
Face([1416, 593, 1253, 2087, 1613])
Face([426, 1017, 773, 1890, 2058])
Face([2321, 2211, 2189, 2360, 862])
Face([79, 232, 1056, 2163, 89])
Face([2205, 1480, 1462, 503, 1839])
Face([421, 739, 474, 487, 1583])
Face([29, 1296, 2088, 2309, 174])
Face([52, 1540, 94, 54, 1317])
Face([675, 2153, 2123, 1109, 923])
Face([800, 2145, 1528, 1709, 886])
Face([374, 390, 490, 945, 1982])
Face([1758, 2360, 2189, 1563, 2053])
Face([1351, 1824, 96, 2143, 895])
Face([259, 1331, 1970, 1362, 590])
Face([1738, 1864, 1319, 1718, 762])
Face([422, 860, 202, 2198, 324])
Face([396, 1460, 1513, 2257, 1836])
Face([598, 900, 439, 2160, 933])
Face([1676, 1272, 685, 818, 1961])
Face([2139, 1220, 489, 1349, 1574])
Face([118, 128, 2005, 1091, 2126])
Face([659, 296, 1855, 1945, 1693])
Face([550, 1529, 1420, 901, 1245])
Face([454, 1603, 1944, 1664, 119])
Face([657, 328, 1912, 1278, 1781])
Face([984, 1512, 972, 1467, 92])
Face([1660, 1084, 1939, 2354, 2326])
Face([1799, 2120, 43, 452, 1412])
Face([106, 224, 316, 1429, 1427])
Face([709, 899, 893, 1727, 549])
Face([703, 2210, 93, 1092, 122])
Face([2180, 1553, 1558, 558, 524])
Face([1294, 1793, 930, 1688, 2239])
Face([1369, 576, 428, 1013, 1581])
Face([1, 1208, 1448, 170, 731])
Face([680, 1240, 331, 1932, 2147])
Face([627, 1608, 1358, 1993, 2171])
Face([732, 268, 144, 2174, 2389])
Face([1555, 2252, 1404, 857, 1535])
Face([637, 2219, 564, 480, 2036])
Face([106, 224, 597, 740, 2102])
Face([376, 1690, 2110, 1020, 125])
Face([447, 2016, 1366, 1883, 646])
Face([473, 2136, 1033, 2362, 1830])
Face([381, 1408, 2124, 98, 905])
Face([696, 296, 1855, 2131, 599])
Face([1901, 1268, 1215, 1587, 2197])
Face([928, 172, 340, 963, 2325])
Face([1405, 1873, 971, 1880, 2344])
Face([53, 814, 1033, 2362, 926])
Face([611, 1186, 1136, 346, 231])
Face([905, 648, 543, 2228, 98])
Face([607, 2220, 2296, 1413, 1111])
Face([1086, 1896, 1137, 164, 722])
Face([834, 1921, 1634, 1008, 77])
Face([10, 2318, 2268, 859, 751])
Face([1821, 1819, 1701, 1166, 1363])
Face([1678, 1563, 2189, 2211, 2116])
Face([1982, 945, 903, 302, 1811])
Face([399, 619, 2167, 1045, 1102])
Face([56, 1280, 858, 71, 1564])
Face([687, 587, 1579, 768, 1275])
Face([50, 1312, 1291, 934, 1617])
Face([2136, 1024, 337, 814, 1033])
Face([427, 2288, 1953, 723, 114])
Face([2222, 256, 1406, 172, 340])
Face([1537, 1509, 1101, 754, 1390])
Face([2172, 1371, 803, 2302, 1225])
Face([415, 1180, 1212, 1956, 61])
Face([1067, 281, 2291, 1246, 1585])
Face([1576, 1736, 878, 2199, 2051])
Face([441, 1826, 1178, 1039, 356])
Face([1893, 1504, 132, 1682, 725])
Face([355, 1040, 358, 1918, 2359])
Face([12, 111, 1247, 1430, 2255])
Face([1367, 801, 1950, 203, 917])
Face([1868, 1628, 2383, 1138, 1062])
Face([377, 684, 20, 1596, 747])
Face([787, 1154, 1639, 154, 2271])
Face([1550, 214, 1526, 2125, 995])
Face([873, 1897, 2209, 2378, 1506])
Face([149, 1006, 1034, 1484, 1567])
Face([859, 1450, 1321, 824, 2268])
Face([101, 321, 1329, 117, 250])
Face([1239, 1697, 921, 1042, 1790])
Face([416, 1378, 1633, 198, 1487])
Face([1317, 729, 2090, 2081, 54])
Face([2318, 241, 1962, 824, 2268])
Face([44, 526, 2154, 1447, 559])
Face([694, 1808, 736, 1768, 2002])
Face([728, 1823, 1997, 1324, 2119])
Face([130, 1075, 1925, 1589, 2319])
Face([428, 1283, 1228, 586, 1013])
Face([466, 680, 2147, 2013, 786])
Face([1299, 323, 1810, 1828, 892])
Face([409, 237, 1059, 1026, 1165])
Face([894, 1645, 188, 811, 1110])
Face([2267, 2333, 307, 1105, 1423])
Face([993, 27, 2177, 1858, 423])
Face([821, 2106, 1848, 987, 1659])
Face([492, 1531, 1415, 1618, 1644])
Face([795, 825, 1762, 2146, 34])
Face([1164, 595, 686, 1336, 2253])
Face([690, 2313, 1458, 974, 2250])
Face([470, 2065, 2119, 728, 109])
Face([407, 36, 467, 1661, 1869])
Face([2324, 2020, 1482, 2062, 1957])
Face([693, 1305, 807, 2138, 1927])
Face([1350, 1577, 881, 1653, 2006])
Face([389, 746, 411, 802, 1243])
Face([1206, 213, 1967, 1648, 2045])
Face([578, 2338, 2394, 2048, 1085])
Face([380, 1082, 752, 1703, 102])
Face([1862, 1963, 288, 306, 1764])
Face([899, 893, 1739, 112, 1221])
Face([1141, 1769, 1897, 2209, 166])
Face([1004, 2129, 848, 19, 1118])
Face([677, 681, 1879, 1702, 927])
Face([405, 1158, 1941, 1260, 2030])
Face([462, 1298, 839, 1394, 2386])
Face([1934, 2345, 2001, 1655, 1185])
Face([38, 216, 2188, 1904, 790])
Face([2098, 712, 1114, 980, 1635])
Face([2262, 2233, 206, 1903, 1752])
Face([1379, 2019, 298, 1344, 284])
Face([1399, 1771, 924, 2199, 878])
Face([1194, 1701, 1166, 1019, 1966])
Face([103, 341, 150, 271, 1735])
Face([99, 800, 886, 2299, 1566])
Face([596, 2061, 138, 1882, 1151])
Face([374, 390, 197, 347, 1851])
Face([411, 802, 1124, 2, 654])
Face([618, 1464, 326, 1007, 1843])
Face([1473, 1517, 1028, 2280, 863])
Face([1253, 1229, 1498, 2397, 2087])
Face([108, 2224, 506, 260, 902])
Face([1835, 1502, 1455, 2283, 553])
Face([630, 1745, 1780, 938, 2364])
Face([468, 1121, 710, 2320, 2347])
Face([1899, 1316, 805, 1541, 14])
Face([2241, 1096, 113, 881, 1577])
Face([711, 21, 1726, 1452, 909])
Face([1274, 497, 2029, 1726, 21])
Face([1789, 578, 2338, 1168, 2063])
Face([384, 2225, 2018, 1395, 870])
Face([555, 137, 1099, 1065, 1090])
Face([1156, 1091, 2126, 1737, 782])
Face([2179, 1736, 878, 1399, 570])
Face([1482, 1218, 1759, 2130, 2020])
Face([96, 1824, 1201, 1960, 777])
Face([216, 539, 964, 88, 2188])
Face([624, 2342, 2282, 1069, 1559])
Face([1691, 2144, 300, 1692, 668])
Face([178, 1859, 2384, 1916, 1669])
Face([393, 1989, 1227, 1254, 1743])
Face([2236, 1401, 2223, 253, 2059])
Face([734, 1917, 1923, 2161, 871])
Face([1179, 2378, 2209, 166, 1431])
Face([389, 746, 81, 523, 2086])
Face([1368, 1171, 756, 1871, 2351])
Face([1503, 1217, 670, 1193, 1610])
Face([1606, 976, 2163, 1056, 1946])
Face([2152, 1032, 1807, 2336, 1580])
Face([742, 2010, 1840, 1492, 2028])
Face([459, 349, 1556, 1390, 1537])
Face([1878, 1772, 1438, 2097, 966])
Face([655, 882, 1856, 1992, 883])
Face([724, 1969, 1213, 2276, 1133])
Face([774, 163, 2295, 2063, 1789])
Face([245, 1384, 1925, 1075, 1309])
Face([383, 2135, 256, 1406, 359])
Face([1937, 1291, 1312, 222, 1751])
Face([628, 1915, 180, 759, 287])
Face([2148, 1993, 2171, 1089, 148])
Face([412, 572, 666, 783, 1159])
Face([769, 1673, 1788, 1155, 267])
Face([1451, 776, 563, 557, 488])
Face([105, 1870, 1126, 1547, 1469])
Face([435, 556, 990, 1432, 199])
Face([740, 1219, 1010, 1776, 597])
Face([2297, 1586, 1976, 520, 1911])
Face([39, 227, 203, 917, 1699])
Face([658, 541, 1888, 2374, 1958])
Face([1907, 1748, 1728, 482, 1710])
Face([407, 1299, 892, 1593, 1869])
Face([685, 1849, 2339, 310, 818])
Face([902, 1256, 1910, 1578, 260])
Face([505, 1242, 1428, 855, 2166])
Face([828, 1936, 238, 2006, 1653])
Face([1464, 116, 1887, 906, 326])
Face([1516, 1543, 1153, 2261, 1791])
Face([1475, 2217, 2191, 1700, 1474])
Face([443, 50, 1312, 222, 1292])
Face([1265, 2273, 163, 2295, 513])
Face([674, 104, 2164, 904, 1642])
Face([1510, 1185, 1655, 1689, 2207])
Face([2265, 1192, 1806, 2169, 2358])
Face([412, 2004, 1233, 1951, 1159])
Face([464, 1582, 2390, 2176, 1031])
Face([1564, 2396, 1232, 1005, 71])
Face([607, 1000, 651, 1898, 2220])
Face([621, 2170, 314, 846, 1125])
Face([2372, 1245, 550, 1080, 223])
Face([2232, 2079, 2183, 1478, 2284])
Face([726, 1560, 2141, 1104, 1022])
Face([420, 2080, 1875, 2056, 329])
Face([1940, 218, 1913, 2194, 2245])
Face([1373, 2269, 1409, 255, 791])
Face([717, 992, 250, 117, 1747])
Face([517, 2109, 702, 217, 2157])
Face([304, 2251, 1529, 1420, 1829])
Face([432, 2046, 0, 486, 1519])
Face([406, 1249, 19, 1118, 891])
Face([478, 268, 732, 236, 989])
Face([823, 1131, 738, 2317, 1251])
Face([1303, 3, 564, 480, 1036])
Face([1681, 1873, 971, 1174, 514])
Face([1539, 34, 795, 647, 1338])
Face([1650, 208, 1295, 284, 1344])
Face([713, 1594, 1388, 1532, 2264])
Face([80, 1741, 533, 184, 343])
Face([381, 905, 648, 813, 788])
Face([503, 1593, 892, 1828, 1462])
Face([629, 1418, 1295, 284, 1379])
Face([642, 9, 1576, 1736, 2179])
Face([41, 2172, 1225, 978, 1733])
Face([2093, 760, 1575, 1708, 1695])
Face([1280, 258, 787, 1154, 858])
Face([1152, 2067, 1618, 1415, 187])
Face([1830, 2362, 926, 836, 501])
Face([605, 2193, 1605, 1740, 757])
Face([53, 814, 337, 1489, 2237])
Face([1800, 2340, 822, 953, 485])
Face([232, 1056, 1946, 1472, 1499])
Face([1018, 499, 2304, 1866, 826])
Face([1891, 639, 1436, 2138, 807])
Face([2219, 988, 644, 3, 564])
Face([647, 795, 825, 1611, 853])
Face([409, 1342, 942, 601, 237])
Face([494, 2368, 1447, 2154, 2363])
Face([471, 1569, 1458, 974, 1971])
Face([58, 2044, 161, 2259, 799])
Face([683, 1368, 2351, 1992, 1856])
Face([670, 1217, 33, 719, 182])
Face([1203, 1906, 530, 2279, 1199])
Face([1845, 1556, 349, 1803, 1437])
Face([1422, 1161, 1995, 584, 2301])
Face([2166, 1189, 581, 2057, 855])
Face([667, 1086, 722, 1903, 206])
Face([1739, 996, 2178, 1727, 893])
Face([843, 913, 207, 1468, 1750])
Face([2300, 549, 1727, 2178, 1150])
Face([379, 1924, 1125, 621, 438])
Face([433, 1152, 2067, 1252, 175])
Face([1389, 1816, 793, 769, 267])
Face([382, 1129, 33, 1217, 1503])
Face([758, 2234, 817, 2286, 844])
Face([443, 50, 1617, 1331, 259])
Face([670, 1193, 1478, 2183, 182])
Face([697, 2162, 717, 992, 1375])
Face([105, 2261, 1791, 1990, 1469])
Face([2220, 2296, 1202, 283, 1898])
Face([335, 1714, 1315, 1572, 226])
Face([372, 569, 1423, 1105, 2214])
Face([889, 2369, 1814, 2270, 2202])
Face([2076, 200, 248, 736, 1808])
Face([434, 1546, 1612, 1560, 726])
Face([1534, 2395, 2043, 554, 1943])
Face([436, 890, 676, 353, 1263])
Face([1087, 1680, 2195, 1615, 2305])
Face([432, 600, 1434, 1538, 2046])
Face([689, 1194, 1966, 173, 1602])
Face([437, 2152, 1580, 1247, 111])
Face([1693, 1945, 2181, 2201, 1035])
Face([440, 771, 1988, 272, 1238])
Face([572, 48, 991, 567, 666])
Face([457, 783, 666, 567, 1093])
Face([2115, 2068, 1063, 526, 44])
Face([387, 153, 474, 487, 127])
Face([1559, 338, 1066, 1920, 1069])
Face([733, 1400, 2284, 2232, 636])
Face([651, 1898, 283, 575, 1524])
Face([416, 658, 541, 351, 1487])
Face([690, 16, 1841, 1930, 2250])
Face([850, 1919, 1686, 107, 1999])
Face([109, 728, 1823, 2355, 2381])
Face([909, 1452, 177, 1557, 1646])
Face([1847, 1114, 980, 159, 2303])
Face([638, 12, 2255, 585, 1734])
Face([767, 1200, 2336, 1807, 2380])
Face([400, 1120, 1765, 235, 1815])
Face([1342, 219, 720, 2393, 942])
Face([1165, 1026, 1740, 1605, 2117])
Face([508, 536, 874, 1119, 1796])
Face([99, 800, 2145, 1515, 1261])
Face([387, 153, 935, 965, 1191])
Face([1549, 1224, 551, 2354, 1939])
Face([1357, 1256, 1910, 1041, 1207])
Face([2009, 336, 102, 1703, 1638])
Face([15, 1066, 1920, 1942, 2349])
Face([479, 1570, 2331, 1040, 358])
Face([2185, 152, 2254, 1756, 1205])
Face([253, 330, 2084, 2376, 2059])
Face([699, 2228, 543, 1300, 2173])
Face([1175, 2208, 191, 2350, 778])
Face([388, 850, 1999, 1536, 1381])
Face([789, 1402, 901, 1245, 2372])
Face([1716, 2344, 1880, 1377, 1204])
Face([719, 277, 2079, 2183, 182])
Face([630, 2364, 1933, 936, 1446])
Face([690, 16, 566, 1640, 2313])
Face([1159, 783, 457, 1959, 1951])
Face([1353, 1963, 288, 2244, 2187])
Face([1097, 1506, 2378, 1179, 695])
Face([414, 1584, 577, 1149, 252])
Face([601, 76, 493, 2393, 942])
Face([1981, 1776, 1010, 1542, 502])
Face([2102, 740, 1219, 1628, 2383])
Face([427, 2288, 1879, 1702, 1527])
Face([456, 1223, 85, 975, 2022])
Face([433, 1152, 187, 1921, 834])
Face([2210, 1969, 1213, 521, 93])
Face([360, 368, 709, 549, 2300])
Face([890, 676, 1647, 119, 454])
Face([838, 1305, 693, 146, 1117])
Face([445, 555, 137, 1585, 1067])
Face([1931, 280, 2180, 1553, 876])
Face([2281, 2216, 1144, 2213, 1778])
Face([404, 2294, 2398, 1330, 2327])
Face([632, 544, 873, 1506, 1097])
Face([509, 2073, 841, 583, 1359])
Face([888, 2341, 753, 653, 1725])
Face([2064, 817, 2286, 939, 2366])
Face([6, 1077, 963, 340, 2222])
Face([264, 1709, 1528, 2038, 1767])
Face([444, 1872, 2271, 787, 258])
Face([55, 1453, 238, 2006, 1350])
Face([24, 51, 1049, 1050, 1955])
Face([1548, 2289, 540, 128, 118])
Face([416, 658, 1958, 1407, 1378])
Face([430, 1410, 24, 1955, 179])
Face([69, 1106, 307, 2333, 2229])
Face([883, 1992, 2351, 1871, 1627])
Face([415, 72, 1667, 348, 61])
Face([1402, 1376, 1829, 1420, 901])
Face([659, 1853, 319, 1035, 1693])
Face([438, 603, 1571, 2170, 621])
Face([350, 1282, 1055, 184, 533])
Face([245, 1384, 352, 1785, 1663])
Face([13, 1672, 559, 44, 2115])
Face([947, 1064, 1997, 1324, 1783])
Face([82, 940, 1202, 2296, 1413])
Face([701, 2024, 2317, 738, 2249])
Face([410, 1426, 1708, 1695, 1382])
Face([1924, 1770, 293, 846, 1125])
Face([2040, 1590, 2069, 941, 262])
Face([400, 2267, 2333, 2229, 1815])
Face([1398, 90, 847, 110, 1986])
Face([1570, 1827, 2184, 305, 2331])
Face([608, 1308, 2379, 1222, 70])
Face([1761, 1296, 2088, 903, 302])
Face([1243, 802, 1124, 1753, 1685])
Face([1314, 1787, 1016, 2263, 1477])
Face([542, 1944, 1664, 749, 1621])
Face([1077, 963, 2325, 527, 62])
Face([468, 2347, 279, 2017, 1459])
Face([401, 2098, 1635, 2008, 1148])
Face([707, 1500, 1990, 1791, 1516])
Face([699, 2228, 98, 2124, 910])
Face([885, 170, 1448, 1786, 2293])
Face([431, 1195, 1489, 2237, 1445])
Face([1471, 1329, 117, 1747, 1867])
Face([1490, 2066, 2310, 1145, 943])
Face([1339, 930, 1793, 1392, 950])
Face([1378, 1633, 538, 708, 1407])
Face([398, 889, 2202, 285, 2132])
Face([730, 1554, 2000, 1397, 1565])
Face([1266, 640, 1164, 2253, 1333])
Face([629, 819, 1443, 2019, 1379])
Face([654, 920, 1742, 1435, 2])
Face([548, 851, 962, 1885, 1364])
Face([108, 2224, 2130, 1759, 1668])
Face([1095, 1160, 955, 1547, 1126])
Face([73, 776, 563, 1204, 1716])
Face([399, 1884, 1276, 1009, 1102])
Face([1335, 715, 1832, 571, 317])
Face([104, 2156, 2165, 1456, 2164])
Face([1958, 2374, 311, 708, 1407])
Face([5, 827, 979, 318, 981])
Face([1834, 1505, 1246, 2291, 1058])
Face([376, 1864, 1319, 192, 1690])
Face([1325, 985, 1711, 1788, 1155])
Face([2255, 585, 767, 1200, 1430])
Face([1949, 1594, 713, 968, 999])
Face([471, 1746, 1822, 67, 1971])
Face([1468, 857, 1404, 925, 1750])
Face([1741, 964, 88, 350, 533])
Face([1372, 497, 2029, 1996, 1419])
Face([687, 1392, 1793, 1294, 587])
Face([226, 1572, 1649, 1025, 1190])
Face([1746, 1354, 961, 1112, 1822])
Face([1341, 504, 1927, 2138, 1436])
Face([2077, 121, 124, 1206, 2045])
Face([745, 946, 2072, 1984, 246])
Face([693, 146, 512, 504, 1927])
Face([705, 1704, 1293, 171, 1289])
Face([385, 357, 1646, 909, 711])
Face([38, 997, 775, 2033, 790])
Face([2036, 480, 1036, 327, 1285])
Face([2350, 956, 196, 1485, 191])
Face([160, 1754, 2168, 1779, 2133])
Face([408, 42, 1972, 842, 2039])
Face([2103, 792, 868, 1978, 866])
Face([1525, 2182, 1753, 1685, 951])
Face([457, 1093, 1386, 308, 1959])
Face([417, 425, 1675, 591, 84])
Face([1240, 331, 313, 864, 1654])
Face([663, 2101, 1411, 1679, 1838])
Face([378, 58, 2044, 2245, 1940])
Face([86, 1737, 2126, 118, 1548])
Face([270, 1360, 2230, 2187, 1353])
Face([372, 2214, 830, 74, 2287])
Face([466, 680, 1240, 1654, 1273])
Face([335, 1714, 2310, 2066, 1486])
Face([1176, 82, 1413, 1111, 1454])
Face([5, 1257, 784, 2332, 827])
Face([99, 1261, 2375, 294, 1566])
Face([679, 1203, 1906, 763, 141])
Face([617, 656, 1457, 100, 1255])
Face([437, 1326, 638, 12, 111])
Face([772, 173, 1966, 1019, 143])
Face([1129, 33, 719, 277, 1631])
Face([1717, 580, 692, 1318, 1135])
Face([452, 1412, 1674, 1797, 7])
Face([1186, 1136, 2312, 1030, 2104])
Face([507, 1323, 516, 1146, 1143])
Face([47, 1107, 2376, 2059, 2236])
Face([1968, 264, 1709, 886, 2299])
Face([1541, 1641, 2363, 494, 805])
Face([746, 81, 920, 654, 411])
Face([689, 1194, 1701, 1819, 1894])
Face([410, 1609, 1432, 199, 1382])
Face([786, 730, 1565, 2041, 2013])
Face([38, 216, 539, 230, 997])
Face([998, 498, 1000, 651, 1524])
Face([632, 544, 1100, 580, 1717])
Face([1209, 291, 2186, 1133, 724])
Face([798, 221, 205, 554, 1943])
Face([818, 1961, 195, 2242, 310])
Face([557, 563, 1204, 1377, 2231])
Face([2122, 204, 210, 1355, 156])
Face([452, 43, 2269, 1373, 7])
Face([2274, 1498, 1229, 1115, 1994])
Face([737, 1250, 134, 773, 1890])
Face([360, 2300, 1150, 1865, 1301])
Face([606, 1901, 1268, 1838, 663])
Face([87, 228, 234, 1037, 2190])
Face([615, 2127, 714, 1853, 319])
Face([1408, 840, 1657, 910, 2124])
Face([371, 57, 771, 440, 133])
Face([107, 299, 1935, 1302, 1686])
Face([2158, 2369, 1814, 1306, 589])
Face([1694, 2330, 516, 1146, 2246])
Face([2328, 1076, 2094, 303, 1439])
Face([365, 1595, 515, 1081, 1551])
Face([703, 1209, 724, 1969, 2210])
Face([686, 595, 1523, 1497, 1511])
Face([1887, 2208, 191, 1485, 906])
Face([1743, 1254, 1771, 924, 2311])
Face([528, 876, 1553, 1558, 1671])
Face([1427, 1429, 1029, 1062, 1138])
Face([450, 1328, 1674, 1412, 1799])
Face([2206, 1226, 1803, 1437, 1630])
Face([409, 1342, 219, 2117, 1165])
Face([1247, 1580, 2336, 1200, 1430])
Face([415, 72, 682, 2306, 1180])
Face([644, 3, 1303, 715, 1335])
Face([18, 994, 2110, 1020, 957])
Face([1453, 1433, 145, 1936, 238])
Face([620, 157, 321, 1329, 1471])
Face([2002, 1768, 1698, 948, 1181])
Face([378, 1369, 576, 218, 1940])
Face([1060, 534, 948, 1181, 2047])
Face([1842, 1123, 1288, 353, 1263])
Face([1976, 1586, 1567, 1484, 1403])
Face([148, 1089, 1356, 2128, 1977])
Face([425, 1675, 1241, 1417, 1607])
Face([1805, 1688, 2239, 877, 1501])
Face([1947, 1492, 1840, 583, 1359])
Face([449, 745, 246, 2042, 1391])
Face([428, 576, 218, 1913, 1283])
Face([13, 1672, 1813, 1316, 1899])
Face([684, 20, 402, 1588, 797])
Face([398, 2132, 464, 1031, 23])
Face([691, 1279, 779, 297, 37])
Face([606, 1494, 529, 2101, 663])
Face([440, 133, 141, 679, 1238])
Face([609, 83, 1337, 1496, 212])
Face([617, 656, 972, 1512, 209])
Face([565, 1804, 1720, 18, 957])
Face([394, 240, 1298, 839, 678])
Face([1974, 65, 220, 1975, 2322])
Face([1273, 1554, 2000, 864, 1654])
Face([1794, 835, 1192, 1806, 2134])
Face([656, 1457, 1562, 1467, 972])
Face([366, 1723, 1599, 341, 150])
Face([546, 2051, 2199, 924, 2311])
Face([1656, 2203, 2213, 1778, 1470])
Face([410, 1609, 867, 257, 1426])
Face([1349, 1116, 2384, 1859, 1574])
Face([1238, 272, 1199, 1203, 679])
Face([63, 345, 73, 776, 1451])
Face([361, 545, 478, 989, 2159])
Face([423, 1858, 1302, 1686, 1919])
Face([2004, 1072, 1449, 1670, 1233])
Face([391, 932, 1134, 1130, 342])
Face([1724, 171, 1289, 1104, 2141])
Face([95, 809, 785, 342, 1130])
Face([369, 1265, 2273, 186, 1230])
Face([1493, 1568, 2227, 233, 1481])
Face([406, 1249, 2012, 2111, 743])
Face([699, 2173, 1170, 1657, 910])
Face([1482, 1218, 1207, 1041, 2062])
Face([661, 1508, 1552, 1098, 2292])
Face([1955, 1050, 1916, 1669, 179])
Face([2160, 512, 146, 1117, 933])
Face([313, 864, 2000, 1397, 1624])
Face([2097, 1850, 1680, 2195, 966])
Face([832, 1522, 1721, 243, 1334])
Face([1457, 1562, 1912, 1278, 100])
Face([1421, 1385, 207, 913, 1755])
Face([479, 2258, 1365, 1918, 358])
Face([692, 1141, 166, 1431, 1318])
Face([448, 185, 311, 708, 538])
Face([521, 821, 2106, 2276, 1213])
Face([613, 754, 1101, 1234, 2247])
Face([273, 124, 121, 1197, 519])
Face([60, 1857, 2073, 841, 1852])
Face([920, 81, 523, 2096, 1742])
Face([354, 568, 2200, 1210, 1773])
Face([1852, 841, 583, 1840, 2010])
Face([143, 1019, 1166, 1363, 1732])
Face([382, 1129, 1631, 636, 733])
Face([584, 2060, 140, 1777, 2301])
Face([2307, 2392, 1967, 1648, 2335])
Face([615, 1687, 2201, 1035, 319])
Face([449, 1398, 1986, 1900, 1391])
Face([433, 834, 77, 1182, 175])
Face([35, 2332, 784, 1188, 748])
Face([1140, 1364, 1885, 1786, 2293])
Face([581, 2057, 2116, 2211, 2321])
Face([468, 1121, 871, 734, 1459])
Face([362, 2011, 1978, 866, 511])
Face([513, 2315, 1168, 2063, 2295])
Face([2207, 1689, 1043, 2212, 1598])
Face([1984, 2072, 856, 2348, 1479])
Face([1988, 272, 1199, 2279, 1070])
Face([393, 1989, 642, 9, 1798])
Face([1766, 2081, 54, 94, 2100])
Face([475, 1339, 930, 1688, 1805])
Face([1948, 1147, 1046, 1080, 223])
Face([476, 1676, 1272, 1666, 573])
Face([1651, 664, 1314, 1477, 1184])
Face([41, 1707, 1286, 1371, 2172])
Face([71, 858, 1154, 1639, 1005])
Face([95, 1130, 1134, 970, 1370])
Face([304, 1488, 1729, 1376, 1829])
Face([685, 1272, 1666, 254, 1849])
Face([647, 1338, 999, 968, 853])
Face([451, 2137, 2348, 1479, 2215])
Face([220, 947, 1064, 1616, 1975])
Face([815, 1221, 112, 2025, 2054])
Face([650, 894, 1110, 2100, 1766])
Face([1410, 24, 51, 489, 1220])
Face([2159, 2346, 704, 236, 989])
Face([2151, 1307, 1749, 1530, 829])
Face([207, 1468, 857, 1535, 1385])
Face([1283, 1913, 2194, 1938, 1228])
Face([672, 568, 2200, 2023, 1521])
Face([392, 1054, 712, 1114, 1847])
Face([2285, 1652, 820, 144, 2174])
Face([790, 1904, 1282, 1055, 2033])
Face([650, 721, 334, 1645, 894])
Face([361, 545, 820, 1652, 2015])
Face([1921, 187, 1415, 1531, 1634])
Face([623, 2074, 1754, 160, 1198])
Face([417, 419, 547, 1715, 84])
Face([1038, 1929, 887, 1034, 1006])
Face([697, 2352, 278, 242, 1375])
Face([459, 1113, 1226, 1803, 349])
Face([315, 1306, 589, 2176, 2390])
Face([2137, 2348, 856, 847, 110])
Face([455, 1271, 1977, 148, 2148])
Face([788, 2218, 2027, 1760, 813])
Face([424, 888, 2341, 460, 135])
Face([2016, 1366, 1083, 482, 1710])
Face([1292, 1825, 1270, 1751, 222])
Face([545, 820, 144, 268, 478])
Face([622, 1800, 485, 2252, 1555])
Face([460, 1023, 2121, 753, 2341])
Face([1381, 1536, 1623, 2055, 31])
Face([75, 1313, 1870, 1126, 1095])
Face([643, 120, 519, 1197, 582])
Face([624, 810, 1048, 338, 1559])
Face([602, 1440, 2118, 1908, 155])
Face([1148, 2008, 2275, 1665, 1297])
Face([456, 1223, 59, 1183, 1983])
Face([306, 2185, 1205, 2007, 1764])
Face([643, 2307, 2335, 552, 582])
Face([660, 2281, 1778, 1470, 1757])
Face([1838, 1268, 1215, 1837, 1679])
Face([408, 849, 1987, 194, 42])
Face([332, 156, 1355, 1248, 2108])
Face([87, 2274, 1994, 309, 2190])
Face([1459, 2017, 190, 1917, 734])
Face([502, 1029, 1062, 1868, 1542])
Face([51, 489, 1349, 1116, 1049])
Face([339, 1419, 1996, 177, 1557])
Face([108, 1668, 1357, 1256, 902])
Face([364, 565, 957, 1020, 125])
Face([310, 2242, 2266, 2071, 2339])
Face([1647, 1281, 749, 1664, 119])
Face([305, 1928, 355, 1040, 2331])
Face([2101, 529, 1835, 1502, 1411])
Face([431, 1445, 836, 501, 2078])
Face([398, 889, 2369, 2158, 23])
Face([1054, 1237, 401, 2098, 712])
Face([1446, 936, 1495, 904, 1642])
Face([482, 1728, 1142, 1643, 1083])
Face([1551, 1081, 314, 846, 293])
Face([463, 2371, 1304, 2326, 1660])
Face([665, 1914, 1782, 1360, 270])
Face([826, 1866, 2091, 1311, 189])
Face([1139, 2196, 266, 1725, 653])
Face([381, 1408, 840, 2218, 788])
Face([80, 1741, 964, 539, 230])
Face([604, 2122, 204, 664, 1651])
Face([2240, 2052, 833, 1979, 1719])
Face([2164, 904, 1495, 831, 1456])
Face([1093, 1386, 1235, 991, 567])
Face([17, 1211, 1520, 833, 2052])
Face([60, 1857, 2037, 131, 2329])
Face([488, 514, 1174, 2231, 557])
Face([604, 1651, 1184, 967, 879])
Face([225, 2035, 1598, 2207, 1510])
Face([252, 1809, 1119, 1796, 1149])
Face([2200, 1210, 2298, 875, 2023])
Face([1720, 1683, 1718, 762, 1804])
Face([822, 843, 913, 1755, 2340])
Face([383, 1258, 2356, 634, 359])
Face([614, 1425, 1923, 2161, 2142])
Face([352, 1785, 592, 162, 2026])
Face([45, 530, 2279, 1070, 1812])
Face([1849, 2339, 2071, 484, 254])
Face([735, 553, 2283, 1587, 2197])
Face([2243, 2043, 554, 205, 958])
Face([2247, 1234, 269, 2206, 1630])
Face([2145, 1528, 2038, 500, 1515])
Face([417, 425, 1607, 2357, 419])
Face([444, 258, 1280, 56, 1387])
Face([88, 2188, 1904, 1282, 350])
Face([1013, 586, 2259, 799, 1581])
Face([1193, 1610, 1400, 2284, 1478])
Face([809, 785, 1637, 1833, 2003])
Face([1191, 561, 2107, 1396, 965])
Face([1049, 1050, 1916, 2384, 1116])
Face([429, 1176, 1454, 498, 998])
Face([688, 1274, 497, 1372, 290])
Face([344, 1157, 1216, 129, 1079])
Face([605, 757, 812, 76, 493])
Face([677, 324, 2198, 2083, 927])
Face([2361, 1403, 1484, 1034, 887])
Face([2003, 1991, 1187, 1636, 1833])
Face([460, 1023, 579, 1632, 135])
Face([649, 289, 1480, 2205, 11])
Face([41, 1707, 796, 560, 1733])
Face([64, 944, 798, 1943, 1534])
Face([1675, 1241, 1167, 1383, 591])
Face([1242, 1428, 1678, 1563, 2053])
Face([463, 2371, 2191, 2217, 123])
Face([599, 2131, 147, 2277, 912])
Face([1511, 217, 2157, 1052, 1497])
Face([805, 1316, 1813, 2368, 494])
Face([61, 1956, 977, 2382, 348])
Face([1277, 2146, 1762, 1532, 1388])
Face([831, 483, 1933, 936, 1495])
Face([429, 1176, 82, 940, 1784])
Face([384, 2290, 1321, 1450, 870])
Face([660, 2281, 2216, 1831, 1122])
Face([446, 1266, 1333, 2109, 517])
Face([652, 297, 37, 1352, 766])
Face([552, 2077, 2045, 1648, 2335])
Face([701, 2249, 1269, 1461, 869])
Face([648, 813, 1760, 1300, 543])
Face([716, 10, 2318, 241, 574])
Face([370, 598, 933, 1117, 838])
Face([470, 109, 2381, 2322, 1974])
Face([780, 2089, 1320, 2069, 1590])
Face([796, 560, 1658, 155, 1908])
Face([426, 1017, 985, 1325, 115])
Face([16, 1841, 1112, 961, 566])
Face([1517, 1028, 1009, 1276, 959])
Face([413, 984, 92, 328, 657])
Face([64, 944, 1744, 1513, 2257])
Face([2287, 74, 1592, 235, 1765])
Face([432, 600, 2262, 2233, 1519])
Face([279, 897, 1712, 190, 2017])
Face([26, 2241, 1577, 1350, 55])
Face([386, 2064, 2366, 2144, 300])
Face([2283, 1587, 1215, 1837, 1455])
Face([1843, 1922, 956, 196, 1007])
Face([1707, 796, 1908, 2118, 1286])
Face([1663, 1424, 588, 592, 1785])
Face([377, 747, 212, 1496, 1236])
Face([2298, 1600, 2104, 1030, 875])
Face([292, 588, 592, 162, 1926])
Face([2044, 161, 1938, 2194, 2245])
Face([245, 1309, 884, 1424, 1663])
Face([511, 265, 469, 2103, 866])
Face([649, 289, 1810, 323, 1044])
Face([402, 1588, 1014, 1057, 1604])
Face([673, 2192, 29, 1296, 1761])
Face([632, 1097, 695, 1135, 1717])
Face([1809, 1801, 1262, 874, 1119])
Face([446, 1818, 1052, 2157, 517])
Face([997, 230, 80, 343, 775])
Face([1486, 2066, 1490, 481, 1068])
Face([27, 2177, 1374, 2055, 31])
Face([2380, 2049, 1061, 1032, 1807])
Face([2022, 869, 701, 2024, 975])
Face([1177, 266, 2196, 537, 518])
Face([1818, 1792, 1523, 1497, 1052])
Face([1684, 1160, 1095, 75, 322])
Face([612, 274, 1060, 2047, 1846])
Face([743, 2365, 287, 759, 2111])
Face([291, 952, 987, 1848, 2186])
Face([394, 240, 1877, 499, 1018])
Face([1073, 195, 2242, 2266, 918])
Face([79, 89, 2009, 1638, 495])
Face([1455, 1837, 1679, 1411, 1502])
Face([1928, 1882, 1151, 2359, 355])
Face([2089, 1320, 136, 792, 868])
Face([458, 1264, 835, 1192, 2265])
Face([1002, 880, 593, 1416, 535])
Face([447, 2016, 1710, 1907, 249])
Face([581, 1189, 1892, 862, 2321])
Face([705, 1625, 1022, 1104, 1289])
Face([380, 1606, 976, 336, 102])
Face([739, 474, 153, 935, 1820])
Face([1442, 1626, 977, 1956, 1212])
Face([391, 1162, 1952, 1128, 932])
Face([1815, 235, 1592, 69, 2229])
Face([1636, 1952, 1128, 1817, 1187])
Face([1047, 1025, 1649, 2221, 2014])
Face([228, 234, 1613, 2087, 2397])
Face([375, 1514, 1264, 458, 1078])
Face([765, 1696, 2060, 584, 1995])
Face([1687, 2201, 2181, 147, 2277])
Face([1962, 241, 574, 2385, 845])
Face([406, 891, 1844, 2365, 743])
Face([882, 1856, 683, 168, 2248])
Face([1418, 132, 1504, 208, 1295])
Face([1869, 1593, 503, 1839, 1661])
Face([407, 1299, 323, 1044, 36])
Face([8, 577, 1149, 1796, 508])
Face([789, 312, 1948, 223, 2372])
Face([569, 1120, 400, 2267, 1423])
Face([777, 243, 1721, 1964, 1960])
Face([1223, 59, 823, 1251, 85])
Face([741, 261, 1214, 808, 525])
Face([671, 2056, 329, 682, 2306])
Face([481, 1490, 943, 2014, 1047])
Face([612, 2076, 1808, 694, 1846])
Face([15, 770, 2328, 1439, 2349])
Face([448, 185, 301, 276, 1103])
Face([112, 2025, 2031, 996, 1739])
Face([25, 2377, 548, 1364, 1140])
Face([1017, 985, 1711, 134, 773])
Face([375, 1088, 193, 49, 1514])
Face([601, 76, 812, 1059, 237])
Face([600, 1434, 1601, 1752, 2262])
Face([260, 506, 2324, 1957, 1578])
Face([385, 688, 290, 1614, 357])
Face([289, 1480, 1462, 1828, 1810])
Face([472, 1861, 2123, 1109, 1310])
Face([1441, 1892, 862, 2360, 1758])
Face([781, 35, 2332, 827, 979])
Face([1088, 193, 2021, 1074, 2308])
Face([382, 733, 1400, 1610, 1503])
Face([1345, 594, 844, 758, 2387])
Face([475, 2204, 1132, 1501, 1805])
Face([2204, 1132, 768, 1275, 251])
Face([405, 2030, 151, 801, 1367])
Face([418, 2305, 1615, 816, 442])
Face([2058, 1816, 793, 737, 1890])
Face([320, 2297, 1586, 1567, 149])
Face([47, 2236, 1401, 1161, 1422])
Face([315, 2337, 2270, 1814, 1306])
Face([643, 120, 1071, 2392, 2307])
Face([1972, 842, 1671, 1558, 558])
Face([2381, 2322, 1975, 1616, 2355])
Face([393, 1798, 546, 2311, 1743])
Face([2021, 1074, 2169, 1806, 2134])
Face([614, 1444, 2320, 710, 2142])
Face([627, 2171, 1089, 1356, 919])
Face([1602, 1332, 1465, 772, 173])
Face([408, 849, 78, 1173, 2039])
Face([233, 1144, 2213, 2203, 1481])
Face([2034, 625, 167, 1491, 1980])
Face([1387, 56, 1564, 2396, 2226])
Face([1180, 2306, 671, 1442, 1212])
Face([282, 914, 1730, 1196, 2070])
Face([794, 113, 881, 1653, 828])
Face([607, 1000, 498, 1454, 1111])
Face([69, 1592, 74, 830, 1106])
Face([412, 2004, 1072, 48, 572])
Face([551, 2354, 2326, 1304, 1731])
Face([2080, 1875, 1626, 977, 2382])
Face([1, 1208, 962, 851, 1015])
Face([1236, 1496, 1337, 286, 929])
Face([356, 1039, 1620, 2343, 2095])
Face([2190, 309, 1002, 535, 1037])
Face([1163, 45, 530, 1906, 763])
Face([159, 2275, 2008, 1635, 980])
Face([608, 1308, 1201, 1824, 1351])
Face([703, 1209, 291, 952, 122])
Face([1466, 136, 1320, 2069, 941])
Face([526, 2154, 2363, 1641, 1063])
Face([1327, 66, 2099, 1608, 1358])
Face([633, 2235, 1346, 969, 1414])
Face([1774, 1096, 2241, 26, 2314])
Face([833, 1520, 1544, 2370, 1979])
Face([1222, 1522, 1721, 1964, 2379])
Face([1258, 700, 62, 527, 2356])
Face([676, 353, 1288, 1281, 1647])
Face([1926, 162, 2026, 1589, 2319])
Face([273, 124, 1206, 213, 239])
Face([301, 1888, 2374, 311, 185])
Face([1012, 1465, 772, 143, 1732])
Face([1508, 1552, 536, 874, 1262])
Face([872, 1244, 954, 1533, 2334])
Face([556, 990, 804, 22, 1518])
Face([618, 1464, 116, 91, 2323])
Face([1519, 2233, 206, 667, 486])
Face([367, 320, 2297, 1911, 1713])
Face([402, 20, 1596, 1561, 1604])
Face([378, 1369, 1581, 799, 58])
Face([43, 2120, 2260, 1409, 2269])
Face([1445, 836, 926, 53, 2237])
Face([396, 2243, 2043, 2395, 1836])
Face([447, 249, 898, 2316, 646])
Face([360, 368, 815, 2054, 1301])
Face([1078, 458, 2265, 2358, 1886])
Face([1, 731, 2155, 915, 1015])
Face([659, 296, 696, 714, 1853])
Face([413, 984, 1512, 209, 635])
Face([275, 1834, 1058, 1491, 167])
Face([1521, 2312, 1030, 875, 2023])
Face([837, 1706, 2037, 131, 2150])
Face([2391, 1772, 1438, 1330, 2398])
Face([2108, 1248, 1016, 2263, 183])
Face([778, 1860, 1922, 956, 2350])
Face([1714, 1315, 1909, 1145, 2310])
Face([441, 356, 2095, 1001, 911])
Face([446, 1266, 640, 1792, 1818])
Face([861, 2234, 758, 2387, 1973])
Face([2342, 2282, 907, 303, 2094])
Face([388, 993, 423, 1919, 850])
Face([2074, 1754, 2168, 981, 318])
Face([605, 2193, 720, 2393, 493])
Face([248, 2399, 562, 1507, 200])
Face([1360, 2230, 2254, 1756, 1782])
Face([626, 939, 2366, 2144, 1691])
Face([932, 1128, 1817, 970, 1134])
Face([615, 1687, 2277, 912, 2127])
Face([1383, 1863, 1216, 129, 1167])
Face([931, 1290, 334, 1645, 188])
Face([2359, 1918, 1365, 596, 1151])
Face([1355, 1248, 1016, 1787, 210])
Face([641, 1539, 34, 2146, 1277])
Face([2127, 912, 599, 696, 714])
Face([704, 1905, 806, 922, 2346])
Face([718, 2361, 887, 1929, 1003])
Face([467, 11, 2205, 1839, 1661])
Face([637, 2353, 1343, 1285, 2036])
Face([2290, 1321, 824, 1962, 845])
Face([547, 1715, 1863, 1216, 1157])
Face([756, 1171, 960, 808, 525])
Face([380, 1606, 1946, 1472, 1082])
Face([52, 931, 1290, 729, 1317])
Face([2065, 2119, 1324, 1783, 983])
Face([22, 491, 257, 867, 804])
Face([1488, 1729, 312, 1948, 1147])
Face([1726, 1452, 177, 1996, 2029])
Face([801, 1950, 1790, 1239, 151])
