(0, 512, 1154, 2307, 2309, 1934, 912, 146, 276, 1300, 792, 1177, 1818, 1179, 1948, 669, 2205, 928, 2336, 1828, 2089, 1068, 2225, 436, 949, 1204, 1332, 2101, 313, 1851, 959, 1727, 1987, 2245, 454, 842, 1098, 1101, 465, 597, 2008, 220, 1628, 991, 2143, 737, 1765, 233, 876, 2157, 1646, 751, 1905, 1394, 755, 116, 1909, 2041, 252, 2046)->[0, (-3+1*r5), -2, (1-1*r5)]
(0, 270, 1039, 912, 1423, 276, 1300, 2196, 151, 2328, 665, 1306, 1185, 1953, 1061, 936, 682, 1451, 2218, 49, 2226, 1332, 2101, 55, 954, 66, 1987, 1605, 1733, 2246, 202, 714, 1229, 1613, 1232, 1492, 2389, 2134, 855, 600, 2138, 476, 604, 1500, 609, 230, 488, 1385, 1900, 1646, 112, 1394, 755, 2034, 632, 2299, 508, 509, 1278, 639)->[(-1+1*r5), 0, -2, (-3+1*r5)]
(0, 1394, 2205, 2134)->[2, (1-1*r5), -4, (-1-1*r5)]
(0, 384, 2309, 646, 8, 1930, 2187, 781, 911, 1423, 1173, 152, 665, 1177, 1946, 2205, 1185, 1315, 2339, 1963, 44, 429, 1453, 1838, 1964, 49, 2101, 313, 1210, 572, 701, 1340, 959, 704, 1982, 1218, 2109, 836, 709, 2369, 848, 978, 86, 2134, 600, 987, 1500, 991, 2143, 1122, 1762, 999, 1768, 1385, 875, 751, 368, 1912, 1916, 511)->[(3-1*r5), 0, (1-1*r5), -2]
(2308, 650, 1675, 524, 780, 2188, 657, 2195, 917, 154, 1436, 543, 31, 290, 2211, 36, 420, 425, 2219, 2093, 1585, 1969, 2099, 2356, 1974, 1847, 2358, 191, 320, 1985, 2374, 1607, 584, 2121, 1484, 1487, 466, 2259, 1629, 2013, 228, 612, 614, 487, 742, 872, 1514, 1767, 1644, 2027, 2030, 2152, 2153, 242, 1780, 2038, 1148, 1917, 1022, 2303)->[0, -2, (-1+1*r5), (-3+1*r5)]
(1281, 2, 1411, 134, 7, 1159, 267, 14, 1678, 1296, 529, 1297, 1806, 281, 283, 1437, 799, 2207, 1313, 802, 1060, 2212, 298, 810, 2349, 1710, 175, 560, 687, 2223, 1203, 948, 1589, 1715, 698, 1594, 445, 446, 2240, 968, 1611, 972, 1997, 1491, 853, 1370, 859, 2011, 1117, 1886, 1120, 2146, 1128, 1134, 114, 1140, 1397, 1525, 1911, 1144)->[2, (-1+1*r5), 0, (3-1*r5)]
(1024, 131, 1799, 2056, 265, 1290, 1803, 2312, 781, 909, 1551, 152, 1689, 924, 798, 1439, 1827, 548, 2213, 1830, 2170, 1963, 1326, 559, 1838, 1073, 562, 2095, 567, 1335, 1977, 2103, 2232, 1982, 704, 1472, 1218, 67, 836, 1348, 710, 967, 2244, 2247, 80, 1616, 2131, 727, 2394, 1759, 736, 1888, 1122, 2274, 868, 234, 2028, 1012, 1912, 634)->[(-1+1*r5), (3-1*r5), 0, -2]
(1282, 4, 2053, 1158, 2310, 1416, 2056, 1418, 909, 1424, 2193, 2321, 915, 1556, 662, 1302, 2071, 793, 1945, 2074, 924, 413, 2078, 2200, 2337, 1058, 1955, 2344, 2090, 1579, 45, 1326, 2095, 1201, 946, 1843, 564, 2359, 1850, 1979, 67, 323, 2244, 200, 459, 845, 80, 595, 598, 347, 1760, 359, 2025, 2028, 1517, 622, 1012, 1656, 1403, 510)->[0, (-1+1*r5), (3-1*r5), -2]
(1920, 385, 258, 1412, 1030, 905, 1417, 1291, 1293, 654, 1426, 531, 404, 1814, 1560, 1564, 541, 2079, 416, 33, 674, 422, 935, 296, 808, 2346, 2348, 1709, 2096, 1457, 820, 694, 184, 832, 706, 1352, 2254, 336, 593, 2256, 340, 214, 982, 1369, 1243, 1499, 2012, 1376, 97, 1249, 1378, 1380, 869, 2017, 1004, 1005, 752, 2032, 376, 1406)->[-2, (-1+1*r5), 0, (3-1*r5)]
(2304, 129, 900, 1285, 1668, 7, 903, 1927, 1546, 267, 141, 2061, 2189, 1296, 529, 19, 1172, 661, 2068, 1305, 1052, 1437, 1056, 1313, 1060, 1188, 681, 1322, 812, 687, 561, 1715, 950, 1718, 1978, 1213, 449, 963, 1224, 457, 1226, 1741, 1997, 2381, 2382, 850, 89, 1497, 733, 1251, 1379, 1893, 873, 1386, 1897, 243, 1523, 1788, 381, 382)->[(-1+1*r5), (-1+1*r5), (-1+1*r5), (-1+1*r5)]
(1153, 1538, 1670, 2184, 266, 651, 655, 1530, 2322, 1658, 282, 2331, 1693, 1438, 1569, 2338, 2083, 164, 1577, 174, 1582, 1074, 1716, 1976, 444, 317, 705, 835, 1606, 328, 73, 712, 971, 974, 213, 725, 215, 2392, 473, 217, 1501, 1375, 482, 2275, 358, 2279, 2280, 361, 1513, 492, 1518, 2033, 1522, 2035, 2036, 501, 1526, 1528, 506, 2301)->[2, (-3+1*r5), (-1+1*r5), 0]
(897, 1413, 1798, 1032, 1931, 1164, 1165, 1529, 1167, 1548, 1171, 919, 2333, 800, 673, 418, 2081, 1317, 38, 679, 696, 952, 1465, 1720, 2105, 829, 190, 575, 1341, 1597, 1602, 1728, 2235, 1349, 1861, 2119, 713, 458, 206, 337, 1362, 1873, 1620, 2390, 87, 983, 1751, 91, 93, 95, 866, 1124, 2278, 2156, 366, 367, 885, 375, 761, 2047)->[(1-1*r5), -2, (-3+1*r5), 0]
(513, 2049, 644, 2052, 2180, 392, 10, 1802, 1554, 788, 1045, 1687, 1432, 1561, 796, 415, 419, 680, 809, 937, 1194, 1704, 1962, 943, 1199, 1663, 1076, 693, 2230, 955, 1211, 580, 2372, 1862, 711, 840, 329, 1354, 1867, 973, 975, 592, 1872, 2255, 1747, 2005, 1882, 2266, 1632, 739, 740, 1507, 1764, 1392, 2037, 374, 2165, 1784, 1657, 767)->[-2, 0, (-3+1*r5), (1-1*r5)]
(257, 130, 898, 899, 2306, 1677, 1295, 145, 401, 785, 1046, 1174, 24, 2072, 1050, 539, 1690, 2203, 2086, 1191, 553, 817, 818, 309, 821, 1333, 1462, 441, 57, 571, 827, 1846, 64, 324, 1860, 1223, 1735, 2250, 1483, 717, 718, 2127, 594, 1108, 1364, 2261, 2141, 606, 1763, 996, 1891, 105, 1002, 879, 1904, 2291, 244, 502, 887, 1533)->[(1-1*r5), 0, 2, (-3+1*r5)]
(1410, 778, 2315, 2317, 1550, 1554, 1687, 1432, 1561, 1562, 1062, 1574, 1702, 1449, 1836, 1584, 1841, 50, 1458, 1459, 1080, 570, 955, 828, 1082, 702, 1087, 1725, 837, 198, 327, 711, 329, 1993, 2123, 79, 847, 1872, 2003, 471, 472, 1752, 346, 1242, 1882, 862, 479, 1761, 739, 1254, 743, 232, 2023, 1132, 1776, 625, 2163, 1013, 1655, 379)->[(1-1*r5), (-3+1*r5), 0, -2]
(768, 1145, 3, 1797, 1287, 264, 394, 1035, 1684, 1429, 406, 1431, 153, 2329, 155, 2075, 287, 418, 1444, 549, 678, 2084, 173, 945, 306, 2098, 2355, 1206, 696, 952, 1720, 2105, 1084, 1724, 190, 1214, 65, 326, 1485, 2129, 1362, 1620, 1238, 343, 983, 1241, 602, 91, 1116, 221, 1630, 484, 2150, 615, 1896, 362, 2286, 631, 505, 124)->[(1-1*r5), (1-1*r5), (1-1*r5), (-1+1*r5)]
(771, 1795, 1796, 1798, 1925, 1931, 1165, 398, 2065, 1171, 2201, 794, 155, 1308, 669, 1818, 927, 1787, 2041, 34, 1828, 1448, 2089, 1834, 556, 1196, 46, 2351, 2225, 1714, 2098, 180, 436, 949, 2355, 952, 2105, 1084, 829, 1724, 192, 1728, 454, 1097, 205, 337, 2386, 2006, 2135, 2390, 220, 615, 1896, 880, 1651, 1143, 505, 251, 1660, 1789)->[(-3+1*r5), (1-1*r5), -2, 0]
(131, 1543, 1288, 2312, 522, 909, 1551, 1040, 2320, 1556, 663, 2071, 922, 27, 667, 2074, 2078, 2204, 1057, 1442, 1059, 548, 427, 811, 1579, 814, 944, 689, 946, 567, 187, 2370, 453, 1477, 583, 1095, 459, 1739, 1357, 1486, 209, 2004, 981, 1750, 727, 1627, 1760, 868, 1258, 1007, 496, 1009, 499, 1012, 118, 2170, 891, 1020, 253, 638)->[(3-1*r5), 2, 0, (1-1*r5)]
(2177, 263, 139, 1677, 1038, 273, 1427, 791, 408, 539, 1819, 1053, 1823, 672, 2209, 1443, 293, 40, 1192, 1195, 2092, 1198, 304, 1456, 1586, 57, 827, 1212, 1596, 830, 1600, 2243, 1860, 1221, 1481, 1610, 594, 1364, 1621, 2007, 2391, 2137, 860, 861, 606, 2399, 1121, 354, 2018, 1257, 1003, 1516, 109, 879, 1264, 1391, 502, 1019, 636, 2045)->[(1-1*r5), 0, 2, (3-1*r5)]
(257, 898, 1666, 390, 1805, 1038, 1295, 401, 1425, 532, 1812, 1813, 1303, 408, 1817, 1942, 539, 411, 412, 1051, 1053, 672, 1567, 546, 803, 2077, 165, 553, 1707, 1452, 1456, 817, 1202, 1333, 2231, 824, 442, 1083, 708, 715, 1228, 1356, 2124, 2384, 1879, 1880, 601, 2391, 2397, 2399, 354, 616, 1640, 2024, 748, 623, 244, 373, 502, 1908)->[0, 0, (-2+2*r5), 0]
(1669, 2313, 394, 1164, 1932, 272, 1168, 1810, 659, 1555, 1429, 1431, 2333, 1183, 1695, 673, 1444, 41, 1581, 945, 178, 56, 1464, 314, 2233, 190, 63, 1214, 1216, 1344, 1859, 325, 455, 1991, 713, 330, 1104, 2388, 87, 983, 1751, 603, 2140, 221, 93, 2269, 2396, 866, 995, 1381, 1130, 1901, 494, 2286, 760, 1142, 120, 1146, 764, 125)->[(-3+1*r5), -2, 0, (-1+1*r5)]
(1920, 1145, 1540, 517, 1035, 140, 1783, 654, 530, 1426, 1938, 2075, 156, 542, 287, 1314, 2084, 1063, 1578, 685, 558, 813, 2224, 1457, 306, 1205, 1206, 184, 1208, 1337, 1088, 65, 1474, 707, 1986, 1352, 1612, 1485, 1235, 1496, 1243, 1499, 477, 2395, 992, 2144, 1890, 741, 2150, 231, 1256, 1511, 107, 493, 1136, 503, 376, 121, 1406, 1535)->[-2, 0, (-3+1*r5), (-1+1*r5)]
(260, 1924, 1799, 1290, 1547, 268, 2058, 2190, 399, 16, 2314, 1428, 151, 1949, 1185, 1953, 1827, 676, 2339, 1703, 936, 169, 1321, 1835, 1959, 429, 430, 559, 1327, 49, 2218, 2226, 308, 1977, 1340, 319, 1472, 1217, 834, 962, 1218, 2369, 967, 1351, 2001, 1492, 1110, 855, 986, 1758, 1122, 2274, 1636, 368, 1777, 626, 2294, 632, 507, 511)->[2, 0, (-3+1*r5), (1-1*r5)]
(514, 4, 262, 391, 646, 1928, 1424, 2193, 1556, 1433, 1945, 798, 2078, 2208, 1697, 1315, 548, 2043, 811, 1963, 45, 814, 1965, 689, 1077, 1717, 953, 1210, 572, 1854, 1982, 1983, 321, 1857, 1603, 1348, 583, 2375, 1609, 80, 977, 978, 2131, 2385, 86, 1750, 987, 1115, 2021, 999, 1895, 234, 1899, 108, 1517, 2028, 1263, 117, 2170, 891)->[0, (-1+1*r5), (-3+1*r5), -2]
(1536, 385, 258, 527, 1807, 1149, 280, 920, 541, 286, 160, 33, 1064, 2088, 2346, 683, 2347, 941, 303, 48, 1200, 2352, 819, 2229, 825, 826, 1468, 1853, 1981, 448, 832, 1601, 1091, 452, 581, 2371, 585, 970, 331, 1482, 590, 335, 1615, 599, 857, 2139, 1884, 863, 1376, 1249, 2015, 2017, 2271, 619, 2032, 2289, 1395, 249, 1147, 765)->[(1-1*r5), 2, (-3+1*r5), 0]
(384, 642, 1410, 1922, 8, 1930, 2315, 1292, 910, 911, 1550, 1809, 18, 1934, 1559, 1562, 2336, 35, 554, 44, 1068, 1324, 1453, 688, 433, 1841, 1587, 1964, 951, 1080, 1851, 701, 2366, 959, 838, 1736, 1353, 842, 843, 460, 1101, 1355, 79, 720, 465, 2126, 2003, 1494, 1242, 991, 737, 1377, 1635, 1388, 1776, 1521, 882, 1652, 2172, 1407)->[0, (1-1*r5), (-3+1*r5), -2]
(1153, 2314, 1036, 1166, 399, 2192, 1530, 2194, 409, 2331, 2076, 2080, 162, 2338, 1703, 1959, 2087, 1835, 684, 1708, 431, 815, 1072, 1074, 1075, 1329, 54, 1590, 1975, 61, 2110, 319, 1984, 1217, 834, 2238, 1606, 73, 2251, 846, 974, 1489, 596, 1876, 2393, 478, 607, 1631, 1758, 2279, 617, 1262, 1008, 241, 498, 1907, 757, 2294, 506, 1791)->[2, (1-1*r5), 0, (-3+1*r5)]
(1665, 2305, 643, 1926, 520, 2057, 1933, 274, 534, 918, 2199, 1049, 538, 1311, 2210, 547, 1571, 1189, 426, 43, 179, 435, 947, 1591, 1592, 2360, 2174, 2362, 60, 1086, 1855, 450, 451, 2242, 1994, 1227, 2258, 1878, 729, 1625, 1753, 1374, 1634, 1892, 1894, 360, 489, 106, 1772, 877, 1006, 239, 627, 1011, 245, 1273, 1018, 1276, 1021, 1534)->[0, (3-1*r5), -2, (-1+1*r5)]
(1153, 1027, 2183, 393, 524, 2060, 1936, 1681, 2195, 1686, 154, 1178, 2076, 1309, 159, 1824, 1569, 2338, 1960, 300, 684, 1716, 2356, 59, 1852, 1984, 1345, 2368, 196, 969, 2125, 846, 1487, 208, 1493, 854, 2393, 474, 1885, 478, 1631, 2142, 482, 483, 612, 2275, 1767, 1513, 2153, 1260, 1773, 624, 241, 1522, 1650, 756, 2036, 2038, 1658, 1917)->[(-1+1*r5), -2, (3-1*r5), 0]
(519, 775, 1655, 778, 1675, 780, 2188, 145, 785, 147, 1688, 1563, 1436, 1310, 929, 2211, 420, 1062, 39, 1702, 1449, 1580, 1584, 818, 1459, 2173, 1846, 1719, 1847, 1081, 58, 571, 1082, 1721, 318, 1726, 64, 1731, 1990, 327, 1608, 841, 2121, 591, 2127, 851, 2260, 471, 985, 1757, 2013, 1891, 105, 883, 1780, 759, 2298, 2044, 1533, 2302)->[(1-1*r5), (1-1*r5), (-1+1*r5), (1-1*r5)]
(1792, 2304, 647, 1543, 1040, 658, 1683, 1947, 1052, 1692, 799, 1442, 291, 804, 1661, 2085, 2212, 297, 810, 555, 1322, 175, 687, 305, 1455, 1203, 1715, 1844, 1970, 823, 697, 698, 187, 1338, 1978, 2108, 1471, 2240, 2370, 1220, 453, 1477, 1095, 1224, 1358, 719, 2382, 89, 1113, 988, 1756, 1886, 867, 1893, 2151, 745, 1769, 750, 499, 253)->[(-1+1*r5), 2, (3-1*r5), 0]
(1793, 775, 778, 1675, 780, 142, 1679, 1937, 914, 2067, 1310, 929, 35, 806, 39, 1190, 1066, 939, 2219, 1070, 432, 433, 50, 1584, 1587, 1969, 1974, 2099, 2172, 191, 1985, 322, 1730, 1736, 1738, 76, 79, 1361, 211, 472, 985, 1242, 479, 1248, 1761, 1635, 2148, 487, 743, 872, 747, 1775, 1903, 1137, 1265, 1521, 1652, 2163, 2044, 1918)->[0, (1-1*r5), (3-1*r5), -2]
(514, 387, 515, 901, 1286, 1544, 522, 779, 1163, 1807, 540, 2204, 1568, 1826, 677, 2043, 168, 811, 172, 941, 944, 1717, 2229, 1336, 1466, 321, 1603, 452, 583, 970, 1357, 1486, 1745, 2385, 2004, 469, 726, 599, 2132, 1114, 889, 2271, 355, 744, 2026, 619, 108, 1899, 1007, 496, 1135, 2159, 115, 1524, 2289, 758, 1399, 1910, 249, 1531)->[0, 2, (1-1*r5), (-3+1*r5)]
(509, 643, 1667, 1925, 648, 649, 2059, 396, 1039, 912, 146, 1300, 1913, 26, 1179, 1308, 1818, 1182, 2201, 34, 1448, 682, 1196, 1454, 2225, 179, 180, 1591, 312, 2361, 573, 1727, 576, 2242, 1733, 2249, 202, 1229, 2258, 2389, 729, 1628, 350, 223, 1001, 106, 490, 876, 621, 877, 1642, 1905, 1139, 1651, 245, 886, 1273, 2299, 637, 1150)->[0, 0, (2-2*r5), 0]
(1026, 132, 1284, 6, 904, 1033, 1291, 12, 1420, 1783, 1426, 787, 1811, 2326, 1815, 28, 157, 30, 797, 1564, 2079, 1954, 1701, 2227, 1205, 694, 2357, 699, 1085, 706, 71, 2248, 2253, 2256, 1105, 340, 2133, 982, 90, 1243, 2395, 477, 1118, 738, 2276, 741, 1509, 871, 2029, 111, 1136, 1519, 1138, 1648, 1268, 1906, 2160, 247, 121, 1535)->[(1-1*r5), (3-1*r5), 0, 2]
(770, 4, 262, 646, 8, 1928, 1803, 2315, 142, 1550, 1809, 2321, 915, 916, 22, 152, 1689, 1945, 1946, 413, 294, 1190, 1574, 44, 1836, 1326, 1073, 50, 564, 1077, 1334, 2103, 2359, 704, 67, 1348, 2375, 1353, 2123, 847, 848, 1361, 1494, 987, 1889, 1762, 2148, 2023, 234, 363, 875, 1132, 2287, 1265, 882, 2163, 1652, 1403, 2172, 1918)->[0, 0, 0, (2-2*r5)]
(1152, 1536, 2305, 387, 515, 520, 648, 779, 396, 525, 1163, 1676, 400, 1804, 274, 2059, 535, 1913, 26, 538, 540, 675, 1571, 2343, 303, 51, 819, 2229, 1336, 185, 825, 1466, 1467, 189, 1599, 2239, 2113, 2371, 452, 585, 1482, 1994, 1100, 345, 729, 1753, 608, 99, 874, 1642, 239, 497, 1649, 1395, 758, 504, 1273, 1275, 637, 1150)->[(-3+1*r5), (-1+1*r5), -2, 0]
(261, 1542, 1159, 1528, 1545, 1927, 2182, 2184, 2061, 655, 1301, 1305, 1434, 1437, 1438, 1313, 2083, 170, 1325, 174, 1710, 1460, 1589, 950, 1972, 1848, 1856, 1989, 1734, 968, 1737, 586, 332, 333, 1998, 2381, 1488, 1233, 213, 1239, 728, 216, 473, 1497, 2011, 2392, 1120, 1504, 2146, 102, 358, 104, 1897, 2155, 238, 1523, 1527, 248, 1144, 1919)->[2, 0, (3-1*r5), (-1+1*r5)]
(2304, 129, 1285, 7, 647, 1031, 141, 2191, 529, 1558, 2070, 1816, 1565, 158, 799, 805, 2217, 686, 175, 1966, 1844, 823, 1338, 2108, 1213, 1343, 2114, 1219, 1092, 965, 1220, 75, 972, 1230, 2382, 1234, 1490, 1491, 1622, 2263, 1755, 92, 990, 1246, 353, 1379, 997, 486, 2154, 365, 110, 1134, 113, 114, 243, 371, 1140, 1781, 1911, 1017)->[(3-1*r5), 2, 0, (-1+1*r5)]
(134, 518, 395, 655, 1296, 19, 20, 1943, 1947, 1694, 1056, 1699, 804, 1577, 170, 555, 810, 1322, 1582, 2223, 1460, 1589, 438, 1973, 698, 1339, 1723, 317, 445, 2111, 2236, 2241, 2365, 2115, 2373, 328, 1997, 2381, 850, 728, 473, 89, 859, 2265, 1501, 1375, 2146, 1638, 2151, 745, 1386, 750, 878, 1518, 1774, 1523, 1526, 2169, 254, 1919)->[2, (3-1*r5), (-1+1*r5), 0]
(1282, 131, 1028, 133, 518, 2310, 2056, 265, 652, 1683, 1943, 922, 1947, 1692, 1820, 1694, 2074, 1057, 1058, 2082, 2213, 1318, 1830, 1579, 1455, 1970, 1843, 1463, 187, 2236, 574, 2244, 1222, 1225, 588, 845, 1358, 1360, 209, 338, 83, 981, 1112, 2265, 2394, 1759, 868, 613, 1637, 1638, 2151, 1769, 2025, 1774, 884, 2039, 634, 2300, 253, 254)->[(-1+1*r5), (-1+1*r5), (-1+1*r5), (1-1*r5)]
(2052, 519, 1802, 2317, 147, 1690, 795, 1181, 1951, 2341, 166, 552, 1705, 301, 557, 1199, 1459, 1076, 309, 1722, 955, 1858, 324, 1476, 198, 1862, 1608, 1990, 1993, 2250, 718, 1871, 1872, 2255, 2257, 1749, 2261, 471, 1752, 218, 1626, 2266, 349, 227, 356, 485, 998, 1252, 232, 105, 1254, 1261, 1904, 2291, 2037, 888, 2298, 1659, 1533, 2302)->[-2, 0, (3-1*r5), (1-1*r5)]
(256, 1272, 386, 5, 1157, 1669, 1671, 269, 1421, 15, 913, 1940, 277, 664, 25, 2073, 285, 1695, 1696, 1187, 1316, 934, 2214, 1576, 41, 2091, 1069, 302, 816, 1330, 2106, 700, 1342, 70, 1991, 330, 2122, 1744, 2387, 2388, 1368, 2396, 224, 1506, 995, 1123, 1255, 1384, 1898, 491, 620, 2285, 494, 495, 2288, 1266, 1267, 760, 1405, 126)->[0, (1-1*r5), (3-1*r5), 2]
(1539, 1286, 135, 1672, 1674, 14, 2318, 1040, 658, 1043, 663, 283, 667, 291, 2212, 421, 805, 1829, 168, 297, 1958, 2217, 686, 560, 1971, 1845, 439, 1849, 1338, 1594, 446, 1220, 965, 1095, 1739, 1357, 462, 1103, 1745, 1491, 2004, 1755, 1756, 1886, 226, 610, 1000, 1128, 1134, 2159, 1009, 115, 371, 1396, 118, 630, 1910, 1531, 638, 1399)->[(-1+1*r5), 2, (-3+1*r5), 0]
(1030, 1019, 2054, 905, 1417, 139, 1299, 404, 2323, 24, 2203, 668, 416, 2209, 422, 1705, 2171, 301, 942, 1840, 2096, 309, 566, 821, 1462, 1596, 830, 1090, 195, 1860, 1996, 78, 1871, 81, 2257, 2261, 214, 2007, 1624, 349, 606, 989, 993, 1378, 227, 1763, 2018, 998, 618, 1516, 1261, 1389, 752, 754, 372, 887, 2040, 763, 1532, 895)->[-2, (3-1*r5), (-1+1*r5), 0]
(256, 896, 386, 1408, 388, 11, 1419, 15, 528, 1041, 1427, 1557, 278, 2197, 410, 28, 797, 926, 1316, 293, 1701, 551, 1192, 1065, 2092, 1071, 816, 1839, 186, 1085, 1089, 964, 1221, 71, 1864, 2248, 74, 1610, 1995, 2122, 2376, 1231, 2000, 721, 1617, 467, 2137, 860, 1118, 994, 2276, 1255, 109, 2285, 1391, 2160, 1267, 1268, 2167, 1405)->[(-3+1*r5), 0, (-1+1*r5), 2]
(899, 1283, 2053, 1416, 1801, 1418, 271, 1174, 23, 24, 793, 921, 2072, 668, 414, 1951, 2206, 166, 2086, 2344, 557, 692, 569, 1722, 1850, 2364, 1473, 1858, 323, 324, 1093, 1347, 1735, 203, 589, 718, 722, 595, 1108, 1877, 2262, 1624, 1626, 347, 348, 349, 98, 1763, 357, 1641, 618, 1771, 1261, 1389, 2292, 1654, 2040, 890, 763, 510)->[(1-1*r5), (-1+1*r5), (-1+1*r5), (1-1*r5)]
(1664, 1156, 2054, 519, 1160, 1034, 783, 2064, 1299, 1191, 552, 1705, 299, 1195, 1197, 304, 1840, 2045, 52, 821, 822, 1462, 2173, 57, 1081, 571, 827, 1596, 318, 830, 1726, 2234, 195, 1476, 2116, 1483, 2252, 1870, 463, 1743, 2257, 1106, 2260, 1749, 470, 861, 94, 2016, 1891, 356, 1257, 1264, 1904, 883, 2291, 119, 250, 380, 893, 2302)->[-2, (-3+1*r5), (-1+1*r5), 0]
(2177, 132, 1029, 1800, 777, 1033, 139, 908, 1420, 273, 1041, 404, 1815, 1560, 1819, 1532, 157, 1954, 295, 1065, 1709, 942, 1198, 820, 2100, 694, 1212, 1085, 2237, 706, 579, 964, 1090, 1864, 716, 207, 2000, 81, 1109, 1240, 2137, 732, 989, 993, 1378, 2019, 869, 1387, 236, 109, 1004, 1005, 1515, 1516, 1520, 2160, 2161, 2164, 2167, 636)->[(1-1*r5), (-1+1*r5), (-1+1*r5), (-1+1*r5)]
(513, 770, 1928, 1802, 271, 2193, 915, 916, 1045, 22, 1302, 2200, 793, 921, 1433, 413, 1181, 1951, 1184, 2206, 2208, 2296, 2341, 294, 45, 1965, 2350, 693, 953, 828, 2364, 62, 1854, 1857, 578, 1093, 711, 200, 329, 840, 2123, 1868, 2375, 847, 1752, 1626, 862, 740, 1252, 1254, 1645, 622, 1390, 625, 2037, 888, 1657, 890, 379, 510)->[(1-1*r5), (3-1*r5), 0, -2]
(1025, 1537, 138, 906, 2063, 1552, 2319, 148, 533, 660, 536, 1048, 1176, 2334, 161, 545, 163, 292, 37, 423, 1575, 1706, 2220, 2222, 690, 691, 1078, 183, 1475, 582, 1094, 2380, 2377, 204, 1869, 1102, 1359, 1614, 849, 210, 1999, 212, 1365, 1111, 1881, 2010, 475, 1505, 2147, 1125, 2281, 364, 2284, 240, 369, 246, 1014, 2168, 122, 635)->[(-1+1*r5), (1-1*r5), (1-1*r5), (-1+1*r5)]
(1283, 1029, 1415, 521, 905, 1801, 1293, 1422, 2323, 279, 920, 1560, 2330, 1180, 414, 674, 930, 1186, 1570, 1956, 295, 808, 2216, 820, 2100, 695, 569, 1468, 960, 1473, 1090, 1347, 1601, 716, 78, 590, 2254, 2002, 723, 214, 2262, 857, 2139, 1884, 863, 1376, 1503, 2017, 2019, 2022, 1639, 236, 1389, 754, 2292, 378, 763, 1532, 766, 895)->[(1-1*r5), 2, (3-1*r5), 0]
(515, 643, 1539, 1926, 135, 520, 1544, 779, 525, 270, 1039, 400, 1298, 1043, 26, 538, 1952, 1825, 1826, 677, 1061, 1829, 1958, 1067, 1451, 1454, 1331, 1591, 440, 312, 185, 1592, 1849, 2362, 451, 2246, 202, 462, 2130, 724, 2132, 2138, 2267, 350, 223, 2398, 226, 99, 101, 230, 1642, 2026, 112, 2034, 115, 627, 1011, 889, 1274, 1531)->[(3-1*r5), (-1+1*r5), -2, 0]
(1152, 1925, 392, 782, 143, 1275, 1784, 1170, 275, 407, 537, 2201, 1179, 796, 2041, 2343, 1320, 1194, 171, 1962, 46, 51, 2361, 1467, 192, 576, 577, 2372, 454, 199, 1350, 1478, 1479, 973, 1747, 597, 1143, 1623, 2006, 1016, 2008, 611, 2020, 1765, 233, 874, 1770, 880, 1649, 1905, 1139, 116, 374, 886, 504, 1913, 251, 637, 2046, 767)->[(1-1*r5), 0, -2, (-3+1*r5)]
(770, 1158, 1418, 785, 1937, 2321, 22, 1046, 2200, 921, 1690, 2206, 671, 929, 1698, 1955, 2337, 2341, 166, 39, 1062, 2086, 2298, 940, 1580, 1836, 1201, 818, 1334, 311, 441, 1082, 1722, 828, 198, 1223, 200, 1608, 1735, 1993, 2250, 595, 851, 472, 1498, 348, 862, 1761, 1889, 1252, 2148, 2023, 1002, 747, 1903, 1137, 1265, 1654, 762, 1403)->[(-3+1*r5), 0, (-1+1*r5), -2]
(769, 1281, 1411, 1924, 1528, 266, 395, 268, 1036, 1166, 1935, 16, 1169, 1297, 2080, 802, 1915, 1445, 1961, 1835, 2349, 1710, 1327, 2223, 1074, 1460, 1588, 438, 1976, 1339, 1595, 61, 445, 2111, 1988, 1606, 201, 971, 332, 333, 844, 596, 853, 1110, 215, 728, 344, 1758, 1119, 1636, 358, 238, 1518, 1777, 1526, 1527, 1144, 1782, 507, 1791)->[(-2+2*r5), 0, 0, 0]
(1025, 645, 2182, 137, 906, 1545, 1421, 1553, 1042, 403, 2325, 25, 1435, 2168, 285, 925, 1821, 1696, 2334, 931, 37, 2214, 167, 1447, 1325, 302, 434, 563, 690, 182, 1848, 1209, 1593, 700, 1598, 1856, 70, 1734, 1096, 586, 1742, 849, 82, 1233, 1368, 1881, 1245, 1887, 1505, 2145, 1126, 104, 1129, 746, 1898, 2155, 370, 1269, 1400, 122)->[(-1+1*r5), (-3+1*r5), 0, 2]
(1280, 2181, 397, 1294, 2061, 144, 17, 656, 1808, 532, 661, 2322, 411, 1438, 1056, 1441, 803, 164, 933, 1699, 807, 424, 170, 812, 1582, 561, 565, 2231, 824, 1723, 316, 449, 2115, 1989, 2373, 712, 715, 1740, 77, 1741, 2124, 1488, 1366, 1880, 1497, 2392, 1373, 1501, 864, 1504, 102, 2280, 361, 1386, 748, 1902, 623, 1788, 2301, 1919)->[(-1+1*r5), 0, 2, (3-1*r5)]
(2176, 260, 1028, 265, 395, 1036, 20, 2331, 1693, 1439, 162, 1827, 676, 1700, 1830, 1703, 2087, 169, 1961, 177, 562, 307, 1335, 1976, 1339, 2363, 317, 574, 705, 2241, 710, 967, 328, 1222, 2378, 334, 1616, 2001, 596, 342, 215, 736, 1637, 2277, 492, 1133, 878, 1262, 1774, 1777, 498, 2033, 884, 1782, 2294, 2169, 506, 507, 2300, 254)->[2, 0, (3-1*r5), (1-1*r5)]
(2048, 129, 2, 2179, 900, 261, 1400, 1031, 1927, 267, 1678, 1553, 1301, 1685, 2070, 1816, 281, 1305, 1944, 2332, 1060, 1188, 1957, 167, 1319, 681, 1583, 434, 956, 1213, 1734, 839, 1096, 1226, 2379, 972, 461, 1233, 82, 1490, 84, 852, 980, 1622, 216, 1746, 1754, 2011, 480, 481, 1120, 2273, 1382, 370, 1140, 1269, 1525, 248, 1017, 255)->[(-1+1*r5), (3-1*r5), 0, 2]
(1, 1409, 1666, 2050, 903, 1162, 1419, 1546, 2189, 656, 273, 1425, 1172, 405, 661, 790, 1941, 2068, 2167, 1053, 546, 1443, 933, 424, 1198, 1839, 565, 1718, 568, 442, 186, 316, 449, 579, 963, 964, 2243, 2376, 74, 1610, 2124, 1231, 1874, 1619, 1240, 1880, 2397, 864, 1121, 354, 2024, 1003, 1515, 1391, 1520, 2161, 1779, 2164, 1015, 382)->[0, (3-1*r5), 2, (-1+1*r5)]
(1537, 1667, 1795, 1797, 264, 649, 1933, 786, 533, 918, 2198, 536, 1176, 2329, 155, 1182, 1151, 2210, 2340, 549, 1834, 556, 173, 1196, 1967, 1328, 2351, 435, 180, 437, 2355, 183, 2242, 68, 69, 326, 1094, 456, 1097, 2377, 1099, 1614, 2258, 2135, 2264, 1625, 475, 1374, 484, 360, 1001, 362, 490, 2281, 621, 2158, 1010, 1276, 894, 127)->[0, (-3+1*r5), -2, (-1+1*r5)]
(385, 644, 1412, 1030, 1801, 523, 1293, 271, 527, 1045, 1149, 1814, 2040, 668, 1181, 416, 33, 930, 2296, 1704, 1193, 301, 557, 2221, 1200, 1712, 181, 695, 62, 1473, 578, 1091, 1858, 1093, 840, 203, 331, 1868, 78, 2254, 336, 2255, 722, 2005, 218, 2139, 1884, 2266, 1632, 97, 1250, 1507, 485, 998, 1392, 372, 888, 2171, 765, 895)->[-2, (-1+1*r5), 0, (-3+1*r5)]
(1155, 1673, 13, 1552, 1681, 402, 2192, 660, 149, 1686, 1178, 2202, 2295, 29, 1309, 1950, 32, 544, 545, 292, 2342, 1450, 1706, 300, 2222, 815, 1329, 2353, 691, 53, 2102, 1975, 315, 1984, 2368, 582, 1863, 2120, 587, 2251, 2125, 846, 2380, 1618, 1236, 854, 2014, 735, 103, 1259, 237, 1008, 1907, 757, 1014, 1398, 2293, 377, 123, 383)->[(-1+1*r5), -2, (-3+1*r5), 0]
(896, 1666, 516, 5, 389, 2181, 1162, 2316, 269, 15, 144, 17, 528, 1427, 1808, 277, 278, 790, 791, 1942, 410, 672, 803, 1443, 933, 40, 424, 1586, 2228, 824, 442, 186, 2106, 1469, 2112, 1732, 1481, 1356, 1740, 1231, 1107, 1748, 1367, 1879, 2391, 731, 860, 1372, 1502, 224, 1506, 1123, 229, 1384, 1003, 2285, 1902, 373, 1914, 2175)->[0, (-3+1*r5), 2, (-1+1*r5)]
(768, 1026, 3, 1287, 2055, 1783, 12, 526, 786, 1811, 2069, 2327, 1049, 2329, 2075, 2340, 1189, 1831, 1578, 43, 176, 1328, 2097, 947, 2357, 1079, 2367, 961, 69, 456, 2253, 979, 1235, 2133, 1878, 1496, 602, 2268, 477, 734, 1630, 2144, 865, 1634, 503, 484, 1511, 360, 2029, 1006, 1519, 753, 1010, 1778, 2162, 631, 1145, 1276, 1277, 1534)->[(-3+1*r5), 0, (1-1*r5), 2]
(135, 1544, 2312, 1674, 2187, 781, 270, 1423, 1551, 1949, 798, 1952, 1315, 1829, 1321, 172, 430, 559, 814, 689, 1838, 308, 1717, 1845, 1207, 2232, 321, 66, 709, 714, 1613, 1486, 1745, 978, 2131, 724, 1492, 1115, 1627, 1888, 609, 610, 2274, 101, 1895, 744, 1000, 1385, 2026, 1007, 112, 368, 2031, 118, 1910, 632, 1274, 1020, 638, 511)->[(-1+1*r5), (-1+1*r5), (1-1*r5), (1-1*r5)]
(1, 2050, 259, 900, 773, 6, 1668, 1800, 777, 1033, 11, 2062, 1041, 1172, 789, 2068, 2070, 1954, 1188, 551, 1319, 428, 2237, 1343, 1092, 839, 1864, 457, 74, 1995, 2376, 461, 721, 1490, 1746, 980, 1495, 1240, 2263, 90, 732, 92, 1118, 225, 738, 1251, 1379, 997, 1382, 1127, 2276, 873, 1515, 365, 111, 1138, 243, 1779, 1906, 1015)->[0, (-1+1*r5), (3-1*r5), 2]
(640, 642, 775, 1032, 9, 1161, 1289, 2188, 18, 917, 1563, 1310, 38, 1449, 1066, 1837, 433, 1458, 1585, 1969, 1974, 951, 1080, 1721, 570, 2047, 957, 1341, 1087, 1725, 1346, 327, 584, 841, 458, 1355, 76, 206, 591, 720, 2136, 605, 479, 96, 228, 1124, 2149, 743, 2156, 2030, 1776, 1393, 1521, 2290, 1780, 1141, 375, 761, 1022, 1407)->[(-3+1*r5), -2, 0, (1-1*r5)]
(259, 1029, 1800, 908, 1680, 787, 789, 1558, 1047, 280, 920, 1815, 2330, 157, 158, 286, 160, 417, 674, 1440, 932, 1565, 1570, 295, 808, 2088, 428, 1709, 2354, 832, 1601, 1092, 581, 1230, 335, 2256, 2383, 1234, 723, 1109, 982, 2263, 2009, 90, 858, 732, 2012, 1246, 225, 353, 1380, 486, 871, 1639, 1005, 1648, 2032, 1138, 247, 1401)->[(-3+1*r5), 2, 0, (-1+1*r5)]
(2048, 1537, 1665, 2178, 2179, 2055, 1549, 1685, 2198, 2325, 1048, 1049, 1277, 923, 1944, 925, 1566, 1311, 1822, 161, 2332, 931, 2334, 1573, 2340, 1575, 434, 690, 437, 1078, 1079, 1461, 1209, 2360, 2327, 1086, 2367, 456, 1614, 82, 84, 468, 1625, 1371, 1245, 1374, 480, 2273, 2147, 100, 1892, 1129, 2158, 753, 1785, 1402, 635, 1021, 1534, 127)->[(3-1*r5), 0, (1-1*r5), 2]
(902, 263, 1929, 1677, 145, 401, 1813, 1942, 791, 408, 1817, 1050, 543, 36, 1446, 1191, 299, 1195, 1456, 1713, 2228, 1333, 1846, 1847, 58, 318, 320, 1600, 1731, 1604, 1607, 1481, 2121, 1483, 1228, 1356, 463, 464, 1106, 1107, 1364, 1748, 119, 1367, 861, 1502, 1629, 1757, 1633, 2141, 742, 1640, 2027, 1644, 881, 1653, 759, 2042, 2173, 2175)->[(-3+1*r5), (1-1*r5), 2, 0]
(257, 1793, 1794, 2306, 1414, 1929, 657, 914, 1046, 1050, 1051, 1307, 1436, 1567, 288, 1698, 2211, 806, 425, 553, 939, 1323, 1452, 1580, 1711, 1833, 1713, 2219, 311, 441, 58, 1083, 64, 1985, 194, 708, 1607, 1228, 717, 2127, 851, 85, 856, 985, 1498, 1757, 2141, 1508, 1512, 1640, 2152, 235, 1644, 1903, 1137, 1908, 629, 762, 2044, 2303)->[0, (-3+1*r5), 2, (1-1*r5)]
(512, 513, 1410, 1922, 2049, 2180, 262, 2309, 782, 1934, 1809, 916, 407, 1687, 1177, 1562, 1691, 1948, 928, 1184, 1697, 2208, 294, 1574, 1194, 1964, 1453, 1204, 1077, 953, 1210, 1211, 2109, 2366, 577, 1478, 1353, 842, 1609, 848, 1747, 597, 346, 739, 2021, 999, 1770, 875, 1132, 1645, 1263, 625, 1013, 2166, 1016, 1657, 379, 1916, 2046, 1663)->[(-3+1*r5), 0, (1-1*r5), -2]
(1792, 390, 518, 2185, 652, 1805, 2189, 19, 532, 405, 1683, 1812, 1941, 411, 412, 2077, 1441, 546, 1661, 807, 812, 2094, 1202, 565, 1718, 1463, 568, 1973, 1978, 443, 316, 2365, 831, 1471, 1729, 2115, 197, 2373, 72, 1225, 1866, 1992, 719, 850, 83, 1874, 2265, 733, 2397, 2272, 613, 1253, 1510, 1893, 745, 1769, 750, 2039, 1788, 381)->[(3-1*r5), (-1+1*r5), 2, 0]
(3, 1540, 1667, 1795, 648, 2059, 1676, 398, 143, 530, 2324, 918, 537, 1308, 287, 1314, 549, 1189, 1448, 1578, 171, 1968, 2224, 51, 179, 435, 2361, 1599, 576, 65, 450, 707, 69, 1350, 2129, 979, 1143, 1878, 343, 2006, 345, 1753, 2135, 608, 2144, 870, 615, 1896, 362, 490, 1772, 493, 877, 239, 1010, 2162, 500, 631, 1275, 1660)->[(1-1*r5), 0, -2, (3-1*r5)]
(128, 1281, 2, 2178, 1400, 1159, 906, 1678, 1806, 1935, 2063, 2066, 2319, 1301, 150, 1048, 1434, 1786, 1054, 1566, 163, 931, 1445, 2345, 42, 298, 938, 1325, 1583, 1588, 1848, 1209, 1980, 1598, 1475, 1988, 2118, 968, 1611, 2379, 1998, 84, 468, 853, 344, 1117, 2270, 1119, 1505, 2273, 1125, 746, 238, 240, 370, 1527, 248, 1402, 635, 892)->[2, 0, (-3+1*r5), (-1+1*r5)]
(1409, 130, 898, 1541, 1415, 521, 1805, 1038, 1422, 1425, 2323, 1812, 405, 23, 1303, 2072, 1819, 2203, 1312, 2209, 1707, 942, 817, 1212, 1729, 579, 1347, 2243, 72, 1865, 1866, 1992, 716, 207, 594, 1619, 1108, 1874, 1624, 989, 2399, 2272, 1121, 98, 996, 1510, 2024, 1641, 618, 1387, 236, 1771, 879, 1520, 754, 628, 2292, 887, 378, 1019)->[(-3+1*r5), (-1+1*r5), 2, 0]
(1408, 2177, 132, 776, 907, 1291, 1420, 2064, 1404, 666, 28, 1564, 30, 926, 1823, 293, 422, 1065, 1662, 2092, 813, 2348, 1840, 2227, 566, 822, 184, 1208, 1337, 1089, 1474, 195, 1612, 1996, 2252, 2000, 81, 593, 1617, 1621, 470, 2007, 94, 352, 993, 2018, 741, 869, 231, 2282, 2283, 1004, 752, 1136, 1264, 1268, 250, 636, 2045, 1406)->[-2, 0, (3-1*r5), (-1+1*r5)]
(1154, 2307, 1796, 136, 402, 276, 2328, 794, 2202, 1182, 927, 544, 289, 34, 2335, 2342, 423, 682, 1450, 556, 1706, 1967, 2353, 691, 1332, 949, 55, 954, 573, 1215, 2117, 2120, 1097, 2249, 1099, 2377, 1229, 1869, 1237, 1365, 1111, 88, 984, 2264, 475, 220, 604, 1628, 488, 1001, 876, 2157, 2284, 1651, 252, 246, 1398, 1787, 508, 894)->[(3-1*r5), (1-1*r5), -2, 0]
(1152, 644, 1540, 10, 523, 140, 1804, 143, 1784, 1170, 275, 531, 2324, 1814, 535, 537, 156, 541, 415, 675, 935, 296, 680, 937, 1193, 2346, 1200, 1968, 819, 181, 2230, 825, 826, 1467, 188, 1853, 1981, 1599, 193, 1986, 2113, 199, 1623, 345, 1369, 1499, 992, 97, 1250, 1890, 1764, 870, 1256, 493, 1392, 500, 374, 376, 1147, 765)->[-2, (3-1*r5), (1-1*r5), 0]
(768, 645, 1797, 1287, 394, 1549, 786, 659, 148, 1555, 1682, 2069, 664, 536, 153, 1176, 2198, 2325, 1695, 1696, 1573, 678, 1575, 2091, 1328, 182, 1593, 1342, 63, 703, 961, 1470, 68, 70, 326, 455, 330, 1102, 1359, 1744, 2387, 212, 1241, 1881, 603, 2268, 1245, 1247, 865, 2145, 2147, 1130, 2158, 2286, 753, 1266, 122, 124, 1277, 1151)->[0, (1-1*r5), (-3+1*r5), 2]
(2176, 641, 1538, 1793, 1414, 651, 1679, 2194, 1175, 2076, 31, 290, 806, 2087, 1711, 432, 177, 307, 1716, 1590, 2363, 444, 958, 191, 1345, 194, 322, 1730, 1738, 1484, 334, 974, 976, 1487, 1489, 211, 339, 85, 1875, 2259, 474, 1885, 483, 2277, 487, 1512, 617, 2152, 235, 492, 1131, 1262, 2153, 2279, 241, 1522, 2033, 501, 1270, 2303)->[(-1+1*r5), (1-1*r5), (-1+1*r5), (1-1*r5)]
(642, 772, 2308, 9, 1292, 910, 1679, 2192, 2194, 1939, 2195, 917, 1430, 1559, 1178, 29, 31, 1055, 35, 550, 1066, 1837, 1075, 2099, 54, 1590, 2102, 315, 59, 2110, 2368, 1345, 1346, 1730, 1863, 1736, 587, 76, 460, 843, 1355, 1875, 1876, 2259, 2136, 474, 478, 351, 1248, 1377, 1631, 103, 872, 1514, 1131, 2030, 1775, 1650, 757, 2038)->[(3-1*r5), -2, 0, (1-1*r5)]
(1024, 641, 1794, 133, 1158, 1414, 2310, 1803, 142, 1937, 914, 2067, 1044, 1689, 924, 671, 1439, 2337, 1698, 2082, 1700, 1833, 2090, 939, 940, 1323, 1070, 2095, 432, 307, 564, 1334, 1335, 2359, 958, 447, 322, 2247, 2378, 976, 1360, 1361, 85, 342, 598, 1112, 1498, 2394, 1759, 1889, 1508, 1637, 2277, 2025, 363, 747, 1133, 2287, 884, 1270)->[(3-1*r5), 0, (-1+1*r5), -2]
(1280, 516, 1157, 1542, 1670, 2183, 2316, 1421, 1808, 913, 1042, 403, 1936, 21, 2322, 282, 1821, 1914, 1824, 164, 934, 2214, 1069, 174, 563, 1972, 1852, 1469, 1856, 833, 835, 196, 1737, 1740, 77, 1742, 1488, 1363, 213, 341, 1239, 1366, 1493, 731, 1883, 1373, 1887, 224, 1123, 229, 102, 2155, 620, 1260, 624, 2288, 2035, 2036, 633, 1658)->[(-1+1*r5), (1-1*r5), (-1+1*r5), (-1+1*r5)]
(1024, 641, 260, 772, 1799, 1930, 910, 2067, 1428, 1173, 1946, 162, 1700, 1190, 169, 1324, 429, 1070, 431, 177, 562, 1073, 1075, 1587, 2103, 701, 2110, 319, 1472, 1217, 2369, 836, 2247, 1738, 334, 1489, 211, 1875, 342, 1494, 351, 607, 736, 1248, 1377, 1635, 1762, 1768, 617, 363, 1131, 1388, 1775, 2287, 498, 626, 882, 1270, 1912, 1918)->[(-1+1*r5), (-3+1*r5), 0, -2]
(391, 2187, 396, 782, 400, 146, 1691, 540, 1948, 928, 1826, 1320, 172, 1454, 312, 313, 185, 1466, 572, 189, 2109, 1727, 2239, 709, 1478, 1479, 2246, 714, 1613, 977, 724, 2389, 86, 726, 600, 1115, 1500, 355, 1765, 230, 1895, 744, 2021, 108, 1646, 751, 1263, 1649, 755, 116, 1139, 886, 2166, 504, 889, 1274, 2043, 1916, 509, 1150)->[0, (3-1*r5), -2, (1-1*r5)]
(1664, 897, 1923, 2051, 517, 1160, 1034, 907, 1037, 783, 272, 784, 1938, 1684, 406, 1304, 1404, 666, 542, 801, 2084, 1317, 1063, 1832, 2215, 685, 1790, 945, 822, 1208, 1464, 1465, 2104, 2234, 2235, 1088, 1474, 1859, 1480, 1743, 1873, 1362, 1238, 1751, 91, 1116, 221, 94, 2269, 352, 2016, 866, 2150, 2282, 1643, 1901, 885, 1146, 380, 1662)->[-2, (1-1*r5), 0, (3-1*r5)]
(897, 1921, 1165, 398, 530, 1170, 1171, 1684, 406, 1304, 796, 542, 670, 801, 1314, 419, 1572, 1317, 2081, 2215, 1832, 809, 937, 171, 1962, 685, 46, 558, 306, 2098, 696, 1720, 188, 1597, 1724, 193, 580, 1350, 1354, 1485, 975, 2129, 2386, 343, 1623, 222, 1890, 611, 1764, 2020, 870, 1256, 107, 366, 500, 2165, 1529, 251, 1660, 1789)->[-2, (-3+1*r5), (1-1*r5), 0]
(1792, 1, 1409, 259, 1668, 1285, 1541, 903, 2050, 521, 777, 2311, 908, 141, 1422, 789, 1941, 1052, 1565, 1186, 1570, 1956, 2085, 2094, 305, 2354, 2100, 823, 568, 697, 443, 2108, 2237, 1343, 2114, 963, 1224, 1992, 207, 719, 2002, 723, 1619, 1109, 2009, 92, 733, 988, 353, 1251, 2019, 1510, 2154, 1387, 2161, 628, 2164, 381, 766, 1023)->[0, 2, (-1+1*r5), (3-1*r5)]
(2049, 387, 2180, 901, 391, 392, 1804, 527, 275, 535, 1691, 415, 1184, 1697, 2343, 1320, 1193, 2347, 941, 1965, 2221, 1712, 2350, 181, 693, 2230, 1336, 826, 189, 62, 1853, 1854, 577, 1983, 1603, 2239, 2371, 199, 1479, 1609, 977, 726, 2015, 1632, 2271, 355, 740, 1507, 874, 1770, 1899, 1645, 1390, 1135, 1395, 117, 2166, 2296, 1149, 767)->[(1-1*r5), (-1+1*r5), (1-1*r5), (1-1*r5)]
(2048, 1026, 773, 1031, 904, 2055, 2057, 526, 787, 534, 1047, 1816, 923, 158, 1311, 1440, 417, 547, 932, 1957, 1319, 426, 43, 428, 176, 2097, 947, 1461, 1079, 699, 60, 1086, 1219, 75, 1227, 1230, 2128, 1105, 1746, 1754, 1371, 1244, 990, 480, 225, 481, 738, 100, 997, 1509, 1127, 365, 749, 111, 1519, 113, 1778, 247, 2297, 255)->[0, (-1+1*r5), (-3+1*r5), 2]
(1027, 1157, 774, 137, 138, 393, 1682, 403, 659, 660, 664, 25, 284, 1309, 1950, 1183, 32, 2168, 37, 1447, 1960, 300, 1069, 2220, 178, 563, 53, 182, 56, 700, 1852, 63, 1216, 196, 582, 969, 1359, 208, 1104, 210, 1363, 212, 341, 1618, 1883, 2140, 2014, 1247, 2142, 2145, 995, 364, 494, 1647, 1266, 2293, 1272, 633, 126, 1279)->[(3-1*r5), -2, 0, (-1+1*r5)]
(1536, 1920, 258, 2305, 904, 1401, 2057, 140, 1676, 526, 654, 2324, 1047, 2079, 160, 1440, 675, 2297, 935, 296, 2088, 426, 683, 303, 1968, 2097, 2224, 2357, 699, 1981, 1855, 2113, 450, 707, 1986, 1994, 1100, 1615, 2383, 979, 340, 2133, 1496, 2395, 1244, 2012, 608, 1249, 1634, 1380, 871, 1511, 1772, 1006, 1648, 497, 2162, 121, 1018, 1147)->[(1-1*r5), (-1+1*r5), (1-1*r5), (-1+1*r5)]
(514, 1283, 901, 1288, 1416, 1424, 2320, 662, 1302, 1433, 1568, 930, 1059, 2216, 2344, 2347, 2221, 2350, 944, 1712, 2352, 310, 695, 569, 1468, 2364, 1983, 448, 960, 578, 1091, 1857, 970, 331, 203, 459, 589, 590, 1868, 2385, 722, 1750, 599, 1114, 219, 1503, 1760, 2015, 357, 2022, 359, 1258, 1517, 622, 1135, 496, 1390, 117, 890, 891)->[(-3+1*r5), 2, 0, (1-1*r5)]
(640, 1921, 1923, 1156, 2052, 2317, 783, 784, 1554, 147, 788, 1432, 1688, 795, 1563, 670, 800, 801, 2081, 1572, 38, 1702, 2215, 809, 943, 1199, 1458, 52, 1719, 1081, 1465, 957, 702, 1087, 1602, 1476, 837, 1861, 1990, 2116, 841, 1354, 1867, 2119, 1743, 592, 2260, 222, 356, 1124, 2149, 232, 1643, 885, 1141, 1655, 1529, 1659, 893, 1790)->[-2, (1-1*r5), 0, (-3+1*r5)]
(130, 899, 2306, 2053, 2185, 1295, 1044, 1174, 23, 1303, 1307, 412, 1820, 2077, 671, 1312, 1058, 1955, 2082, 165, 1318, 1833, 2090, 1323, 940, 1707, 1201, 1843, 692, 311, 1979, 447, 831, 1729, 323, 708, 197, 1223, 72, 1225, 1865, 588, 717, 2384, 338, 83, 1877, 598, 1112, 348, 996, 1253, 1002, 1771, 244, 629, 1654, 1908, 1656, 762)->[0, (3-1*r5), 2, (1-1*r5)]
(386, 2179, 388, 645, 6, 773, 1284, 1671, 12, 1549, 2062, 1811, 1685, 2069, 2326, 2327, 1435, 285, 797, 925, 1316, 1573, 167, 551, 1576, 1831, 302, 1071, 176, 1330, 1593, 956, 1342, 703, 1470, 961, 2367, 839, 2248, 461, 721, 1105, 467, 852, 2387, 1495, 1754, 1371, 734, 481, 994, 100, 1509, 1126, 1127, 1129, 491, 1778, 1906, 1269)->[0, 0, 0, (-2+2*r5)]
(2176, 1794, 133, 390, 651, 397, 1294, 1044, 1175, 1307, 1693, 1694, 288, 1441, 1699, 165, 1318, 807, 1577, 1452, 1202, 1973, 1463, 2231, 1083, 444, 1723, 574, 447, 831, 705, 958, 2363, 2365, 197, 1222, 712, 2378, 715, 976, 1360, 338, 339, 2384, 725, 856, 601, 217, 1375, 1508, 1638, 616, 1512, 235, 1133, 878, 629, 2039, 2169, 2301)->[(-1+1*r5), 0, 2, (-3+1*r5)]
(1796, 1413, 774, 136, 264, 138, 1931, 13, 1168, 2065, 1682, 1810, 148, 1429, 919, 1431, 153, 284, 2333, 927, 1151, 673, 418, 1450, 1834, 2220, 173, 2222, 47, 2351, 178, 183, 56, 1084, 575, 1215, 1728, 68, 1094, 455, 2120, 205, 1102, 1869, 1618, 1620, 1111, 2264, 1241, 2014, 95, 1247, 1383, 1130, 505, 1014, 2295, 377, 894, 383)->[0, -2, (1-1*r5), (3-1*r5)]
(649, 2186, 653, 1933, 2319, 2066, 2196, 533, 1306, 1054, 1566, 1822, 161, 289, 163, 1825, 2210, 2335, 1067, 1451, 1967, 437, 1078, 55, 1592, 2174, 2362, 1980, 573, 1733, 966, 2118, 2249, 1099, 204, 1232, 468, 730, 2010, 2267, 350, 223, 2270, 2398, 1892, 1894, 488, 2281, 106, 2284, 621, 2034, 245, 246, 1785, 1786, 2299, 1021, 1278, 127)->[(-1+1*r5), 0, -2, (3-1*r5)]
(1027, 2308, 774, 9, 393, 650, 1289, 1548, 2313, 1167, 1168, 1681, 1810, 1430, 919, 1686, 2295, 284, 32, 1279, 550, 1581, 47, 1585, 1842, 2102, 2358, 59, 575, 1344, 1346, 1349, 713, 587, 1104, 87, 2140, 605, 735, 96, 612, 1383, 1767, 1514, 237, 1773, 367, 1647, 1393, 242, 1650, 756, 2293, 1142, 375, 761, 1271, 1148, 1022, 383)->[0, (2-2*r5), 0, 0]
(128, 1155, 1547, 653, 1166, 399, 1552, 1169, 1935, 2063, 2066, 149, 2190, 151, 2328, 409, 1306, 2335, 289, 1953, 292, 1445, 2342, 423, 2345, 938, 1708, 1327, 1072, 2353, 1975, 954, 1595, 61, 2238, 834, 962, 1475, 1605, 966, 1351, 201, 204, 844, 1999, 1232, 1236, 1237, 1365, 88, 2010, 476, 2270, 1636, 1259, 1900, 1008, 369, 892, 639)->[2, (-3+1*r5), (1-1*r5), 0]
(256, 1408, 2051, 388, 1284, 1669, 776, 1035, 1938, 1555, 1940, 1557, 2197, 2326, 666, 926, 30, 1444, 1701, 678, 1831, 1576, 2091, 1330, 2227, 1205, 1206, 1464, 1337, 2104, 1214, 703, 1088, 1470, 1859, 71, 1991, 2122, 2253, 1744, 1235, 1238, 602, 603, 1116, 2268, 734, 1630, 352, 865, 994, 1381, 231, 2283, 2029, 495, 124, 503, 764, 1535)->[(1-1*r5), (-3+1*r5), 0, 2]
(1665, 2178, 1672, 2186, 2318, 1298, 1785, 150, 2199, 1944, 281, 1786, 923, 2332, 1822, 1825, 547, 1957, 1958, 2217, 42, 1583, 1331, 948, 1461, 1971, 440, 2360, 1594, 451, 2118, 75, 1227, 1611, 462, 1103, 2128, 2379, 2130, 1622, 730, 1370, 1117, 2398, 1894, 1128, 489, 749, 110, 113, 114, 371, 1011, 1525, 1781, 1911, 1017, 1402, 2174, 255)->[(-1+1*r5), (-1+1*r5), (1-1*r5), (-1+1*r5)]
(1272, 516, 5, 389, 650, 524, 1932, 2060, 913, 21, 277, 2073, 543, 159, 1183, 1187, 1446, 1960, 2093, 1842, 2356, 2358, 314, 2107, 1216, 833, 1344, 2112, 1604, 1732, 2374, 464, 466, 1748, 341, 1493, 1367, 2388, 1372, 2396, 2142, 1633, 229, 614, 1766, 2027, 620, 1260, 1773, 1647, 881, 756, 1653, 1142, 1271, 120, 633, 125, 126, 1279)->[0, -2, (-1+1*r5), (3-1*r5)]
(769, 1674, 2058, 268, 653, 1806, 2186, 16, 1297, 2190, 1043, 2196, 2318, 150, 1054, 2207, 1952, 421, 1061, 936, 2345, 42, 298, 1067, 2218, 430, 2349, 560, 1331, 308, 948, 1971, 439, 440, 1207, 1595, 1980, 446, 66, 1988, 1605, 966, 1351, 844, 344, 730, 986, 1370, 2138, 2267, 609, 226, 610, 101, 2031, 1397, 1915, 892, 1278, 639)->[2, (3-1*r5), (1-1*r5), 0]
(1280, 1538, 389, 1670, 2183, 1929, 2060, 397, 1294, 2316, 144, 17, 657, 21, 1813, 1175, 1817, 154, 1051, 159, 288, 1567, 290, 425, 1711, 1713, 2228, 1469, 2112, 833, 194, 835, 2374, 1484, 77, 466, 339, 1107, 725, 1879, 856, 217, 601, 1629, 1885, 1633, 483, 2275, 742, 616, 361, 1513, 2280, 748, 623, 624, 881, 373, 501, 1917)->[(3-1*r5), (1-1*r5), 2, 0]
(896, 2051, 902, 263, 776, 1146, 269, 1037, 1940, 1557, 278, 2197, 2073, 1405, 1823, 2042, 1187, 1446, 40, 41, 1192, 1197, 304, 1586, 2104, 2233, 2107, 1600, 1089, 1604, 325, 1221, 1732, 1480, 1870, 463, 1617, 1621, 470, 380, 120, 1372, 1502, 2269, 2016, 1506, 1381, 1766, 1257, 2282, 2283, 495, 1267, 119, 760, 250, 764, 125, 1662, 2175)->[(1-1*r5), (1-1*r5), (-1+1*r5), (-1+1*r5)]
(128, 1025, 1155, 1542, 2184, 137, 266, 1936, 1169, 1042, 409, 282, 1434, 1950, 1824, 545, 1569, 2080, 2083, 1447, 938, 684, 1708, 1329, 1588, 53, 1598, 2125, 2380, 73, 586, 201, 332, 333, 969, 971, 208, 849, 210, 1363, 1236, 1998, 854, 1239, 1999, 2393, 1883, 1119, 1887, 482, 1125, 104, 746, 364, 240, 369, 1907, 2035, 1530, 1791)->[2, (1-1*r5), 0, (3-1*r5)]
(1921, 1156, 517, 1412, 2054, 1160, 1417, 10, 523, 907, 2064, 531, 788, 1299, 1304, 795, 156, 419, 1063, 552, 680, 1704, 1832, 2171, 813, 558, 943, 2096, 1457, 2348, 1076, 566, 2234, 188, 193, 2116, 1862, 1352, 1612, 1996, 2252, 1871, 336, 593, 1749, 2005, 1369, 218, 222, 992, 1250, 227, 485, 107, 1643, 372, 2165, 1659, 1404, 1790)->[(2-2*r5), 0, 0, 0]
(384, 2307, 772, 1673, 2314, 1547, 911, 1939, 1428, 149, 1173, 1559, 792, 665, 29, 2205, 1055, 544, 2339, 1959, 1324, 431, 688, 815, 1072, 2226, 54, 1851, 1340, 2238, 962, 1987, 2117, 1098, 2251, 460, 1101, 2126, 1876, 1237, 2134, 855, 88, 984, 476, 604, 607, 351, 2143, 103, 1768, 1259, 1388, 1900, 626, 1394, 252, 1398, 123, 508)->[(-1+1*r5), (1-1*r5), (1-1*r5), (1-1*r5)]
(1286, 647, 1543, 2311, 522, 1807, 1680, 2191, 2320, 1558, 663, 279, 2330, 27, 667, 1180, 286, 2204, 1568, 1186, 291, 1059, 805, 1064, 297, 427, 1966, 48, 305, 2352, 2354, 1844, 310, 448, 2114, 581, 965, 2002, 469, 857, 858, 219, 988, 1113, 1114, 863, 1503, 2009, 867, 486, 1639, 2022, 2154, 2159, 2289, 499, 1396, 1524, 630, 1023)->[0, (-2+2*r5), 0, 0]
(512, 640, 1922, 771, 1798, 1161, 407, 1561, 670, 800, 2336, 1572, 1828, 679, 554, 1068, 1663, 1841, 1714, 436, 1204, 951, 570, 1211, 2047, 829, 702, 1597, 192, 1725, 1602, 2366, 580, 837, 838, 2245, 2372, 458, 1867, 973, 975, 592, 2386, 2003, 2008, 346, 1882, 611, 2020, 2278, 233, 366, 880, 2290, 1013, 1141, 1909, 1016, 1789, 1407)->[(1-1*r5), (1-1*r5), (1-1*r5), (1-1*r5)]
(1154, 771, 1413, 136, 1161, 1673, 1292, 13, 1548, 2065, 18, 402, 1939, 1430, 792, 794, 2202, 669, 1055, 1787, 550, 679, 2089, 554, 1837, 47, 688, 1714, 315, 1341, 1215, 1349, 838, 1863, 2117, 2245, 1098, 843, 205, 206, 2126, 720, 337, 465, 2390, 984, 2136, 95, 96, 735, 737, 2278, 1383, 237, 2157, 1393, 2290, 1909, 377, 123)->[0, -2, (1-1*r5), (-3+1*r5)]
(1539, 1926, 1672, 1401, 1163, 525, 2191, 1680, 274, 1298, 534, 2199, 280, 417, 1571, 932, 677, 2297, 168, 1064, 683, 686, 1966, 48, 1849, 60, 1855, 1219, 585, 1482, 1100, 335, 1103, 1615, 1234, 2128, 2130, 469, 2132, 2383, 858, 1755, 1244, 990, 1246, 99, 489, 619, 749, 110, 497, 627, 1396, 1524, 630, 758, 1781, 249, 1018, 1399)->[0, 2, (1-1*r5), (3-1*r5)]
(261, 2181, 1671, 2182, 1545, 1162, 11, 1419, 1546, 2062, 528, 656, 1553, 790, 410, 1435, 1821, 934, 681, 1071, 816, 561, 1839, 1972, 950, 2106, 956, 1989, 1096, 457, 1226, 1737, 1995, 1741, 1742, 467, 852, 980, 1366, 1495, 216, 1368, 731, 1373, 864, 1504, 1126, 1255, 1382, 873, 1384, 491, 1897, 1898, 1902, 2288, 1779, 1015, 1914, 382)->[(3-1*r5), 0, (-1+1*r5), 2]
(769, 1411, 1028, 1924, 134, 1290, 2058, 14, 658, 20, 1943, 922, 283, 1949, 2207, 802, 1442, 676, 421, 804, 2213, 1321, 1961, 555, 1970, 1203, 2300, 1845, 438, 567, 439, 1207, 1977, 2232, 2236, 2111, 2240, 2241, 453, 710, 1739, 1358, 1616, 209, 2001, 1110, 727, 986, 859, 1627, 1756, 1888, 1000, 2031, 1009, 1397, 1782, 634, 1915, 1020)->[2, (-1+1*r5), 0, (-3+1*r5)]
(1282, 1541, 1415, 1288, 2185, 2311, 652, 662, 279, 2071, 27, 1180, 1692, 414, 1820, 1312, 1057, 1956, 2085, 2216, 427, 2094, 1455, 946, 692, 310, 697, 1850, 443, 1979, 1471, 960, 2370, 1477, 1865, 1866, 588, 589, 845, 981, 1877, 2262, 1113, 219, 347, 2272, 98, 867, 357, 613, 359, 1253, 1641, 1258, 628, 1656, 378, 1661, 766, 1023)->[0, 2, (-1+1*r5), (-3+1*r5)]
(1664, 1923, 902, 1032, 1289, 1034, 2313, 1164, 1037, 1932, 1167, 272, 784, 1688, 36, 420, 299, 1197, 1581, 2093, 1842, 52, 1719, 1721, 314, 2107, 2233, 957, 1726, 2235, 320, 1731, 325, 1861, 2119, 584, 1480, 1870, 591, 464, 1873, 1106, 605, 93, 2013, 228, 2149, 614, 1766, 2156, 1901, 367, 242, 883, 1653, 759, 2042, 1271, 1148, 893)->[(1-1*r5), -2, (3-1*r5), 0]
(360, 1049, 1374, 456)->[0, 0, -4, 4]
(2118, 1402, 1566, 1822)->[(1+1*r5), (3-1*r5), (-1-1*r5), (1+1*r5)]
(49, 665, 1340, 855)->[(1+1*r5), (-3+1*r5), (-1-1*r5), (-1-1*r5)]
(1177, 1964, 1934, 991)->[0, (1-1*r5), (-1-1*r5), -2*r5]
(1128, 371, 1134, 1911)->[(1+1*r5), 4, (1-1*r5), 2]
(304, 1600, 861, 119)->[(-1-1*r5), -2, 4, (-1+1*r5)]
(744, 2043, 1717, 1895)->[(3-1*r5), (1+1*r5), (-1-1*r5), (-1-1*r5)]
(817, 2399, 502, 879)->[-2, (3-1*r5), (3+1*r5), 0]
(2386, 1597, 829, 1165)->[(-1-1*r5), (-1-1*r5), (-1-1*r5), (-3+1*r5)]
(649, 1099, 573, 1182)->[(-1+1*r5), (1-1*r5), (-3-1*r5), (-1+1*r5)]
(696, 897, 1362, 406)->[-4, (-1-1*r5), -2, (-1+1*r5)]
(1136, 1426, 1291, 1406)->[-2*r5, (-1+1*r5), 0, (1+1*r5)]
(1113, 305, 697, 2311)->[(3-1*r5), (3+1*r5), 2, 0]
(72, 1865, 1866, 2185)->[0, (1+1*r5), 2*r5, (1-1*r5)]
(1425, 546, 1812, 1874)->[0, 2, (3+1*r5), (3-1*r5)]
(1992, 1619, 405, 1941)->[0, (1+1*r5), 2*r5, (-1+1*r5)]
(1498, 762, 1323, 940)->[0, 0, 4, -4]
(1816, 113, 1017, 255)->[2, (1+1*r5), (1-1*r5), 4]
(2304, 529, 799, 687)->[(1+1*r5), 4, (-1+1*r5), 2]
(497, 1018, 1571, 2305)->[(1-1*r5), (1+1*r5), -4, 2]
(1088, 2084, 1116, 1206)->[-4, -2, (1-1*r5), (1+1*r5)]
(1759, 884, 1830, 1335)->[(1+1*r5), (-1+1*r5), 2, -4]
(1681, 1178, 587, 1650)->[2, (-3-1*r5), 0, (-3+1*r5)]
(2287, 2247, 1803, 2103)->[2, 0, (3-1*r5), (-3-1*r5)]
(1811, 1284, 2029, 734)->[-2, 0, (-3+1*r5), (3+1*r5)]
(1282, 1843, 1820, 1979)->[(3-1*r5), (1+1*r5), (1+1*r5), (-1-1*r5)]
(504, 1913, 1139, 396)->[(1-1*r5), (-1+1*r5), (-3-1*r5), (1-1*r5)]
(312, 202, 509, 230)->[(-1+1*r5), (-1+1*r5), (-3-1*r5), (1-1*r5)]
(1152, 345, 1275, 537)->[(-1-1*r5), (-1+1*r5), -2*r5, 0]
(1601, 1639, 581, 863)->[-2, (3+1*r5), 0, (3-1*r5)]
(2169, 317, 1693, 1375)->[2*r5, 0, (1+1*r5), (1-1*r5)]
(883, 2260, 893, 1719)->[-4, (-1-1*r5), 2, (1-1*r5)]
(2226, 1953, 962, 1900)->[4, (1-1*r5), (-1-1*r5), -2]
(2097, 426, 947, 1634)->[(1-1*r5), 2, (-1-1*r5), 4]
(1474, 907, 1612, 1063)->[(-3-1*r5), (-3+1*r5), 0, 2]
(1186, 1180, 766, 1023)->[(-3+1*r5), (3+1*r5), 2, 0]
(464, 2042, 1604, 1766)->[-2, -4, (1+1*r5), (-1+1*r5)]
(1880, 1666, 803, 933)->[(3-1*r5), 0, (3+1*r5), 2]
(961, 2268, 1831, 703)->[(1-1*r5), (1-1*r5), (1-1*r5), (3+1*r5)]
(1833, 1307, 1044, 1508)->[(-1+1*r5), 0, 2*r5, (-1-1*r5)]
(114, 1140, 1525, 1622)->[(1+1*r5), (1+1*r5), (-3+1*r5), (1+1*r5)]
(632, 1185, 1423, 511)->[(1+1*r5), (3-1*r5), (-1-1*r5), (-1-1*r5)]
(896, 1586, 860, 1221)->[-2, (1-1*r5), 4, (1+1*r5)]
(553, 708, 244, 717)->[(-3+1*r5), 0, (3+1*r5), -2]
(569, 722, 1473, 695)->[(-1-1*r5), 4, (-1+1*r5), -2]
(1633, 2027, 1629, 2374)->[0, -4, 4, 0]
(600, 1385, 714, 709)->[2, (-1+1*r5), -4, (-1-1*r5)]
(2086, 2250, 1722, 718)->[(-1-1*r5), (3-1*r5), (1+1*r5), (-1-1*r5)]
(169, 162, 2294, 319)->[2*r5, (1-1*r5), 0, (-1-1*r5)]
(1025, 210, 37, 1447)->[(1+1*r5), (-1-1*r5), (-3+1*r5), (1+1*r5)]
(808, 820, 1005, 295)->[(-1-1*r5), 4, (-1+1*r5), 2]
(1065, 2177, 293, 109)->[(-1-1*r5), (3-1*r5), (1+1*r5), (1+1*r5)]
(1683, 652, 1661, 1455)->[2, 4, (1+1*r5), (1-1*r5)]
(1490, 243, 1188, 1213)->[2, (1+1*r5), (-1+1*r5), 4]
(1752, 1872, 2037, 711)->[-4, 0, 0, -4]
(1625, 2210, 1892, 127)->[(-1+1*r5), 0, -2*r5, (1+1*r5)]
(585, 683, 1100, 303)->[-2, 4, (-1-1*r5), (-1+1*r5)]
(1824, 482, 2035, 2036)->[4, (-1-1*r5), 2, (-1+1*r5)]
(1608, 1993, 1082, 471)->[(-1-1*r5), (1-1*r5), 2, -4]
(864, 449, 1741, 382)->[2, (-1+1*r5), 4, (1+1*r5)]
(1072, 2314, 834, 1547)->[2*r5, -2, -2, -2]
(450, 979, 1189, 1006)->[-2, (-1+1*r5), -4, (1+1*r5)]
(2397, 532, 565, 2124)->[(-1+1*r5), (-1+1*r5), (3+1*r5), (-1+1*r5)]
(281, 1117, 1678, 1583)->[4, 2, (1-1*r5), (1+1*r5)]
(1493, 1852, 341, 2142)->[2, -2*r5, 2, 2]
(952, 1171, 1724, 1720)->[(-1-1*r5), (-1-1*r5), (-1-1*r5), (3-1*r5)]
(650, 2356, 1773, 1767)->[(3-1*r5), (-3-1*r5), 2, 0]
(1296, 1313, 2381, 1589)->[2*r5, 2, 2, 2]
(1976, 2331, 596, 1606)->[(3+1*r5), (1-1*r5), (-1+1*r5), (1-1*r5)]
(193, 1890, 156, 558)->[(-3-1*r5), 0, -2, (3-1*r5)]
(1168, 713, 2333, 919)->[(1-1*r5), (-3-1*r5), (1-1*r5), (-1+1*r5)]
(1936, 969, 1883, 196)->[(1+1*r5), -4, (-1+1*r5), 2]
(1383, 2295, 13, 735)->[(3-1*r5), (-3-1*r5), -2, 0]
(725, 2301, 2280, 397)->[(1+1*r5), (1-1*r5), 2*r5, 0]
(921, 2341, 166, 1951)->[(-1-1*r5), (-1+1*r5), 2, -4]
(392, 275, 2230, 374)->[-4, (-1+1*r5), (-1-1*r5), -2]
(960, 219, 2022, 279)->[(1-1*r5), (3+1*r5), (-1+1*r5), (1-1*r5)]
(376, 992, 1369, 1457)->[(-3-1*r5), (-1+1*r5), (1-1*r5), (-1+1*r5)]
(1553, 1435, 956, 1269)->[2, 0, (3-1*r5), (3+1*r5)]
(729, 2059, 877, 239)->[(1-1*r5), (-1+1*r5), (-3-1*r5), (-1+1*r5)]
(428, 997, 1230, 2263)->[0, 4, 0, 4]
(2344, 622, 2364, 510)->[-2, (1+1*r5), (-1+1*r5), -4]
(2390, 771, 1798, 679)->[-2, -4, (-1-1*r5), (1-1*r5)]
(1026, 699, 2357, 526)->[-2, 2, -2, 2*r5]
(620, 1123, 516, 277)->[(3-1*r5), (-1-1*r5), (1+1*r5), (1+1*r5)]
(1240, 777, 2050, 2164)->[(-3+1*r5), (1+1*r5), (1+1*r5), (1+1*r5)]
(1451, 1067, 2196, 1061)->[(1+1*r5), (-1+1*r5), -2*r5, 0]
(1304, 107, 517, 542)->[(-3-1*r5), (1-1*r5), (1-1*r5), (-1+1*r5)]
(66, 2138, 101, 270)->[(1+1*r5), 2, -4, (1-1*r5)]
(2073, 269, 1372, 5)->[(-3+1*r5), (-1-1*r5), (1+1*r5), (1+1*r5)]
(1337, 2227, 741, 1205)->[-4, 0, 0, 4]
(152, 987, 1348, 1963)->[(-1+1*r5), (-1+1*r5), (1-1*r5), (-3-1*r5)]
(240, 369, 938, 2063)->[2*r5, -2, -2, 2]
(1549, 2325, 645, 925)->[(-1+1*r5), (1-1*r5), (1-1*r5), (3+1*r5)]
(981, 1477, 1692, 253)->[2, 2*r5, 2, -2]
(2239, 1649, 2343, 1479)->[-2, 2, -2*r5, -2]
(1961, 395, 20, 2111)->[(3+1*r5), (-1+1*r5), (-1+1*r5), (1-1*r5)]
(368, 1218, 1838, 559)->[(1+1*r5), (-1+1*r5), -2, -4]
(96, 1346, 2136, 1430)->[0, (-3-1*r5), (-3+1*r5), -2]
(2242, 490, 179, 435)->[(-3+1*r5), 0, (-3-1*r5), 2]
(1253, 83, 588, 613)->[(-1+1*r5), (1+1*r5), 4, -2]
(2293, 1027, 1309, 1686)->[2, (-3-1*r5), 0, (3-1*r5)]
(186, 1419, 790, 410)->[0, 0, 4, 4]
(1641, 378, 2292, 2262)->[-2, 4, (1+1*r5), (1-1*r5)]
(218, 227, 372, 998)->[(-3-1*r5), (-1+1*r5), (-1+1*r5), (1-1*r5)]
(2384, 2077, 390, 831)->[(-1+1*r5), (-1+1*r5), (3+1*r5), (1-1*r5)]
(1376, 33, 2139, 2254)->[-4, 4, 0, 0]
(1760, 946, 1258, 359)->[0, 2*r5, (-1+1*r5), (-1-1*r5)]
(1870, 299, 902, 463)->[(-1-1*r5), (-1-1*r5), (1+1*r5), (3-1*r5)]
(1288, 1059, 427, 310)->[0, (3+1*r5), (3-1*r5), -2]
(1713, 1051, 1228, 1813)->[0, -2, (3+1*r5), (-3+1*r5)]
(768, 865, 602, 678)->[-2, -2, -2, 2*r5]
(2046, 1948, 1765, 1478)->[(1-1*r5), 0, -2*r5, (-1-1*r5)]
(1219, 75, 749, 110)->[(-1+1*r5), 4, -2, (1+1*r5)]
(1774, 1694, 1222, 878)->[4, (-1+1*r5), (1+1*r5), -2]
(850, 2115, 1788, 1386)->[(1+1*r5), 2, 4, (-1+1*r5)]
(1312, 98, 1877, 23)->[(1-1*r5), (1+1*r5), 4, -2]
(1616, 265, 634, 2300)->[4, 2, (-1+1*r5), (-1-1*r5)]
(2176, 705, 651, 492)->[4, (1-1*r5), (1+1*r5), -2]
(2264, 475, 1094, 1111)->[(-1+1*r5), (-1-1*r5), -4, 2]
(353, 1092, 789, 1343)->[0, 2*r5, (-1+1*r5), (1+1*r5)]
(1417, 2171, 1412, 1030)->[(-3-1*r5), 2, (3-1*r5), 0]
(2220, 2014, 582, 1014)->[2, -2*r5, -2, 2]
(2207, 283, 446, 439)->[2*r5, (1+1*r5), (1-1*r5), 0]
(18, 1355, 1292, 1837)->[0, -2*r5, (1-1*r5), (-1-1*r5)]
(584, 1289, 1148, 1585)->[(1-1*r5), (-3-1*r5), (-1+1*r5), (1-1*r5)]
(344, 1297, 853, 1806)->[(3+1*r5), (-1+1*r5), (1-1*r5), (-1+1*r5)]
(336, 97, 523, 531)->[(-3-1*r5), 2, (-3+1*r5), 0]
(840, 1507, 740, 62)->[-4, 2, (1-1*r5), (-1-1*r5)]
(489, 2130, 451, 1926)->[(-1+1*r5), (1+1*r5), -4, 2]
(1368, 1821, 2288, 1421)->[2, -2, 2, 2*r5]
(496, 2385, 891, 583)->[0, 2*r5, (1-1*r5), (-1-1*r5)]
(1737, 2182, 2155, 1742)->[(1+1*r5), (1-1*r5), 2, 4]
(1800, 1033, 1138, 1815)->[-2, (1+1*r5), (-1+1*r5), 4]
(2018, 195, 1596, 2045)->[-2*r5, 0, (1+1*r5), (-1+1*r5)]
(2376, 11, 1839, 1779)->[0, (-1+1*r5), (1+1*r5), 2*r5]
(1538, 1522, 483, 2275)->[(1+1*r5), (-1-1*r5), (1+1*r5), (-3+1*r5)]
(689, 2131, 548, 1551)->[2, (1+1*r5), (1-1*r5), -4]
(1826, 724, 172, 2026)->[(-1+1*r5), (1+1*r5), -4, -2]
(1248, 1377, 35, 1635)->[(-1+1*r5), (-1-1*r5), 0, -2*r5]
(608, 2113, 2324, 1599)->[(-1-1*r5), 2, -4, (-1+1*r5)]
(515, 1163, 525, 2132)->[0, 4, -4, 0]
(810, 859, 804, 1203)->[2*r5, (1+1*r5), (-1+1*r5), 0]
(1471, 443, 2085, 719)->[(-1+1*r5), 2*r5, (1+1*r5), 0]
(1624, 754, 1347, 1389)->[(-1-1*r5), (1+1*r5), (1+1*r5), (-3+1*r5)]
(736, 1827, 260, 1472)->[4, 0, 0, -4]
(1338, 1491, 1886, 175)->[(1+1*r5), 2*r5, 0, (-1+1*r5)]
(138, 148, 1359, 1247)->[(-1+1*r5), -4, -2, (1+1*r5)]
(786, 2340, 1277, 2158)->[0, (1-1*r5), (-1-1*r5), 2*r5]
(160, 1249, 2032, 2012)->[(-1-1*r5), 4, (1-1*r5), 2]
(2241, 1028, 254, 1943)->[2*r5, 2, 2, -2]
(1408, 28, 30, 71)->[(-1-1*r5), 0, (-1+1*r5), 2*r5]
(1448, 2201, 2361, 1143)->[-2, (-3+1*r5), (-3-1*r5), 0]
(1768, 2339, 1428, 429)->[(1+1*r5), (1-1*r5), -2, -4]
(2065, 1787, 1796, 1215)->[0, -4, -4, 0]
(2129, 1314, 1485, 287)->[-4, (1-1*r5), (-1-1*r5), 2]
(161, 533, 437, 1537)->[2, (1-1*r5), -4, (1+1*r5)]
(2060, 1260, 21, 2183)->[2, -4, (1+1*r5), (-1+1*r5)]
(1052, 1285, 2382, 823)->[2, 2*r5, 2, 2]
(1584, 743, 1310, 327)->[-2, (-1-1*r5), (-1+1*r5), -4]
(258, 1147, 541, 935)->[-4, (1+1*r5), -2, (-1+1*r5)]
(1564, 132, 1004, 694)->[-4, 2, (-1+1*r5), (1+1*r5)]
(1342, 1593, 285, 70)->[(3-1*r5), -2, 0, (3+1*r5)]
(232, 1554, 955, 2052)->[-2*r5, (1-1*r5), 0, (-1-1*r5)]
(1353, 875, 44, 1453)->[0, (-3+1*r5), -2, (-3-1*r5)]
(1848, 586, 746, 1434)->[2*r5, (1-1*r5), 0, (1+1*r5)]
(2145, 1881, 212, 2168)->[2, (-1-1*r5), (1-1*r5), 4]
(760, 1991, 1381, 495)->[-2, (-1-1*r5), (-1+1*r5), 4]
(882, 1587, 2172, 1918)->[(3-1*r5), -2, 0, (-3-1*r5)]
(514, 1899, 117, 901)->[(1-1*r5), 4, -2, (-1-1*r5)]
(657, 1929, 742, 1607)->[0, (-1-1*r5), 2*r5, (1-1*r5)]
(1315, 1982, 781, 798)->[2, 2, -2, -2*r5]
(1081, 1476, 1990, 519)->[-2*r5, -2, 2, -2]
(2395, 1243, 654, 2079)->[-4, 2, (1-1*r5), (1+1*r5)]
(1330, 2091, 2387, 1470)->[(-3+1*r5), -2, 0, (3+1*r5)]
(1464, 1444, 221, 1238)->[(-1-1*r5), (-1-1*r5), (-3+1*r5), (1+1*r5)]
(513, 1645, 693, 2049)->[(-1-1*r5), (-1+1*r5), -2, -4]
(1544, 115, 1910, 135)->[2, 4, (-1-1*r5), (1-1*r5)]
(635, 468, 1078, 2319)->[(1+1*r5), (-3+1*r5), (-1-1*r5), (1+1*r5)]
(177, 498, 617, 2087)->[4, -2, (-1+1*r5), (-1-1*r5)]
(1272, 995, 2396, 1183)->[0, -2*r5, (-1+1*r5), (1+1*r5)]
(936, 609, 1492, 430)->[4, (-1+1*r5), (-1-1*r5), -2]
(1864, 74, 1515, 2167)->[(1-1*r5), 2, (1+1*r5), 4]
(104, 1042, 1856, 1239)->[4, -2, (-1+1*r5), (1+1*r5)]
(852, 2062, 1382, 839)->[(-1+1*r5), (-1+1*r5), (-1+1*r5), (3+1*r5)]
(1000, 1009, 1627, 638)->[(1+1*r5), 4, (1-1*r5), -2]
(1016, 1211, 973, 1747)->[(-1-1*r5), (-3+1*r5), (-1-1*r5), (-1-1*r5)]
(1145, 1035, 1235, 1630)->[(-1-1*r5), (1-1*r5), -2, 4]
(2188, 1721, 420, 228)->[-2, -2*r5, 2, -2]
(297, 1220, 805, 647)->[2, (3+1*r5), 0, (3-1*r5)]
(1514, 59, 612, 2195)->[(-1+1*r5), (-3-1*r5), (-1+1*r5), (1-1*r5)]
(1336, 2371, 452, 941)->[-2, 4, (-1-1*r5), (1-1*r5)]
(459, 1517, 1750, 2078)->[0, 4, 0, -4]
(1097, 1001, 1651, 1196)->[0, -2, (-3-1*r5), (3-1*r5)]
(2153, 1345, 2038, 31)->[2, -2*r5, 2, -2]
(2152, 1793, 2219, 191)->[(3-1*r5), (-1-1*r5), (1+1*r5), (-1-1*r5)]
(1024, 562, 342, 1439)->[(1+1*r5), 0, (-1+1*r5), -2*r5]
(89, 698, 1715, 1997)->[4, (1+1*r5), 2, (-1+1*r5)]
(1349, 575, 95, 47)->[(-3+1*r5), (-3-1*r5), -2, 0]
(1561, 346, 739, 1663)->[(-1-1*r5), (1-1*r5), -2, -4]
(408, 401, 539, 1677)->[-2, (-3+1*r5), (3+1*r5), 0]
(1526, 473, 1460, 358)->[(3+1*r5), 0, 2, (3-1*r5)]
(1010, 362, 3, 484)->[-2, (1-1*r5), -4, (1+1*r5)]
(944, 2320, 522, 1568)->[0, (3+1*r5), (-3+1*r5), -2]
(40, 1481, 1502, 263)->[-2, -2, 2*r5, 2]
(1729, 412, 1805, 1303)->[0, 2, (3+1*r5), (-3+1*r5)]
(120, 41, 1187, 2388)->[(1-1*r5), -4, 2, (1+1*r5)]
(2218, 1605, 1351, 151)->[2*r5, 0, (-1-1*r5), (1-1*r5)]
(832, 2017, 674, 920)->[(-1-1*r5), 2*r5, 0, (-1+1*r5)]
(848, 1210, 646, 262)->[0, (3-1*r5), -2, (-3-1*r5)]
(264, 153, 68, 326)->[(-3+1*r5), (-1-1*r5), (-1-1*r5), (1+1*r5)]
(1080, 2003, 1725, 951)->[-2, (-1-1*r5), (1-1*r5), -4]
(1388, 1559, 910, 351)->[2, (-1-1*r5), (1-1*r5), -4]
(1262, 2033, 506, 974)->[2*r5, -2, 2, -2]
(1273, 538, 1642, 1591)->[0, 2, (-3-1*r5), (3-1*r5)]
(73, 2338, 684, 1569)->[2*r5, (-1-1*r5), (-1+1*r5), 0]
(929, 851, 2044, 1903)->[(1-1*r5), -2, (1+1*r5), -4]
(394, 1555, 124, 1214)->[-2, (-1-1*r5), (1-1*r5), 4]
(1736, 433, 642, 1066)->[0, -4, 0, -4]
(2317, 147, 1459, 1655)->[-4, -2, (-1+1*r5), (-1-1*r5)]
(2352, 2289, 1114, 599)->[(1-1*r5), (3+1*r5), (1-1*r5), (1-1*r5)]
(1987, 252, 276, 604)->[2, -2, -2*r5, -2]
(176, 12, 1509, 1519)->[(1-1*r5), (-1+1*r5), (1-1*r5), (3+1*r5)]
(1846, 571, 2173, 1483)->[(-1-1*r5), -2, 4, (1-1*r5)]
(1361, 1265, 1937, 1334)->[0, (-3+1*r5), 2, (-3-1*r5)]
(1841, 1562, 1013, 1922)->[-2, -2, -2, -2*r5]
(2217, 1781, 686, 1103)->[2, 2*r5, -2, 2]
(1105, 738, 773, 1906)->[(-3+1*r5), 2, 0, (3+1*r5)]
(1058, 2082, 2310, 2090)->[(-1+1*r5), 2, (1+1*r5), -4]
(2040, 557, 349, 301)->[-2*r5, 2, 2, -2]
(81, 1378, 869, 422)->[-2*r5, 2, 2, 2]
(1744, 330, 603, 1669)->[(1-1*r5), (-1-1*r5), 0, 2*r5]
(2072, 618, 1763, 887)->[(-1-1*r5), 2, 4, (1-1*r5)]
(1659, 356, 1749, 2116)->[(-3-1*r5), (1-1*r5), (-1+1*r5), (1-1*r5)]
(578, 203, 1093, 890)->[(-1-1*r5), (1+1*r5), (3-1*r5), (-1-1*r5)]
(291, 667, 1095, 499)->[2, (3+1*r5), 0, (-3+1*r5)]
(466, 154, 524, 159)->[(-1+1*r5), -2*r5, (1+1*r5), 0]
(1956, 628, 1422, 1415)->[(1-1*r5), 2*r5, (1+1*r5), 0]
(112, 1274, 1613, 2246)->[2, 2, -2*r5, -2]
(680, 1250, 644, 1704)->[(-3-1*r5), (-1+1*r5), (1-1*r5), (1-1*r5)]
(1905, 2225, 2041, 1925)->[(1-1*r5), (1-1*r5), (-3-1*r5), (1-1*r5)]
(1002, 2306, 1046, 311)->[(1-1*r5), 0, 2*r5, (-1-1*r5)]
(2005, 1076, 485, 2255)->[(-3-1*r5), (3-1*r5), 0, -2]
(728, 2146, 1710, 2223)->[(3+1*r5), (-1+1*r5), (-1+1*r5), (-1+1*r5)]
(122, 1245, 2334, 1575)->[2, -2, -2, 2*r5]
(316, 661, 812, 1718)->[2, 2, 2*r5, 2]
(1896, 155, 549, 2135)->[-2, -2, -2*r5, 2]
(993, 139, 636, 2007)->[-4, (-1+1*r5), (1+1*r5), 2]
(770, 2023, 862, 847)->[-2, 0, (3-1*r5), (-3-1*r5)]
(1944, 2048, 923, 1957)->[2, 2, -2, 2*r5]
(706, 157, 982, 1709)->[(-1-1*r5), (1+1*r5), (3-1*r5), (1+1*r5)]
(34, 1818, 876, 949)->[0, -2, (-3-1*r5), (-3+1*r5)]
(2024, 2243, 1053, 1038)->[(1-1*r5), (-1+1*r5), (3+1*r5), (-1+1*r5)]
(2258, 106, 621, 1933)->[(3-1*r5), 0, (-3-1*r5), 2]
(1919, 1501, 1438, 655)->[2*r5, 0, (1+1*r5), (-1+1*r5)]
(1179, 116, 886, 1727)->[(-3+1*r5), 0, (-3-1*r5), -2]
(660, 364, 53, 2380)->[(1+1*r5), -4, (1-1*r5), 2]
(731, 1740, 2181, 1366)->[2, (1-1*r5), 4, (1+1*r5)]
(1753, 1994, 1676, 1772)->[-2, 2, -2*r5, 2]
(1746, 365, 2070, 1031)->[(-1+1*r5), (1+1*r5), 0, 2*r5]
(432, 914, 85, 806)->[(-1+1*r5), -2, (1+1*r5), -4]
(2296, 1868, 2221, 2350)->[(-1-1*r5), (1+1*r5), (-3+1*r5), (-1-1*r5)]
(570, 1141, 837, 1087)->[(-1-1*r5), (-1-1*r5), (-3+1*r5), (-1-1*r5)]
(1644, 2121, 58, 1436)->[(1-1*r5), (-1-1*r5), 4, -2]
(16, 2058, 1915, 1110)->[(3+1*r5), (-1+1*r5), (1-1*r5), (1-1*r5)]
(985, 1675, 1985, 2211)->[(-3+1*r5), (-1-1*r5), (1+1*r5), (-1-1*r5)]
(2200, 793, 1418, 2206)->[-2, 2, 2, -2*r5]
(144, 1280, 2316, 1808)->[2, -2, 2*r5, 2]
(1609, 977, 2021, 2166)->[(1-1*r5), 2, (-1-1*r5), -4]
(2144, 65, 2075, 631)->[(-1-1*r5), (-3+1*r5), (-1-1*r5), (1+1*r5)]
(2066, 2010, 163, 1475)->[4, (1-1*r5), (-1-1*r5), 2]
(2323, 716, 989, 1532)->[(-1-1*r5), (1+1*r5), (1+1*r5), (3-1*r5)]
(2000, 1420, 1268, 2160)->[(-1-1*r5), (-1+1*r5), 2, 4]
(1056, 1497, 170, 1523)->[4, (-1+1*r5), (1+1*r5), 2]
(1, 963, 1172, 1668)->[(3-1*r5), (1+1*r5), (1+1*r5), (1+1*r5)]
(442, 354, 1003, 672)->[(-3+1*r5), 0, (3+1*r5), 2]
(337, 1931, 205, 1413)->[(1-1*r5), -2*r5, (-1-1*r5), 0]
(1354, 1867, 580, 1572)->[-2*r5, -2, -2, -2]
(2011, 1060, 1437, 1927)->[4, 2, (-1+1*r5), (1+1*r5)]
(536, 2198, 2147, 1614)->[(-1+1*r5), -2, (-1-1*r5), 4]
(488, 2249, 682, 1733)->[2, (-3+1*r5), (-3-1*r5), 0]
(2209, 594, 2203, 1860)->[(-1-1*r5), (-1+1*r5), 2*r5, 0]
(129, 267, 972, 7)->[(1+1*r5), (1+1*r5), (3-1*r5), (1+1*r5)]
(178, 659, 1682, 455)->[0, -2*r5, (1-1*r5), (1+1*r5)]
(1112, 1360, 1318, 447)->[2, (-1+1*r5), 4, (-1-1*r5)]
(1270, 1700, 2277, 334)->[(1+1*r5), (1-1*r5), 2, -4]
(1730, 2099, 2259, 487)->[(-1+1*r5), -4, 2, (-1-1*r5)]
(1603, 355, 108, 391)->[(-3+1*r5), (1+1*r5), (-1-1*r5), (-1-1*r5)]
(843, 460, 2126, 1055)->[(-1+1*r5), -4, -2, (-1-1*r5)]
(1201, 2337, 598, 671)->[0, (-1+1*r5), (1+1*r5), -2*r5]
(576, 648, 51, 637)->[-2, (3-1*r5), (-3-1*r5), 0]
(730, 1786, 150, 1054)->[4, (-1+1*r5), (-1-1*r5), 2]
(912, 1332, 1229, 1628)->[(-1+1*r5), (1-1*r5), (-3-1*r5), (1-1*r5)]
(2257, 2291, 2261, 1462)->[-2*r5, 0, (1+1*r5), (1-1*r5)]
(8, 1762, 701, 1494)->[(-1+1*r5), (1-1*r5), (1-1*r5), (-3-1*r5)]
(1321, 986, 308, 2031)->[2*r5, 2, -2, -2]
(2034, 2299, 1039, 223)->[2, (3-1*r5), (-3-1*r5), 0]
(2128, 1227, 60, 2199)->[(3-1*r5), (1+1*r5), (-1-1*r5), (1+1*r5)]
(1574, 2123, 379, 294)->[-2, 0, (-3+1*r5), (-3-1*r5)]
(352, 776, 2051, 1662)->[-4, -2, (-1+1*r5), (1+1*r5)]
(1040, 1739, 1756, 453)->[(1+1*r5), 2*r5, 0, (1-1*r5)]
(1777, 1036, 1758, 1703)->[(3+1*r5), (-3+1*r5), 0, -2]
(185, 779, 540, 889)->[0, (1+1*r5), -2*r5, (1-1*r5)]
(1962, 2020, 2372, 975)->[-4, (1-1*r5), (-1-1*r5), -2]
(259, 732, 1109, 2237)->[(1-1*r5), 4, 2, (1+1*r5)]
(121, 1783, 2133, 1511)->[(-1-1*r5), (-1+1*r5), -2, 4]
(1392, 1632, 181, 415)->[-2*r5, 2, -2, -2]
(1527, 333, 1998, 1119)->[(3+1*r5), (-3+1*r5), 0, 2]
(1328, 2329, 1797, 1287)->[(1-1*r5), -2, (-1-1*r5), 4]
(521, 1387, 236, 2019)->[-2, 4, (1+1*r5), (-1+1*r5)]
(1096, 1545, 261, 1734)->[(1+1*r5), 0, (-1+1*r5), 2*r5]
(872, 2030, 76, 1974)->[0, -2*r5, (-1+1*r5), (-1-1*r5)]
(248, 2, 1120, 1159)->[2*r5, (-1+1*r5), 0, (1+1*r5)]
(272, 1037, 325, 1146)->[(-1-1*r5), -4, (-1+1*r5), 2]
(1320, 577, 1691, 782)->[-2, (-1+1*r5), -4, (-1-1*r5)]
(1696, 25, 1266, 182)->[(-1+1*r5), (-1-1*r5), 0, 2*r5]
(2137, 273, 1610, 964)->[-2, (-1+1*r5), 4, (1+1*r5)]
(57, 1195, 1364, 1191)->[(-1-1*r5), (1-1*r5), 2*r5, 0]
(1673, 315, 1939, 29)->[2, -2*r5, -2, -2]
(1208, 666, 1938, 231)->[-2*r5, (1-1*r5), 0, (1+1*r5)]
(416, 905, 1293, 895)->[-2*r5, (1+1*r5), (-1+1*r5), 0]
(424, 1162, 656, 1902)->[(-1+1*r5), 0, 2*r5, (1+1*r5)]
(1217, 626, 1959, 431)->[4, -2, (1-1*r5), (-1-1*r5)]
(664, 1695, 494, 63)->[0, -4, 0, 4]
(552, 1705, 2054, 1871)->[(-3-1*r5), 0, 2, (-3+1*r5)]
(1232, 2328, 2335, 55)->[(1+1*r5), (1-1*r5), -2*r5, 0]
(2094, 2272, 1541, 1510)->[0, 4, 4, 0]
(250, 380, 2282, 822)->[-2*r5, -2, 2, 2]
(1106, 1726, 318, 759)->[(-1-1*r5), (-1-1*r5), (1+1*r5), (-3+1*r5)]
(1322, 19, 1893, 750)->[(1+1*r5), (1+1*r5), (1+1*r5), (3-1*r5)]
(830, 827, 821, 606)->[-4, 0, 4, 0]
(2080, 266, 1074, 1530)->[(3+1*r5), -2, (3-1*r5), 0]
(1873, 1923, 1861, 885)->[-4, -4, 0, 0]
(1889, 2359, 1158, 2321)->[0, (3-1*r5), 2, (-3-1*r5)]
(866, 1901, 2235, 93)->[(-1-1*r5), -2*r5, 0, (-1+1*r5)]
(1748, 1732, 1446, 2175)->[(1-1*r5), (-1-1*r5), 4, 2]
(544, 1237, 149, 2342)->[(1+1*r5), (-1-1*r5), (-1-1*r5), (-3+1*r5)]
(1225, 338, 197, 1463)->[2, 2, 2*r5, -2]
(1431, 673, 1620, 983)->[-2, -2*r5, -2, 2]
(1778, 1371, 2327, 2055)->[0, (3-1*r5), -2, (3+1*r5)]
(1552, 545, 1155, 1999)->[4, (-1-1*r5), -2, (-1+1*r5)]
(296, 1499, 140, 1920)->[-2*r5, 2, -2, 2]
(1878, 1276, 69, 918)->[(1-1*r5), 0, -2*r5, (1+1*r5)]
(1306, 653, 1278, 639)->[4, 0, -4, 0]
(105, 1690, 2298, 785)->[(-1-1*r5), (-3+1*r5), (1+1*r5), (-1-1*r5)]
(769, 802, 2349, 1397)->[(3+1*r5), 2, (-3+1*r5), 0]
(1164, 367, 2313, 87)->[-2, (-3-1*r5), 0, (3-1*r5)]
(1528, 2083, 971, 332)->[(3+1*r5), (1-1*r5), (-1+1*r5), (-1+1*r5)]
(1945, 234, 2028, 1326)->[(3-1*r5), 2, 0, (-3-1*r5)]
(1263, 1916, 86, 999)->[0, (-1+1*r5), (-1-1*r5), -2*r5]
(9, 2308, 917, 1022)->[0, (-3-1*r5), (3-1*r5), -2]
(1637, 1133, 133, 574)->[(1+1*r5), (3-1*r5), (1+1*r5), (-1-1*r5)]
(1456, 2391, 1942, 791)->[(1-1*r5), (1-1*r5), (3+1*r5), (-1+1*r5)]
(978, 1115, 572, 2187)->[(-1+1*r5), 2, (-1-1*r5), -4]
(2178, 2379, 84, 2332)->[(1+1*r5), (-1+1*r5), -2, 4]
(384, 1930, 1324, 1173)->[2, -2, -2, -2*r5]
(2253, 1535, 477, 503)->[(-1-1*r5), 0, (1-1*r5), 2*r5]
(224, 1914, 1384, 934)->[(-1+1*r5), -2, (1+1*r5), 4]
(64, 441, 818, 1580)->[-2, (1-1*r5), 4, (-1-1*r5)]
(755, 1500, 2101, 751)->[(-1+1*r5), 0, -2*r5, (-1-1*r5)]
(216, 681, 1305, 1897)->[(1+1*r5), (-1+1*r5), 2, 4]
(2204, 2004, 1286, 663)->[(-1+1*r5), (3+1*r5), (1-1*r5), (1-1*r5)]
(2392, 2322, 213, 102)->[4, (1-1*r5), (1+1*r5), 2]
(2360, 1785, 1021, 2174)->[2, (-1+1*r5), -4, (1+1*r5)]
(1264, 1257, 470, 1823)->[-4, (1-1*r5), (1+1*r5), 2]
(1192, 1617, 2092, 1621)->[(-1-1*r5), (-3+1*r5), (1+1*r5), (1+1*r5)]
(1441, 1202, 411, 2231)->[2, (3-1*r5), (3+1*r5), 0]
(976, 2363, 2378, 307)->[(1+1*r5), (-3+1*r5), (1+1*r5), (-1-1*r5)]
(1790, 1832, 222, 2215)->[(-3-1*r5), -2, (-3+1*r5), 0]
(306, 1684, 685, 2150)->[-2*r5, -2, -2, 2]
(457, 1546, 2068, 1015)->[(-1+1*r5), 2, (1+1*r5), 4]
(922, 868, 2213, 567)->[(1+1*r5), (1+1*r5), (3-1*r5), (-1-1*r5)]
(888, 2266, 1802, 1045)->[-2*r5, (-1+1*r5), 0, (-1-1*r5)]
(1674, 1845, 421, 1207)->[4, (1+1*r5), -2, (1-1*r5)]
(24, 1261, 324, 309)->[-4, (-1+1*r5), (1+1*r5), -2]
(1809, 1410, 1132, 1550)->[(1-1*r5), (1-1*r5), (1-1*r5), (-3-1*r5)]
(1817, 1107, 1356, 373)->[0, -2, (3+1*r5), (3-1*r5)]
(1857, 1965, 1390, 1983)->[-2, (1+1*r5), (1-1*r5), -4]
(563, 700, 1157, 2214)->[2, (-1-1*r5), (-1+1*r5), 4]
(208, 300, 2125, 1950)->[(1+1*r5), -2*r5, 0, (-1+1*r5)]
(1840, 2252, 1299, 1996)->[(-3-1*r5), 0, 2, (3-1*r5)]
(2353, 691, 292, 1365)->[(1+1*r5), (-1-1*r5), (-1-1*r5), (3-1*r5)]
(1688, 841, 957, 591)->[(-1-1*r5), -4, (-1+1*r5), -2]
(184, 593, 1352, 813)->[(-3-1*r5), (3-1*r5), 0, 2]
(1395, 819, 1853, 535)->[(-1-1*r5), (1+1*r5), (-1-1*r5), (-3+1*r5)]
(402, 123, 2117, 1398)->[2, -4, (-1-1*r5), (1-1*r5)]
(1254, 828, 198, 1252)->[(-1-1*r5), 0, (-1+1*r5), -2*r5]
(2009, 2114, 1565, 1558)->[0, (3+1*r5), (3-1*r5), 2]
(2240, 658, 2212, 14)->[4, 4, 0, 0]
(1089, 2283, 1557, 926)->[(-1-1*r5), (1-1*r5), 2, 4]
(1153, 1716, 2076, 2279)->[4, (-1-1*r5), 2, (1-1*r5)]
(2108, 2154, 988, 1844)->[(-1+1*r5), (3+1*r5), (-1+1*r5), (-1+1*r5)]
(616, 715, 1294, 623)->[2, (-3+1*r5), (3+1*r5), 0]
(1579, 2244, 131, 1012)->[2, (1+1*r5), (-1+1*r5), -4]
(2232, 1290, 2274, 1949)->[4, 2, (1-1*r5), (-1-1*r5)]
(2120, 1706, 1869, 2222)->[2, -4, (-1-1*r5), (-1+1*r5)]
(1819, 1019, 1516, 942)->[(-1-1*r5), 2, 4, (-1+1*r5)]
(1129, 434, 2179, 167)->[2, 0, (-3+1*r5), (3+1*r5)]
(43, 1311, 1534, 1079)->[0, (-1+1*r5), (-1-1*r5), 2*r5]
(1738, 1775, 1875, 1679)->[2, (-1-1*r5), (-1+1*r5), -4]
(1344, 314, 1581, 1271)->[(1-1*r5), (-3-1*r5), (-1+1*r5), (-1+1*r5)]
(241, 474, 1590, 1631)->[(1+1*r5), -4, (-1+1*r5), -2]
(256, 994, 1316, 1576)->[(1-1*r5), (1-1*r5), (-1+1*r5), (3+1*r5)]
(1980, 892, 2270, 966)->[2*r5, 0, (-1-1*r5), (-1+1*r5)]
(1032, 761, 605, 1167)->[-2, (-3-1*r5), 0, (-3+1*r5)]
(928, 313, 2309, 2109)->[0, 0, -4, -4]
(1638, 1973, 518, 2039)->[(1+1*r5), 2, 4, (1-1*r5)]
(784, 52, 1664, 1743)->[-2*r5, (-1-1*r5), (-1+1*r5), 0]
(2393, 854, 846, 1329)->[4, -4, 0, 0]
(1924, 507, 676, 1782)->[(3+1*r5), (3-1*r5), 0, -2]
(2377, 2281, 2284, 1967)->[2, -2, -2*r5, 2]
(1224, 1792, 1978, 381)->[2, 4, (1+1*r5), (-1+1*r5)]
(1160, 1643, 1156, 783)->[(-3-1*r5), -2, (3-1*r5), 0]
(1176, 1151, 1102, 183)->[(3-1*r5), (-1-1*r5), (-1-1*r5), (1+1*r5)]
(2102, 237, 550, 1863)->[(-1+1*r5), (-3-1*r5), (1-1*r5), (1-1*r5)]
(1898, 1126, 302, 1671)->[(-1+1*r5), (1-1*r5), (-1+1*r5), (3+1*r5)]
(2362, 643, 245, 350)->[(-1+1*r5), (-1+1*r5), (-3-1*r5), (-1+1*r5)]
(1118, 797, 6, 551)->[(1-1*r5), (-1+1*r5), (-1+1*r5), (3+1*r5)]
(2122, 1267, 1940, 2197)->[-2, -2, 2, 2*r5]
(385, 2346, 765, 1814)->[-2*r5, (1+1*r5), (1-1*r5), 0]
(945, 91, 190, 1751)->[(-1-1*r5), -4, (1-1*r5), 2]
(2112, 833, 229, 1469)->[(-1+1*r5), (-1-1*r5), 4, 2]
(1350, 1660, 2006, 46)->[(-1-1*r5), (1-1*r5), -2*r5, 0]
(1960, 393, 756, 1279)->[(-1+1*r5), (-3-1*r5), (-1+1*r5), (-1+1*r5)]
(1466, 387, 189, 726)->[(1-1*r5), (1+1*r5), -4, -2]
(1008, 1259, 2238, 815)->[4, (-1-1*r5), -2, (1-1*r5)]
(1064, 249, 1524, 1807)->[(-3+1*r5), (3+1*r5), -2, 0]
(1241, 1130, 1429, 2286)->[(1-1*r5), -4, -2, (1+1*r5)]
(1801, 763, 668, 78)->[-4, (1+1*r5), 2, (1-1*r5)]
(1904, 1891, 1533, 2302)->[-4, (1-1*r5), (1+1*r5), -2]
(361, 835, 164, 77)->[(1+1*r5), -2, 4, (-1+1*r5)]
(2156, 1124, 2149, 2119)->[(-1-1*r5), -2*r5, 0, (1-1*r5)]
(1380, 340, 1648, 2256)->[(-1-1*r5), (1+1*r5), (-3+1*r5), (1+1*r5)]
(2098, 615, 398, 343)->[(-1-1*r5), -2, -4, (-1+1*r5)]
(10, 419, 188, 1764)->[(-3-1*r5), 0, -2, (-3+1*r5)]
(200, 1403, 915, 22)->[(1-1*r5), (-1+1*r5), (-1+1*r5), (-3-1*r5)]
(1665, 547, 1461, 1086)->[(-1+1*r5), 2, (-1-1*r5), 4]
(1656, 347, 323, 692)->[(-3+1*r5), (1+1*r5), (1+1*r5), (-1-1*r5)]
(720, 2290, 838, 1407)->[(1-1*r5), -4, -2, (-1-1*r5)]
(1672, 1849, 1298, 462)->[2, 4, (-1-1*r5), (-1+1*r5)]
(425, 2303, 1484, 1711)->[(-1+1*r5), (-1-1*r5), 4, -2]
(592, 1882, 1432, 702)->[-4, -2, (1-1*r5), (-1-1*r5)]
(2064, 2234, 1404, 94)->[(-3-1*r5), (1-1*r5), (-1+1*r5), (-1+1*r5)]
(209, 1442, 187, 1358)->[(1+1*r5), 4, (-1+1*r5), -2]
(1449, 1458, 1563, 1702)->[(-1-1*r5), (-1-1*r5), (3-1*r5), (-1-1*r5)]
(745, 1947, 2265, 1769)->[(1+1*r5), (1+1*r5), (1+1*r5), (-3+1*r5)]
(2315, 1242, 2163, 1652)->[(-3+1*r5), -2, 0, (-3-1*r5)]
(2056, 2025, 2394, 924)->[2, 2, 2, -2*r5]
(288, 601, 1083, 1567)->[(-1+1*r5), (1-1*r5), (3+1*r5), (1-1*r5)]
(752, 2096, 2348, 566)->[(-3-1*r5), (-1+1*r5), (-1+1*r5), (-1+1*r5)]
(688, 737, 1098, 1851)->[(3-1*r5), (-1-1*r5), (-1-1*r5), (-1-1*r5)]
(128, 201, 1588, 1935)->[(3+1*r5), (1-1*r5), (1-1*r5), (-1+1*r5)]
(321, 811, 814, 1007)->[(-1+1*r5), 4, -2, (-1-1*r5)]
(1969, 780, 1780, 775)->[(1-1*r5), -4, 2, (-1-1*r5)]
(289, 204, 246, 423)->[(1+1*r5), -2, -4, (-1+1*r5)]
(2089, 794, 220, 1154)->[0, (-1-1*r5), -2*r5, (1-1*r5)]
(80, 2170, 1556, 909)->[(-1+1*r5), (1+1*r5), 0, -2*r5]
(225, 90, 247, 111)->[(1-1*r5), (1+1*r5), 0, 2*r5]
(1255, 386, 467, 491)->[0, (-3+1*r5), 2, (3+1*r5)]
(1520, 1121, 1212, 1198)->[-2, 2, 2*r5, 2]
(856, 194, 1512, 1175)->[2, -2, 2*r5, -2]
(1482, 619, 2229, 758)->[(1-1*r5), 2*r5, (-1-1*r5), 0]
(1687, 329, 625, 1657)->[(-1-1*r5), 0, (1-1*r5), -2*r5]
(56, 1810, 1104, 774)->[0, (-3-1*r5), (-3+1*r5), 2]
(280, 1401, 2088, 1615)->[-2, 2*r5, -2, 2]
(2053, 595, 348, 1955)->[(1-1*r5), 2, (1+1*r5), -4]
(2161, 1409, 579, 207)->[(1-1*r5), (1+1*r5), 4, 2]
(1200, 1193, 826, 527)->[-4, (1+1*r5), -2, (1-1*r5)]
(753, 2069, 1573, 2367)->[0, (-3+1*r5), -2, (3+1*r5)]
(1414, 1794, 235, 958)->[2, (1-1*r5), 4, (-1-1*r5)]
(2216, 1283, 589, 414)->[-2, 2*r5, 2, -2]
(1488, 1989, 1972, 1373)->[(1+1*r5), (-3+1*r5), (1+1*r5), (1+1*r5)]
(1928, 2193, 4, 413)->[(-3+1*r5), 2, 0, (-3-1*r5)]
(440, 2186, 2267, 2398)->[(1+1*r5), 2, -4, (-1+1*r5)]
(1888, 2312, 1020, 727)->[(1+1*r5), (1+1*r5), (-3+1*r5), (-1-1*r5)]
(217, 339, 444, 501)->[(1+1*r5), -2, 4, (1-1*r5)]
(1256, 530, 500, 1540)->[-2*r5, 0, (-1-1*r5), (-1+1*r5)]
(899, 996, 1771, 1108)->[-2, 2, 2*r5, -2]
(1970, 555, 2236, 2151)->[4, (1+1*r5), 2, (1-1*r5)]
(560, 1594, 1971, 948)->[4, (1+1*r5), -2, (-1+1*r5)]
(1984, 2368, 2192, 478)->[(1+1*r5), -2*r5, 0, (1-1*r5)]
(1689, 67, 564, 2095)->[(-1+1*r5), (-1+1*r5), (-1+1*r5), (-3-1*r5)]
(881, 2228, 389, 1367)->[0, (-1-1*r5), 2*r5, (-1+1*r5)]
(137, 1363, 403, 1887)->[(1+1*r5), (-1-1*r5), (3-1*r5), (1+1*r5)]
(1754, 1319, 461, 1127)->[(3-1*r5), 2, 0, (3+1*r5)]
(1755, 1966, 965, 630)->[(-1+1*r5), (3+1*r5), (1-1*r5), (-1+1*r5)]
(2208, 916, 1077, 2375)->[(1-1*r5), (-1+1*r5), (1-1*r5), (-3-1*r5)]
(1199, 795, 1862, 943)->[(-3-1*r5), (-3+1*r5), 0, -2]
(1560, 1090, 404, 214)->[-4, (1+1*r5), 2, (-1+1*r5)]
(2245, 1714, 1828, 669)->[(1-1*r5), (-1-1*r5), -4, -2]
(1536, 825, 675, 1981)->[(-1-1*r5), (1+1*r5), (-1-1*r5), (3-1*r5)]
(873, 1226, 980, 900)->[2, 2, 2, 2*r5]
(1623, 171, 870, 143)->[-4, 0, -4, 0]
(2358, 242, 1842, 614)->[(-3+1*r5), (-3-1*r5), 2, 0]
(1626, 1858, 1181, 271)->[-4, 2, (-1+1*r5), (-1-1*r5)]
(568, 733, 2189, 903)->[(-1+1*r5), (1+1*r5), 4, 2]
(2104, 1859, 764, 2269)->[(-1-1*r5), (-1-1*r5), (3-1*r5), (1+1*r5)]
(328, 1339, 1518, 215)->[(3+1*r5), 0, 2, (-3+1*r5)]
(1680, 1246, 486, 2191)->[0, (3+1*r5), (-3+1*r5), 2]
(88, 954, 476, 508)->[(1+1*r5), -2, -4, (1-1*r5)]
(624, 1513, 1658, 1670)->[(1+1*r5), (-1-1*r5), (1+1*r5), (3-1*r5)]
(801, 1465, 1317, 2081)->[-2*r5, (-1-1*r5), (1-1*r5), 0]
(520, 627, 274, 99)->[0, (1+1*r5), -2*r5, (-1+1*r5)]
(1835, 1636, 61, 399)->[(3+1*r5), (1-1*r5), (1-1*r5), (1-1*r5)]
(48, 858, 286, 335)->[(1-1*r5), (3+1*r5), (1-1*r5), (-1+1*r5)]
(1393, 1548, 206, 375)->[(1-1*r5), (-3-1*r5), (1-1*r5), (1-1*r5)]
(2008, 1204, 597, 407)->[-2, (1-1*r5), -4, (-1-1*r5)]
(640, 800, 38, 2047)->[(-1-1*r5), -4, (1-1*r5), -2]
(2233, 2107, 1932, 125)->[-2, -2*r5, 2, 2]
(611, 251, 880, 1789)->[(-1-1*r5), -2, -4, (1-1*r5)]
(1654, 1735, 1174, 1223)->[-2, (-1+1*r5), 4, (-1-1*r5)]
(2093, 36, 1653, 543)->[(1-1*r5), -2*r5, (1+1*r5), 0]
(1137, 1698, 747, 939)->[0, (1-1*r5), (1+1*r5), -2*r5]
(2067, 641, 322, 211)->[2, -2, 2, -2*r5]
(145, 2141, 1757, 2127)->[-2, -2, 2*r5, -2]
(2330, 2002, 723, 2354)->[(1-1*r5), (3+1*r5), (-1+1*r5), (-1+1*r5)]
(1416, 1850, 357, 662)->[(1-1*r5), 4, 2, (-1-1*r5)]
(32, 1618, 284, 383)->[(-1+1*r5), (-3-1*r5), (1-1*r5), (-1+1*r5)]
(959, 1101, 2143, 911)->[(-1+1*r5), -2, (-1-1*r5), -4]
(1057, 2074, 845, 2071)->[(-1+1*r5), 4, 2, (-1-1*r5)]
(1489, 2194, 1131, 2110)->[(1+1*r5), (-1-1*r5), (3-1*r5), (-1-1*r5)]
(1539, 1531, 677, 1399)->[(-1+1*r5), 2*r5, (-1-1*r5), 0]
(904, 787, 1440, 871)->[-2, (1+1*r5), (1-1*r5), 4]
(1424, 1433, 45, 1302)->[(1-1*r5), (1+1*r5), 0, -2*r5]
(1723, 2373, 2365, 807)->[(1+1*r5), (-1+1*r5), 2*r5, 0]
(1834, 556, 894, 927)->[0, (-1-1*r5), -2*r5, (-1+1*r5)]
(1728, 505, 418, 2105)->[-2, -4, (-1-1*r5), (-1+1*r5)]
(2180, 1194, 1770, 767)->[(-1-1*r5), (3-1*r5), (-1-1*r5), (-1-1*r5)]
(2148, 1761, 50, 1836)->[(1-1*r5), (1-1*r5), (-1+1*r5), (-3-1*r5)]
(512, 842, 2336, 2366)->[(1-1*r5), -2, (-1-1*r5), -4]
(2251, 757, 54, 103)->[(1+1*r5), -4, (1-1*r5), -2]
(528, 816, 2106, 2285)->[0, (1-1*r5), (1+1*r5), 2*r5]
(1795, 1667, 180, 1308)->[(1-1*r5), (1-1*r5), (-3-1*r5), (-1+1*r5)]
(849, 1505, 1125, 1598)->[4, -2, (1-1*r5), (1+1*r5)]
(1908, 629, 1452, 165)->[(3-1*r5), 0, (3+1*r5), -2]
(290, 1917, 1885, 1487)->[2, -4, (1+1*r5), (1-1*r5)]
(2184, 282, 174, 1542)->[2*r5, -2, 2, 2]
(1784, 937, 1170, 796)->[-2*r5, 0, (-1-1*r5), (1-1*r5)]
(1745, 1486, 1357, 118)->[2, 2*r5, -2, -2]
(130, 1707, 1295, 898)->[(1-1*r5), (-1+1*r5), (3+1*r5), (1-1*r5)]
(1379, 1251, 92, 141)->[(-1+1*r5), 4, 2, (1+1*r5)]
(1592, 1825, 1011, 1894)->[2, 2, -2*r5, 2]
(1529, 1602, 670, 366)->[-4, (-1-1*r5), -2, (1-1*r5)]
(1184, 953, 1697, 1854)->[-2, 2, -2, -2*r5]
(1504, 561, 2061, 950)->[(1+1*r5), (3-1*r5), (1+1*r5), (1+1*r5)]
(809, 1921, 788, 2165)->[(-3-1*r5), (1-1*r5), (1-1*r5), (1-1*r5)]
(930, 1091, 1884, 590)->[(-1-1*r5), 2*r5, 0, (1-1*r5)]
(1400, 1209, 82, 2273)->[(1+1*r5), 0, (1-1*r5), 2*r5]
(2057, 1244, 534, 1855)->[(-3+1*r5), (1+1*r5), (-1-1*r5), (1+1*r5)]
(465, 554, 1068, 1909)->[(-3+1*r5), (-1-1*r5), (-1-1*r5), (-1-1*r5)]
(874, 1467, 1804, 199)->[(-1-1*r5), 2, -4, (1-1*r5)]
(480, 481, 100, 1685)->[(-1+1*r5), (-1+1*r5), (1-1*r5), (3+1*r5)]
(192, 233, 436, 454)->[-2, -2, -2*r5, -2]
(633, 913, 1069, 126)->[(-1+1*r5), -4, 2, (1+1*r5)]
(1570, 908, 1029, 2100)->[-2, 2*r5, 2, 2]
(417, 1234, 990, 158)->[0, 2*r5, (1-1*r5), (1+1*r5)]
(970, 2347, 2271, 1135)->[-2, 2*r5, -2, -2]
(824, 17, 748, 1879)->[(-1+1*r5), (1-1*r5), (3+1*r5), (-1+1*r5)]
(2248, 388, 1701, 2326)->[-2, 0, (3-1*r5), (3+1*r5)]
(1070, 363, 1190, 142)->[(-1+1*r5), (1-1*r5), (-1+1*r5), (-3-1*r5)]
(2297, 932, 2383, 1047)->[(1-1*r5), 4, -2, (1+1*r5)]
(409, 1169, 1166, 1791)->[(3+1*r5), -2, (-3+1*r5), 0]
(1216, 2140, 1142, 1647)->[0, (-3-1*r5), (3-1*r5), 2]
(1595, 268, 2190, 1327)->[(3+1*r5), 0, -2, (-3+1*r5)]
(42, 1611, 298, 1370)->[2*r5, 2, -2, 2]
(1161, 458, 1341, 2278)->[-2, -2*r5, -2, -2]
(721, 1495, 1995, 1071)->[0, (3-1*r5), 2, (3+1*r5)]
(400, 26, 1454, 1150)->[0, 2, (-3-1*r5), (-3+1*r5)]
(1776, 1521, 479, 79)->[(1-1*r5), (-1-1*r5), 0, -2*r5]
(1708, 1907, 1236, 1975)->[2*r5, (-1-1*r5), (1-1*r5), 0]
(448, 857, 1468, 1503)->[-2, (3+1*r5), 0, (-3+1*r5)]
(2345, 1988, 844, 1445)->[(3+1*r5), 0, -2, (3-1*r5)]
(1506, 1405, 278, 15)->[(1-1*r5), -2, (1+1*r5), 4]
(867, 2370, 27, 1543)->[(-1+1*r5), (3+1*r5), (-1+1*r5), (1-1*r5)]
(168, 1396, 469, 2159)->[(3-1*r5), (3+1*r5), -2, 0]
(1968, 1986, 707, 493)->[-4, (-1+1*r5), (-1-1*r5), 2]
(1496, 2224, 1578, 2162)->[(-1-1*r5), (3-1*r5), (-1-1*r5), (1+1*r5)]
(1041, 1954, 2276, 1085)->[-2, 2, 2, 2*r5]
(1075, 772, 1876, 607)->[(1+1*r5), (-1-1*r5), (-3+1*r5), (-1-1*r5)]
(472, 778, 1062, 39)->[-2, -2, 2, -2*r5]
(1480, 1034, 2016, 1197)->[-4, (-1-1*r5), 2, (-1+1*r5)]
(1233, 370, 1325, 1301)->[4, 0, 0, 4]
(1712, 331, 1149, 2015)->[(-1-1*r5), 4, (1-1*r5), -2]
(320, 1731, 2013, 1847)->[-2, -4, (1+1*r5), (1-1*r5)]
(146, 1300, 2389, 1646)->[(3-1*r5), 0, (-3-1*r5), -2]
(1977, 2001, 710, 967)->[2*r5, (-1+1*r5), 0, (-1-1*r5)]
(226, 1331, 1958, 2318)->[(1+1*r5), (1+1*r5), (-1-1*r5), (3-1*r5)]
(1411, 438, 445, 134)->[(3+1*r5), 2, (3-1*r5), 0]
(2355, 1084, 173, 2351)->[(1-1*r5), (-1-1*r5), -4, 2]
(792, 2307, 2157, 984)->[(-1+1*r5), (-1-1*r5), -4, -2]
(2369, 1122, 836, 1799)->[(1+1*r5), 0, (1-1*r5), -2*r5]
(1952, 610, 1043, 1829)->[(1+1*r5), (1+1*r5), (-1-1*r5), (-3+1*r5)]
(712, 1577, 1699, 1582)->[4, 0, 4, 0]
(1640, 257, 1050, 1333)->[(1-1*r5), (1-1*r5), (3+1*r5), (1-1*r5)]
(136, 377, 1450, 2202)->[(-1+1*r5), -2*r5, (-1-1*r5), 0]
(968, 1281, 1144, 238)->[(3+1*r5), (3-1*r5), 0, 2]
(704, 1073, 1946, 1912)->[2, 0, (-3+1*r5), (-3-1*r5)]
(1443, 1427, 1391, 1231)->[(1-1*r5), 0, 2*r5, (1+1*r5)]
(1048, 690, 931, 906)->[(1+1*r5), (1-1*r5), -2, 4]
