[0, 109]
[0, 188]
[0, 234]
[0, 345]
[1, 171]
[1, 323]
[1, 489]
[1, 555]
[2, 38]
[2, 84]
[2, 425]
[2, 539]
[3, 140]
[3, 312]
[3, 344]
[3, 509]
[4, 10]
[4, 262]
[4, 305]
[4, 414]
[5, 30]
[5, 198]
[5, 275]
[5, 387]
[6, 13]
[6, 114]
[6, 126]
[6, 244]
[7, 140]
[7, 457]
[7, 490]
[7, 516]
[8, 64]
[8, 68]
[8, 209]
[8, 376]
[9, 156]
[9, 203]
[9, 379]
[9, 393]
[10, 118]
[10, 213]
[10, 408]
[11, 48]
[11, 79]
[11, 228]
[11, 396]
[12, 186]
[12, 198]
[12, 290]
[12, 360]
[13, 23]
[13, 84]
[13, 253]
[14, 89]
[14, 235]
[14, 287]
[14, 401]
[15, 16]
[15, 126]
[15, 288]
[15, 421]
[16, 131]
[16, 428]
[16, 487]
[17, 133]
[17, 278]
[17, 312]
[17, 466]
[18, 81]
[18, 219]
[18, 252]
[18, 293]
[19, 245]
[19, 380]
[19, 394]
[19, 481]
[20, 197]
[20, 291]
[20, 422]
[20, 521]
[21, 121]
[21, 367]
[21, 476]
[21, 489]
[22, 125]
[22, 129]
[22, 284]
[22, 585]
[23, 63]
[23, 207]
[23, 473]
[24, 35]
[24, 150]
[24, 404]
[24, 554]
[25, 220]
[25, 381]
[25, 412]
[25, 594]
[26, 224]
[26, 413]
[26, 438]
[26, 581]
[27, 283]
[27, 345]
[27, 351]
[27, 386]
[28, 122]
[28, 126]
[28, 386]
[28, 572]
[29, 146]
[29, 263]
[29, 390]
[29, 458]
[30, 295]
[30, 496]
[30, 526]
[31, 98]
[31, 464]
[31, 485]
[31, 506]
[32, 50]
[32, 82]
[32, 108]
[32, 157]
[33, 299]
[33, 481]
[33, 566]
[33, 593]
[34, 53]
[34, 169]
[34, 217]
[34, 276]
[35, 164]
[35, 316]
[35, 418]
[36, 70]
[36, 236]
[36, 310]
[36, 413]
[37, 61]
[37, 195]
[37, 254]
[37, 446]
[38, 253]
[38, 331]
[38, 502]
[39, 123]
[39, 384]
[39, 401]
[39, 552]
[40, 304]
[40, 373]
[40, 378]
[40, 416]
[41, 62]
[41, 341]
[41, 390]
[41, 592]
[42, 354]
[42, 397]
[42, 494]
[42, 561]
[43, 53]
[43, 85]
[43, 215]
[43, 478]
[44, 134]
[44, 187]
[44, 297]
[44, 563]
[45, 382]
[45, 430]
[45, 550]
[45, 560]
[46, 139]
[46, 221]
[46, 276]
[46, 340]
[47, 259]
[47, 308]
[47, 352]
[47, 550]
[48, 136]
[48, 264]
[48, 444]
[49, 257]
[49, 406]
[49, 426]
[49, 545]
[50, 105]
[50, 145]
[50, 152]
[51, 66]
[51, 76]
[51, 158]
[51, 444]
[52, 75]
[52, 181]
[52, 330]
[52, 585]
[53, 96]
[53, 111]
[54, 143]
[54, 417]
[54, 482]
[54, 519]
[55, 380]
[55, 382]
[55, 409]
[55, 463]
[56, 375]
[56, 534]
[56, 570]
[56, 579]
[57, 170]
[57, 187]
[57, 210]
[57, 557]
[58, 180]
[58, 190]
[58, 296]
[58, 426]
[59, 175]
[59, 261]
[59, 331]
[59, 498]
[60, 122]
[60, 242]
[60, 453]
[60, 578]
[61, 301]
[61, 429]
[61, 463]
[62, 140]
[62, 339]
[62, 342]
[63, 126]
[63, 131]
[63, 358]
[64, 75]
[64, 407]
[64, 414]
[65, 185]
[65, 236]
[65, 425]
[65, 465]
[66, 289]
[66, 422]
[66, 587]
[67, 215]
[67, 271]
[67, 437]
[67, 599]
[68, 402]
[68, 420]
[68, 451]
[69, 135]
[69, 167]
[69, 396]
[69, 453]
[70, 185]
[70, 362]
[70, 400]
[71, 408]
[71, 420]
[71, 549]
[71, 590]
[72, 233]
[72, 504]
[72, 522]
[72, 523]
[73, 83]
[73, 200]
[73, 252]
[73, 568]
[74, 78]
[74, 117]
[74, 157]
[74, 479]
[75, 272]
[75, 333]
[76, 113]
[76, 264]
[76, 561]
[77, 96]
[77, 169]
[77, 475]
[77, 531]
[78, 82]
[78, 229]
[78, 383]
[79, 214]
[79, 243]
[79, 453]
[80, 247]
[80, 267]
[80, 525]
[80, 575]
[81, 282]
[81, 469]
[81, 568]
[82, 107]
[82, 199]
[83, 121]
[83, 445]
[83, 560]
[84, 94]
[84, 95]
[85, 178]
[85, 276]
[85, 599]
[86, 106]
[86, 273]
[86, 435]
[86, 530]
[87, 103]
[87, 134]
[87, 467]
[87, 470]
[88, 168]
[88, 210]
[88, 409]
[88, 476]
[89, 182]
[89, 384]
[89, 558]
[90, 162]
[90, 304]
[90, 334]
[90, 570]
[91, 136]
[91, 335]
[91, 466]
[91, 528]
[92, 128]
[92, 273]
[92, 326]
[92, 488]
[93, 314]
[93, 369]
[93, 513]
[93, 574]
[94, 244]
[94, 366]
[94, 540]
[95, 99]
[95, 194]
[95, 207]
[96, 462]
[96, 559]
[97, 192]
[97, 403]
[97, 479]
[97, 484]
[98, 227]
[98, 245]
[98, 370]
[99, 369]
[99, 518]
[99, 540]
[100, 155]
[100, 164]
[100, 177]
[100, 477]
[101, 214]
[101, 272]
[101, 296]
[101, 541]
[102, 164]
[102, 298]
[102, 554]
[102, 596]
[103, 433]
[103, 504]
[103, 590]
[104, 344]
[104, 391]
[104, 454]
[104, 536]
[105, 231]
[105, 564]
[105, 589]
[106, 266]
[106, 313]
[106, 514]
[107, 391]
[107, 477]
[107, 565]
[108, 119]
[108, 391]
[108, 532]
[109, 283]
[109, 330]
[109, 333]
[110, 208]
[110, 326]
[110, 387]
[110, 496]
[111, 112]
[111, 493]
[111, 495]
[112, 206]
[112, 217]
[112, 491]
[113, 300]
[113, 341]
[113, 422]
[114, 386]
[114, 483]
[114, 591]
[115, 208]
[115, 304]
[115, 332]
[115, 377]
[116, 192]
[116, 193]
[116, 466]
[116, 597]
[117, 236]
[117, 366]
[117, 403]
[118, 172]
[118, 256]
[118, 409]
[119, 145]
[119, 361]
[119, 426]
[120, 192]
[120, 421]
[120, 428]
[120, 540]
[121, 130]
[121, 287]
[122, 135]
[122, 288]
[123, 132]
[123, 274]
[123, 359]
[124, 148]
[124, 210]
[124, 544]
[124, 598]
[125, 182]
[125, 183]
[125, 235]
[127, 153]
[127, 355]
[127, 365]
[127, 417]
[128, 208]
[128, 216]
[128, 542]
[129, 181]
[129, 212]
[129, 280]
[130, 172]
[130, 235]
[130, 595]
[131, 176]
[131, 547]
[132, 247]
[132, 285]
[132, 363]
[133, 140]
[133, 223]
[133, 341]
[134, 170]
[134, 347]
[135, 160]
[135, 279]
[136, 243]
[136, 278]
[137, 166]
[137, 235]
[137, 284]
[137, 486]
[138, 237]
[138, 328]
[138, 450]
[138, 571]
[139, 169]
[139, 281]
[139, 351]
[141, 432]
[141, 446]
[141, 497]
[141, 535]
[142, 176]
[142, 343]
[142, 370]
[142, 472]
[143, 488]
[143, 512]
[143, 586]
[144, 160]
[144, 218]
[144, 258]
[144, 292]
[145, 205]
[145, 257]
[146, 306]
[146, 520]
[146, 596]
[147, 189]
[147, 238]
[147, 463]
[147, 492]
[148, 168]
[148, 372]
[148, 481]
[149, 309]
[149, 327]
[149, 457]
[149, 484]
[150, 233]
[150, 274]
[150, 552]
[151, 232]
[151, 280]
[151, 384]
[151, 499]
[152, 199]
[152, 349]
[152, 538]
[153, 163]
[153, 291]
[153, 447]
[154, 199]
[154, 229]
[154, 465]
[154, 570]
[155, 184]
[155, 418]
[155, 434]
[156, 209]
[156, 214]
[156, 228]
[157, 231]
[157, 584]
[158, 174]
[158, 432]
[158, 594]
[159, 293]
[159, 313]
[159, 387]
[159, 530]
[160, 302]
[160, 441]
[161, 212]
[161, 269]
[161, 419]
[161, 442]
[162, 208]
[162, 249]
[162, 268]
[163, 314]
[163, 318]
[163, 336]
[164, 439]
[165, 276]
[165, 356]
[165, 357]
[165, 502]
[166, 401]
[166, 523]
[166, 525]
[167, 188]
[167, 333]
[167, 407]
[168, 367]
[168, 380]
[169, 551]
[170, 553]
[170, 590]
[171, 219]
[171, 294]
[171, 469]
[172, 476]
[172, 486]
[173, 277]
[173, 348]
[173, 393]
[173, 536]
[174, 381]
[174, 497]
[174, 561]
[175, 217]
[175, 259]
[175, 551]
[176, 258]
[176, 573]
[177, 298]
[177, 361]
[177, 391]
[178, 186]
[178, 349]
[178, 356]
[179, 281]
[179, 340]
[179, 437]
[179, 545]
[180, 225]
[180, 246]
[180, 361]
[181, 239]
[181, 269]
[182, 280]
[182, 559]
[183, 255]
[183, 556]
[183, 595]
[184, 349]
[184, 375]
[184, 582]
[185, 440]
[185, 539]
[186, 478]
[186, 582]
[187, 524]
[187, 544]
[188, 230]
[188, 279]
[189, 230]
[189, 292]
[189, 301]
[190, 214]
[190, 364]
[190, 393]
[191, 194]
[191, 202]
[191, 241]
[191, 527]
[192, 309]
[193, 312]
[193, 479]
[193, 584]
[194, 362]
[194, 539]
[195, 218]
[195, 415]
[195, 432]
[196, 373]
[196, 439]
[196, 477]
[196, 534]
[197, 447]
[197, 452]
[197, 457]
[198, 431]
[198, 579]
[199, 375]
[200, 206]
[200, 308]
[200, 495]
[201, 357]
[201, 360]
[201, 471]
[201, 491]
[202, 207]
[202, 227]
[202, 464]
[203, 263]
[203, 348]
[203, 354]
[204, 210]
[204, 429]
[204, 446]
[204, 553]
[205, 349]
[205, 434]
[205, 599]
[206, 259]
[206, 307]
[207, 547]
[209, 272]
[209, 419]
[211, 216]
[211, 488]
[211, 508]
[211, 519]
[212, 232]
[212, 448]
[213, 412]
[213, 429]
[213, 549]
[215, 462]
[215, 499]
[216, 332]
[216, 460]
[217, 357]
[218, 301]
[218, 594]
[219, 530]
[219, 580]
[220, 376]
[220, 396]
[220, 407]
[221, 483]
[221, 502]
[221, 589]
[222, 303]
[222, 324]
[222, 405]
[222, 574]
[223, 422]
[223, 457]
[223, 474]
[224, 310]
[224, 484]
[224, 501]
[225, 298]
[225, 393]
[225, 546]
[226, 265]
[226, 450]
[226, 519]
[226, 563]
[227, 325]
[227, 472]
[228, 354]
[228, 376]
[229, 236]
[229, 334]
[230, 262]
[230, 374]
[231, 350]
[231, 366]
[232, 404]
[232, 552]
[233, 411]
[233, 520]
[234, 250]
[234, 374]
[234, 456]
[237, 265]
[237, 342]
[237, 592]
[238, 374]
[238, 382]
[238, 468]
[239, 437]
[239, 462]
[239, 475]
[240, 399]
[240, 406]
[240, 576]
[240, 578]
[241, 303]
[241, 325]
[241, 514]
[242, 321]
[242, 386]
[242, 406]
[243, 364]
[243, 578]
[244, 350]
[244, 421]
[245, 517]
[245, 593]
[246, 271]
[246, 423]
[246, 442]
[247, 401]
[247, 533]
[248, 254]
[248, 355]
[248, 481]
[248, 598]
[249, 322]
[249, 387]
[249, 431]
[250, 255]
[250, 330]
[250, 531]
[251, 266]
[251, 273]
[251, 405]
[251, 542]
[252, 307]
[252, 410]
[253, 261]
[253, 483]
[254, 343]
[254, 394]
[255, 305]
[255, 585]
[256, 305]
[256, 382]
[256, 595]
[257, 340]
[257, 589]
[258, 415]
[258, 487]
[259, 353]
[260, 295]
[260, 316]
[260, 359]
[260, 548]
[261, 473]
[261, 510]
[262, 407]
[262, 412]
[263, 397]
[263, 562]
[264, 354]
[264, 529]
[265, 452]
[265, 521]
[266, 303]
[266, 400]
[267, 285]
[267, 368]
[267, 427]
[268, 400]
[268, 413]
[268, 542]
[269, 272]
[269, 423]
[270, 289]
[270, 318]
[270, 487]
[270, 543]
[271, 434]
[271, 588]
[273, 512]
[274, 316]
[274, 337]
[275, 282]
[275, 290]
[275, 293]
[277, 278]
[277, 364]
[277, 454]
[278, 529]
[279, 292]
[279, 572]
[280, 462]
[281, 283]
[281, 475]
[282, 505]
[282, 526]
[283, 321]
[284, 402]
[284, 448]
[285, 337]
[285, 459]
[286, 339]
[286, 390]
[286, 536]
[286, 596]
[287, 533]
[287, 568]
[288, 302]
[288, 335]
[289, 474]
[289, 528]
[290, 491]
[290, 493]
[291, 535]
[291, 587]
[292, 573]
[293, 500]
[294, 326]
[294, 395]
[294, 537]
[295, 371]
[295, 579]
[296, 423]
[296, 545]
[297, 368]
[297, 450]
[297, 467]
[298, 536]
[299, 372]
[299, 435]
[299, 512]
[300, 338]
[300, 521]
[300, 592]
[301, 412]
[302, 487]
[302, 528]
[303, 362]
[304, 534]
[305, 374]
[306, 328]
[306, 411]
[306, 503]
[307, 346]
[307, 500]
[308, 556]
[308, 560]
[309, 474]
[309, 543]
[310, 403]
[310, 518]
[311, 358]
[311, 473]
[311, 480]
[311, 485]
[312, 454]
[313, 322]
[313, 389]
[314, 327]
[314, 543]
[315, 347]
[315, 521]
[315, 535]
[315, 563]
[316, 443]
[317, 360]
[317, 431]
[317, 440]
[317, 465]
[318, 415]
[318, 587]
[319, 329]
[319, 339]
[319, 373]
[319, 567]
[320, 359]
[320, 384]
[320, 424]
[320, 505]
[321, 541]
[321, 545]
[322, 400]
[322, 440]
[323, 524]
[323, 537]
[323, 586]
[324, 325]
[324, 513]
[324, 566]
[325, 593]
[326, 530]
[327, 447]
[327, 501]
[328, 458]
[328, 467]
[329, 342]
[329, 378]
[329, 571]
[330, 475]
[331, 357]
[331, 398]
[332, 378]
[332, 577]
[333, 541]
[334, 413]
[334, 416]
[335, 578]
[335, 597]
[336, 343]
[336, 355]
[336, 513]
[337, 411]
[337, 461]
[338, 347]
[338, 470]
[338, 561]
[339, 344]
[340, 599]
[341, 529]
[342, 490]
[343, 415]
[344, 565]
[345, 480]
[345, 572]
[346, 353]
[346, 385]
[346, 507]
[347, 497]
[348, 390]
[348, 529]
[350, 576]
[350, 591]
[351, 483]
[351, 510]
[352, 456]
[352, 531]
[352, 551]
[353, 498]
[353, 506]
[355, 566]
[356, 360]
[356, 538]
[358, 572]
[358, 573]
[359, 526]
[361, 434]
[362, 518]
[363, 395]
[363, 469]
[363, 526]
[364, 399]
[365, 482]
[365, 535]
[365, 598]
[366, 425]
[367, 445]
[367, 555]
[368, 388]
[368, 524]
[369, 428]
[369, 547]
[370, 394]
[370, 492]
[371, 377]
[371, 443]
[371, 534]
[372, 555]
[372, 586]
[373, 565]
[375, 477]
[376, 494]
[377, 449]
[377, 496]
[378, 515]
[379, 419]
[379, 546]
[379, 562]
[380, 430]
[381, 494]
[381, 549]
[383, 416]
[383, 509]
[383, 565]
[385, 392]
[385, 410]
[385, 517]
[388, 459]
[388, 508]
[388, 537]
[389, 471]
[389, 500]
[389, 507]
[392, 435]
[392, 514]
[392, 593]
[394, 463]
[395, 459]
[395, 496]
[396, 441]
[397, 433]
[397, 470]
[398, 471]
[398, 527]
[398, 539]
[399, 426]
[399, 532]
[402, 408]
[402, 414]
[403, 540]
[404, 442]
[404, 588]
[405, 436]
[405, 569]
[406, 591]
[408, 486]
[409, 429]
[410, 445]
[410, 580]
[411, 427]
[414, 585]
[416, 581]
[417, 436]
[417, 455]
[418, 548]
[418, 588]
[419, 451]
[420, 433]
[420, 494]
[421, 597]
[423, 437]
[424, 478]
[424, 499]
[424, 548]
[425, 564]
[427, 467]
[427, 504]
[428, 543]
[430, 445]
[430, 517]
[431, 570]
[432, 587]
[433, 522]
[435, 580]
[436, 512]
[436, 566]
[438, 460]
[438, 542]
[438, 569]
[439, 443]
[439, 567]
[440, 471]
[441, 444]
[441, 594]
[442, 546]
[443, 461]
[444, 528]
[446, 598]
[447, 455]
[448, 451]
[448, 523]
[449, 459]
[449, 461]
[449, 577]
[450, 508]
[451, 522]
[452, 490]
[452, 511]
[453, 541]
[454, 532]
[455, 511]
[455, 569]
[456, 468]
[456, 480]
[458, 470]
[458, 592]
[460, 511]
[460, 515]
[461, 503]
[464, 473]
[464, 498]
[465, 538]
[466, 474]
[468, 485]
[468, 550]
[469, 533]
[472, 513]
[472, 547]
[476, 557]
[478, 493]
[479, 509]
[480, 510]
[482, 544]
[482, 563]
[484, 516]
[485, 492]
[486, 583]
[488, 537]
[489, 533]
[489, 575]
[490, 515]
[491, 500]
[492, 573]
[493, 505]
[495, 558]
[495, 559]
[497, 553]
[498, 527]
[499, 588]
[501, 569]
[501, 574]
[502, 564]
[503, 567]
[503, 571]
[504, 525]
[505, 558]
[506, 517]
[506, 550]
[507, 514]
[507, 527]
[508, 577]
[509, 516]
[510, 551]
[511, 519]
[515, 581]
[516, 581]
[518, 574]
[520, 554]
[520, 562]
[522, 562]
[523, 552]
[524, 575]
[525, 583]
[531, 556]
[532, 584]
[538, 564]
[544, 586]
[546, 554]
[548, 582]
[549, 553]
[555, 580]
[556, 559]
[557, 575]
[557, 583]
[558, 568]
[560, 595]
[567, 596]
[571, 577]
[576, 584]
[576, 597]
[579, 582]
[583, 590]
[589, 591]
