[105, 22, 49, 46, 53, 97, 100, 44, 8, 0]
[0, 8, 84, 82, 69, 107]
[107, 80, 105, 0]
[1, 20, 86, 109, 103, 34, 9, 112, 50, 106]
[63, 99, 20, 1]
[106, 35, 110, 56, 63, 1]
[102, 26, 67, 2]
[2, 67, 30, 19, 91, 115]
[115, 54, 87, 68, 57, 42, 116, 40, 102, 2]
[79, 29, 43, 3]
[3, 43, 41, 93, 74, 30, 67, 26, 25, 70]
[3, 70, 81, 92, 17, 79]
[4, 53, 46, 118]
[108, 16, 21, 97, 53, 4]
[118, 37, 73, 6, 111, 119, 66, 28, 108, 4]
[5, 33, 31, 48]
[114, 72, 71, 113, 33, 5]
[5, 48, 58, 92, 81, 90, 104, 39, 14, 114]
[6, 23, 77, 111]
[73, 103, 109, 85, 23, 6]
[55, 36, 38, 51, 59, 71, 72, 10, 12, 7]
[7, 12, 42, 57]
[57, 68, 47, 27, 55, 7]
[8, 44, 98, 84]
[9, 34, 37, 118, 46, 49]
[9, 49, 22, 112]
[14, 39, 116, 42, 12, 10]
[72, 114, 14, 10]
[94, 76, 45, 11]
[11, 45, 98, 44, 100, 62]
[11, 62, 21, 16, 52, 29, 79, 17, 117, 94]
[61, 15, 18, 87, 54, 13]
[13, 54, 115, 91]
[91, 19, 60, 77, 23, 85, 75, 32, 61, 13]
[88, 99, 63, 56, 78, 24, 27, 47, 18, 15]
[15, 61, 32, 88]
[108, 28, 52, 16]
[17, 92, 58, 117]
[18, 47, 68, 87]
[19, 30, 74, 60]
[99, 88, 32, 75, 86, 20]
[21, 62, 100, 97]
[22, 105, 80, 89, 50, 112]
[36, 55, 27, 24]
[78, 65, 95, 38, 36, 24]
[25, 26, 102, 40, 104, 90]
[90, 81, 70, 25]
[66, 41, 43, 29, 52, 28]
[31, 33, 113, 101, 64, 82, 84, 98, 45, 76]
[76, 94, 117, 58, 48, 31]
[103, 73, 37, 34]
[106, 50, 89, 35]
[35, 89, 80, 107, 69, 96, 83, 95, 65, 110]
[95, 83, 51, 38]
[39, 104, 40, 116]
[41, 66, 119, 93]
[83, 96, 64, 101, 59, 51]
[110, 65, 78, 56]
[101, 113, 71, 59]
[60, 74, 93, 119, 111, 77]
[96, 69, 82, 64]
[75, 85, 109, 86]
