[3433, 3570]
[3441, 3527]
[3451, 3589]
[3457, 3591]
[3477, 3480]
[3248, 3344]
[3250, 3548]
[3251, 3494]
[3257, 3299]
[3258, 3332]
[3270, 3501]
[3274, 3590]
[3280, 3313]
[3288, 3295]
[3304, 3356]
[3310, 3339]
[3310, 3408]
[3315, 3521]
[3319, 3419]
[3326, 3489]
[3330, 3505]
[3339, 3408]
[3343, 3435]
[3349, 3541]
[3354, 3571]
[3359, 3371]
[3379, 3538]
[3389, 3574]
[3400, 3555]
[3405, 3417]
[3412, 3422]
[3413, 3502]
[3061, 3205]
[3062, 3532]
[3063, 3293]
[3064, 3587]
[3074, 3305]
[3076, 3392]
[3077, 3164]
[3081, 3323]
[3083, 3147]
[3084, 3286]
[3085, 3499]
[3091, 3320]
[3096, 3376]
[3100, 3246]
[3104, 3219]
[3104, 3561]
[3106, 3551]
[3107, 3552]
[3108, 3431]
[3114, 3374]
[3115, 3133]
[3120, 3275]
[3125, 3314]
[3129, 3222]
[3136, 3470]
[3137, 3557]
[3139, 3550]
[3140, 3302]
[3151, 3229]
[3161, 3225]
[3166, 3196]
[3167, 3405]
[3167, 3417]
[3168, 3177]
[3168, 3366]
[3170, 3473]
[3171, 3217]
[3172, 3357]
[3177, 3366]
[3186, 3321]
[3195, 3240]
[3209, 3258]
[3209, 3332]
[3211, 3429]
[3219, 3561]
[2881, 2894]
[2883, 3159]
[2885, 3057]
[2885, 3575]
[2889, 3309]
[2893, 3115]
[2893, 3133]
[2897, 2936]
[2898, 2905]
[2900, 3446]
[2908, 3404]
[2915, 2961]
[2916, 3224]
[2921, 3175]
[2924, 3318]
[2925, 2968]
[2926, 3109]
[2928, 3112]
[2929, 3308]
[2932, 3592]
[2940, 2996]
[2942, 3061]
[2942, 3205]
[2949, 3174]
[2950, 3260]
[2954, 3093]
[2955, 3132]
[2956, 3478]
[2966, 3368]
[2972, 3289]
[2973, 3079]
[2979, 3215]
[2980, 3127]
[2999, 3515]
[3000, 3253]
[3006, 3088]
[3008, 3182]
[3009, 3350]
[3011, 3511]
[3013, 3378]
[3018, 3420]
[3019, 3294]
[3024, 3184]
[3028, 3425]
[3029, 3471]
[3033, 3324]
[3035, 3553]
[3036, 3137]
[3036, 3557]
[3037, 3393]
[3040, 3080]
[3048, 3351]
[3049, 3543]
[3051, 3267]
[3055, 3514]
[3057, 3575]
[3059, 3498]
[2340, 3474]
[2344, 3249]
[2347, 3095]
[2352, 2448]
[2354, 2467]
[2355, 3058]
[2357, 2798]
[2359, 3154]
[2360, 3255]
[2362, 2848]
[2364, 2427]
[2364, 3406]
[2365, 3462]
[2366, 2514]
[2366, 2763]
[2367, 2500]
[2368, 2478]
[2369, 2719]
[2369, 2809]
[2370, 3355]
[2371, 2424]
[2372, 2622]
[2373, 2657]
[2374, 3331]
[2375, 2865]
[2376, 3554]
[2377, 3284]
[2381, 2430]
[2382, 3207]
[2383, 3490]
[2384, 2460]
[2385, 3046]
[2386, 2431]
[2389, 3352]
[2391, 2621]
[2394, 3203]
[2395, 2820]
[2395, 2931]
[2399, 2529]
[2400, 2706]
[2401, 3102]
[2403, 3337]
[2405, 3381]
[2408, 2630]
[2409, 2986]
[2410, 2860]
[2413, 2439]
[2414, 2523]
[2414, 3157]
[2415, 3010]
[2420, 2687]
[2422, 3380]
[2425, 2912]
[2427, 3406]
[2428, 3025]
[2435, 2740]
[2438, 2751]
[2440, 3388]
[2441, 3360]
[2445, 2646]
[2447, 2489]
[2447, 2516]
[2449, 3397]
[2451, 2476]
[2451, 2913]
[2452, 2918]
[2453, 2800]
[2454, 2871]
[2456, 2746]
[2456, 3472]
[2457, 2643]
[2458, 3208]
[2461, 2663]
[2461, 2840]
[2462, 2552]
[2463, 3216]
[2465, 3303]
[2471, 2641]
[2473, 2835]
[2474, 2669]
[2475, 3005]
[2476, 2913]
[2477, 2479]
[2481, 3156]
[2485, 2713]
[2485, 3443]
[2489, 2516]
[2490, 3143]
[2491, 2525]
[2492, 2834]
[2493, 2792]
[2494, 3377]
[2496, 3193]
[2497, 3517]
[2498, 3565]
[2501, 3319]
[2501, 3419]
[2502, 2987]
[2504, 2507]
[2505, 3212]
[2508, 2777]
[2510, 3333]
[2512, 3442]
[2514, 2763]
[2515, 3172]
[2515, 3357]
[2518, 3124]
[2519, 3537]
[1620, 1795]
[1620, 2260]
[1621, 1749]
[1623, 1758]
[1624, 2550]
[1625, 3111]
[1627, 1957]
[1627, 2411]
[1629, 2930]
[1630, 3106]
[1630, 3551]
[1632, 2648]
[1634, 2670]
[1635, 2132]
[1635, 2667]
[1636, 2824]
[1636, 3022]
[1638, 2253]
[1638, 3152]
[1641, 2272]
[1641, 3052]
[1642, 2208]
[1643, 2145]
[1644, 2490]
[1644, 3143]
[1645, 3297]
[1646, 2463]
[1646, 3216]
[1647, 2125]
[1648, 2175]
[1649, 2528]
[1650, 2870]
[1651, 2650]
[1652, 3264]
[1653, 3191]
[1654, 2617]
[1655, 1975]
[1656, 1930]
[1656, 2342]
[1657, 2973]
[1657, 3079]
[1658, 3236]
[1660, 3467]
[1661, 2159]
[1662, 2143]
[1662, 2240]
[1663, 3150]
[1664, 1835]
[1665, 2761]
[1666, 3134]
[1667, 2923]
[1668, 2101]
[1669, 2474]
[1669, 2669]
[1670, 1698]
[1671, 2171]
[1672, 2748]
[1674, 2186]
[1674, 3449]
[1678, 1718]
[1678, 1968]
[1680, 2879]
[1680, 3439]
[1681, 2586]
[1682, 2077]
[1684, 2384]
[1684, 2460]
[1685, 3330]
[1685, 3505]
[1686, 3424]
[1687, 2276]
[1688, 2704]
[1689, 2182]
[1689, 2437]
[1690, 2844]
[1692, 2656]
[1692, 3002]
[1696, 3440]
[1699, 1858]
[1699, 3149]
[1700, 3037]
[1700, 3393]
[1701, 3261]
[1702, 2041]
[1702, 2696]
[1703, 2623]
[1704, 1943]
[1704, 3298]
[1705, 2600]
[1705, 3434]
[1706, 2373]
[1706, 2657]
[1707, 2595]
[1708, 1715]
[1709, 1976]
[1710, 3012]
[1711, 2189]
[1713, 3477]
[1713, 3480]
[1714, 2873]
[1716, 3488]
[1717, 3285]
[1718, 1968]
[1719, 2972]
[1719, 3289]
[1721, 1872]
[1721, 2795]
[1722, 2013]
[1723, 2333]
[1723, 2341]
[1724, 3509]
[1725, 3304]
[1725, 3356]
[1727, 3433]
[1727, 3570]
[1728, 2124]
[1728, 3266]
[1729, 2984]
[1730, 3105]
[1732, 2217]
[1733, 2568]
[1733, 2660]
[1734, 3533]
[1735, 2975]
[1736, 3427]
[1737, 3569]
[1738, 2845]
[1739, 3456]
[1740, 2589]
[1741, 2036]
[1741, 3116]
[1743, 2654]
[1744, 2901]
[1746, 1906]
[1748, 2188]
[1750, 2352]
[1750, 2448]
[1751, 2135]
[1752, 1955]
[1753, 2192]
[1754, 2493]
[1754, 2792]
[1755, 1941]
[1755, 2922]
[1756, 3426]
[1757, 2340]
[1757, 3474]
[1759, 3178]
[1760, 2635]
[1760, 3528]
[1761, 2149]
[1761, 3065]
[1762, 2154]
[1762, 2904]
[1763, 3316]
[1764, 3432]
[1766, 2512]
[1766, 3442]
[1767, 3402]
[1768, 2556]
[1768, 3099]
[1769, 2680]
[1770, 3117]
[1771, 2180]
[1771, 3071]
[1772, 2682]
[1773, 2616]
[1774, 1787]
[1774, 3578]
[1775, 2151]
[1776, 2714]
[1777, 1818]
[1777, 2619]
[1778, 3016]
[1782, 3306]
[1785, 2158]
[1785, 3243]
[1787, 3578]
[1788, 2639]
[1788, 2653]
[1789, 3301]
[1790, 2277]
[1790, 2737]
[1791, 2895]
[1792, 2664]
[1794, 2258]
[1795, 2260]
[1796, 3549]
[1797, 3084]
[1797, 3286]
[1798, 2611]
[2702, 3437]
[2707, 3230]
[2708, 3576]
[2709, 3049]
[2709, 3543]
[2710, 2971]
[2712, 3395]
[2713, 3443]
[2716, 3166]
[2716, 3196]
[2717, 3594]
[2719, 2809]
[2725, 3444]
[2727, 3244]
[2728, 3327]
[2735, 3194]
[2736, 3074]
[2736, 3305]
[2738, 2953]
[2739, 3579]
[2745, 3092]
[2746, 3472]
[2749, 3367]
[2750, 2907]
[2752, 3001]
[2754, 3034]
[2756, 2989]
[2758, 3221]
[2762, 3085]
[2762, 3499]
[2764, 2812]
[2766, 3484]
[2769, 3476]
[2771, 3398]
[2772, 3163]
[2773, 3346]
[2775, 3386]
[2778, 3155]
[2780, 3399]
[2784, 3504]
[2786, 3598]
[2787, 3466]
[2790, 3394]
[2791, 3340]
[2793, 3273]
[2797, 3520]
[2799, 3542]
[2801, 3056]
[2803, 3508]
[2804, 3597]
[2805, 2992]
[2807, 3114]
[2807, 3374]
[2813, 2874]
[2816, 3563]
[2817, 3409]
[2820, 2931]
[2822, 2943]
[2823, 3287]
[2824, 3022]
[2828, 3448]
[2830, 2917]
[2831, 2933]
[2836, 3522]
[2838, 2965]
[2839, 3181]
[2842, 2982]
[2850, 2983]
[2853, 3534]
[2858, 3487]
[2861, 3271]
[2863, 2998]
[2866, 2932]
[2866, 3592]
[2867, 3506]
[2868, 3400]
[2868, 3555]
[2872, 3588]
[2877, 3256]
[2879, 3439]
[2520, 2908]
[2520, 3404]
[2523, 3157]
[2524, 3510]
[2526, 3453]
[2527, 3220]
[2530, 2896]
[2531, 2827]
[2532, 3558]
[2533, 2636]
[2535, 2711]
[2536, 2977]
[2537, 3347]
[2538, 2829]
[2539, 3110]
[2540, 3245]
[2541, 3270]
[2541, 3501]
[2544, 3199]
[2545, 2862]
[2546, 2710]
[2546, 2971]
[2551, 2804]
[2551, 3597]
[2553, 3098]
[2554, 3213]
[2556, 3099]
[2557, 3021]
[2558, 3242]
[2559, 3087]
[2560, 2712]
[2560, 3395]
[2562, 2962]
[2563, 3188]
[2566, 3142]
[2567, 3529]
[2568, 2660]
[2571, 3020]
[2573, 2995]
[2576, 3265]
[2578, 2695]
[2579, 2757]
[2580, 3546]
[2581, 3539]
[2582, 3411]
[2583, 3044]
[2584, 3519]
[2588, 3451]
[2588, 3589]
[2590, 2946]
[2591, 2837]
[2592, 3068]
[2593, 3401]
[2596, 3292]
[2599, 2903]
[2600, 3434]
[2604, 3250]
[2604, 3548]
[2607, 3341]
[2610, 2832]
[2618, 2882]
[2625, 2760]
[2626, 3090]
[2628, 3421]
[2631, 3382]
[2632, 2690]
[2635, 3528]
[2637, 3307]
[2639, 2653]
[2645, 2743]
[2647, 3507]
[2652, 3214]
[2655, 2814]
[2656, 3002]
[2658, 2683]
[2659, 2665]
[2659, 3128]
[2662, 3403]
[2663, 2840]
[2665, 3128]
[2666, 3349]
[2666, 3541]
[2668, 2857]
[2673, 3122]
[2674, 3232]
[2675, 3283]
[2676, 2997]
[2677, 2785]
[2684, 3384]
[2689, 3460]
[2691, 3257]
[2691, 3299]
[2693, 2722]
[2697, 3495]
[2698, 3151]
[2698, 3229]
[2699, 2864]
[1981, 2417]
[1984, 2198]
[1984, 3239]
[1985, 2426]
[1988, 2613]
[1990, 2298]
[1991, 3359]
[1991, 3371]
[1993, 3050]
[1994, 2391]
[1994, 2621]
[1995, 2911]
[1997, 2215]
[1998, 2672]
[1999, 2651]
[2000, 3485]
[2001, 2562]
[2001, 2962]
[2002, 3493]
[2003, 3497]
[2005, 3179]
[2006, 2387]
[2007, 2020]
[2008, 3262]
[2009, 3486]
[2014, 3066]
[2015, 2991]
[2016, 2167]
[2017, 2343]
[2018, 2749]
[2018, 3367]
[2019, 2265]
[2021, 3407]
[2024, 2897]
[2024, 2936]
[2025, 2071]
[2026, 2468]
[2028, 2051]
[2028, 2703]
[2030, 3348]
[2031, 2828]
[2031, 3448]
[2032, 3023]
[2033, 3160]
[2034, 3017]
[2035, 2150]
[2036, 3116]
[2037, 2092]
[2039, 2313]
[2039, 3060]
[2041, 2696]
[2043, 2229]
[2043, 2847]
[2045, 2509]
[2046, 3100]
[2046, 3246]
[2047, 2480]
[2048, 3458]
[2049, 3503]
[2050, 3280]
[2050, 3313]
[2051, 2703]
[2054, 2323]
[2054, 2522]
[2055, 2587]
[2058, 3082]
[2059, 2250]
[2059, 3086]
[2060, 2575]
[2061, 2249]
[2062, 2900]
[2062, 3446]
[2063, 3269]
[2066, 2137]
[2066, 3559]
[2067, 3317]
[2069, 2700]
[2070, 2363]
[2072, 2637]
[2072, 3307]
[2073, 2854]
[2075, 2284]
[2076, 3387]
[2078, 3204]
[2080, 2791]
[2080, 3340]
[2082, 2412]
[2083, 2142]
[2084, 2203]
[2084, 2274]
[2087, 3362]
[2088, 2138]
[2088, 2549]
[2090, 2591]
[2090, 2837]
[2093, 2985]
[2095, 2503]
[2097, 2307]
[2097, 2948]
[2099, 3523]
[2100, 2379]
[2102, 2686]
[2105, 2429]
[2107, 2583]
[2107, 3044]
[2108, 2299]
[2109, 2311]
[2109, 3231]
[2110, 2227]
[2111, 3101]
[2112, 3454]
[2113, 2329]
[2115, 2853]
[2115, 3534]
[2117, 3007]
[2119, 2884]
[2120, 3361]
[2121, 2969]
[2123, 2766]
[2123, 3484]
[2124, 3266]
[2127, 2335]
[2127, 3526]
[2128, 2945]
[2129, 2799]
[2129, 3542]
[2131, 3585]
[2132, 2667]
[2133, 3544]
[2134, 3445]
[2136, 2578]
[2136, 2695]
[2137, 3559]
[2138, 2549]
[2139, 2245]
[2139, 3126]
[2140, 2547]
[2141, 2454]
[2141, 2871]
[2143, 2240]
[2144, 3369]
[2147, 2166]
[2147, 3277]
[2149, 3065]
[2152, 2418]
[2153, 2603]
[2154, 2904]
[2158, 3243]
[540, 1097]
[540, 2944]
[541, 1113]
[541, 2880]
[542, 794]
[542, 1765]
[543, 631]
[543, 1493]
[544, 3032]
[545, 563]
[545, 3535]
[546, 3560]
[547, 999]
[548, 1523]
[548, 1574]
[549, 2393]
[550, 3107]
[550, 3552]
[551, 2242]
[551, 2358]
[552, 2209]
[552, 3338]
[553, 1661]
[553, 2159]
[554, 1068]
[555, 2756]
[555, 2989]
[556, 1842]
[556, 3566]
[557, 3530]
[558, 2457]
[558, 2643]
[559, 1207]
[559, 2459]
[560, 1007]
[560, 1967]
[561, 1445]
[561, 3247]
[562, 2883]
[562, 3159]
[563, 3535]
[564, 577]
[564, 3089]
[565, 2473]
[565, 2835]
[566, 607]
[566, 1870]
[567, 1216]
[567, 1675]
[568, 1645]
[568, 3297]
[569, 2733]
[570, 1170]
[570, 1983]
[571, 629]
[571, 3067]
[572, 1089]
[572, 1326]
[573, 1903]
[573, 2251]
[574, 714]
[574, 3540]
[575, 1867]
[576, 2184]
[576, 2317]
[577, 3089]
[578, 927]
[578, 2851]
[579, 1534]
[579, 3121]
[580, 1951]
[581, 1763]
[581, 3316]
[582, 1090]
[582, 1954]
[583, 1112]
[583, 2042]
[584, 853]
[584, 1488]
[585, 1792]
[585, 2664]
[586, 1539]
[586, 2892]
[587, 2320]
[587, 2543]
[588, 1267]
[588, 2406]
[589, 3048]
[589, 3351]
[590, 2173]
[590, 3103]
[591, 1739]
[591, 3456]
[592, 1972]
[592, 2402]
[593, 2370]
[593, 3355]
[594, 2224]
[594, 2783]
[595, 3233]
[596, 2902]
[597, 1786]
[598, 1165]
[598, 2091]
[599, 1578]
[600, 2152]
[600, 2418]
[601, 1254]
[601, 2022]
[602, 3187]
[603, 2257]
[603, 2938]
[604, 2539]
[604, 3110]
[605, 1009]
[605, 1558]
[606, 2428]
[606, 3025]
[607, 1870]
[608, 2599]
[608, 2903]
[609, 1837]
[609, 2392]
[610, 2728]
[610, 3327]
[611, 1932]
[611, 2442]
[612, 1400]
[613, 2725]
[613, 3444]
[614, 2816]
[614, 3563]
[615, 1093]
[616, 1802]
[617, 3165]
[618, 2784]
[618, 3504]
[619, 1231]
[619, 1747]
[620, 877]
[620, 1337]
[621, 926]
[622, 2822]
[622, 2943]
[623, 669]
[623, 2216]
[624, 1202]
[624, 3043]
[625, 2266]
[626, 952]
[626, 1813]
[627, 821]
[627, 3373]
[628, 1035]
[628, 2056]
[629, 3067]
[630, 1971]
[630, 3097]
[631, 1493]
[632, 1589]
[632, 2443]
[633, 1164]
[634, 1309]
[634, 2407]
[635, 2708]
[635, 3576]
[636, 820]
[636, 2561]
[637, 731]
[637, 1965]
[638, 1687]
[638, 2276]
[639, 3465]
[640, 2100]
[640, 2379]
[641, 845]
[641, 2350]
[642, 1453]
[642, 2053]
[643, 1876]
[644, 768]
[645, 1343]
[645, 3210]
[646, 2692]
[647, 660]
[647, 3438]
[648, 1546]
[648, 3516]
[649, 2830]
[649, 2917]
[650, 1305]
[650, 2089]
[651, 2775]
[651, 3386]
[653, 2618]
[653, 2882]
[655, 2952]
[656, 837]
[656, 3141]
[657, 1226]
[657, 1349]
[659, 1701]
[659, 3261]
[660, 3438]
[661, 2498]
[661, 3565]
[662, 751]
[662, 1731]
[663, 3254]
[664, 805]
[664, 2085]
[665, 1560]
[665, 2337]
[666, 3463]
[667, 2548]
[668, 3198]
[669, 2216]
[670, 2513]
[671, 716]
[671, 3363]
[672, 1624]
[672, 2550]
[673, 1380]
[673, 2065]
[674, 1154]
[674, 2577]
[675, 2211]
[675, 2846]
[676, 1610]
[676, 3364]
[677, 1621]
[677, 1749]
[678, 1157]
[678, 1201]
[679, 3136]
[679, 3470]
[680, 2345]
[681, 1847]
[682, 715]
[683, 2032]
[683, 3023]
[684, 2183]
[684, 2642]
[685, 2099]
[685, 3523]
[686, 2727]
[686, 3244]
[687, 2881]
[687, 2894]
[688, 3170]
[688, 3473]
[689, 733]
[690, 1812]
[690, 3118]
[692, 1015]
[692, 1780]
[693, 912]
[694, 1042]
[694, 2268]
[695, 772]
[695, 3545]
[696, 1135]
[696, 1970]
[697, 1449]
[697, 1475]
[698, 1139]
[698, 3135]
[699, 1452]
[699, 1577]
[700, 1322]
[700, 3372]
[701, 1205]
[701, 3169]
[702, 2003]
[702, 3497]
[703, 1387]
[704, 1215]
[705, 1925]
[705, 3452]
[706, 1265]
[707, 2567]
[707, 3529]
[708, 3290]
[709, 1167]
[709, 1959]
[710, 1064]
[710, 3334]
[711, 1756]
[711, 3426]
[712, 2193]
[712, 3430]
[713, 1947]
[713, 3197]
[714, 3540]
[716, 3363]
[718, 1183]
[718, 1185]
[719, 860]
[1800, 3006]
[1800, 3088]
[1801, 2805]
[1801, 2992]
[1803, 2661]
[1804, 2574]
[1805, 3353]
[1807, 2012]
[1808, 2283]
[1810, 2293]
[1810, 3226]
[1811, 2371]
[1811, 2424]
[1812, 3118]
[1814, 3186]
[1814, 3321]
[1815, 2671]
[1816, 1990]
[1816, 2298]
[1818, 2619]
[1819, 1995]
[1819, 2911]
[1820, 2403]
[1820, 3337]
[1821, 2076]
[1821, 3387]
[1822, 2081]
[1823, 3218]
[1824, 2057]
[1825, 3325]
[1826, 2705]
[1827, 3180]
[1828, 1986]
[1831, 2559]
[1831, 3087]
[1834, 3158]
[1837, 2392]
[1838, 2694]
[1839, 1862]
[1840, 1894]
[1840, 2023]
[1842, 3566]
[1843, 1865]
[1844, 2602]
[1846, 2360]
[1846, 3255]
[1848, 2582]
[1848, 3411]
[1849, 3556]
[1850, 3315]
[1850, 3521]
[1851, 3146]
[1853, 1866]
[1853, 2332]
[1854, 2941]
[1855, 3322]
[1857, 1921]
[1857, 1992]
[1858, 3149]
[1859, 2633]
[1861, 1950]
[1863, 2697]
[1863, 3495]
[1864, 2422]
[1864, 3380]
[1866, 2332]
[1868, 2993]
[1869, 3469]
[1871, 2409]
[1871, 2986]
[1872, 2795]
[1873, 2875]
[1874, 1961]
[1874, 2202]
[1875, 2271]
[1875, 3031]
[1878, 3455]
[1880, 3300]
[1882, 2731]
[1883, 2351]
[1884, 2400]
[1884, 2706]
[1885, 3279]
[1886, 2811]
[1887, 2935]
[1888, 3162]
[1889, 2174]
[1890, 2867]
[1890, 3506]
[1892, 2788]
[1893, 2334]
[1893, 2396]
[1894, 2023]
[1895, 2104]
[1896, 2021]
[1896, 3407]
[1898, 2030]
[1898, 3348]
[1901, 3281]
[1902, 3370]
[1903, 2251]
[1904, 2156]
[1905, 3564]
[1907, 3583]
[1908, 3536]
[1909, 2372]
[1909, 2622]
[1910, 3076]
[1910, 3392]
[1912, 1985]
[1912, 2426]
[1913, 2449]
[1913, 3397]
[1915, 2813]
[1915, 2874]
[1917, 3263]
[1920, 3053]
[1921, 1992]
[1922, 2678]
[1923, 2286]
[1923, 2974]
[1924, 2769]
[1924, 3476]
[1925, 3452]
[1926, 2585]
[1927, 2160]
[1929, 2929]
[1929, 3308]
[1930, 2342]
[1931, 2747]
[1932, 2442]
[1933, 2382]
[1933, 3207]
[1934, 2826]
[1937, 2009]
[1937, 3486]
[1939, 2044]
[1940, 3593]
[1941, 2922]
[1942, 2255]
[1943, 3298]
[1944, 2689]
[1944, 3460]
[1945, 3252]
[1946, 3018]
[1946, 3420]
[1947, 3197]
[1948, 2606]
[1953, 2674]
[1953, 3232]
[1956, 2655]
[1956, 2814]
[1957, 2411]
[1958, 2306]
[1960, 2082]
[1960, 2412]
[1961, 2202]
[1963, 2634]
[1964, 2243]
[1964, 2720]
[1966, 2545]
[1966, 2862]
[1969, 2947]
[1971, 3097]
[1972, 2402]
[1973, 3354]
[1973, 3571]
[1974, 3038]
[1977, 3572]
[1979, 2027]
[2161, 2465]
[2161, 3303]
[2162, 2564]
[2163, 2949]
[2163, 3174]
[2164, 3259]
[2165, 2570]
[2166, 3277]
[2168, 3481]
[2169, 2626]
[2169, 3090]
[2170, 2210]
[2170, 3268]
[2173, 3103]
[2176, 2734]
[2177, 2767]
[2178, 2839]
[2178, 3181]
[2179, 2464]
[2180, 3071]
[2181, 2794]
[2182, 2437]
[2183, 2642]
[2184, 2317]
[2185, 2752]
[2185, 3001]
[2186, 3449]
[2187, 2649]
[2193, 3430]
[2194, 2416]
[2195, 2436]
[2196, 2487]
[2197, 2580]
[2197, 3546]
[2198, 3239]
[2199, 3072]
[2200, 3595]
[2201, 2631]
[2201, 3382]
[2203, 2274]
[2204, 2301]
[2204, 2819]
[2209, 3338]
[2210, 3268]
[2211, 2846]
[2212, 2542]
[2213, 2859]
[2218, 2869]
[2219, 2684]
[2219, 3384]
[2220, 2963]
[2222, 3483]
[2223, 2967]
[2224, 2783]
[2228, 3482]
[2229, 2847]
[2231, 2297]
[2231, 2627]
[2232, 3130]
[2233, 2876]
[2234, 2327]
[2234, 2685]
[2235, 2398]
[2236, 3183]
[2237, 2789]
[2239, 3328]
[2242, 2358]
[2243, 2720]
[2244, 2572]
[2245, 3126]
[2246, 3581]
[2247, 2344]
[2247, 3249]
[2248, 2291]
[2248, 3418]
[2250, 3086]
[2253, 3152]
[2254, 2718]
[2257, 2938]
[2259, 2324]
[2259, 2444]
[2262, 2605]
[2264, 2438]
[2264, 2751]
[2267, 3238]
[2270, 2381]
[2270, 2430]
[2271, 3031]
[2272, 3052]
[2273, 2394]
[2273, 3203]
[2277, 2737]
[2278, 3596]
[2279, 3004]
[2280, 2638]
[2281, 2496]
[2281, 3193]
[2282, 2521]
[2285, 2745]
[2285, 3092]
[2286, 2974]
[2287, 2920]
[2288, 3211]
[2288, 3429]
[2289, 2782]
[2290, 2856]
[2291, 3418]
[2292, 3228]
[2293, 3226]
[2294, 2957]
[2295, 2598]
[2296, 2956]
[2296, 3478]
[2297, 2627]
[2300, 2726]
[2301, 2819]
[2303, 2759]
[2304, 2899]
[2305, 2524]
[2305, 3510]
[2307, 2948]
[2308, 2887]
[2309, 3173]
[2310, 3491]
[2311, 3231]
[2313, 3060]
[2315, 2502]
[2315, 2987]
[2316, 2852]
[2320, 2543]
[2321, 2773]
[2321, 3346]
[2322, 3045]
[2323, 2522]
[2324, 2444]
[2325, 2357]
[2325, 2798]
[2326, 2768]
[2327, 2685]
[2328, 3577]
[2330, 2404]
[2331, 2348]
[2333, 2341]
[2334, 2396]
[2335, 3526]
[2336, 3040]
[2336, 3080]
[2338, 2385]
[2338, 3046]
[2339, 2647]
[2339, 3507]
[1080, 3003]
[1081, 1096]
[1081, 2808]
[1082, 1217]
[1082, 1448]
[1083, 1228]
[1083, 2701]
[1084, 1395]
[1084, 2390]
[1085, 1710]
[1085, 3012]
[1086, 2723]
[1087, 1697]
[1088, 2045]
[1088, 2509]
[1089, 1326]
[1090, 1954]
[1091, 2889]
[1091, 3309]
[1092, 2999]
[1092, 3515]
[1094, 3531]
[1095, 1213]
[1096, 2808]
[1097, 2944]
[1098, 2505]
[1098, 3212]
[1099, 2207]
[1100, 3415]
[1101, 3416]
[1102, 2205]
[1103, 1364]
[1103, 2511]
[1104, 1398]
[1104, 1609]
[1105, 1859]
[1105, 2633]
[1106, 1541]
[1106, 1809]
[1107, 2563]
[1107, 3188]
[1108, 1429]
[1109, 2399]
[1109, 2529]
[1111, 2230]
[1112, 2042]
[1113, 2880]
[1114, 2699]
[1114, 2864]
[1115, 1778]
[1115, 3016]
[1116, 1187]
[1116, 1479]
[1117, 1828]
[1117, 1986]
[1119, 2702]
[1119, 3437]
[1120, 1280]
[1120, 2565]
[1121, 1887]
[1121, 2935]
[1122, 1405]
[1122, 2423]
[1123, 2000]
[1123, 3485]
[1124, 2014]
[1124, 3066]
[1125, 2717]
[1125, 3594]
[1126, 3096]
[1126, 3376]
[1127, 3144]
[1128, 1783]
[1129, 1720]
[1130, 2976]
[1131, 2304]
[1131, 2899]
[1132, 1836]
[1133, 1229]
[1134, 1605]
[1134, 2172]
[1135, 1970]
[1136, 1734]
[1136, 3533]
[1137, 2118]
[1138, 1640]
[1139, 3135]
[1140, 1878]
[1140, 3455]
[1141, 1535]
[1141, 2939]
[1142, 1339]
[1142, 1554]
[1143, 1467]
[1143, 2796]
[1144, 1553]
[1144, 2495]
[1145, 2310]
[1145, 3491]
[1146, 1626]
[1147, 2926]
[1147, 3109]
[1148, 1568]
[1148, 2038]
[1149, 2102]
[1149, 2686]
[1150, 1709]
[1150, 1976]
[1151, 1598]
[1151, 2446]
[1152, 1566]
[1152, 3410]
[1153, 1432]
[1153, 3573]
[1154, 2577]
[1156, 2292]
[1156, 3228]
[1157, 1201]
[1158, 3014]
[1159, 3009]
[1159, 3350]
[1160, 1873]
[1160, 2875]
[1161, 1522]
[1161, 2849]
[1162, 2252]
[1163, 2632]
[1163, 2690]
[1165, 2091]
[1166, 1849]
[1166, 3556]
[1167, 1959]
[1168, 1188]
[1168, 3342]
[1169, 1402]
[1170, 1983]
[1171, 3248]
[1171, 3344]
[1172, 1505]
[1173, 2196]
[1173, 2487]
[1174, 1240]
[1175, 2676]
[1175, 2997]
[1176, 3311]
[1177, 1321]
[1177, 1881]
[1178, 2934]
[1179, 2928]
[1179, 3112]
[1180, 2008]
[1180, 3262]
[1181, 1726]
[1183, 1185]
[1184, 3077]
[1184, 3164]
[1186, 2801]
[1186, 3056]
[1187, 1479]
[1188, 3342]
[1189, 3567]
[1190, 2052]
[1192, 1210]
[1192, 2959]
[1193, 1426]
[1193, 3582]
[1194, 2615]
[1195, 2506]
[1196, 2607]
[1196, 3341]
[1197, 1490]
[1197, 2470]
[1198, 3042]
[1199, 1892]
[1199, 2788]
[1200, 1693]
[1202, 3043]
[1203, 2741]
[1204, 1658]
[1204, 3236]
[1205, 3169]
[1206, 1714]
[1206, 2873]
[1207, 2459]
[1208, 1643]
[1208, 2145]
[1209, 1430]
[1210, 2959]
[1211, 2526]
[1211, 3453]
[1212, 1295]
[1212, 3054]
[1214, 1978]
[1216, 1675]
[1217, 1448]
[1218, 2966]
[1218, 3368]
[1219, 3475]
[1220, 2774]
[1221, 2117]
[1221, 3007]
[1222, 2191]
[1223, 2378]
[1224, 1394]
[1225, 2035]
[1225, 2150]
[1226, 1349]
[1227, 3108]
[1227, 3431]
[1228, 2701]
[1230, 2836]
[1230, 3522]
[1231, 1747]
[1232, 3562]
[1233, 2452]
[1233, 2918]
[1234, 1290]
[1234, 2106]
[1235, 2739]
[1235, 3579]
[1236, 1388]
[1236, 2397]
[1238, 2206]
[1239, 2383]
[1239, 3490]
[1241, 2190]
[1242, 1527]
[1243, 2742]
[1244, 3241]
[1245, 2318]
[1246, 1891]
[1247, 1513]
[1247, 2098]
[1248, 2915]
[1248, 2961]
[1249, 2302]
[1250, 2058]
[1250, 3082]
[1251, 1340]
[1251, 3094]
[1252, 2732]
[1253, 2328]
[1253, 3577]
[1254, 2022]
[1255, 2914]
[1256, 1292]
[1256, 2312]
[1257, 1746]
[1257, 1906]
[1258, 1796]
[1258, 3549]
[1259, 2750]
[1259, 2907]
[900, 2534]
[901, 2815]
[902, 1632]
[902, 2648]
[903, 1603]
[904, 1312]
[904, 2261]
[905, 1073]
[906, 1378]
[906, 1676]
[907, 1005]
[907, 3428]
[908, 1307]
[909, 1294]
[909, 3276]
[910, 3479]
[911, 1934]
[911, 2826]
[913, 3513]
[914, 2453]
[914, 2800]
[915, 3383]
[916, 1390]
[917, 1977]
[917, 3572]
[918, 1132]
[918, 1836]
[919, 1053]
[919, 3176]
[920, 1178]
[920, 2934]
[921, 1095]
[921, 1213]
[922, 1770]
[922, 3117]
[923, 1918]
[924, 3000]
[924, 3253]
[925, 939]
[925, 3296]
[927, 2851]
[928, 1883]
[928, 2351]
[929, 1087]
[929, 1697]
[930, 1808]
[930, 2283]
[931, 3069]
[932, 936]
[932, 1631]
[933, 2960]
[934, 2624]
[935, 2278]
[935, 3596]
[936, 1631]
[937, 3379]
[937, 3538]
[938, 1470]
[938, 2225]
[939, 3296]
[940, 1249]
[940, 2302]
[941, 2779]
[942, 3119]
[943, 2222]
[943, 3483]
[944, 2715]
[945, 2594]
[946, 3586]
[947, 1334]
[947, 3206]
[948, 1329]
[949, 1198]
[949, 3042]
[950, 1491]
[950, 2484]
[951, 1919]
[952, 1813]
[953, 2070]
[953, 2363]
[954, 1414]
[954, 1463]
[955, 2909]
[956, 1815]
[956, 2671]
[957, 1832]
[958, 2095]
[958, 2503]
[959, 1456]
[960, 2888]
[961, 2314]
[962, 1552]
[962, 1695]
[963, 1413]
[964, 1319]
[964, 3078]
[965, 1001]
[965, 3423]
[966, 2693]
[966, 2722]
[967, 3278]
[968, 2346]
[969, 3051]
[969, 3267]
[970, 1545]
[970, 3464]
[971, 1079]
[972, 1262]
[972, 3235]
[973, 2162]
[973, 2564]
[974, 1219]
[974, 3475]
[975, 1652]
[975, 3264]
[976, 1146]
[976, 1626]
[977, 1622]
[978, 1464]
[978, 1900]
[979, 2537]
[979, 3347]
[980, 2878]
[981, 1468]
[981, 2730]
[982, 1270]
[983, 2440]
[983, 3388]
[984, 2910]
[985, 3125]
[985, 3314]
[986, 2353]
[987, 2754]
[987, 3034]
[988, 1086]
[988, 2723]
[989, 1483]
[989, 2122]
[990, 1244]
[990, 3241]
[991, 1332]
[991, 2569]
[992, 1860]
[993, 1263]
[993, 3584]
[994, 1030]
[994, 1482]
[995, 1361]
[996, 1826]
[996, 2705]
[997, 2126]
[998, 3041]
[1000, 1759]
[1000, 3178]
[1001, 3423]
[1002, 1742]
[1003, 1839]
[1003, 1862]
[1004, 1979]
[1004, 2027]
[1005, 3428]
[1006, 1838]
[1006, 2694]
[1007, 1967]
[1009, 1558]
[1010, 3512]
[1011, 1162]
[1011, 2252]
[1012, 3335]
[1013, 1431]
[1014, 1794]
[1014, 2258]
[1015, 1780]
[1016, 1377]
[1016, 2681]
[1017, 2576]
[1017, 3265]
[1018, 2218]
[1018, 2869]
[1019, 1533]
[1020, 2025]
[1020, 2071]
[1021, 1650]
[1021, 2870]
[1022, 1266]
[1022, 2629]
[1023, 1519]
[1023, 1989]
[1024, 3468]
[1025, 1769]
[1025, 2680]
[1026, 2497]
[1026, 3517]
[1027, 1172]
[1027, 1505]
[1028, 2771]
[1028, 3398]
[1029, 1436]
[1029, 1833]
[1030, 1482]
[1031, 3081]
[1031, 3323]
[1032, 2596]
[1032, 3292]
[1033, 1691]
[1034, 2112]
[1034, 3454]
[1035, 2056]
[1036, 1939]
[1036, 2044]
[1037, 2554]
[1037, 3213]
[1038, 2108]
[1038, 2299]
[1039, 1655]
[1039, 1975]
[1040, 1362]
[1040, 1544]
[1041, 1703]
[1041, 2623]
[1042, 2268]
[1043, 2531]
[1043, 2827]
[1044, 2707]
[1044, 3230]
[1045, 2958]
[1046, 1855]
[1046, 3322]
[1047, 1708]
[1047, 1715]
[1048, 1550]
[1048, 1949]
[1049, 2349]
[1050, 1902]
[1050, 3370]
[1051, 1110]
[1052, 1732]
[1052, 2217]
[1053, 3176]
[1054, 2330]
[1054, 2404]
[1055, 1460]
[1055, 2086]
[1056, 3223]
[1057, 1441]
[1057, 3358]
[1058, 1781]
[1060, 3385]
[1061, 1958]
[1061, 2306]
[1062, 1974]
[1062, 3038]
[1064, 3334]
[1065, 2033]
[1065, 3160]
[1066, 1516]
[1066, 1587]
[1067, 1102]
[1067, 2205]
[1069, 1886]
[1069, 2811]
[1070, 2508]
[1070, 2777]
[1071, 1998]
[1071, 2672]
[1072, 2877]
[1072, 3256]
[1074, 2872]
[1074, 3588]
[1075, 1531]
[1075, 3345]
[1076, 2083]
[1076, 2142]
[1077, 1111]
[1077, 2230]
[1078, 2927]
[360, 2119]
[360, 2884]
[361, 2455]
[362, 1743]
[362, 2654]
[363, 1419]
[363, 2981]
[364, 2753]
[365, 580]
[365, 1951]
[366, 888]
[366, 1392]
[367, 2148]
[368, 833]
[368, 2466]
[369, 1737]
[369, 3569]
[370, 1059]
[371, 428]
[371, 2744]
[372, 931]
[372, 3069]
[373, 1543]
[373, 2988]
[374, 599]
[374, 1578]
[375, 3202]
[376, 879]
[376, 1237]
[377, 2254]
[377, 2718]
[378, 2105]
[378, 2429]
[379, 597]
[379, 1786]
[380, 703]
[380, 1387]
[381, 1670]
[381, 1698]
[382, 850]
[382, 3336]
[383, 643]
[383, 1876]
[384, 2168]
[384, 3481]
[385, 1580]
[385, 2970]
[386, 783]
[386, 1572]
[387, 997]
[387, 2126]
[388, 1752]
[388, 1955]
[389, 876]
[389, 2833]
[390, 457]
[390, 1683]
[391, 1824]
[391, 2057]
[392, 1514]
[392, 2499]
[393, 1613]
[393, 2103]
[394, 3326]
[394, 3489]
[395, 708]
[395, 3290]
[396, 893]
[396, 1845]
[397, 894]
[397, 2040]
[398, 2187]
[398, 2649]
[399, 1962]
[400, 2235]
[400, 2398]
[401, 2802]
[402, 2131]
[402, 3585]
[403, 1582]
[403, 2821]
[404, 1301]
[404, 3075]
[405, 2319]
[406, 1347]
[406, 2432]
[407, 549]
[407, 2393]
[408, 1593]
[408, 2146]
[409, 1381]
[409, 1410]
[410, 891]
[410, 2919]
[412, 2557]
[412, 3021]
[413, 1486]
[413, 1911]
[414, 1904]
[414, 2156]
[415, 3062]
[415, 3532]
[416, 2374]
[416, 3331]
[417, 2376]
[417, 3554]
[418, 1434]
[418, 1585]
[419, 1753]
[419, 2192]
[420, 494]
[420, 2361]
[421, 3450]
[422, 443]
[422, 3030]
[423, 986]
[423, 2353]
[424, 2220]
[424, 2963]
[426, 3396]
[427, 1503]
[428, 2744]
[429, 1474]
[429, 3312]
[430, 2608]
[431, 2609]
[432, 1056]
[432, 3223]
[433, 666]
[433, 3463]
[434, 859]
[434, 2620]
[435, 1528]
[435, 2640]
[436, 1200]
[436, 1693]
[437, 2267]
[437, 3238]
[438, 941]
[438, 2779]
[439, 1773]
[439, 2616]
[440, 453]
[440, 3234]
[441, 2581]
[441, 3539]
[442, 445]
[442, 1063]
[443, 3030]
[444, 3391]
[445, 1063]
[446, 1981]
[446, 2417]
[447, 2386]
[447, 2431]
[448, 2048]
[448, 3458]
[449, 2096]
[450, 1922]
[450, 2678]
[451, 843]
[451, 2380]
[452, 1615]
[452, 2419]
[453, 3234]
[454, 3441]
[454, 3527]
[455, 2282]
[455, 2521]
[456, 1507]
[456, 2483]
[457, 1683]
[458, 2738]
[458, 2953]
[459, 2309]
[459, 3173]
[460, 1908]
[460, 3536]
[461, 807]
[462, 1331]
[462, 2094]
[463, 575]
[463, 1867]
[464, 1058]
[464, 1781]
[465, 2850]
[465, 2983]
[466, 1594]
[466, 2226]
[467, 1748]
[467, 2188]
[468, 960]
[468, 2888]
[469, 787]
[469, 3073]
[470, 1080]
[470, 3003]
[471, 1648]
[471, 2175]
[472, 2415]
[472, 3010]
[473, 968]
[473, 2346]
[474, 734]
[474, 1555]
[475, 2721]
[476, 1798]
[476, 2611]
[477, 1618]
[477, 1841]
[478, 1707]
[478, 2595]
[479, 2644]
[480, 539]
[480, 1952]
[481, 658]
[482, 1637]
[483, 2625]
[483, 2760]
[484, 788]
[484, 3580]
[485, 2389]
[485, 3352]
[486, 1526]
[486, 1745]
[487, 544]
[487, 3032]
[488, 2486]
[489, 2362]
[489, 2848]
[490, 1368]
[490, 3496]
[491, 1716]
[491, 3488]
[492, 3412]
[492, 3422]
[493, 1711]
[493, 2189]
[494, 2361]
[495, 1682]
[495, 2077]
[496, 515]
[496, 3201]
[497, 819]
[498, 1176]
[498, 3311]
[499, 955]
[499, 2909]
[500, 1306]
[500, 2612]
[501, 1562]
[501, 3138]
[502, 856]
[502, 3148]
[503, 1214]
[503, 1978]
[504, 2359]
[504, 3154]
[505, 2073]
[505, 2854]
[506, 764]
[506, 1404]
[507, 2093]
[507, 2985]
[508, 513]
[508, 2818]
[509, 2368]
[509, 2478]
[510, 1664]
[510, 1835]
[511, 612]
[511, 1400]
[512, 652]
[513, 2818]
[514, 1008]
[515, 3201]
[516, 1133]
[516, 1229]
[517, 1078]
[517, 2927]
[518, 813]
[519, 1567]
[519, 2776]
[520, 644]
[520, 768]
[521, 3518]
[522, 1275]
[523, 1002]
[523, 1742]
[524, 2491]
[524, 2525]
[525, 1019]
[525, 1533]
[526, 1931]
[526, 2747]
[527, 2153]
[527, 2603]
[528, 3291]
[529, 1982]
[530, 1724]
[530, 3509]
[531, 2075]
[531, 2284]
[532, 765]
[533, 670]
[533, 2513]
[534, 998]
[534, 3041]
[535, 1805]
[535, 3353]
[536, 719]
[536, 860]
[537, 2823]
[537, 3287]
[538, 1203]
[538, 2741]
[539, 1952]
[1440, 1584]
[1440, 2421]
[1441, 3358]
[1442, 3189]
[1443, 2810]
[1444, 1673]
[1445, 3247]
[1446, 1592]
[1447, 1606]
[1447, 1829]
[1449, 1475]
[1450, 1907]
[1450, 3583]
[1451, 1465]
[1452, 1577]
[1453, 2053]
[1454, 1679]
[1455, 2275]
[1457, 1980]
[1458, 3461]
[1459, 2803]
[1459, 3508]
[1460, 2086]
[1462, 2241]
[1464, 1900]
[1466, 2244]
[1466, 2572]
[1467, 2796]
[1468, 2730]
[1469, 3329]
[1470, 2225]
[1471, 3139]
[1471, 3550]
[1472, 2164]
[1472, 3259]
[1473, 1927]
[1473, 2160]
[1474, 3312]
[1476, 3447]
[1477, 2758]
[1477, 3221]
[1478, 2477]
[1478, 2479]
[1480, 1665]
[1480, 2761]
[1481, 2494]
[1481, 3377]
[1483, 2122]
[1484, 2861]
[1484, 3271]
[1485, 2544]
[1485, 3199]
[1486, 1911]
[1487, 3190]
[1489, 1879]
[1490, 2470]
[1491, 2484]
[1492, 1575]
[1494, 2724]
[1495, 1916]
[1496, 2408]
[1496, 2630]
[1497, 1573]
[1498, 1969]
[1498, 2947]
[1499, 1806]
[1500, 1559]
[1500, 3365]
[1501, 1659]
[1504, 2256]
[1507, 2483]
[1508, 1856]
[1509, 2063]
[1509, 3269]
[1510, 2886]
[1511, 1885]
[1511, 3279]
[1512, 2488]
[1513, 2098]
[1514, 2499]
[1515, 1852]
[1516, 1587]
[1517, 2289]
[1517, 2782]
[1519, 1989]
[1520, 1817]
[1521, 2806]
[1522, 2849]
[1523, 1574]
[1524, 2140]
[1524, 2547]
[1525, 3131]
[1526, 1745]
[1528, 2640]
[1529, 2010]
[1530, 3343]
[1530, 3435]
[1531, 3345]
[1532, 2954]
[1532, 3093]
[1534, 3121]
[1535, 2939]
[1536, 2425]
[1536, 2912]
[1538, 1628]
[1539, 2892]
[1540, 3091]
[1540, 3320]
[1541, 1809]
[1542, 1988]
[1542, 2613]
[1543, 2988]
[1545, 3464]
[1546, 3516]
[1547, 1744]
[1547, 2901]
[1548, 2593]
[1548, 3401]
[1549, 2458]
[1549, 3208]
[1550, 1949]
[1551, 2755]
[1552, 1695]
[1553, 2495]
[1557, 1740]
[1557, 2589]
[1559, 3365]
[1560, 2337]
[1561, 2060]
[1561, 2575]
[1562, 3138]
[1563, 2263]
[1564, 2553]
[1564, 3098]
[1565, 2434]
[1566, 3410]
[1567, 2776]
[1568, 2038]
[1569, 3059]
[1569, 3498]
[1570, 3013]
[1570, 3378]
[1571, 2068]
[1576, 3389]
[1576, 3574]
[1579, 3011]
[1579, 3511]
[1580, 2970]
[1581, 1619]
[1581, 2155]
[1582, 2821]
[1583, 1694]
[1584, 2421]
[1586, 1602]
[1586, 1897]
[1588, 1608]
[1589, 2443]
[1591, 2450]
[1593, 2146]
[1594, 2226]
[1595, 2004]
[1596, 3272]
[1597, 2916]
[1597, 3224]
[1598, 2446]
[1599, 2825]
[1600, 1779]
[1601, 1822]
[1601, 2081]
[1602, 1897]
[1604, 2011]
[1605, 2172]
[1606, 1829]
[1607, 1827]
[1607, 3180]
[1610, 3364]
[1611, 1668]
[1611, 2101]
[1612, 3047]
[1613, 2103]
[1614, 2006]
[1614, 2387]
[1615, 2419]
[1616, 2673]
[1616, 3122]
[1617, 1784]
[1618, 1841]
[1619, 2155]
[1260, 2287]
[1260, 2920]
[1261, 1604]
[1261, 2011]
[1262, 3235]
[1263, 3584]
[1264, 1993]
[1264, 3050]
[1266, 2629]
[1267, 2406]
[1268, 1877]
[1269, 1406]
[1271, 2133]
[1271, 3544]
[1272, 2964]
[1273, 3195]
[1273, 3240]
[1274, 1384]
[1276, 3525]
[1277, 2049]
[1277, 3503]
[1278, 2518]
[1278, 3124]
[1279, 2179]
[1279, 2464]
[1280, 2565]
[1281, 2990]
[1282, 1422]
[1282, 1935]
[1283, 2858]
[1283, 3487]
[1284, 1677]
[1285, 1302]
[1285, 2469]
[1286, 1299]
[1286, 2841]
[1287, 2462]
[1287, 2552]
[1288, 2679]
[1289, 1443]
[1289, 2810]
[1290, 2106]
[1291, 1681]
[1291, 2586]
[1292, 2312]
[1293, 1686]
[1293, 3424]
[1294, 3276]
[1295, 3054]
[1296, 2978]
[1297, 2579]
[1297, 2757]
[1298, 1520]
[1298, 1817]
[1299, 2841]
[1300, 1899]
[1301, 3075]
[1302, 2469]
[1303, 2113]
[1303, 2329]
[1304, 2472]
[1305, 2089]
[1306, 2612]
[1308, 1642]
[1308, 2208]
[1309, 2407]
[1310, 1313]
[1311, 2527]
[1311, 3220]
[1312, 2261]
[1314, 2410]
[1314, 2860]
[1315, 3192]
[1316, 2223]
[1316, 2967]
[1317, 2365]
[1317, 3462]
[1318, 1722]
[1318, 2013]
[1319, 3078]
[1320, 2019]
[1320, 2265]
[1321, 1881]
[1322, 3372]
[1323, 3026]
[1324, 3039]
[1325, 2475]
[1325, 3005]
[1327, 2688]
[1328, 1653]
[1328, 3191]
[1331, 2094]
[1332, 2569]
[1333, 3457]
[1333, 3591]
[1334, 3206]
[1335, 2950]
[1335, 3260]
[1336, 1917]
[1336, 3263]
[1338, 1563]
[1338, 2263]
[1339, 1554]
[1340, 3094]
[1341, 2675]
[1341, 3283]
[1342, 2074]
[1343, 3210]
[1344, 2413]
[1344, 2439]
[1345, 2212]
[1345, 2542]
[1346, 3029]
[1346, 3471]
[1347, 2432]
[1350, 1776]
[1350, 2714]
[1351, 1556]
[1352, 3436]
[1353, 2262]
[1353, 2605]
[1354, 2064]
[1355, 1905]
[1355, 3564]
[1356, 3083]
[1356, 3147]
[1357, 1690]
[1357, 2844]
[1358, 3288]
[1358, 3295]
[1360, 2246]
[1360, 3581]
[1362, 1544]
[1363, 1489]
[1363, 1879]
[1364, 2511]
[1365, 2200]
[1365, 3595]
[1366, 1433]
[1367, 2555]
[1368, 3496]
[1369, 2729]
[1370, 1521]
[1370, 2806]
[1371, 2322]
[1371, 3045]
[1372, 1417]
[1372, 3200]
[1373, 2110]
[1373, 2227]
[1374, 3524]
[1375, 2955]
[1375, 3132]
[1376, 1537]
[1377, 2681]
[1378, 1676]
[1379, 2007]
[1379, 2020]
[1380, 2065]
[1381, 1410]
[1382, 1649]
[1382, 2528]
[1383, 2855]
[1385, 3171]
[1385, 3217]
[1386, 1588]
[1386, 1608]
[1388, 2397]
[1389, 2764]
[1389, 2812]
[1391, 1799]
[1393, 1518]
[1395, 2390]
[1396, 2891]
[1397, 3599]
[1398, 1609]
[1399, 2111]
[1399, 3101]
[1401, 2590]
[1401, 2946]
[1403, 1854]
[1403, 2941]
[1405, 2423]
[1407, 2558]
[1407, 3242]
[1408, 2015]
[1408, 2991]
[1409, 3237]
[1411, 2239]
[1411, 3328]
[1412, 2994]
[1414, 1463]
[1415, 1767]
[1415, 3402]
[1416, 2433]
[1417, 3200]
[1418, 3140]
[1418, 3302]
[1419, 2981]
[1420, 2571]
[1420, 3020]
[1421, 3500]
[1422, 1935]
[1423, 2420]
[1423, 2687]
[1424, 1928]
[1425, 1494]
[1425, 2724]
[1426, 3582]
[1427, 2347]
[1427, 3095]
[1432, 3573]
[1434, 1585]
[1435, 1751]
[1435, 2135]
[1436, 1833]
[1437, 2441]
[1437, 3360]
[1438, 1938]
[1439, 1764]
[1439, 3432]
[0, 2232]
[0, 3130]
[1, 1013]
[1, 1431]
[2, 942]
[2, 3119]
[3, 246]
[3, 2221]
[4, 748]
[4, 3027]
[5, 980]
[5, 2878]
[6, 946]
[6, 3586]
[7, 1861]
[7, 1950]
[8, 84]
[8, 1590]
[9, 2925]
[9, 2968]
[10, 338]
[10, 1712]
[11, 518]
[11, 813]
[12, 1421]
[12, 3500]
[13, 1617]
[13, 1784]
[14, 252]
[14, 1348]
[15, 3413]
[15, 3502]
[16, 1667]
[16, 2923]
[17, 1895]
[17, 2104]
[18, 1525]
[18, 3131]
[19, 602]
[19, 3187]
[20, 2793]
[20, 3273]
[21, 693]
[21, 912]
[22, 73]
[22, 1118]
[23, 2658]
[23, 2683]
[24, 2316]
[24, 2852]
[25, 245]
[25, 2781]
[26, 858]
[26, 2114]
[27, 616]
[27, 1802]
[28, 1310]
[28, 1313]
[29, 706]
[29, 1265]
[30, 753]
[30, 1502]
[31, 449]
[31, 2096]
[32, 944]
[32, 2715]
[33, 557]
[33, 3530]
[34, 3120]
[34, 3275]
[35, 1158]
[35, 3014]
[36, 1108]
[36, 1429]
[37, 1169]
[37, 1402]
[38, 2128]
[38, 2945]
[39, 528]
[39, 3291]
[40, 2838]
[40, 2965]
[41, 1735]
[41, 2975]
[42, 1412]
[42, 2994]
[43, 680]
[43, 2345]
[44, 82]
[44, 2937]
[45, 482]
[45, 1637]
[46, 332]
[46, 411]
[47, 738]
[47, 3414]
[48, 1843]
[48, 1865]
[49, 512]
[49, 652]
[50, 1671]
[50, 2171]
[51, 1127]
[51, 3144]
[52, 1352]
[52, 3436]
[53, 2979]
[53, 3215]
[54, 167]
[54, 2765]
[55, 1889]
[55, 2174]
[56, 1451]
[56, 1465]
[57, 1094]
[57, 3531]
[58, 2842]
[58, 2982]
[59, 1834]
[59, 3158]
[60, 880]
[60, 2843]
[61, 809]
[61, 3113]
[62, 2176]
[62, 2734]
[63, 2924]
[63, 3318]
[64, 158]
[64, 1330]
[65, 430]
[65, 2608]
[66, 1351]
[66, 1556]
[67, 1366]
[67, 1433]
[68, 3028]
[68, 3425]
[69, 2233]
[69, 2876]
[70, 522]
[70, 1275]
[71, 547]
[71, 999]
[72, 916]
[72, 1390]
[73, 1118]
[74, 97]
[74, 2890]
[75, 1438]
[75, 1938]
[76, 2662]
[76, 3403]
[77, 1823]
[77, 3218]
[78, 1255]
[78, 2914]
[79, 1736]
[79, 3427]
[80, 1304]
[80, 2472]
[81, 745]
[81, 2356]
[82, 2937]
[83, 1246]
[83, 1891]
[84, 1590]
[85, 214]
[85, 2079]
[86, 915]
[86, 3383]
[87, 1060]
[87, 3385]
[88, 2481]
[88, 3156]
[89, 750]
[89, 2116]
[90, 2401]
[90, 3102]
[91, 1195]
[91, 2506]
[92, 1999]
[92, 2651]
[93, 2034]
[93, 3017]
[94, 763]
[94, 1428]
[95, 2668]
[95, 2857]
[96, 971]
[96, 1079]
[97, 2890]
[98, 934]
[98, 2624]
[99, 961]
[99, 2314]
[100, 3035]
[100, 3553]
[101, 1825]
[101, 3325]
[102, 1729]
[102, 2984]
[103, 1409]
[103, 3237]
[104, 617]
[104, 3165]
[105, 1232]
[105, 3562]
[106, 1457]
[106, 1980]
[107, 1942]
[107, 2255]
[108, 901]
[108, 2815]
[109, 3129]
[109, 3222]
[110, 2787]
[110, 3466]
[111, 171]
[111, 1996]
[112, 224]
[112, 2614]
[113, 704]
[113, 1215]
[114, 995]
[114, 1361]
[115, 967]
[115, 3278]
[116, 348]
[116, 425]
[117, 2980]
[117, 3127]
[118, 804]
[118, 3568]
[119, 2652]
[119, 3214]
[120, 905]
[120, 1073]
[121, 1138]
[121, 1640]
[122, 1130]
[122, 2976]
[123, 554]
[123, 1068]
[124, 2538]
[124, 2829]
[125, 208]
[125, 1639]
[126, 1571]
[126, 2068]
[127, 405]
[127, 2319]
[128, 2303]
[128, 2759]
[129, 370]
[129, 1059]
[130, 1738]
[130, 2845]
[131, 633]
[131, 1164]
[132, 977]
[132, 1622]
[133, 461]
[133, 807]
[134, 2354]
[134, 2467]
[135, 1672]
[135, 2748]
[136, 800]
[136, 3227]
[137, 2540]
[137, 3245]
[138, 689]
[138, 733]
[139, 1851]
[139, 3146]
[140, 1454]
[140, 1679]
[141, 786]
[141, 1914]
[142, 475]
[142, 2721]
[143, 248]
[143, 1987]
[144, 1612]
[144, 3047]
[145, 984]
[145, 2910]
[146, 1396]
[146, 2891]
[147, 1024]
[147, 3468]
[148, 848]
[148, 3375]
[149, 2308]
[149, 2887]
[150, 174]
[150, 2029]
[151, 770]
[151, 3145]
[152, 367]
[152, 2148]
[153, 908]
[153, 1307]
[154, 885]
[154, 1359]
[155, 529]
[155, 1982]
[156, 2181]
[156, 2794]
[157, 639]
[157, 3465]
[158, 1330]
[159, 2504]
[159, 2507]
[160, 957]
[160, 1832]
[161, 2375]
[161, 2865]
[162, 1551]
[162, 2755]
[163, 262]
[163, 2238]
[164, 2592]
[164, 3068]
[165, 427]
[165, 1503]
[166, 1963]
[166, 2634]
[167, 2765]
[168, 219]
[168, 1155]
[169, 341]
[169, 2157]
[170, 1880]
[170, 3300]
[171, 1996]
[172, 2610]
[172, 2832]
[173, 421]
[173, 3450]
[174, 2029]
[175, 3274]
[175, 3590]
[176, 2017]
[176, 2343]
[177, 481]
[177, 658]
[178, 569]
[178, 2733]
[179, 2326]
[179, 2768]
[720, 1182]
[721, 799]
[721, 2517]
[722, 1224]
[722, 1394]
[723, 1596]
[723, 3272]
[724, 945]
[724, 2594]
[725, 3064]
[725, 3587]
[726, 1342]
[726, 2074]
[727, 982]
[727, 1270]
[728, 2584]
[728, 3519]
[729, 1651]
[729, 2650]
[730, 1791]
[730, 2895]
[731, 1965]
[732, 2951]
[734, 1555]
[735, 1948]
[735, 2606]
[736, 1354]
[736, 2064]
[737, 2510]
[737, 3333]
[738, 3414]
[739, 1804]
[739, 2574]
[740, 1099]
[740, 2207]
[741, 3024]
[741, 3184]
[742, 890]
[742, 3492]
[743, 2786]
[743, 3598]
[744, 2519]
[744, 3537]
[745, 2356]
[746, 801]
[746, 3123]
[747, 1775]
[747, 2151]
[748, 3027]
[749, 1487]
[749, 3190]
[750, 2116]
[751, 1731]
[752, 1223]
[752, 2378]
[753, 1502]
[754, 1269]
[754, 1406]
[755, 1625]
[755, 3111]
[756, 793]
[756, 1191]
[757, 2120]
[757, 3361]
[758, 857]
[759, 2906]
[760, 1920]
[760, 3053]
[761, 1222]
[761, 2191]
[762, 1469]
[762, 3329]
[763, 1428]
[764, 1404]
[766, 3251]
[766, 3494]
[767, 825]
[767, 3282]
[769, 3459]
[770, 3145]
[771, 1174]
[771, 1240]
[772, 3545]
[773, 2130]
[774, 1844]
[774, 2602]
[775, 1595]
[775, 2004]
[776, 2377]
[776, 3284]
[777, 1194]
[777, 2615]
[778, 1634]
[778, 2670]
[779, 1926]
[779, 2585]
[780, 2601]
[781, 1629]
[781, 2930]
[782, 1181]
[782, 1726]
[783, 1572]
[784, 2471]
[784, 2641]
[785, 1137]
[785, 2118]
[786, 1914]
[787, 3073]
[788, 3580]
[789, 1051]
[789, 1110]
[790, 1324]
[790, 3039]
[791, 1045]
[791, 2958]
[792, 3070]
[793, 1191]
[794, 1765]
[795, 1499]
[795, 1806]
[796, 923]
[796, 1918]
[797, 1374]
[797, 3524]
[798, 3008]
[798, 3182]
[799, 2517]
[800, 3227]
[801, 3123]
[802, 1492]
[802, 1575]
[803, 2536]
[803, 2977]
[804, 3568]
[805, 2085]
[806, 2405]
[806, 3381]
[808, 1647]
[808, 2125]
[809, 3113]
[810, 2295]
[810, 2598]
[811, 1049]
[811, 2349]
[812, 1462]
[812, 2241]
[814, 1424]
[814, 1928]
[815, 3153]
[816, 2300]
[816, 2726]
[817, 2597]
[818, 1461]
[820, 2561]
[821, 3373]
[822, 824]
[822, 2770]
[823, 1793]
[824, 2770]
[825, 3282]
[826, 2228]
[826, 3482]
[827, 1238]
[827, 2206]
[828, 1274]
[828, 1384]
[829, 1730]
[829, 3105]
[830, 1268]
[830, 1877]
[831, 959]
[831, 1456]
[832, 1391]
[832, 1799]
[833, 2466]
[834, 2645]
[834, 2743]
[835, 1501]
[835, 1659]
[836, 1220]
[836, 2774]
[837, 3141]
[838, 992]
[838, 1860]
[839, 1209]
[839, 1430]
[840, 1315]
[840, 3192]
[841, 1495]
[841, 1916]
[842, 2628]
[842, 3421]
[843, 2380]
[844, 2921]
[844, 3175]
[845, 2350]
[846, 1455]
[846, 2275]
[847, 2236]
[847, 3183]
[848, 3375]
[849, 1504]
[849, 2256]
[850, 3336]
[851, 2294]
[851, 2957]
[852, 2778]
[852, 3155]
[853, 1488]
[854, 1276]
[854, 3525]
[855, 1901]
[855, 3281]
[856, 3148]
[858, 2114]
[859, 2620]
[861, 1663]
[861, 3150]
[862, 1512]
[862, 2488]
[863, 1633]
[864, 2435]
[864, 2740]
[865, 2194]
[865, 2416]
[866, 1376]
[866, 1537]
[867, 2797]
[867, 3520]
[868, 3033]
[868, 3324]
[869, 2445]
[869, 2646]
[870, 2290]
[870, 2856]
[871, 1936]
[872, 1300]
[872, 1899]
[873, 2269]
[874, 2214]
[875, 2087]
[875, 3362]
[876, 2833]
[877, 1337]
[878, 1323]
[878, 3026]
[879, 1237]
[880, 2843]
[881, 2388]
[882, 1243]
[882, 2742]
[883, 2005]
[883, 3179]
[884, 1696]
[884, 3440]
[885, 1359]
[886, 2055]
[886, 2587]
[887, 1538]
[887, 1628]
[888, 1392]
[889, 2532]
[889, 3558]
[890, 3492]
[891, 2919]
[892, 3185]
[893, 1845]
[894, 2040]
[895, 1327]
[895, 2688]
[896, 1367]
[896, 2555]
[897, 2482]
[898, 1565]
[898, 2434]
[899, 1497]
[899, 1573]
[180, 1529]
[180, 2010]
[181, 1444]
[181, 1673]
[182, 2037]
[182, 2092]
[183, 2134]
[183, 3445]
[184, 1666]
[184, 3134]
[185, 2213]
[185, 2859]
[186, 1997]
[186, 2215]
[187, 1508]
[187, 1856]
[188, 1442]
[188, 3189]
[189, 213]
[189, 3390]
[190, 2817]
[190, 3409]
[191, 1510]
[191, 2886]
[192, 2535]
[192, 2711]
[193, 2831]
[193, 2933]
[194, 2199]
[194, 3072]
[195, 897]
[195, 2482]
[196, 1242]
[196, 1527]
[197, 1717]
[197, 3285]
[198, 667]
[198, 2548]
[199, 817]
[199, 2597]
[200, 364]
[200, 2753]
[201, 2355]
[201, 3058]
[202, 873]
[202, 2269]
[203, 239]
[203, 1830]
[204, 1807]
[204, 2012]
[205, 2533]
[205, 2636]
[206, 1296]
[206, 2978]
[207, 1369]
[207, 2729]
[208, 1639]
[209, 401]
[209, 2802]
[210, 1515]
[210, 1852]
[211, 431]
[211, 2609]
[212, 2863]
[212, 2998]
[213, 3390]
[214, 2079]
[215, 292]
[215, 717]
[216, 874]
[216, 2214]
[217, 1288]
[217, 2679]
[218, 2677]
[218, 2785]
[219, 1155]
[220, 2026]
[220, 2468]
[221, 682]
[221, 715]
[222, 546]
[222, 3560]
[223, 2573]
[223, 2995]
[224, 2614]
[225, 1654]
[225, 2617]
[226, 349]
[226, 1506]
[227, 1012]
[227, 3335]
[228, 2078]
[228, 3204]
[229, 1869]
[229, 3469]
[230, 1789]
[230, 3301]
[231, 595]
[231, 3233]
[232, 2898]
[232, 2905]
[233, 1416]
[233, 2433]
[234, 307]
[234, 654]
[235, 253]
[235, 691]
[236, 1945]
[236, 3252]
[237, 655]
[237, 2952]
[238, 913]
[238, 3513]
[239, 1830]
[240, 668]
[240, 3198]
[241, 903]
[241, 1603]
[242, 621]
[242, 926]
[243, 2940]
[243, 2996]
[244, 2331]
[244, 2348]
[245, 2781]
[246, 2221]
[247, 663]
[247, 3254]
[248, 1987]
[249, 2061]
[249, 2249]
[250, 1190]
[250, 2052]
[251, 263]
[251, 3015]
[252, 1348]
[253, 691]
[254, 1100]
[254, 3415]
[255, 1600]
[255, 1779]
[256, 2772]
[256, 3163]
[257, 2144]
[257, 3369]
[258, 488]
[258, 2486]
[259, 615]
[259, 1093]
[260, 2492]
[260, 2834]
[261, 1888]
[261, 3162]
[262, 2238]
[263, 3015]
[264, 1252]
[264, 2732]
[265, 1583]
[265, 1694]
[266, 871]
[266, 1936]
[267, 1397]
[267, 3599]
[268, 1272]
[268, 2964]
[269, 2067]
[269, 3317]
[270, 1882]
[270, 2731]
[271, 1803]
[271, 2661]
[272, 1393]
[272, 1518]
[273, 2016]
[273, 2167]
[274, 426]
[274, 3396]
[275, 1033]
[275, 1691]
[276, 2002]
[276, 3493]
[277, 444]
[277, 3391]
[278, 375]
[278, 3202]
[279, 1281]
[279, 2990]
[280, 2237]
[280, 2789]
[281, 514]
[281, 1008]
[282, 1458]
[282, 3461]
[283, 1782]
[283, 3306]
[284, 769]
[284, 3459]
[285, 910]
[285, 3479]
[286, 823]
[286, 1793]
[287, 2280]
[287, 2638]
[288, 1284]
[288, 1677]
[289, 1591]
[289, 2450]
[290, 2735]
[290, 3194]
[291, 361]
[291, 2455]
[292, 717]
[293, 792]
[293, 3070]
[294, 532]
[294, 765]
[295, 720]
[295, 1182]
[296, 521]
[296, 3518]
[297, 2279]
[297, 3004]
[298, 2530]
[298, 2896]
[299, 2121]
[299, 2969]
[300, 780]
[300, 2601]
[301, 881]
[301, 2388]
[302, 951]
[302, 1919]
[303, 327]
[303, 3547]
[304, 758]
[304, 857]
[305, 399]
[305, 1962]
[306, 1101]
[306, 3416]
[307, 654]
[308, 1868]
[308, 2993]
[309, 1383]
[309, 2855]
[310, 3055]
[310, 3514]
[311, 863]
[311, 1633]
[312, 479]
[312, 2644]
[313, 3161]
[313, 3225]
[314, 1129]
[314, 1720]
[315, 1476]
[315, 3447]
[316, 1010]
[316, 3512]
[317, 596]
[317, 2902]
[318, 2790]
[318, 3394]
[319, 2780]
[319, 3399]
[320, 2367]
[320, 2500]
[321, 1940]
[321, 3593]
[322, 1245]
[322, 2318]
[323, 2195]
[323, 2436]
[324, 646]
[324, 2692]
[325, 900]
[325, 2534]
[326, 732]
[326, 2951]
[327, 3547]
[328, 2165]
[328, 2570]
[329, 3019]
[329, 3294]
[330, 773]
[330, 2130]
[331, 2177]
[331, 2767]
[332, 411]
[333, 933]
[333, 2960]
[334, 1772]
[334, 2682]
[335, 948]
[335, 1329]
[336, 625]
[336, 2266]
[337, 1446]
[337, 1592]
[338, 1712]
[339, 759]
[339, 2906]
[340, 497]
[340, 819]
[341, 2157]
[342, 818]
[342, 1461]
[343, 2566]
[343, 3142]
[344, 681]
[344, 1847]
[345, 2069]
[345, 2700]
[346, 1688]
[346, 2704]
[347, 1599]
[347, 2825]
[348, 425]
[349, 1506]
[350, 1660]
[350, 3467]
[351, 963]
[351, 1413]
[352, 1241]
[352, 2190]
[353, 892]
[353, 3185]
[354, 1128]
[354, 1783]
[355, 3063]
[355, 3293]
[356, 1623]
[356, 1758]
[357, 815]
[357, 3153]
[358, 2047]
[358, 2480]
[359, 1189]
[359, 3567]
