Face([335, 267, 522, 570, 468])
Face([90, 458, 289, 495, 29])
Face([390, 408, 66, 437, 263])
Face([40, 508, 86, 124, 134])
Face([68, 432, 160, 411, 171])
Face([91, 50, 195, 262, 405])
Face([461, 541, 454, 480, 223])
Face([270, 331, 488, 413, 547])
Face([123, 362, 96, 229, 151])
Face([530, 472, 534, 561, 151])
Face([177, 392, 550, 280, 138])
Face([585, 325, 126, 250, 174])
Face([83, 290, 217, 502, 463])
Face([354, 300, 233, 266, 71])
Face([91, 84, 513, 391, 405])
Face([543, 82, 216, 211, 397])
Face([335, 267, 349, 467, 555])
Face([399, 205, 158, 427, 141])
Face([8, 153, 274, 561, 534])
Face([3, 354, 71, 350, 443])
Face([343, 107, 483, 209, 462])
Face([491, 60, 582, 119, 159])
Face([360, 490, 438, 477, 486])
Face([288, 425, 305, 247, 460])
Face([583, 560, 108, 208, 584])
Face([69, 553, 418, 352, 239])
Face([553, 418, 144, 507, 164])
Face([41, 337, 277, 220, 369])
Face([1, 148, 510, 223, 461])
Face([287, 424, 428, 549, 596])
Face([352, 418, 522, 570, 163])
Face([174, 250, 599, 180, 291])
Face([128, 547, 270, 572, 580])
Face([407, 45, 421, 313, 478])
Face([514, 593, 268, 143, 98])
Face([195, 208, 234, 394, 79])
Face([175, 552, 204, 84, 464])
Face([420, 42, 422, 57, 346])
Face([216, 211, 518, 386, 311])
Face([35, 485, 298, 348, 215])
Face([114, 121, 130, 359, 557])
Face([11, 506, 315, 18, 14])
Face([381, 368, 442, 350, 71])
Face([116, 272, 260, 218, 169])
Face([203, 280, 550, 133, 494])
Face([565, 25, 537, 238, 139])
Face([505, 170, 94, 334, 141])
Face([81, 352, 418, 144, 333])
Face([564, 328, 363, 548, 476])
Face([523, 351, 305, 425, 535])
Face([304, 179, 431, 558, 551])
Face([4, 569, 43, 590, 190])
Face([32, 307, 162, 327, 131])
Face([285, 416, 221, 24, 46])
Face([133, 388, 517, 511, 494])
Face([455, 545, 326, 102, 255])
Face([569, 43, 37, 265, 55])
Face([402, 433, 519, 298, 348])
Face([7, 532, 104, 401, 399])
Face([10, 336, 24, 221, 38])
Face([52, 257, 323, 226, 370])
Face([181, 356, 395, 319, 540])
Face([58, 82, 377, 198, 244])
Face([90, 458, 334, 493, 446])
Face([212, 250, 599, 217, 459])
Face([372, 104, 392, 330, 374])
Face([575, 264, 522, 570, 563])
Face([33, 227, 95, 453, 380])
Face([24, 194, 162, 307, 221])
Face([178, 120, 437, 497, 62])
Face([379, 213, 347, 61, 167])
Face([20, 142, 64, 382, 111])
Face([39, 114, 589, 492, 542])
Face([283, 587, 81, 352, 163])
Face([559, 330, 487, 483, 107])
Face([533, 273, 70, 439, 481])
Face([121, 358, 180, 599, 130])
Face([214, 358, 121, 42, 422])
Face([346, 409, 360, 92, 444])
Face([21, 53, 9, 510, 223])
Face([83, 520, 557, 359, 290])
Face([76, 197, 80, 356, 181])
Face([320, 112, 377, 198, 297])
Face([40, 128, 580, 309, 134])
Face([5, 491, 60, 241, 365])
Face([196, 497, 253, 209, 483])
Face([32, 318, 229, 478, 407])
Face([25, 537, 487, 483, 196])
Face([461, 435, 575, 563, 541])
Face([18, 384, 233, 266, 285])
Face([466, 152, 329, 486, 477])
Face([456, 248, 427, 97, 78])
Face([367, 417, 345, 66, 219])
Face([361, 44, 452, 134, 309])
Face([62, 497, 253, 210, 286])
Face([227, 258, 193, 292, 95])
Face([361, 498, 560, 108, 44])
Face([176, 457, 502, 568, 310])
Face([537, 238, 374, 330, 487])
Face([52, 257, 470, 256, 293])
Face([16, 177, 392, 330, 559])
Face([322, 298, 519, 389, 539])
Face([215, 515, 165, 402, 348])
Face([56, 178, 62, 166, 394])
Face([364, 547, 270, 106, 403])
Face([489, 501, 484, 488, 413])
Face([536, 235, 109, 154, 591])
Face([379, 425, 535, 230, 167])
Face([426, 88, 155, 235, 109])
Face([513, 212, 459, 308, 391])
Face([2, 225, 578, 160, 140])
Face([113, 562, 228, 459, 212])
Face([483, 209, 494, 133, 487])
Face([513, 586, 268, 143, 391])
Face([35, 186, 440, 515, 215])
Face([102, 118, 466, 477, 438])
Face([70, 493, 334, 94, 439])
Face([173, 465, 412, 188, 85])
Face([144, 418, 522, 264, 423])
Face([325, 115, 156, 586, 126])
Face([489, 501, 254, 220, 200])
Face([168, 329, 423, 144, 507])
Face([542, 154, 591, 311, 386])
Face([19, 283, 587, 272, 116])
Face([530, 472, 100, 421, 313])
Face([407, 416, 566, 191, 478])
Face([89, 328, 189, 222, 376])
Face([216, 355, 477, 438, 211])
Face([52, 168, 329, 152, 257])
Face([204, 552, 523, 115, 156])
Face([23, 251, 260, 272, 247])
Face([495, 289, 332, 110, 59])
Face([458, 289, 332, 94, 334])
Face([21, 137, 554, 577, 53])
Face([285, 266, 71, 381, 46])
Face([194, 368, 293, 164, 295])
Face([49, 173, 192, 107, 343])
Face([45, 266, 233, 594, 421])
Face([495, 59, 539, 322, 36])
Face([400, 339, 332, 110, 403])
Face([76, 584, 187, 540, 181])
Face([10, 336, 516, 17, 27])
Face([532, 104, 392, 177, 269])
Face([6, 530, 151, 123, 12])
Face([100, 472, 378, 246, 242])
Face([12, 123, 362, 436, 316])
Face([553, 418, 522, 267, 349])
Face([95, 292, 103, 222, 189])
Face([398, 484, 501, 254, 525])
Face([421, 594, 105, 242, 100])
Face([135, 176, 457, 180, 291])
Face([380, 592, 548, 363, 453])
Face([399, 401, 87, 13, 205])
Face([39, 114, 557, 520, 150])
Face([202, 464, 175, 63, 410])
Face([485, 48, 508, 531, 371])
Face([10, 27, 581, 499, 38])
Face([384, 233, 300, 545, 30])
Face([367, 75, 210, 253, 219])
Face([241, 469, 341, 419, 406])
Face([283, 424, 563, 570, 163])
Face([167, 86, 124, 544, 230])
Face([360, 409, 109, 235, 486])
Face([512, 232, 429, 562, 595])
Face([585, 174, 68, 432, 351])
Face([3, 443, 500, 170, 505])
Face([26, 184, 204, 84, 91])
Face([1, 521, 447, 541, 461])
Face([4, 288, 425, 535, 190])
Face([6, 571, 77, 583, 12])
Face([286, 237, 387, 75, 210])
Face([394, 166, 85, 188, 79])
Face([150, 520, 363, 548, 101])
Face([557, 301, 567, 276, 359])
Face([150, 101, 275, 72, 479])
Face([506, 315, 193, 292, 567])
Face([102, 438, 490, 161, 326])
Face([137, 435, 575, 264, 271])
Face([324, 185, 65, 231, 314])
Face([390, 408, 517, 388, 451])
Face([134, 124, 544, 199, 309])
Face([68, 113, 212, 250, 174])
Face([544, 230, 341, 419, 199])
Face([23, 585, 325, 37, 265])
Face([1, 441, 198, 297, 148])
Face([35, 186, 344, 48, 485])
Face([23, 265, 422, 214, 251])
Face([2, 528, 19, 116, 140])
Face([15, 480, 503, 36, 74])
Face([201, 129, 72, 479, 463])
Face([293, 256, 338, 442, 368])
Face([580, 572, 561, 274, 406])
Face([405, 262, 412, 308, 391])
Face([177, 138, 576, 279, 269])
Face([270, 331, 560, 498, 572])
Face([473, 73, 504, 492, 589])
Face([507, 164, 295, 434, 375])
Face([385, 281, 126, 325, 37])
Face([479, 431, 457, 502, 463])
Face([452, 410, 393, 254, 501])
Face([525, 430, 277, 220, 254])
Face([534, 472, 378, 597, 106])
Face([536, 355, 477, 486, 235])
Face([372, 588, 136, 80, 374])
Face([394, 234, 475, 245, 166])
Face([506, 581, 182, 276, 567])
Face([44, 108, 484, 501, 452])
Face([384, 233, 594, 317, 258])
Face([63, 578, 160, 432, 175])
Face([132, 155, 88, 147, 287])
Face([2, 379, 425, 305, 140])
Face([126, 281, 182, 268, 586])
Face([20, 565, 475, 234, 398])
Face([97, 323, 257, 470, 78])
Face([221, 307, 32, 407, 416])
Face([361, 498, 572, 580, 309])
Face([369, 220, 254, 393, 261])
Face([40, 128, 547, 413, 489])
Face([315, 193, 445, 191, 566])
Face([17, 420, 346, 444, 516])
Face([537, 451, 388, 133, 487])
Face([22, 482, 29, 145, 252])
Face([247, 272, 587, 81, 460])
Face([202, 410, 393, 512, 595])
Face([188, 412, 308, 459, 228])
Face([474, 353, 373, 146, 302])
Face([455, 279, 576, 397, 255])
Face([536, 355, 216, 311, 591])
Face([1, 521, 312, 404, 148])
Face([231, 282, 558, 551, 314])
Face([4, 569, 434, 295, 556])
Face([290, 217, 599, 130, 359])
Face([168, 507, 375, 444, 92])
Face([140, 160, 432, 351, 305])
Face([383, 371, 224, 555, 579])
Face([74, 579, 159, 51, 236])
Face([275, 284, 476, 548, 101])
Face([20, 398, 525, 430, 111])
Face([420, 346, 409, 492, 589])
Face([39, 114, 121, 358, 179])
Face([18, 384, 258, 193, 315])
Face([578, 160, 411, 414, 261])
Face([137, 554, 466, 152, 271])
Face([80, 136, 206, 395, 356])
Face([306, 161, 326, 545, 30])
Face([491, 400, 339, 51, 159])
Face([574, 370, 52, 168, 92])
Face([471, 260, 218, 172, 509])
Face([569, 434, 336, 10, 43])
Face([72, 129, 210, 75, 282])
Face([336, 24, 194, 295, 434])
Face([153, 274, 318, 32, 131])
Face([542, 154, 109, 409, 492])
Face([157, 321, 45, 421, 100])
Face([122, 395, 206, 303, 149])
Face([426, 57, 346, 409, 109])
Face([35, 526, 468, 454, 215])
Face([5, 365, 531, 371, 383])
Face([384, 258, 227, 33, 30])
Face([227, 258, 317, 303, 149])
Face([0, 21, 223, 480, 15])
Face([445, 193, 292, 103, 450])
Face([398, 234, 394, 56, 525])
Face([21, 137, 435, 461, 223])
Face([505, 170, 242, 105, 127])
Face([0, 456, 236, 74, 15])
Face([131, 321, 350, 442, 327])
Face([292, 567, 276, 296, 103])
Face([148, 404, 408, 517, 297])
Face([63, 410, 393, 261, 578])
Face([288, 460, 81, 352, 239])
Face([489, 413, 389, 519, 200])
Face([196, 483, 107, 192, 245])
Face([548, 592, 576, 138, 476])
Face([186, 344, 369, 41, 440])
Face([339, 332, 94, 170, 500])
Face([148, 510, 9, 320, 297])
Face([556, 69, 553, 164, 295])
Face([159, 579, 555, 467, 119])
Face([38, 474, 353, 307, 221])
Face([72, 129, 462, 284, 275])
Face([365, 128, 580, 406, 241])
Face([110, 481, 439, 94, 332])
Face([55, 460, 81, 333, 527])
Face([449, 470, 257, 152, 271])
Face([203, 284, 462, 209, 494])
Face([354, 226, 370, 381, 71])
Face([190, 496, 341, 230, 535])
Face([13, 112, 577, 158, 205])
Face([176, 457, 431, 558, 207])
Face([23, 585, 174, 291, 251])
Face([441, 524, 340, 377, 198])
Face([11, 473, 73, 306, 14])
Face([143, 296, 396, 308, 391])
Face([9, 320, 538, 446, 90])
Face([562, 228, 568, 310, 429])
Face([219, 253, 209, 494, 511])
Face([7, 455, 545, 300, 127])
Face([265, 37, 385, 42, 422])
Face([196, 497, 62, 166, 245])
Face([582, 249, 183, 162, 327])
Face([574, 161, 326, 226, 370])
Face([485, 48, 200, 519, 298])
Face([376, 465, 540, 319, 222])
Face([0, 449, 267, 335, 15])
Face([16, 564, 343, 107, 559])
Face([456, 248, 458, 289, 236])
Face([82, 216, 355, 340, 377])
Face([70, 372, 104, 401, 493])
Face([306, 73, 504, 490, 161])
Face([201, 129, 210, 286, 573])
Face([54, 536, 355, 340, 524])
Face([324, 185, 415, 549, 596])
Face([123, 498, 572, 561, 151])
Face([574, 161, 490, 360, 92])
Face([43, 37, 325, 115, 590])
Face([3, 354, 300, 127, 505])
Face([335, 555, 224, 526, 468])
Face([369, 344, 48, 200, 220])
Face([215, 515, 447, 541, 454])
Face([24, 194, 368, 381, 46])
Face([385, 281, 130, 121, 42])
Face([175, 432, 68, 113, 464])
Face([190, 590, 115, 523, 535])
Face([26, 362, 436, 405, 91])
Face([504, 490, 360, 409, 492])
Face([399, 401, 493, 334, 141])
Face([79, 595, 562, 228, 188])
Face([546, 440, 515, 447, 428])
Face([2, 528, 243, 213, 379])
Face([34, 304, 154, 109, 426])
Face([12, 316, 187, 584, 583])
Face([117, 417, 415, 549, 278])
Face([9, 90, 29, 145, 510])
Face([599, 217, 502, 457, 180])
Face([139, 197, 80, 374, 238])
Face([286, 237, 310, 568, 573])
Face([379, 425, 288, 239, 213])
Face([240, 231, 314, 591, 311])
Face([565, 139, 197, 76, 475])
Face([362, 96, 514, 98, 436])
Face([398, 234, 208, 108, 484])
Face([56, 512, 595, 79, 394])
Face([528, 19, 546, 440, 186])
Face([559, 330, 374, 80, 356])
Face([257, 152, 466, 118, 323])
Face([54, 132, 287, 596, 324])
Face([28, 574, 370, 381, 46])
Face([556, 183, 162, 194, 295])
Face([47, 139, 197, 77, 598])
Face([171, 411, 169, 218, 135])
Face([108, 560, 331, 488, 484])
Face([89, 328, 363, 520, 83])
Face([20, 142, 488, 484, 398])
Face([58, 240, 275, 284, 203])
Face([200, 220, 277, 433, 519])
Face([443, 93, 338, 442, 350])
Face([466, 554, 340, 355, 477])
Face([333, 88, 155, 423, 144])
Face([90, 29, 482, 299, 446])
Face([14, 18, 285, 46, 28])
Face([51, 93, 338, 119, 159])
Face([51, 339, 332, 289, 236])
Face([571, 136, 588, 246, 378])
Face([532, 104, 372, 588, 448])
Face([564, 476, 284, 462, 343])
Face([449, 267, 522, 264, 271])
Face([20, 565, 25, 263, 111])
Face([426, 88, 333, 527, 57])
Face([450, 99, 319, 222, 103])
Face([259, 67, 445, 450, 99])
Face([225, 344, 48, 508, 86])
Face([58, 203, 494, 511, 244])
Face([33, 380, 592, 576, 279])
Face([336, 24, 46, 28, 516])
Face([570, 563, 541, 454, 468])
Face([3, 97, 78, 93, 443])
Face([11, 17, 420, 589, 473])
Face([56, 178, 120, 430, 525])
Face([5, 491, 159, 579, 383])
Face([499, 593, 514, 191, 566])
Face([27, 17, 420, 42, 385])
Face([140, 305, 247, 272, 116])
Face([282, 75, 387, 207, 558])
Face([140, 160, 411, 169, 116])
Face([248, 458, 334, 141, 427])
Face([81, 587, 147, 88, 333])
Face([380, 592, 518, 504, 73])
Face([5, 491, 400, 403, 364])
Face([443, 500, 157, 321, 350])
Face([23, 585, 351, 305, 247])
Face([54, 536, 235, 155, 132])
Face([102, 438, 211, 397, 255])
Face([29, 145, 503, 36, 495])
Face([316, 187, 262, 405, 436])
Face([34, 304, 551, 509, 471])
Face([290, 396, 296, 276, 359])
Face([482, 299, 273, 533, 294])
Face([117, 417, 367, 75, 387])
Face([0, 456, 78, 470, 449])
Face([13, 205, 255, 397, 543])
Face([8, 153, 131, 321, 157])
Face([513, 586, 126, 250, 212])
Face([8, 400, 403, 106, 534])
Face([528, 186, 35, 526, 243])
Face([50, 202, 595, 79, 195])
Face([7, 455, 279, 269, 532])
Face([581, 182, 268, 593, 499])
Face([168, 329, 486, 360, 92])
Face([31, 117, 417, 345, 357])
Face([526, 224, 347, 213, 243])
Face([53, 248, 427, 158, 577])
Face([41, 440, 515, 165, 337])
Face([68, 113, 562, 429, 171])
Face([5, 364, 547, 128, 365])
Face([65, 185, 415, 417, 367])
Face([91, 50, 202, 464, 84])
Face([336, 434, 375, 444, 516])
Face([527, 57, 346, 444, 375])
Face([63, 124, 544, 552, 175])
Face([110, 481, 597, 106, 403])
Face([134, 124, 63, 410, 452])
Face([565, 25, 196, 245, 475])
Face([2, 225, 86, 167, 379])
Face([537, 451, 299, 273, 238])
Face([366, 178, 62, 286, 237])
Face([70, 273, 299, 446, 493])
Face([195, 262, 412, 188, 79])
Face([8, 400, 339, 500, 157])
Face([26, 184, 146, 96, 362])
Face([577, 554, 466, 118, 158])
Face([129, 210, 253, 209, 462])
Face([172, 509, 551, 558, 207])
Face([390, 451, 537, 25, 263])
Face([76, 584, 208, 234, 475])
Face([546, 440, 41, 529, 125])
Face([546, 428, 549, 278, 125])
Face([373, 353, 496, 341, 419])
Face([135, 176, 207, 172, 218])
Face([376, 465, 412, 308, 396])
Face([25, 196, 497, 437, 263])
Face([480, 503, 348, 215, 454])
Face([34, 426, 88, 147, 471])
Face([39, 150, 101, 386, 542])
Face([153, 131, 327, 582, 60])
Face([382, 64, 389, 519, 433])
Face([474, 590, 115, 156, 302])
Face([97, 323, 118, 158, 427])
Face([228, 568, 502, 217, 459])
Face([3, 97, 323, 226, 354])
Face([582, 249, 342, 467, 119])
Face([6, 530, 472, 378, 571])
Face([364, 539, 59, 110, 403])
Face([533, 481, 110, 59, 294])
Face([32, 307, 353, 373, 318])
Face([242, 105, 448, 588, 246])
Face([318, 274, 561, 151, 229])
Face([130, 281, 182, 276, 359])
Face([424, 563, 541, 447, 428])
Face([307, 353, 496, 183, 162])
Face([244, 65, 367, 219, 511])
Face([505, 141, 399, 7, 127])
Face([201, 573, 568, 502, 463])
Face([259, 99, 319, 395, 206])
Face([32, 131, 321, 45, 407])
Face([6, 259, 67, 313, 530])
Face([69, 553, 349, 467, 342])
Face([31, 529, 125, 278, 117])
Face([27, 17, 11, 506, 581])
Face([580, 309, 199, 419, 406])
Face([184, 204, 552, 544, 199])
Face([445, 450, 98, 514, 191])
Face([1, 441, 524, 435, 461])
Face([9, 90, 458, 248, 53])
Face([564, 328, 89, 49, 343])
Face([318, 274, 406, 419, 373])
Face([16, 177, 269, 149, 122])
Face([252, 402, 165, 312, 404])
Face([59, 539, 389, 64, 294])
Face([2, 528, 186, 344, 225])
Face([203, 280, 138, 476, 284])
Face([11, 473, 301, 567, 506])
Face([1, 441, 185, 415, 521])
Face([473, 301, 557, 114, 589])
Face([26, 361, 44, 50, 91])
Face([583, 560, 331, 598, 77])
Face([49, 201, 573, 85, 173])
Face([10, 27, 385, 37, 43])
Face([117, 387, 207, 172, 278])
Face([72, 282, 558, 431, 479])
Face([68, 171, 135, 291, 174])
Face([244, 198, 297, 517, 511])
Face([543, 280, 203, 58, 82])
Face([127, 105, 594, 233, 300])
Face([364, 547, 413, 389, 539])
Face([34, 426, 57, 422, 214])
Face([16, 122, 395, 356, 559])
Face([111, 382, 433, 277, 430])
Face([521, 415, 549, 428, 447])
Face([61, 347, 342, 249, 469])
Face([4, 288, 460, 55, 569])
Face([357, 337, 165, 312, 345])
Face([184, 204, 156, 302, 146])
Face([347, 213, 239, 69, 342])
Face([538, 388, 451, 299, 446])
Face([194, 162, 327, 442, 368])
Face([70, 273, 238, 374, 372])
Face([95, 292, 567, 301, 453])
Face([7, 532, 448, 105, 127])
Face([376, 396, 296, 103, 222])
Face([443, 500, 339, 51, 93])
Face([173, 192, 181, 540, 465])
Face([19, 546, 125, 169, 116])
Face([366, 232, 512, 56, 178])
Face([381, 368, 293, 52, 370])
Face([504, 490, 438, 211, 518])
Face([188, 228, 568, 573, 85])
Face([571, 378, 597, 598, 77])
Face([3, 97, 427, 141, 505])
Face([111, 382, 22, 390, 263])
Face([20, 142, 47, 139, 565])
Face([225, 344, 369, 261, 578])
Face([318, 229, 96, 146, 373])
Face([421, 313, 67, 317, 594])
Face([583, 584, 76, 197, 77])
Face([184, 146, 373, 419, 199])
Face([15, 480, 454, 468, 335])
Face([324, 314, 551, 509, 596])
Face([52, 168, 507, 164, 293])
Face([98, 450, 103, 296, 143])
Face([190, 496, 353, 474, 590])
Face([27, 385, 281, 182, 581])
Face([328, 363, 453, 95, 189])
Face([87, 538, 388, 133, 550])
Face([143, 296, 276, 182, 268])
Face([156, 586, 268, 593, 302])
Face([383, 322, 36, 74, 579])
Face([122, 395, 319, 222, 189])
Face([529, 41, 369, 261, 414])
Face([39, 179, 431, 479, 150])
Face([11, 17, 516, 28, 14])
Face([304, 154, 542, 39, 179])
Face([521, 312, 165, 515, 447])
Face([22, 252, 402, 433, 382])
Face([526, 243, 163, 570, 468])
Face([455, 545, 30, 33, 279])
Face([22, 252, 404, 408, 390])
Face([23, 265, 55, 460, 247])
Face([278, 549, 596, 509, 172])
Face([169, 218, 172, 278, 125])
Face([365, 241, 469, 61, 531])
Face([113, 464, 84, 513, 212])
Face([497, 253, 219, 66, 437])
Face([337, 277, 433, 402, 165])
Face([527, 333, 144, 507, 375])
Face([571, 136, 80, 197, 77])
Face([293, 256, 349, 553, 164])
Face([171, 429, 310, 176, 135])
Face([87, 401, 493, 446, 538])
Face([510, 145, 503, 480, 223])
Face([34, 304, 179, 358, 214])
Face([66, 408, 517, 511, 219])
Face([4, 556, 183, 496, 190])
Face([14, 28, 574, 161, 306])
Face([569, 434, 375, 527, 55])
Face([0, 456, 248, 53, 21])
Face([16, 177, 138, 476, 564])
Face([285, 416, 407, 45, 266])
Face([543, 280, 138, 576, 397])
Face([62, 166, 85, 573, 286])
Face([532, 269, 149, 303, 448])
Face([157, 100, 242, 170, 500])
Face([84, 513, 586, 156, 204])
Face([56, 512, 393, 254, 525])
Face([60, 241, 469, 249, 582])
Face([148, 404, 252, 145, 510])
Face([9, 320, 112, 577, 53])
Face([12, 123, 498, 560, 583])
Face([65, 231, 282, 75, 367])
Face([40, 489, 501, 452, 134])
Face([456, 236, 51, 93, 78])
Face([76, 475, 245, 192, 181])
Face([96, 146, 302, 593, 514])
Face([365, 128, 40, 508, 531])
Face([31, 117, 387, 237, 366])
Face([439, 481, 597, 378, 246])
Face([283, 424, 287, 147, 587])
Face([316, 99, 319, 540, 187])
Face([22, 482, 299, 451, 390])
Face([195, 208, 584, 187, 262])
Face([251, 291, 180, 358, 214])
Face([54, 536, 591, 314, 324])
Face([523, 552, 544, 230, 535])
Face([38, 474, 302, 593, 499])
Face([70, 372, 588, 246, 439])
Face([265, 422, 57, 527, 55])
Face([6, 259, 206, 136, 571])
Face([31, 357, 120, 178, 366])
Face([13, 87, 550, 280, 543])
Face([28, 516, 444, 92, 574])
Face([465, 412, 262, 187, 540])
Face([556, 69, 342, 249, 183])
Face([439, 94, 170, 242, 246])
Face([61, 469, 341, 230, 167])
Face([240, 275, 72, 282, 231])
Face([528, 19, 283, 163, 243])
Face([0, 449, 271, 137, 21])
Face([173, 192, 245, 166, 85])
Face([521, 312, 345, 417, 415])
Face([13, 112, 377, 82, 543])
Face([58, 240, 311, 216, 82])
Face([550, 392, 330, 487, 133])
Face([441, 185, 324, 54, 524])
Face([534, 561, 572, 270, 106])
Face([512, 232, 414, 261, 393])
Face([347, 224, 555, 467, 342])
Face([142, 488, 331, 598, 47])
Face([320, 297, 517, 388, 538])
Face([66, 408, 404, 312, 345])
Face([585, 325, 115, 523, 351])
Face([38, 499, 566, 416, 221])
Face([44, 50, 202, 410, 452])
Face([383, 322, 298, 485, 371])
Face([49, 89, 376, 465, 173])
Face([175, 432, 351, 523, 552])
Face([471, 147, 287, 596, 509])
Face([132, 155, 423, 264, 575])
Face([320, 112, 13, 87, 538])
Face([111, 430, 120, 437, 263])
Face([529, 125, 169, 411, 414])
Face([338, 256, 349, 467, 119])
Face([530, 313, 478, 229, 151])
Face([420, 42, 121, 114, 589])
Face([36, 322, 298, 348, 503])
Face([405, 436, 98, 143, 391])
Face([357, 120, 437, 66, 345])
Face([49, 89, 83, 463, 201])
Face([6, 259, 99, 316, 12])
Face([317, 594, 105, 448, 303])
Face([366, 232, 429, 310, 237])
Face([123, 362, 26, 361, 498])
Face([306, 73, 380, 33, 30])
Face([316, 99, 450, 98, 436])
Face([22, 482, 294, 64, 382])
Face([137, 554, 340, 524, 435])
Face([5, 364, 539, 322, 383])
Face([520, 363, 453, 301, 557])
Face([67, 317, 258, 193, 445])
Face([142, 64, 294, 533, 47])
Face([506, 315, 566, 499, 581])
Face([35, 485, 371, 224, 526])
Face([259, 67, 317, 303, 206])
Face([441, 185, 65, 244, 198])
Face([354, 226, 326, 545, 300])
Face([155, 235, 486, 329, 423])
Face([205, 255, 102, 118, 158])
Face([61, 347, 224, 371, 531])
Face([598, 331, 270, 106, 597])
Face([40, 489, 200, 48, 508])
Face([74, 36, 495, 289, 236])
Face([559, 107, 192, 181, 356])
Face([14, 18, 384, 30, 306])
Face([87, 401, 104, 392, 550])
Face([93, 338, 256, 470, 78])
Face([449, 267, 349, 256, 470])
Face([387, 237, 310, 176, 207])
Face([482, 29, 495, 59, 294])
Face([136, 588, 448, 303, 206])
Face([16, 122, 189, 328, 564])
Face([251, 291, 135, 218, 260])
Face([473, 73, 380, 453, 301])
Face([33, 227, 149, 269, 279])
Face([96, 514, 191, 478, 229])
Face([130, 281, 126, 250, 599])
Face([171, 411, 414, 232, 429])
Face([44, 50, 195, 208, 108])
Face([112, 377, 340, 554, 577])
Face([153, 274, 406, 241, 60])
Face([132, 287, 424, 563, 575])
Face([19, 546, 428, 424, 283])
Face([202, 464, 113, 562, 595])
Face([150, 520, 83, 463, 479])
Face([10, 43, 590, 474, 38])
Face([8, 157, 100, 472, 534])
Face([122, 149, 227, 95, 189])
Face([45, 321, 350, 71, 266])
Face([357, 120, 430, 277, 337])
Face([47, 139, 238, 273, 533])
Face([15, 74, 579, 555, 335])
Face([576, 592, 518, 211, 397])
Face([323, 226, 326, 102, 118])
Face([290, 217, 459, 308, 396])
Face([179, 358, 180, 457, 431])
Face([58, 240, 231, 65, 244])
Face([240, 275, 101, 386, 311])
Face([271, 152, 329, 423, 264])
Face([491, 400, 8, 153, 60])
Face([31, 529, 414, 232, 366])
Face([18, 315, 566, 416, 285])
Face([252, 145, 503, 348, 402])
Face([469, 249, 183, 496, 341])
Face([251, 260, 471, 34, 214])
Face([26, 184, 199, 309, 361])
Face([47, 533, 481, 597, 598])
Face([142, 64, 389, 413, 488])
Face([304, 154, 591, 314, 551])
Face([89, 376, 396, 290, 83])
Face([239, 352, 163, 243, 213])
Face([542, 386, 518, 504, 492])
Face([67, 313, 478, 191, 445])
Face([54, 132, 575, 435, 524])
Face([582, 119, 338, 442, 327])
Face([31, 529, 41, 337, 357])
Face([471, 147, 587, 272, 260])
Face([508, 531, 61, 167, 86])
Face([49, 201, 129, 462, 343])
Face([101, 386, 518, 592, 548])
Face([225, 578, 63, 124, 86])
Face([4, 288, 239, 69, 556])
Face([7, 455, 255, 205, 399])
