[0, 1627]
[0, 2643]
[1, 442]
[1, 1462]
[2, 1812]
[2, 2134]
[3, 702]
[3, 1198]
[4, 370]
[4, 1315]
[5, 2687]
[5, 2689]
[6, 927]
[6, 2485]
[7, 1002]
[7, 3149]
[8, 271]
[8, 1045]
[9, 897]
[9, 3167]
[10, 1268]
[10, 1685]
[11, 107]
[11, 2794]
[12, 485]
[12, 888]
[13, 1500]
[13, 2348]
[14, 385]
[14, 1189]
[15, 203]
[15, 1938]
[16, 18]
[16, 928]
[17, 1700]
[17, 1819]
[18, 928]
[19, 2422]
[19, 2633]
[20, 535]
[20, 3290]
[21, 27]
[21, 302]
[22, 231]
[22, 494]
[23, 2253]
[23, 3047]
[24, 204]
[24, 626]
[25, 1032]
[25, 3530]
[26, 1253]
[26, 3366]
[27, 302]
[28, 599]
[28, 2713]
[29, 1473]
[29, 2718]
[30, 311]
[30, 2699]
[31, 920]
[31, 1497]
[32, 1619]
[32, 3576]
[33, 540]
[33, 3100]
[34, 2552]
[34, 3585]
[35, 1384]
[35, 2204]
[36, 804]
[36, 1932]
[37, 593]
[37, 2284]
[38, 950]
[38, 1543]
[39, 2704]
[39, 2926]
[40, 2647]
[40, 2700]
[41, 3160]
[41, 3268]
[42, 1059]
[42, 1511]
[43, 907]
[43, 3215]
[44, 1917]
[44, 3158]
[45, 693]
[45, 3485]
[46, 641]
[46, 3582]
[47, 294]
[47, 1458]
[48, 2178]
[48, 2999]
[49, 277]
[49, 1670]
[50, 1694]
[50, 1841]
[51, 332]
[51, 1262]
[52, 2813]
[52, 2914]
[53, 1326]
[53, 1861]
[54, 1314]
[54, 2249]
[55, 2153]
[55, 2291]
[56, 1653]
[56, 2152]
[57, 60]
[57, 1286]
[58, 1520]
[58, 1592]
[59, 2004]
[59, 2956]
[60, 1286]
[61, 286]
[61, 3323]
[62, 532]
[62, 2097]
[63, 2716]
[63, 3057]
[64, 1221]
[64, 3229]
[65, 706]
[65, 2957]
[66, 921]
[66, 3260]
[67, 988]
[67, 2972]
[68, 1519]
[68, 2795]
[69, 323]
[69, 430]
[70, 1502]
[70, 3214]
[71, 527]
[71, 1379]
[72, 2593]
[72, 3547]
[73, 2856]
[73, 3137]
[74, 2064]
[74, 3107]
[75, 601]
[75, 2379]
[76, 603]
[76, 3007]
[77, 620]
[77, 1746]
[78, 1308]
[78, 3498]
[79, 1152]
[79, 3319]
[80, 898]
[80, 899]
[81, 1803]
[81, 1967]
[82, 507]
[82, 2173]
[83, 154]
[83, 1401]
[84, 146]
[84, 604]
[85, 164]
[85, 979]
[86, 338]
[86, 773]
[87, 918]
[87, 3225]
[88, 206]
[88, 2799]
[89, 1148]
[89, 2419]
[90, 360]
[90, 3195]
[91, 2691]
[91, 2913]
[92, 2069]
[92, 3562]
[93, 1557]
[93, 1804]
[94, 490]
[94, 3359]
[95, 1661]
[95, 3412]
[96, 2386]
[96, 2767]
[97, 1186]
[97, 3349]
[98, 1656]
[98, 3079]
[99, 555]
[99, 2599]
[100, 1411]
[100, 1724]
[101, 2275]
[101, 2924]
[102, 1829]
[102, 3071]
[103, 241]
[103, 3575]
[104, 765]
[104, 2831]
[105, 1276]
[105, 3235]
[106, 717]
[106, 2509]
[107, 2794]
[108, 573]
[108, 2007]
[109, 1399]
[109, 3217]
[110, 1392]
[110, 1505]
[111, 341]
[111, 1834]
[112, 2955]
[112, 2983]
[113, 291]
[113, 3333]
[114, 2319]
[114, 3207]
[115, 1579]
[115, 2826]
[116, 118]
[116, 2358]
[117, 2073]
[117, 2181]
[118, 2358]
[119, 499]
[119, 1848]
[120, 730]
[120, 2872]
[121, 1085]
[121, 1599]
[122, 1625]
[122, 3559]
[123, 1663]
[123, 1784]
[124, 1210]
[124, 2651]
[125, 1095]
[125, 1817]
[126, 1140]
[126, 1733]
[127, 361]
[127, 1651]
[128, 2852]
[128, 3008]
[129, 976]
[129, 1106]
[130, 1916]
[130, 2065]
[131, 1720]
[131, 2287]
[132, 492]
[132, 1598]
[133, 1681]
[133, 2938]
[134, 2271]
[134, 2554]
[135, 2266]
[135, 3285]
[136, 3118]
[136, 3256]
[137, 247]
[137, 1568]
[138, 3059]
[138, 3065]
[139, 356]
[139, 2036]
[140, 533]
[140, 839]
[141, 449]
[141, 2833]
[142, 169]
[142, 3011]
[143, 192]
[143, 1226]
[144, 1545]
[144, 3373]
[145, 1576]
[145, 2822]
[146, 604]
[147, 1273]
[147, 1353]
[148, 2093]
[148, 3171]
[149, 447]
[149, 2580]
[150, 329]
[150, 2995]
[151, 178]
[151, 3231]
[152, 1044]
[152, 1475]
[153, 1870]
[153, 1937]
[154, 1401]
[155, 2521]
[155, 3286]
[156, 755]
[156, 3494]
[157, 1021]
[157, 2585]
[158, 1936]
[158, 3295]
[159, 2381]
[159, 3395]
[160, 642]
[160, 1245]
[161, 668]
[161, 2762]
[162, 1658]
[162, 2001]
[163, 619]
[163, 2017]
[164, 979]
[165, 1649]
[165, 3394]
[166, 187]
[166, 1212]
[167, 1200]
[167, 3249]
[168, 2333]
[168, 2781]
[169, 3011]
[170, 3178]
[170, 3426]
[171, 531]
[171, 2146]
[172, 1871]
[172, 3399]
[173, 2254]
[173, 3283]
[174, 1004]
[174, 1880]
[175, 2836]
[175, 3126]
[176, 1312]
[176, 2246]
[177, 1827]
[177, 3169]
[178, 3231]
[179, 2279]
[179, 2674]
[180, 1952]
[180, 2622]
[181, 520]
[181, 3568]
[182, 1388]
[182, 2506]
[183, 184]
[183, 3230]
[184, 3230]
[185, 1333]
[185, 2410]
[186, 459]
[186, 1017]
[187, 1212]
[188, 631]
[188, 3086]
[189, 1735]
[189, 2336]
[190, 2299]
[190, 3163]
[191, 1487]
[191, 2446]
[192, 1226]
[193, 1426]
[193, 2561]
[194, 235]
[194, 2613]
[195, 1799]
[195, 2768]
[196, 1565]
[196, 1921]
[197, 713]
[197, 2174]
[198, 270]
[198, 853]
[199, 972]
[199, 2223]
[200, 605]
[200, 3062]
[201, 2247]
[201, 2649]
[202, 887]
[202, 1840]
[203, 1938]
[204, 626]
[205, 1327]
[205, 1562]
[206, 2799]
[207, 365]
[207, 3340]
[208, 529]
[208, 1559]
[209, 378]
[209, 3116]
[210, 2522]
[210, 3537]
[211, 1030]
[211, 1385]
[212, 1130]
[212, 2475]
[213, 2242]
[213, 3106]
[214, 1077]
[214, 2037]
[215, 646]
[215, 1526]
[216, 495]
[216, 2501]
[217, 777]
[217, 1704]
[218, 2334]
[218, 2373]
[219, 2367]
[219, 3227]
[220, 1294]
[220, 2481]
[221, 400]
[221, 3490]
[222, 3440]
[222, 3546]
[223, 2952]
[223, 3599]
[224, 3465]
[224, 3545]
[225, 3064]
[225, 3437]
[226, 650]
[226, 3264]
[227, 1119]
[227, 2783]
[228, 437]
[228, 2863]
[229, 330]
[229, 1837]
[230, 2147]
[230, 2590]
[231, 494]
[232, 743]
[232, 1430]
[233, 2376]
[233, 3040]
[234, 269]
[234, 2900]
[235, 2613]
[236, 1400]
[236, 3525]
[237, 815]
[237, 1779]
[238, 1674]
[238, 2859]
[239, 2033]
[239, 2492]
[240, 486]
[240, 1366]
[241, 3575]
[242, 243]
[242, 1239]
[243, 1239]
[244, 511]
[244, 2664]
[245, 2404]
[245, 2567]
[246, 1126]
[246, 3510]
[247, 1568]
[248, 1442]
[248, 3200]
[249, 1503]
[249, 1743]
[250, 2445]
[250, 2977]
[251, 912]
[251, 3213]
[252, 792]
[252, 1209]
[253, 3090]
[253, 3532]
[254, 524]
[254, 2286]
[255, 424]
[255, 1346]
[256, 704]
[256, 2544]
[257, 1207]
[257, 2151]
[258, 538]
[258, 3583]
[259, 333]
[259, 3577]
[260, 1386]
[260, 2935]
[261, 1456]
[261, 2576]
[262, 1332]
[262, 2912]
[263, 1278]
[263, 2349]
[264, 435]
[264, 2761]
[265, 1550]
[265, 2979]
[266, 1677]
[266, 3364]
[267, 830]
[267, 3439]
[268, 530]
[268, 1753]
[269, 2900]
[270, 853]
[271, 1045]
[272, 1337]
[272, 1606]
[273, 2248]
[273, 3055]
[274, 1680]
[274, 3108]
[275, 1965]
[275, 2141]
[276, 1709]
[276, 2191]
[277, 1670]
[278, 2187]
[278, 2396]
[279, 1269]
[279, 1325]
[280, 2850]
[280, 3555]
[281, 2307]
[281, 3109]
[282, 285]
[282, 1852]
[283, 640]
[283, 2523]
[284, 1835]
[284, 1934]
[285, 1852]
[286, 3323]
[287, 977]
[287, 1070]
[288, 874]
[288, 1633]
[289, 2682]
[289, 3010]
[290, 957]
[290, 2989]
[291, 3333]
[292, 1978]
[292, 2654]
[293, 1352]
[293, 1435]
[294, 1458]
[295, 1490]
[295, 2563]
[296, 2513]
[296, 3334]
[297, 557]
[297, 1296]
[298, 1860]
[298, 3456]
[299, 2085]
[299, 3005]
[300, 2079]
[300, 3122]
[301, 723]
[301, 3156]
[303, 1185]
[303, 3330]
[304, 1154]
[304, 3176]
[305, 2866]
[305, 3346]
[306, 1068]
[306, 2961]
[307, 2220]
[307, 2517]
[308, 1479]
[308, 2255]
[309, 1772]
[309, 3345]
[310, 1080]
[310, 3578]
[311, 2699]
[312, 1350]
[312, 2383]
[313, 1375]
[313, 1499]
[314, 872]
[314, 2685]
[315, 545]
[315, 3129]
[316, 2802]
[316, 3142]
[317, 1086]
[317, 1184]
[318, 1342]
[318, 1926]
[319, 1419]
[319, 1528]
[320, 1028]
[320, 1219]
[321, 808]
[321, 2460]
[322, 2139]
[322, 3487]
[323, 430]
[324, 395]
[324, 2763]
[325, 1728]
[325, 2818]
[326, 534]
[326, 3038]
[327, 328]
[327, 2273]
[328, 2273]
[329, 2995]
[330, 1837]
[331, 692]
[331, 2985]
[332, 1262]
[333, 3577]
[334, 1155]
[334, 2930]
[335, 746]
[335, 3507]
[336, 1987]
[336, 2932]
[337, 941]
[337, 1367]
[338, 773]
[339, 616]
[339, 819]
[340, 2326]
[340, 2779]
[341, 1834]
[342, 3393]
[342, 3441]
[343, 2518]
[343, 2662]
[344, 2679]
[344, 3489]
[345, 1014]
[345, 1909]
[346, 1161]
[346, 2543]
[347, 1105]
[347, 2015]
[348, 2835]
[348, 3216]
[349, 399]
[349, 2449]
[350, 1143]
[350, 1644]
[351, 543]
[351, 3133]
[352, 2039]
[352, 3056]
[353, 1577]
[353, 2801]
[354, 784]
[354, 1702]
[355, 1902]
[355, 1951]
[356, 2036]
[357, 1939]
[357, 2628]
[358, 1215]
[358, 3270]
[359, 3385]
[359, 3493]
[360, 3195]
[361, 1651]
[362, 1541]
[362, 2667]
[363, 744]
[363, 3392]
[364, 2969]
[364, 3147]
[365, 3340]
[366, 655]
[366, 1766]
[367, 684]
[367, 1409]
[368, 703]
[368, 728]
[369, 1637]
[369, 2438]
[370, 1315]
[371, 375]
[371, 2129]
[372, 1402]
[372, 1699]
[373, 1328]
[373, 2712]
[374, 1875]
[374, 2841]
[375, 2129]
[376, 2910]
[376, 3352]
[377, 669]
[377, 1270]
[378, 3116]
[379, 1807]
[379, 3300]
[380, 2382]
[380, 2480]
[381, 2638]
[381, 2753]
[382, 2331]
[382, 2531]
[383, 858]
[383, 1263]
[384, 2407]
[384, 3556]
[385, 1189]
[386, 2507]
[386, 2974]
[387, 2337]
[387, 2491]
[388, 762]
[388, 2788]
[389, 390]
[389, 2016]
[390, 2016]
[391, 1481]
[391, 2470]
[392, 1971]
[392, 2861]
[393, 2819]
[393, 2894]
[394, 1628]
[394, 2534]
[395, 2763]
[396, 544]
[396, 3234]
[397, 2104]
[397, 2564]
[398, 1552]
[398, 1850]
[399, 2449]
[400, 3490]
[401, 2206]
[401, 3347]
[402, 489]
[402, 1679]
[403, 628]
[403, 1125]
[404, 2341]
[404, 2483]
[405, 915]
[405, 1901]
[406, 1792]
[406, 2736]
[407, 2282]
[407, 3375]
[408, 517]
[408, 2440]
[409, 1171]
[409, 1635]
[410, 1344]
[410, 1524]
[411, 1224]
[411, 1864]
[412, 602]
[412, 3001]
[413, 2312]
[413, 3128]
[414, 1898]
[414, 3120]
[415, 910]
[415, 1104]
[416, 2555]
[416, 2990]
[417, 1377]
[417, 1950]
[418, 953]
[418, 2574]
[419, 2805]
[419, 3143]
[420, 867]
[420, 2530]
[421, 1405]
[421, 2538]
[422, 922]
[422, 3308]
[423, 1243]
[423, 1478]
[424, 1346]
[425, 1826]
[425, 1874]
[426, 433]
[426, 3223]
[427, 1797]
[427, 2594]
[428, 562]
[428, 2368]
[429, 512]
[429, 869]
[431, 672]
[431, 2489]
[432, 2213]
[432, 2709]
[433, 3223]
[434, 2028]
[434, 2653]
[435, 2761]
[436, 1283]
[436, 2053]
[437, 2863]
[438, 3034]
[438, 3035]
[439, 1928]
[439, 3391]
[440, 441]
[440, 2671]
[441, 2671]
[442, 1462]
[443, 444]
[443, 1715]
[444, 1715]
[445, 446]
[445, 2862]
[446, 2862]
[447, 2580]
[448, 2981]
[448, 3414]
[449, 2833]
[450, 1467]
[450, 2280]
[451, 1763]
[451, 3124]
[452, 2251]
[452, 3110]
[453, 2545]
[453, 2717]
[454, 1190]
[454, 2906]
[455, 725]
[455, 2493]
[456, 1180]
[456, 1181]
[457, 2123]
[457, 2185]
[458, 536]
[458, 2825]
[459, 1017]
[460, 2442]
[460, 3157]
[461, 1554]
[461, 2096]
[462, 1331]
[462, 1944]
[463, 2486]
[463, 3066]
[464, 504]
[464, 2623]
[465, 1667]
[465, 2663]
[466, 1488]
[466, 2496]
[467, 1047]
[467, 1485]
[468, 1730]
[468, 2597]
[469, 1293]
[469, 1594]
[470, 2911]
[470, 3320]
[471, 695]
[471, 1894]
[472, 952]
[472, 3574]
[473, 790]
[473, 3338]
[474, 651]
[474, 2529]
[475, 3082]
[475, 3460]
[476, 1910]
[476, 3387]
[477, 638]
[477, 2760]
[478, 1191]
[478, 2626]
[479, 2877]
[479, 3327]
[480, 771]
[480, 3039]
[481, 962]
[481, 1931]
[482, 930]
[482, 2297]
[483, 883]
[483, 3521]
[484, 2539]
[484, 3250]
[485, 888]
[486, 1366]
[487, 742]
[487, 2892]
[488, 660]
[488, 2857]
[489, 1679]
[490, 3359]
[491, 1843]
[491, 2641]
[492, 1598]
[493, 1531]
[493, 2702]
[495, 2501]
[496, 2082]
[496, 2083]
[497, 816]
[497, 2118]
[498, 1246]
[498, 2175]
[499, 1848]
[500, 1010]
[500, 2112]
[501, 864]
[501, 3233]
[502, 2270]
[502, 3447]
[503, 1470]
[503, 2547]
[504, 2623]
[505, 2233]
[505, 3189]
[506, 3479]
[506, 3480]
[507, 2173]
[508, 1362]
[508, 1872]
[509, 1170]
[509, 2355]
[510, 1941]
[510, 2062]
[511, 2664]
[512, 869]
[513, 597]
[513, 3524]
[514, 627]
[514, 3536]
[515, 653]
[515, 1761]
[516, 1340]
[516, 1915]
[517, 2440]
[518, 2145]
[518, 2467]
[519, 1471]
[519, 2303]
[520, 3568]
[521, 2108]
[521, 2915]
[522, 908]
[522, 2775]
[523, 2854]
[523, 2868]
[524, 2286]
[525, 1234]
[525, 2770]
[526, 1006]
[526, 1780]
[527, 1379]
[528, 1391]
[528, 2936]
[529, 1559]
[530, 1753]
[531, 2146]
[532, 2097]
[533, 839]
[534, 3038]
[535, 3290]
[536, 2825]
[537, 1013]
[537, 2619]
[538, 3583]
[539, 948]
[539, 1417]
[540, 3100]
[541, 575]
[541, 2566]
[542, 2210]
[542, 2875]
[543, 3133]
[544, 3234]
[545, 3129]
[546, 1369]
[546, 2967]
[547, 1711]
[547, 2221]
[548, 1341]
[548, 2335]
[549, 1378]
[549, 2811]
[550, 1248]
[550, 1443]
[551, 903]
[551, 2876]
[552, 1007]
[552, 1751]
[553, 2318]
[553, 2669]
[554, 710]
[554, 2441]
[555, 2599]
[556, 1830]
[556, 2294]
[557, 1296]
[558, 1127]
[558, 1252]
[559, 715]
[559, 911]
[560, 2815]
[560, 3141]
[561, 3262]
[561, 3378]
[562, 2368]
[563, 1206]
[563, 1413]
[564, 805]
[564, 3240]
[565, 1041]
[565, 2947]
[566, 837]
[566, 2908]
[567, 1238]
[567, 1390]
[568, 709]
[568, 1168]
[569, 1285]
[569, 2088]
[570, 2973]
[570, 3085]
[571, 1282]
[571, 1464]
[572, 3563]
[572, 3587]
[573, 2007]
[574, 2278]
[574, 3180]
[575, 2566]
[576, 764]
[576, 3561]
[577, 1732]
[577, 2858]
[578, 968]
[578, 2024]
[579, 1867]
[579, 2126]
[580, 814]
[580, 3174]
[581, 1885]
[581, 2944]
[582, 1968]
[582, 2884]
[583, 1988]
[583, 2686]
[584, 1755]
[584, 1923]
[585, 2500]
[585, 2965]
[586, 745]
[586, 1097]
[587, 2548]
[587, 2582]
[588, 1525]
[588, 1595]
[589, 712]
[589, 1718]
[590, 1082]
[590, 3542]
[591, 1355]
[591, 3261]
[592, 1438]
[592, 3212]
[593, 2284]
[594, 2044]
[594, 3131]
[595, 3074]
[595, 3348]
[596, 811]
[596, 1036]
[597, 3524]
[598, 1081]
[598, 1863]
[599, 2713]
[600, 1029]
[600, 3356]
[601, 2379]
[602, 3001]
[603, 3007]
[605, 3062]
[606, 1501]
[606, 2741]
[607, 2773]
[607, 3410]
[608, 2212]
[608, 2695]
[609, 3170]
[609, 3464]
[610, 2743]
[610, 2921]
[611, 1737]
[611, 2737]
[612, 1159]
[612, 1725]
[613, 2774]
[613, 2986]
[614, 1708]
[614, 1832]
[615, 1088]
[615, 1574]
[616, 819]
[617, 1050]
[617, 1052]
[618, 866]
[618, 3018]
[619, 2017]
[620, 1746]
[621, 1818]
[621, 3372]
[622, 2063]
[622, 2207]
[623, 694]
[623, 2620]
[624, 1076]
[624, 2395]
[625, 774]
[625, 1043]
[627, 3536]
[628, 1125]
[629, 747]
[629, 2865]
[630, 741]
[630, 1791]
[631, 3086]
[632, 813]
[632, 2639]
[633, 789]
[633, 2560]
[634, 2498]
[634, 3210]
[635, 1241]
[635, 3417]
[636, 1604]
[636, 2949]
[637, 2754]
[637, 3242]
[638, 2760]
[639, 2895]
[639, 3515]
[640, 2523]
[641, 3582]
[642, 1245]
[643, 892]
[643, 2562]
[644, 995]
[644, 1277]
[645, 1710]
[645, 2477]
[646, 1526]
[647, 1811]
[647, 2328]
[648, 2049]
[648, 2180]
[649, 1561]
[649, 1611]
[650, 3264]
[651, 2529]
[652, 894]
[652, 3306]
[653, 1761]
[654, 1948]
[654, 2650]
[655, 1766]
[656, 1510]
[656, 2621]
[657, 1798]
[657, 1882]
[658, 1073]
[658, 2943]
[659, 1566]
[659, 2269]
[660, 2857]
[661, 1476]
[661, 2144]
[662, 1933]
[662, 2351]
[663, 1903]
[663, 2265]
[664, 766]
[664, 1671]
[665, 969]
[665, 2026]
[666, 763]
[666, 2459]
[667, 2958]
[667, 3484]
[668, 2762]
[669, 1270]
[670, 1415]
[670, 1587]
[671, 1001]
[671, 3275]
[672, 2489]
[673, 2066]
[673, 2236]
[674, 688]
[674, 2519]
[675, 1254]
[675, 1754]
[676, 1299]
[676, 3429]
[677, 1132]
[677, 1962]
[678, 1616]
[678, 2601]
[679, 824]
[679, 3111]
[680, 994]
[680, 2851]
[681, 2881]
[681, 3139]
[682, 1272]
[682, 3164]
[683, 2010]
[683, 2729]
[684, 1409]
[685, 1275]
[685, 2003]
[686, 1407]
[686, 3051]
[687, 3511]
[687, 3557]
[688, 2519]
[689, 2338]
[689, 2878]
[690, 1614]
[690, 1974]
[691, 1727]
[691, 2808]
[692, 2985]
[693, 3485]
[694, 2620]
[695, 1894]
[696, 1584]
[696, 1731]
[697, 998]
[697, 1412]
[698, 939]
[698, 2724]
[699, 2080]
[699, 2527]
[700, 975]
[700, 1492]
[701, 1664]
[701, 3483]
[702, 1198]
[703, 728]
[704, 2544]
[705, 865]
[705, 2216]
[706, 2957]
[707, 1035]
[707, 1100]
[708, 913]
[708, 2707]
[709, 1168]
[710, 2441]
[711, 1946]
[711, 2834]
[712, 1718]
[713, 2174]
[714, 718]
[714, 881]
[715, 911]
[716, 1067]
[716, 2964]
[717, 2509]
[718, 881]
[719, 2310]
[719, 3405]
[720, 2425]
[720, 2963]
[721, 1414]
[721, 1420]
[722, 1274]
[722, 1883]
[723, 3156]
[724, 2095]
[724, 3326]
[725, 2493]
[726, 937]
[726, 1540]
[727, 2478]
[727, 3277]
[729, 889]
[729, 3492]
[730, 2872]
[731, 1451]
[731, 1981]
[732, 1717]
[732, 3148]
[733, 738]
[733, 2931]
[734, 798]
[734, 2365]
[735, 1571]
[735, 2792]
[736, 1102]
[736, 2219]
[737, 1281]
[737, 2665]
[738, 2931]
[739, 1692]
[739, 2183]
[740, 1567]
[740, 2871]
[741, 1791]
[742, 2892]
[743, 1430]
[744, 3392]
[745, 1097]
[746, 3507]
[747, 2865]
[748, 2198]
[748, 3197]
[749, 2711]
[749, 2873]
[750, 1211]
[750, 1775]
[751, 1960]
[751, 2428]
[752, 1250]
[752, 1398]
[753, 1131]
[753, 2245]
[754, 759]
[754, 1113]
[755, 3494]
[756, 2167]
[756, 2980]
[757, 1249]
[757, 3101]
[758, 1146]
[758, 1359]
[759, 1113]
[760, 1406]
[760, 3402]
[761, 1489]
[761, 1596]
[762, 2788]
[763, 2459]
[764, 3561]
[765, 2831]
[766, 1671]
[767, 1223]
[767, 3272]
[768, 834]
[768, 1354]
[769, 1748]
[769, 2542]
[770, 809]
[770, 810]
[771, 3039]
[772, 2455]
[772, 2603]
[774, 1043]
[775, 1166]
[775, 2258]
[776, 1980]
[776, 3026]
[777, 1704]
[778, 1954]
[778, 3092]
[779, 3187]
[779, 3188]
[780, 2155]
[780, 3401]
[781, 1714]
[781, 2320]
[782, 3206]
[782, 3552]
[783, 1087]
[783, 1164]
[784, 1702]
[785, 1092]
[785, 2722]
[786, 1650]
[786, 2885]
[787, 1707]
[787, 2849]
[788, 2224]
[788, 2889]
[789, 2560]
[790, 3338]
[791, 1090]
[791, 1581]
[792, 1209]
[793, 2568]
[793, 2710]
[794, 2661]
[794, 3351]
[795, 1521]
[795, 2657]
[796, 2488]
[796, 3193]
[797, 916]
[797, 3433]
[798, 2365]
[799, 1459]
[799, 1542]
[800, 1899]
[800, 2170]
[801, 1842]
[801, 3519]
[802, 1600]
[802, 2454]
[803, 1020]
[803, 1279]
[804, 1932]
[805, 3240]
[806, 1292]
[806, 2806]
[807, 2719]
[807, 3341]
[808, 2460]
[809, 810]
[811, 1036]
[812, 852]
[812, 3350]
[813, 2639]
[814, 3174]
[815, 1779]
[816, 2118]
[817, 891]
[817, 2891]
[818, 1064]
[818, 1966]
[820, 2666]
[820, 2934]
[821, 2281]
[821, 2726]
[822, 1091]
[822, 1558]
[823, 2196]
[823, 3579]
[824, 3111]
[825, 1482]
[825, 2803]
[826, 2659]
[826, 2790]
[827, 2056]
[827, 2403]
[828, 3076]
[828, 3430]
[829, 2259]
[829, 3455]
[830, 3439]
[831, 2124]
[831, 3304]
[832, 2268]
[832, 2412]
[833, 2203]
[833, 2987]
[834, 1354]
[835, 1964]
[835, 1985]
[836, 1455]
[836, 3030]
[837, 2908]
[838, 1410]
[838, 1446]
[840, 857]
[840, 3271]
[841, 1425]
[841, 3244]
[842, 2116]
[842, 3299]
[843, 1172]
[843, 2648]
[844, 1074]
[844, 3203]
[845, 2837]
[845, 3533]
[846, 2032]
[846, 2631]
[847, 1287]
[847, 2904]
[848, 2038]
[848, 3058]
[849, 2057]
[849, 2740]
[850, 1071]
[850, 3314]
[851, 1618]
[851, 2721]
[852, 3350]
[854, 1582]
[854, 1683]
[855, 2215]
[855, 2901]
[856, 1449]
[856, 2034]
[857, 3271]
[858, 1263]
[859, 2356]
[859, 3325]
[860, 1515]
[860, 3267]
[861, 2420]
[861, 3324]
[862, 2751]
[862, 3594]
[863, 982]
[863, 3102]
[864, 3233]
[865, 2216]
[866, 3018]
[867, 2530]
[868, 2886]
[868, 3500]
[870, 1153]
[870, 2644]
[871, 1590]
[871, 3095]
[872, 2685]
[873, 1450]
[873, 2606]
[874, 1633]
[875, 2343]
[875, 3376]
[876, 1517]
[876, 2745]
[877, 2092]
[877, 2234]
[878, 1371]
[878, 2570]
[879, 895]
[879, 1659]
[880, 2598]
[880, 2632]
[882, 2272]
[882, 2505]
[883, 3521]
[884, 1334]
[884, 1927]
[885, 1151]
[885, 2975]
[886, 1461]
[886, 2692]
[887, 1840]
[889, 3492]
[890, 1990]
[890, 2497]
[891, 2891]
[892, 2562]
[893, 2941]
[893, 3015]
[894, 3306]
[895, 1659]
[896, 1977]
[896, 2472]
[897, 3167]
[898, 899]
[900, 2302]
[900, 2551]
[901, 1758]
[901, 1906]
[902, 1738]
[902, 2504]
[903, 2876]
[904, 2192]
[904, 3419]
[905, 3459]
[905, 3543]
[906, 1137]
[906, 3036]
[907, 3215]
[908, 2775]
[909, 2526]
[909, 2824]
[910, 1104]
[912, 3213]
[913, 2707]
[914, 1188]
[914, 2283]
[915, 1901]
[916, 3433]
[917, 1365]
[917, 2346]
[918, 3225]
[919, 931]
[919, 1434]
[920, 1497]
[921, 3260]
[922, 3308]
[923, 1887]
[923, 2040]
[924, 1778]
[924, 3159]
[925, 1008]
[925, 1529]
[926, 1320]
[926, 3173]
[927, 2485]
[929, 1101]
[929, 2427]
[930, 2297]
[931, 1434]
[932, 2344]
[932, 2919]
[933, 1310]
[933, 2274]
[934, 1493]
[934, 3096]
[935, 3135]
[935, 3396]
[936, 3514]
[936, 3528]
[937, 1540]
[938, 2143]
[938, 3384]
[939, 2724]
[940, 2596]
[940, 2714]
[941, 1367]
[942, 1107]
[942, 2132]
[943, 3049]
[943, 3541]
[944, 1769]
[944, 2684]
[945, 1218]
[945, 3539]
[946, 949]
[946, 3296]
[947, 2971]
[947, 3344]
[948, 1417]
[949, 3296]
[950, 1543]
[951, 3104]
[951, 3254]
[952, 3574]
[953, 2574]
[954, 2205]
[954, 2532]
[955, 2257]
[955, 2430]
[956, 1316]
[956, 3335]
[957, 2989]
[958, 1144]
[958, 2903]
[959, 3310]
[959, 3597]
[960, 2162]
[960, 2880]
[961, 986]
[961, 2810]
[962, 1931]
[963, 1395]
[963, 1816]
[964, 1889]
[964, 3550]
[965, 1802]
[965, 3472]
[966, 999]
[966, 3474]
[967, 1297]
[967, 3329]
[968, 2024]
[969, 2026]
[970, 1750]
[970, 1822]
[971, 3097]
[971, 3166]
[972, 2223]
[973, 2510]
[973, 3016]
[974, 2384]
[974, 2406]
[975, 1492]
[976, 1106]
[977, 1070]
[978, 3282]
[978, 3486]
[980, 1639]
[980, 3022]
[981, 3050]
[981, 3061]
[982, 3102]
[983, 2313]
[983, 2579]
[984, 1904]
[984, 2398]
[985, 1300]
[985, 2260]
[986, 2810]
[987, 990]
[987, 2435]
[988, 2972]
[989, 1031]
[989, 2288]
[990, 2435]
[991, 2456]
[991, 2537]
[992, 1156]
[992, 2432]
[993, 2229]
[993, 2608]
[994, 2851]
[995, 1277]
[996, 1313]
[996, 3358]
[997, 3023]
[997, 3184]
[998, 1412]
[999, 3474]
[1000, 1498]
[1000, 3165]
[1001, 3275]
[1002, 3149]
[1003, 1432]
[1003, 3287]
[1004, 1880]
[1005, 2029]
[1005, 2708]
[1006, 1780]
[1007, 1751]
[1008, 1529]
[1009, 1623]
[1009, 2051]
[1010, 2112]
[1011, 1324]
[1011, 2022]
[1012, 1588]
[1012, 2502]
[1013, 2619]
[1014, 1909]
[1015, 1586]
[1015, 3362]
[1016, 2041]
[1016, 3321]
[1018, 1201]
[1018, 2558]
[1019, 1665]
[1019, 1666]
[1020, 1279]
[1021, 2585]
[1022, 1610]
[1022, 2553]
[1023, 1989]
[1023, 2918]
[1024, 2363]
[1024, 2516]
[1025, 1480]
[1025, 1603]
[1026, 2208]
[1026, 3400]
[1027, 2887]
[1027, 3478]
[1028, 1219]
[1029, 3356]
[1030, 1385]
[1031, 2288]
[1032, 3530]
[1033, 2728]
[1033, 3177]
[1034, 3317]
[1034, 3580]
[1035, 1100]
[1037, 2495]
[1037, 3504]
[1038, 1518]
[1038, 1645]
[1039, 2148]
[1039, 2765]
[1040, 2640]
[1040, 2742]
[1041, 2947]
[1042, 2408]
[1042, 2688]
[1044, 1475]
[1046, 1697]
[1046, 1865]
[1047, 1485]
[1048, 1551]
[1048, 3028]
[1049, 2922]
[1049, 3152]
[1050, 1052]
[1051, 2030]
[1051, 2087]
[1053, 2771]
[1053, 3548]
[1054, 1361]
[1054, 3442]
[1055, 1477]
[1055, 2360]
[1056, 2128]
[1056, 2746]
[1057, 3009]
[1057, 3089]
[1058, 1078]
[1058, 1134]
[1059, 1511]
[1060, 1138]
[1060, 3226]
[1061, 1103]
[1061, 2252]
[1062, 1668]
[1062, 2150]
[1063, 1858]
[1063, 2902]
[1064, 1966]
[1065, 1233]
[1065, 3161]
[1066, 2117]
[1066, 3222]
[1067, 2964]
[1068, 2961]
[1069, 2614]
[1069, 3004]
[1071, 3314]
[1072, 1701]
[1072, 3257]
[1073, 2943]
[1074, 3203]
[1075, 1330]
[1075, 2991]
[1076, 2395]
[1077, 2037]
[1078, 1134]
[1079, 1483]
[1079, 2078]
[1080, 3578]
[1081, 1863]
[1082, 3542]
[1083, 1231]
[1083, 2217]
[1084, 2293]
[1084, 3571]
[1085, 1599]
[1086, 1184]
[1087, 1164]
[1088, 1574]
[1089, 2061]
[1089, 2127]
[1090, 1581]
[1091, 1558]
[1092, 2722]
[1093, 2823]
[1093, 3255]
[1094, 2462]
[1094, 3584]
[1095, 1817]
[1096, 3336]
[1096, 3540]
[1098, 1363]
[1098, 2131]
[1099, 2899]
[1099, 3168]
[1101, 2427]
[1102, 2219]
[1103, 2252]
[1105, 2015]
[1107, 2132]
[1108, 2511]
[1108, 3175]
[1109, 1142]
[1109, 2693]
[1110, 2090]
[1110, 3369]
[1111, 2812]
[1111, 3031]
[1112, 1688]
[1112, 2583]
[1114, 2629]
[1114, 3428]
[1115, 1868]
[1115, 2832]
[1116, 2750]
[1116, 3449]
[1117, 3236]
[1117, 3592]
[1118, 1321]
[1118, 2595]
[1119, 2783]
[1120, 2308]
[1120, 2797]
[1121, 2681]
[1121, 3560]
[1122, 1220]
[1122, 1838]
[1123, 1317]
[1123, 2048]
[1124, 1530]
[1124, 2705]
[1126, 3510]
[1127, 1252]
[1128, 2158]
[1128, 2494]
[1129, 1925]
[1129, 3190]
[1130, 2475]
[1131, 2245]
[1132, 1962]
[1133, 2571]
[1133, 3407]
[1135, 1805]
[1135, 2484]
[1136, 2067]
[1136, 2375]
[1137, 3036]
[1138, 3226]
[1139, 2897]
[1139, 3422]
[1140, 1733]
[1141, 1302]
[1141, 2300]
[1142, 2693]
[1143, 1644]
[1144, 2903]
[1145, 2939]
[1145, 2942]
[1146, 1359]
[1147, 1572]
[1147, 3054]
[1148, 2419]
[1149, 2464]
[1149, 3368]
[1150, 3467]
[1150, 3502]
[1151, 2975]
[1152, 3319]
[1153, 2644]
[1154, 3176]
[1155, 2930]
[1156, 2432]
[1157, 1536]
[1157, 3544]
[1158, 1383]
[1158, 1507]
[1159, 1725]
[1160, 1306]
[1160, 3495]
[1161, 2543]
[1162, 2416]
[1162, 3450]
[1163, 1323]
[1163, 1397]
[1165, 2656]
[1165, 3265]
[1166, 2258]
[1167, 2329]
[1167, 3280]
[1169, 2325]
[1169, 3520]
[1170, 2355]
[1171, 1635]
[1172, 2648]
[1173, 2734]
[1173, 3291]
[1174, 1265]
[1174, 1534]
[1175, 2285]
[1175, 3403]
[1176, 1177]
[1176, 2046]
[1177, 2046]
[1178, 1535]
[1178, 1537]
[1179, 2827]
[1179, 3565]
[1180, 1181]
[1182, 1240]
[1182, 3013]
[1183, 1289]
[1183, 3112]
[1185, 3330]
[1186, 3349]
[1187, 1612]
[1187, 2978]
[1188, 2283]
[1190, 2906]
[1191, 2626]
[1192, 1654]
[1192, 3553]
[1193, 1673]
[1193, 2749]
[1194, 1195]
[1194, 3374]
[1195, 3374]
[1196, 2295]
[1196, 2421]
[1197, 2720]
[1197, 3531]
[1199, 2469]
[1199, 2976]
[1200, 3249]
[1201, 2558]
[1202, 1309]
[1202, 2322]
[1203, 2164]
[1203, 2893]
[1204, 2012]
[1204, 2490]
[1205, 1687]
[1205, 3067]
[1206, 1413]
[1207, 2151]
[1208, 2021]
[1208, 2992]
[1210, 2651]
[1211, 1775]
[1213, 1311]
[1213, 2907]
[1214, 1373]
[1214, 3569]
[1215, 3270]
[1216, 1608]
[1216, 2646]
[1217, 3380]
[1217, 3383]
[1218, 3539]
[1220, 1838]
[1221, 3229]
[1222, 1439]
[1222, 3564]
[1223, 3272]
[1224, 1864]
[1225, 1636]
[1225, 1705]
[1227, 2752]
[1227, 3078]
[1228, 1329]
[1228, 2512]
[1229, 1669]
[1229, 3029]
[1230, 2780]
[1230, 3202]
[1231, 2217]
[1232, 2176]
[1232, 2766]
[1233, 3161]
[1234, 2770]
[1235, 2782]
[1235, 3461]
[1236, 2535]
[1236, 2860]
[1237, 2540]
[1237, 2842]
[1238, 1390]
[1240, 3013]
[1241, 3417]
[1242, 2076]
[1242, 2077]
[1243, 1478]
[1244, 1547]
[1244, 2549]
[1246, 2175]
[1247, 2673]
[1247, 2916]
[1248, 1443]
[1249, 3101]
[1250, 1398]
[1251, 1713]
[1251, 3279]
[1253, 3366]
[1254, 1754]
[1255, 2468]
[1255, 3386]
[1256, 2465]
[1256, 2573]
[1257, 2047]
[1257, 2652]
[1258, 2238]
[1258, 3409]
[1259, 2399]
[1259, 3084]
[1260, 1347]
[1260, 1741]
[1261, 2084]
[1261, 2528]
[1264, 1922]
[1264, 3302]
[1265, 1534]
[1266, 1655]
[1266, 2317]
[1267, 1593]
[1267, 2372]
[1268, 1685]
[1269, 1325]
[1271, 2994]
[1271, 3367]
[1272, 3164]
[1273, 1353]
[1274, 1883]
[1275, 2003]
[1276, 3235]
[1278, 2349]
[1280, 1372]
[1280, 2476]
[1281, 2665]
[1282, 1464]
[1283, 2053]
[1284, 1742]
[1284, 3293]
[1285, 2088]
[1287, 2904]
[1288, 1975]
[1288, 3332]
[1289, 3112]
[1290, 1472]
[1290, 2020]
[1291, 1770]
[1291, 3134]
[1292, 2806]
[1293, 1594]
[1294, 2481]
[1295, 2890]
[1295, 3318]
[1297, 3329]
[1298, 1506]
[1298, 2301]
[1299, 3429]
[1300, 2260]
[1301, 2159]
[1301, 2879]
[1302, 2300]
[1303, 2451]
[1303, 2520]
[1304, 2444]
[1304, 3245]
[1305, 2586]
[1305, 3146]
[1306, 3495]
[1307, 2156]
[1307, 2634]
[1308, 3498]
[1309, 2322]
[1310, 2274]
[1311, 2907]
[1312, 2246]
[1313, 3358]
[1314, 2249]
[1316, 3335]
[1317, 2048]
[1318, 2009]
[1318, 2405]
[1319, 2157]
[1319, 2166]
[1320, 3173]
[1321, 2595]
[1322, 1851]
[1322, 2645]
[1323, 1397]
[1324, 2022]
[1326, 1861]
[1327, 1562]
[1328, 2712]
[1329, 2512]
[1330, 2991]
[1331, 1944]
[1332, 2912]
[1333, 2410]
[1334, 1927]
[1335, 1997]
[1335, 2342]
[1336, 2581]
[1336, 2738]
[1337, 1606]
[1338, 1846]
[1338, 1896]
[1339, 2350]
[1339, 2550]
[1340, 1915]
[1341, 2335]
[1342, 1926]
[1343, 1982]
[1343, 2182]
[1344, 1524]
[1345, 2125]
[1345, 2678]
[1347, 1741]
[1348, 2816]
[1348, 3191]
[1349, 1773]
[1349, 2240]
[1350, 2383]
[1351, 2587]
[1351, 3205]
[1352, 1435]
[1355, 3261]
[1356, 2466]
[1356, 3269]
[1357, 2439]
[1357, 2807]
[1358, 1774]
[1358, 2618]
[1360, 1879]
[1360, 3307]
[1361, 3442]
[1362, 1872]
[1363, 2131]
[1364, 1468]
[1364, 2937]
[1365, 2346]
[1368, 2380]
[1368, 3027]
[1369, 2967]
[1370, 1777]
[1370, 2612]
[1371, 2570]
[1372, 2476]
[1373, 3569]
[1374, 1890]
[1374, 3311]
[1375, 1499]
[1376, 3002]
[1376, 3389]
[1377, 1950]
[1378, 2811]
[1380, 1893]
[1380, 2370]
[1381, 2264]
[1381, 3508]
[1382, 2058]
[1382, 3033]
[1383, 1507]
[1384, 2204]
[1386, 2935]
[1387, 1881]
[1387, 2409]
[1388, 2506]
[1389, 1466]
[1389, 3598]
[1391, 2936]
[1392, 1505]
[1393, 2244]
[1393, 3589]
[1394, 2896]
[1394, 3425]
[1395, 1816]
[1396, 2948]
[1396, 3451]
[1399, 3217]
[1400, 3525]
[1402, 1699]
[1403, 2487]
[1403, 3462]
[1404, 1484]
[1404, 2577]
[1405, 2538]
[1406, 3402]
[1407, 3051]
[1408, 1652]
[1408, 3243]
[1410, 1446]
[1411, 1724]
[1414, 1420]
[1415, 1587]
[1416, 2193]
[1416, 3253]
[1418, 1956]
[1418, 2660]
[1419, 1528]
[1421, 2114]
[1421, 2298]
[1422, 1457]
[1422, 2557]
[1423, 1930]
[1423, 3155]
[1424, 3130]
[1424, 3423]
[1425, 3244]
[1426, 2561]
[1427, 2589]
[1427, 2844]
[1428, 1847]
[1428, 3151]
[1429, 2019]
[1429, 2798]
[1431, 1970]
[1431, 3337]
[1432, 3287]
[1433, 2011]
[1433, 2316]
[1436, 2055]
[1436, 2186]
[1437, 1813]
[1437, 2867]
[1438, 3212]
[1439, 3564]
[1440, 2050]
[1440, 2136]
[1441, 3228]
[1441, 3581]
[1442, 3200]
[1444, 1794]
[1444, 3411]
[1445, 2683]
[1445, 3025]
[1447, 1527]
[1447, 3246]
[1448, 1884]
[1448, 3522]
[1449, 2034]
[1450, 2606]
[1451, 1981]
[1452, 1745]
[1452, 2413]
[1453, 2414]
[1453, 2730]
[1454, 1905]
[1454, 2133]
[1455, 3030]
[1456, 2576]
[1457, 2557]
[1459, 1542]
[1460, 1782]
[1460, 1995]
[1461, 2692]
[1463, 1675]
[1463, 3063]
[1465, 2525]
[1465, 2592]
[1466, 3598]
[1467, 2280]
[1468, 2937]
[1469, 1621]
[1469, 3415]
[1470, 2547]
[1471, 2303]
[1472, 2020]
[1473, 2718]
[1474, 1620]
[1474, 2018]
[1476, 2144]
[1477, 2360]
[1479, 2255]
[1480, 1603]
[1481, 2470]
[1482, 2803]
[1483, 2078]
[1484, 2577]
[1486, 2377]
[1486, 2888]
[1487, 2446]
[1488, 2496]
[1489, 1596]
[1490, 2563]
[1491, 1914]
[1491, 2953]
[1493, 3096]
[1494, 2314]
[1494, 2401]
[1495, 2616]
[1495, 3153]
[1496, 1760]
[1496, 1768]
[1498, 3165]
[1500, 2348]
[1501, 2741]
[1502, 3214]
[1503, 1743]
[1504, 1833]
[1504, 2960]
[1506, 2301]
[1508, 2453]
[1508, 3586]
[1509, 1549]
[1509, 2431]
[1510, 2621]
[1512, 3182]
[1512, 3183]
[1513, 1897]
[1513, 2345]
[1514, 2068]
[1514, 3566]
[1515, 3267]
[1516, 2042]
[1516, 3072]
[1517, 2745]
[1518, 1645]
[1519, 2795]
[1520, 1592]
[1521, 2657]
[1522, 3068]
[1522, 3390]
[1523, 1662]
[1523, 3103]
[1525, 1595]
[1527, 3246]
[1530, 2705]
[1531, 2702]
[1532, 2306]
[1532, 3048]
[1533, 1759]
[1533, 2393]
[1535, 1537]
[1536, 3544]
[1538, 1808]
[1538, 2437]
[1539, 3083]
[1539, 3379]
[1541, 2667]
[1544, 1849]
[1544, 2231]
[1545, 3373]
[1546, 2452]
[1546, 3069]
[1547, 2549]
[1548, 2968]
[1548, 3224]
[1549, 2431]
[1550, 2979]
[1551, 3028]
[1552, 1850]
[1553, 2499]
[1553, 3475]
[1554, 2096]
[1555, 1556]
[1555, 2290]
[1556, 2290]
[1557, 1804]
[1560, 2002]
[1560, 2417]
[1561, 1611]
[1563, 2390]
[1563, 2984]
[1564, 2241]
[1564, 2361]
[1565, 1921]
[1566, 2269]
[1567, 2871]
[1569, 2610]
[1569, 2731]
[1570, 1999]
[1570, 2000]
[1571, 2792]
[1572, 3054]
[1573, 2733]
[1573, 2838]
[1575, 3080]
[1575, 3570]
[1576, 2822]
[1577, 2801]
[1578, 2218]
[1578, 2429]
[1579, 2826]
[1580, 2840]
[1580, 3091]
[1582, 1683]
[1583, 1712]
[1583, 2677]
[1584, 1731]
[1585, 1828]
[1585, 2311]
[1586, 3362]
[1588, 2502]
[1589, 2094]
[1589, 2785]
[1590, 3095]
[1591, 2102]
[1591, 2121]
[1593, 2372]
[1597, 1646]
[1597, 2874]
[1600, 2454]
[1601, 2853]
[1601, 2855]
[1602, 2054]
[1602, 2119]
[1604, 2949]
[1605, 3073]
[1605, 3172]
[1607, 2137]
[1607, 2945]
[1608, 2646]
[1609, 3113]
[1609, 3232]
[1610, 2553]
[1612, 2978]
[1613, 2426]
[1613, 3473]
[1614, 1974]
[1615, 1752]
[1615, 3186]
[1616, 2601]
[1617, 1696]
[1617, 3468]
[1618, 2721]
[1619, 3576]
[1620, 2018]
[1621, 3415]
[1622, 2074]
[1622, 3573]
[1623, 2051]
[1624, 2099]
[1624, 3019]
[1625, 3559]
[1626, 1788]
[1626, 3477]
[1627, 2643]
[1628, 2534]
[1629, 1973]
[1629, 3181]
[1630, 1631]
[1630, 2727]
[1631, 2727]
[1632, 1855]
[1632, 3289]
[1634, 1691]
[1634, 2140]
[1636, 1705]
[1637, 2438]
[1638, 1657]
[1638, 3315]
[1639, 3022]
[1640, 1695]
[1640, 2789]
[1641, 3199]
[1641, 3431]
[1642, 2135]
[1642, 2369]
[1643, 1991]
[1643, 2211]
[1646, 2874]
[1647, 2190]
[1647, 2457]
[1648, 3198]
[1648, 3424]
[1649, 3394]
[1650, 2885]
[1652, 3243]
[1653, 2152]
[1654, 3553]
[1655, 2317]
[1656, 3079]
[1657, 3315]
[1658, 2001]
[1660, 2339]
[1660, 2698]
[1661, 3412]
[1662, 3103]
[1663, 1784]
[1664, 3483]
[1665, 1666]
[1667, 2663]
[1668, 2150]
[1669, 3029]
[1672, 2723]
[1672, 3017]
[1673, 2749]
[1674, 2859]
[1675, 3063]
[1676, 2482]
[1676, 2829]
[1677, 3364]
[1678, 1949]
[1678, 2998]
[1680, 3108]
[1681, 2938]
[1682, 1767]
[1682, 3491]
[1684, 2352]
[1684, 3590]
[1686, 1793]
[1686, 2772]
[1687, 3067]
[1688, 2583]
[1689, 2106]
[1689, 3499]
[1690, 3093]
[1690, 3353]
[1691, 2140]
[1692, 2183]
[1693, 1756]
[1693, 2197]
[1694, 1841]
[1695, 2789]
[1696, 3468]
[1697, 1865]
[1698, 2839]
[1698, 3196]
[1700, 1819]
[1701, 3257]
[1703, 2228]
[1703, 3596]
[1706, 2508]
[1706, 2744]
[1707, 2849]
[1708, 1832]
[1709, 2191]
[1710, 2477]
[1711, 2221]
[1712, 2677]
[1713, 3279]
[1714, 2320]
[1716, 2263]
[1716, 3247]
[1717, 3148]
[1719, 1958]
[1719, 2821]
[1720, 2287]
[1721, 2450]
[1721, 3115]
[1722, 2362]
[1722, 3274]
[1723, 2031]
[1723, 2546]
[1726, 1820]
[1726, 3281]
[1727, 2808]
[1728, 2818]
[1729, 1998]
[1729, 2690]
[1730, 2597]
[1732, 2858]
[1734, 1945]
[1734, 2725]
[1735, 2336]
[1736, 2402]
[1736, 3185]
[1737, 2737]
[1738, 2504]
[1739, 2059]
[1739, 3527]
[1740, 2189]
[1740, 3438]
[1742, 3293]
[1744, 2756]
[1744, 3363]
[1745, 2413]
[1747, 2366]
[1747, 3361]
[1748, 2542]
[1749, 2748]
[1749, 3448]
[1750, 1822]
[1752, 3186]
[1755, 1923]
[1756, 2197]
[1757, 2909]
[1757, 3150]
[1758, 1906]
[1759, 2393]
[1760, 1768]
[1762, 3144]
[1762, 3529]
[1763, 3124]
[1764, 3043]
[1764, 3355]
[1765, 2177]
[1765, 3117]
[1767, 3491]
[1769, 2684]
[1770, 3134]
[1771, 2625]
[1771, 2928]
[1772, 3345]
[1773, 2240]
[1774, 2618]
[1776, 2559]
[1776, 3446]
[1777, 2612]
[1778, 3159]
[1781, 2276]
[1781, 2473]
[1782, 1995]
[1783, 2169]
[1783, 2776]
[1785, 3237]
[1785, 3303]
[1786, 1912]
[1786, 2161]
[1787, 2013]
[1787, 2243]
[1788, 3477]
[1789, 2920]
[1789, 2993]
[1790, 2400]
[1790, 3053]
[1792, 2736]
[1793, 2772]
[1794, 3411]
[1795, 1877]
[1795, 1911]
[1796, 2200]
[1796, 3416]
[1797, 2594]
[1798, 1882]
[1799, 2768]
[1800, 2846]
[1800, 3328]
[1801, 3125]
[1801, 3322]
[1802, 3472]
[1803, 1967]
[1805, 2484]
[1806, 1972]
[1806, 2637]
[1807, 3300]
[1808, 2437]
[1809, 2697]
[1809, 2778]
[1810, 1996]
[1810, 2946]
[1811, 2328]
[1812, 2134]
[1813, 2867]
[1814, 2142]
[1814, 3087]
[1815, 2672]
[1815, 3538]
[1818, 3372]
[1820, 3281]
[1821, 2959]
[1821, 3194]
[1823, 2165]
[1823, 3360]
[1824, 3248]
[1824, 3567]
[1825, 3088]
[1825, 3554]
[1826, 1874]
[1827, 3169]
[1828, 2311]
[1829, 3071]
[1830, 2294]
[1831, 2927]
[1831, 3041]
[1833, 2960]
[1835, 1934]
[1836, 2163]
[1836, 2642]
[1839, 2591]
[1839, 3512]
[1842, 3519]
[1843, 2641]
[1844, 1878]
[1844, 3024]
[1845, 2905]
[1845, 2982]
[1846, 1896]
[1847, 3151]
[1849, 2231]
[1851, 2645]
[1853, 2052]
[1853, 2347]
[1854, 1908]
[1854, 2817]
[1855, 3289]
[1856, 1857]
[1856, 1900]
[1857, 1900]
[1858, 2902]
[1859, 2951]
[1859, 3505]
[1860, 3456]
[1862, 1942]
[1862, 3506]
[1866, 2954]
[1866, 3381]
[1867, 2126]
[1868, 2832]
[1869, 2471]
[1869, 3309]
[1870, 1937]
[1871, 3399]
[1873, 2755]
[1873, 3501]
[1875, 2841]
[1876, 3444]
[1876, 3572]
[1877, 1911]
[1878, 3024]
[1879, 3307]
[1881, 2409]
[1884, 3522]
[1885, 2944]
[1886, 1959]
[1886, 3014]
[1887, 2040]
[1888, 2160]
[1888, 2869]
[1889, 3550]
[1890, 3311]
[1891, 2239]
[1891, 2786]
[1892, 2668]
[1892, 3238]
[1893, 2370]
[1895, 2098]
[1895, 2392]
[1897, 2345]
[1898, 3120]
[1899, 2170]
[1902, 1951]
[1903, 2265]
[1904, 2398]
[1905, 2133]
[1907, 2115]
[1907, 3192]
[1908, 2817]
[1910, 3387]
[1912, 2161]
[1913, 2101]
[1913, 3077]
[1914, 2953]
[1916, 2065]
[1917, 3158]
[1918, 2929]
[1918, 3481]
[1919, 1983]
[1919, 2800]
[1920, 2008]
[1920, 2045]
[1922, 3302]
[1924, 2474]
[1924, 2584]
[1925, 3190]
[1928, 3391]
[1929, 2764]
[1929, 3070]
[1930, 3155]
[1933, 2351]
[1935, 2086]
[1935, 3517]
[1936, 3295]
[1939, 2628]
[1940, 3370]
[1940, 3404]
[1941, 2062]
[1942, 3506]
[1943, 2226]
[1943, 2602]
[1945, 2725]
[1946, 2834]
[1947, 2391]
[1947, 3339]
[1948, 2650]
[1949, 2998]
[1952, 2622]
[1953, 2735]
[1953, 2883]
[1954, 3092]
[1955, 2784]
[1955, 3162]
[1956, 2660]
[1957, 2793]
[1957, 3457]
[1958, 2821]
[1959, 3014]
[1960, 2428]
[1961, 2458]
[1961, 3593]
[1963, 2195]
[1963, 2870]
[1964, 1985]
[1965, 2141]
[1968, 2884]
[1969, 2658]
[1969, 3259]
[1970, 3337]
[1971, 2861]
[1972, 2637]
[1973, 3181]
[1975, 3332]
[1976, 2541]
[1976, 3354]
[1977, 2472]
[1978, 2654]
[1979, 1994]
[1979, 3312]
[1980, 3026]
[1982, 2182]
[1983, 2800]
[1984, 2214]
[1984, 3454]
[1986, 3032]
[1986, 3127]
[1987, 2932]
[1988, 2686]
[1989, 2918]
[1990, 2497]
[1991, 2211]
[1992, 2075]
[1992, 3258]
[1993, 2357]
[1993, 3427]
[1994, 3312]
[1996, 2946]
[1997, 2342]
[1998, 2690]
[1999, 2000]
[2002, 2417]
[2004, 2956]
[2005, 3239]
[2005, 3482]
[2006, 2787]
[2006, 2843]
[2008, 2045]
[2009, 2405]
[2010, 2729]
[2011, 2316]
[2012, 2490]
[2013, 2243]
[2014, 2289]
[2014, 3331]
[2019, 2798]
[2021, 2992]
[2023, 2107]
[2023, 2847]
[2025, 2199]
[2025, 3273]
[2027, 2503]
[2027, 3044]
[2028, 2653]
[2029, 2708]
[2030, 2087]
[2031, 2546]
[2032, 2631]
[2033, 2492]
[2035, 3052]
[2035, 3343]
[2038, 3058]
[2039, 3056]
[2041, 3321]
[2042, 3072]
[2043, 2933]
[2043, 3305]
[2044, 3131]
[2047, 2652]
[2049, 2180]
[2050, 2136]
[2052, 2347]
[2054, 2119]
[2055, 2186]
[2056, 2403]
[2057, 2740]
[2058, 3033]
[2059, 3527]
[2060, 2237]
[2060, 2759]
[2061, 2127]
[2063, 2207]
[2064, 3107]
[2066, 2236]
[2067, 2375]
[2068, 3566]
[2069, 3562]
[2070, 3006]
[2070, 3558]
[2071, 3357]
[2071, 3471]
[2072, 2387]
[2072, 3145]
[2073, 2181]
[2074, 3573]
[2075, 3258]
[2076, 2077]
[2079, 3122]
[2080, 2527]
[2081, 2103]
[2081, 2777]
[2082, 2083]
[2084, 2528]
[2085, 3005]
[2086, 3517]
[2089, 2091]
[2089, 2448]
[2090, 3369]
[2091, 2448]
[2092, 2234]
[2093, 3171]
[2094, 2785]
[2095, 3326]
[2098, 2392]
[2099, 3019]
[2100, 2675]
[2100, 3526]
[2101, 3077]
[2102, 2121]
[2103, 2777]
[2104, 2564]
[2105, 2828]
[2105, 2997]
[2106, 3499]
[2107, 2847]
[2108, 2915]
[2109, 2769]
[2109, 2962]
[2110, 3365]
[2110, 3434]
[2111, 2113]
[2111, 3288]
[2113, 3288]
[2114, 2298]
[2115, 3192]
[2116, 3299]
[2117, 3222]
[2120, 2411]
[2120, 3075]
[2122, 3218]
[2122, 3220]
[2123, 2185]
[2124, 3304]
[2125, 2678]
[2128, 2746]
[2130, 2154]
[2130, 2202]
[2135, 2369]
[2137, 2945]
[2138, 2536]
[2138, 3121]
[2139, 3487]
[2142, 3087]
[2143, 3384]
[2145, 2467]
[2147, 2590]
[2148, 2765]
[2149, 2225]
[2149, 2814]
[2153, 2291]
[2154, 2202]
[2155, 3401]
[2156, 2634]
[2157, 2166]
[2158, 2494]
[2159, 2879]
[2160, 2869]
[2162, 2880]
[2163, 2642]
[2164, 2893]
[2165, 3360]
[2167, 2980]
[2168, 2172]
[2168, 3342]
[2169, 2776]
[2171, 2607]
[2171, 3549]
[2172, 3342]
[2176, 2766]
[2177, 3117]
[2178, 2999]
[2179, 2305]
[2179, 3252]
[2184, 3294]
[2184, 3488]
[2187, 2396]
[2188, 3136]
[2188, 3535]
[2189, 3438]
[2190, 2457]
[2192, 3419]
[2193, 3253]
[2194, 2256]
[2194, 3278]
[2195, 2870]
[2196, 3579]
[2198, 3197]
[2199, 3273]
[2200, 3416]
[2201, 2804]
[2201, 2923]
[2203, 2987]
[2205, 2532]
[2206, 3347]
[2208, 3400]
[2209, 2309]
[2209, 3179]
[2210, 2875]
[2212, 2695]
[2213, 2709]
[2214, 3454]
[2215, 2901]
[2218, 2429]
[2220, 2517]
[2222, 3012]
[2222, 3154]
[2224, 2889]
[2225, 2814]
[2226, 2602]
[2227, 2694]
[2227, 3060]
[2228, 3596]
[2229, 2608]
[2230, 2796]
[2230, 2820]
[2232, 3046]
[2232, 3432]
[2233, 3189]
[2235, 2423]
[2235, 3458]
[2237, 2759]
[2238, 3409]
[2239, 2786]
[2241, 2361]
[2242, 3106]
[2244, 3589]
[2247, 2649]
[2248, 3055]
[2250, 2604]
[2250, 2624]
[2251, 3110]
[2253, 3047]
[2254, 3283]
[2256, 3278]
[2257, 2430]
[2259, 3455]
[2261, 2262]
[2261, 3452]
[2262, 3452]
[2263, 3247]
[2264, 3508]
[2266, 3285]
[2267, 2572]
[2267, 3518]
[2268, 2412]
[2270, 3447]
[2271, 2554]
[2272, 2505]
[2275, 2924]
[2276, 2473]
[2277, 2966]
[2277, 3000]
[2278, 3180]
[2279, 2674]
[2281, 2726]
[2282, 3375]
[2285, 3403]
[2289, 3331]
[2292, 2327]
[2292, 2418]
[2293, 3571]
[2295, 2421]
[2296, 2315]
[2296, 2636]
[2299, 3163]
[2302, 2551]
[2304, 2635]
[2304, 2739]
[2305, 3252]
[2306, 3048]
[2307, 3109]
[2308, 2797]
[2309, 3179]
[2310, 3405]
[2312, 3128]
[2313, 2579]
[2314, 2401]
[2315, 2636]
[2318, 2669]
[2319, 3207]
[2321, 2970]
[2321, 3509]
[2323, 2324]
[2323, 2359]
[2324, 2359]
[2325, 3520]
[2326, 2779]
[2327, 2418]
[2329, 3280]
[2330, 2332]
[2330, 3463]
[2331, 2531]
[2332, 3463]
[2333, 2781]
[2334, 2373]
[2337, 2491]
[2338, 2878]
[2339, 2698]
[2340, 2434]
[2340, 2556]
[2341, 2483]
[2343, 3376]
[2344, 2919]
[2350, 2550]
[2352, 3590]
[2353, 2354]
[2353, 2385]
[2354, 2385]
[2356, 3325]
[2357, 3427]
[2362, 3274]
[2363, 2516]
[2364, 2680]
[2364, 3551]
[2366, 3361]
[2367, 3227]
[2371, 2524]
[2371, 2898]
[2374, 3211]
[2374, 3251]
[2376, 3040]
[2377, 2888]
[2378, 2433]
[2378, 3105]
[2380, 3027]
[2381, 3395]
[2382, 2480]
[2384, 2406]
[2386, 2767]
[2387, 3145]
[2388, 3209]
[2388, 3388]
[2389, 2617]
[2389, 3119]
[2390, 2984]
[2391, 3339]
[2394, 2578]
[2394, 2615]
[2397, 2463]
[2397, 3221]
[2399, 3084]
[2400, 3053]
[2402, 3185]
[2404, 2567]
[2407, 3556]
[2408, 2688]
[2411, 3075]
[2414, 2730]
[2415, 2436]
[2415, 3382]
[2416, 3450]
[2420, 3324]
[2422, 2633]
[2423, 3458]
[2424, 3266]
[2424, 3406]
[2425, 2963]
[2426, 3473]
[2433, 3105]
[2434, 2556]
[2436, 3382]
[2439, 2807]
[2442, 3157]
[2443, 2514]
[2443, 2515]
[2444, 3245]
[2445, 2977]
[2447, 3241]
[2447, 3313]
[2450, 3115]
[2451, 2520]
[2452, 3069]
[2453, 3586]
[2455, 2603]
[2456, 2537]
[2458, 3593]
[2461, 3037]
[2461, 3208]
[2462, 3584]
[2463, 3221]
[2464, 3368]
[2465, 2573]
[2466, 3269]
[2468, 3386]
[2469, 2976]
[2471, 3309]
[2474, 2584]
[2478, 3277]
[2479, 2611]
[2479, 3445]
[2482, 2829]
[2486, 3066]
[2487, 3462]
[2488, 3193]
[2495, 3504]
[2498, 3210]
[2499, 3475]
[2500, 2965]
[2503, 3044]
[2507, 2974]
[2508, 2744]
[2510, 3016]
[2511, 3175]
[2513, 3334]
[2514, 2515]
[2518, 2662]
[2521, 3286]
[2522, 3537]
[2524, 2898]
[2525, 2592]
[2526, 2824]
[2533, 2706]
[2533, 3420]
[2535, 2860]
[2536, 3121]
[2539, 3250]
[2540, 2842]
[2541, 3354]
[2545, 2717]
[2548, 2582]
[2552, 3585]
[2555, 2990]
[2559, 3446]
[2565, 2845]
[2565, 3316]
[2568, 2710]
[2569, 2588]
[2569, 3132]
[2571, 3407]
[2572, 3518]
[2575, 2676]
[2575, 3453]
[2578, 2615]
[2581, 2738]
[2586, 3146]
[2587, 3205]
[2588, 3132]
[2589, 2844]
[2591, 3512]
[2593, 3547]
[2596, 2714]
[2598, 2632]
[2600, 2882]
[2600, 3276]
[2604, 2624]
[2605, 2848]
[2605, 3201]
[2607, 3549]
[2609, 3219]
[2609, 3435]
[2610, 2731]
[2611, 3445]
[2614, 3004]
[2616, 3153]
[2617, 3119]
[2625, 2928]
[2627, 3003]
[2627, 3591]
[2629, 3428]
[2630, 2703]
[2630, 3470]
[2635, 2739]
[2638, 2753]
[2640, 2742]
[2647, 2700]
[2655, 2988]
[2655, 3140]
[2656, 3265]
[2658, 3259]
[2659, 2790]
[2661, 3351]
[2666, 2934]
[2668, 3238]
[2670, 3371]
[2670, 3436]
[2672, 3538]
[2673, 2916]
[2675, 3526]
[2676, 3453]
[2679, 3489]
[2680, 3551]
[2681, 3560]
[2682, 3010]
[2683, 3025]
[2687, 2689]
[2691, 2913]
[2694, 3060]
[2696, 2864]
[2696, 3123]
[2697, 2778]
[2701, 2758]
[2701, 3204]
[2703, 3470]
[2704, 2926]
[2706, 3420]
[2711, 2873]
[2715, 3045]
[2715, 3263]
[2716, 3057]
[2719, 3341]
[2720, 3531]
[2723, 3017]
[2728, 3177]
[2732, 2925]
[2732, 3099]
[2733, 2838]
[2734, 3291]
[2735, 2883]
[2743, 2921]
[2747, 3297]
[2747, 3466]
[2748, 3448]
[2750, 3449]
[2751, 3594]
[2752, 3078]
[2754, 3242]
[2755, 3501]
[2756, 3363]
[2757, 3094]
[2757, 3513]
[2758, 3204]
[2764, 3070]
[2769, 2962]
[2771, 3548]
[2773, 3410]
[2774, 2986]
[2780, 3202]
[2782, 3461]
[2784, 3162]
[2787, 2843]
[2791, 3081]
[2791, 3503]
[2793, 3457]
[2796, 2820]
[2802, 3142]
[2804, 2923]
[2805, 3143]
[2809, 2830]
[2809, 3377]
[2812, 3031]
[2813, 2914]
[2815, 3141]
[2816, 3191]
[2819, 2894]
[2823, 3255]
[2827, 3565]
[2828, 2997]
[2830, 3377]
[2835, 3216]
[2836, 3126]
[2837, 3533]
[2839, 3196]
[2840, 3091]
[2845, 3316]
[2846, 3328]
[2848, 3201]
[2850, 3555]
[2852, 3008]
[2853, 2855]
[2854, 2868]
[2856, 3137]
[2864, 3123]
[2866, 3346]
[2877, 3327]
[2881, 3139]
[2882, 3276]
[2886, 3500]
[2887, 3478]
[2890, 3318]
[2895, 3515]
[2896, 3425]
[2897, 3422]
[2899, 3168]
[2905, 2982]
[2909, 3150]
[2910, 3352]
[2911, 3320]
[2917, 3284]
[2917, 3418]
[2920, 2993]
[2922, 3152]
[2925, 3099]
[2927, 3041]
[2929, 3481]
[2933, 3305]
[2939, 2942]
[2940, 3398]
[2940, 3469]
[2941, 3015]
[2948, 3451]
[2950, 3496]
[2950, 3497]
[2951, 3505]
[2952, 3599]
[2954, 3381]
[2955, 2983]
[2958, 3484]
[2959, 3194]
[2966, 3000]
[2968, 3224]
[2969, 3147]
[2970, 3509]
[2971, 3344]
[2973, 3085]
[2981, 3414]
[2988, 3140]
[2994, 3367]
[2996, 3298]
[2996, 3397]
[3002, 3389]
[3003, 3591]
[3006, 3558]
[3009, 3089]
[3012, 3154]
[3020, 3021]
[3020, 3443]
[3021, 3443]
[3023, 3184]
[3032, 3127]
[3034, 3035]
[3037, 3208]
[3042, 3476]
[3042, 3516]
[3043, 3355]
[3045, 3263]
[3046, 3432]
[3049, 3541]
[3050, 3061]
[3052, 3343]
[3059, 3065]
[3064, 3437]
[3068, 3390]
[3073, 3172]
[3074, 3348]
[3076, 3430]
[3080, 3570]
[3081, 3503]
[3082, 3460]
[3083, 3379]
[3088, 3554]
[3090, 3532]
[3093, 3353]
[3094, 3513]
[3097, 3166]
[3098, 3138]
[3098, 3534]
[3104, 3254]
[3113, 3232]
[3114, 3413]
[3114, 3595]
[3118, 3256]
[3125, 3322]
[3130, 3423]
[3135, 3396]
[3136, 3535]
[3138, 3534]
[3144, 3529]
[3160, 3268]
[3170, 3464]
[3178, 3426]
[3182, 3183]
[3187, 3188]
[3198, 3424]
[3199, 3431]
[3206, 3552]
[3209, 3388]
[3211, 3251]
[3218, 3220]
[3219, 3435]
[3228, 3581]
[3236, 3592]
[3237, 3303]
[3239, 3482]
[3241, 3313]
[3248, 3567]
[3262, 3378]
[3266, 3406]
[3282, 3486]
[3284, 3418]
[3292, 3421]
[3292, 3588]
[3294, 3488]
[3297, 3466]
[3298, 3397]
[3301, 3408]
[3301, 3523]
[3310, 3597]
[3317, 3580]
[3336, 3540]
[3357, 3471]
[3365, 3434]
[3370, 3404]
[3371, 3436]
[3380, 3383]
[3385, 3493]
[3393, 3441]
[3398, 3469]
[3408, 3523]
[3413, 3595]
[3421, 3588]
[3440, 3546]
[3444, 3572]
[3459, 3543]
[3465, 3545]
[3467, 3502]
[3476, 3516]
[3479, 3480]
[3496, 3497]
[3511, 3557]
[3514, 3528]
[3563, 3587]
