[3424, 3442]
[3442, 3452]
[3450, 3586]
[3455, 3465]
[3456, 3529]
[3467, 3476]
[3475, 3546]
[3478, 3489]
[3482, 3558]
[3483, 3527]
[3485, 3591]
[3488, 3503]
[3493, 3591]
[3510, 3550]
[3513, 3553]
[3521, 3528]
[3529, 3577]
[3531, 3568]
[3546, 3555]
[3548, 3581]
[3583, 3596]
[3244, 3538]
[3246, 3270]
[3247, 3367]
[3248, 3334]
[3253, 3469]
[3255, 3279]
[3255, 3373]
[3257, 3481]
[3259, 3445]
[3262, 3298]
[3267, 3308]
[3268, 3373]
[3274, 3391]
[3275, 3324]
[3276, 3291]
[3276, 3374]
[3277, 3413]
[3284, 3459]
[3284, 3592]
[3286, 3525]
[3292, 3305]
[3292, 3556]
[3293, 3515]
[3294, 3482]
[3295, 3326]
[3296, 3305]
[3296, 3319]
[3297, 3347]
[3299, 3314]
[3303, 3505]
[3307, 3425]
[3310, 3423]
[3314, 3338]
[3315, 3455]
[3320, 3495]
[3322, 3485]
[3322, 3516]
[3322, 3591]
[3325, 3472]
[3334, 3398]
[3344, 3590]
[3345, 3383]
[3353, 3487]
[3356, 3569]
[3357, 3519]
[3363, 3529]
[3363, 3577]
[3368, 3533]
[3374, 3419]
[3378, 3593]
[3399, 3469]
[3401, 3524]
[3407, 3476]
[3408, 3477]
[3409, 3578]
[3061, 3111]
[3068, 3355]
[3069, 3475]
[3070, 3352]
[3073, 3185]
[3076, 3247]
[3079, 3320]
[3080, 3157]
[3082, 3096]
[3085, 3151]
[3085, 3220]
[3087, 3492]
[3090, 3237]
[3090, 3366]
[3094, 3567]
[3098, 3125]
[3107, 3586]
[3114, 3420]
[3115, 3551]
[3116, 3326]
[3119, 3340]
[3120, 3332]
[3120, 3543]
[3122, 3338]
[3124, 3250]
[3124, 3308]
[3126, 3550]
[3128, 3243]
[3129, 3339]
[3130, 3282]
[3130, 3292]
[3135, 3431]
[3135, 3534]
[3136, 3232]
[3137, 3563]
[3140, 3506]
[3141, 3176]
[3143, 3383]
[3143, 3536]
[3150, 3406]
[3151, 3220]
[3152, 3430]
[3154, 3463]
[3157, 3223]
[3158, 3192]
[3159, 3588]
[3161, 3521]
[3162, 3333]
[3162, 3445]
[3166, 3383]
[3167, 3536]
[3168, 3181]
[3170, 3185]
[3173, 3251]
[3176, 3577]
[3180, 3283]
[3181, 3549]
[3186, 3385]
[3187, 3328]
[3188, 3362]
[3191, 3579]
[3192, 3388]
[3194, 3230]
[3197, 3599]
[3198, 3497]
[3202, 3321]
[3205, 3490]
[3207, 3512]
[3209, 3412]
[3214, 3486]
[3216, 3234]
[3225, 3491]
[3227, 3282]
[3227, 3305]
[3228, 3422]
[3229, 3378]
[3233, 3388]
[3233, 3553]
[3234, 3470]
[3236, 3316]
[3236, 3487]
[3237, 3281]
[2881, 3400]
[2883, 2987]
[2883, 3117]
[2884, 3419]
[2885, 3128]
[2886, 3337]
[2887, 3254]
[2888, 3400]
[2889, 3166]
[2893, 3014]
[2895, 3491]
[2895, 3496]
[2896, 3147]
[2897, 3148]
[2897, 3297]
[2897, 3347]
[2898, 3393]
[2899, 2980]
[2901, 2936]
[2901, 3070]
[2906, 3182]
[2907, 2937]
[2907, 3561]
[2908, 2967]
[2908, 3162]
[2908, 3333]
[2909, 3006]
[2909, 3145]
[2911, 3329]
[2912, 3046]
[2912, 3560]
[2913, 3466]
[2915, 3581]
[2918, 3151]
[2920, 2984]
[2921, 3584]
[2922, 3062]
[2923, 3121]
[2924, 3099]
[2927, 3531]
[2928, 3364]
[2930, 3173]
[2931, 3167]
[2932, 2993]
[2933, 3002]
[2933, 3134]
[2934, 3077]
[2936, 3259]
[2936, 3445]
[2937, 3058]
[2939, 3038]
[2940, 3464]
[2941, 3361]
[2943, 3169]
[2943, 3567]
[2945, 3221]
[2946, 3072]
[2946, 3103]
[2946, 3404]
[2947, 3054]
[2947, 3420]
[2948, 3376]
[2949, 2963]
[2951, 3351]
[2952, 3387]
[2953, 3140]
[2954, 3165]
[2956, 3197]
[2958, 3134]
[2959, 3042]
[2960, 3122]
[2961, 3574]
[2964, 3222]
[2965, 3048]
[2965, 3062]
[2965, 3537]
[2967, 2987]
[2972, 3269]
[2979, 3566]
[2982, 3130]
[2983, 3370]
[2983, 3550]
[2985, 3589]
[2987, 3117]
[2988, 3339]
[2989, 3572]
[2992, 3443]
[2995, 3267]
[2997, 3169]
[2998, 3249]
[3002, 3294]
[3003, 3310]
[3003, 3423]
[3005, 3280]
[3005, 3439]
[3009, 3218]
[3014, 3516]
[3021, 3224]
[3022, 3357]
[3024, 3228]
[3024, 3422]
[3028, 3371]
[3033, 3414]
[3034, 3187]
[3035, 3094]
[3036, 3115]
[3037, 3349]
[3041, 3465]
[3043, 3210]
[3044, 3509]
[3045, 3518]
[3051, 3313]
[3054, 3405]
[3055, 3566]
[3059, 3160]
[2700, 3334]
[2702, 3461]
[2704, 3501]
[2705, 3103]
[2705, 3317]
[2706, 2803]
[2707, 2869]
[2707, 3312]
[2708, 2773]
[2711, 3291]
[2711, 3395]
[2712, 2943]
[2713, 3347]
[2714, 3381]
[2718, 2893]
[2720, 3060]
[2720, 3476]
[2721, 3071]
[2721, 3516]
[2722, 3474]
[2725, 2858]
[2725, 3171]
[2725, 3267]
[2726, 3111]
[2727, 3225]
[2730, 2784]
[2731, 3557]
[2732, 3348]
[2733, 2919]
[2735, 3417]
[2736, 3131]
[2736, 3194]
[2739, 3319]
[2741, 3023]
[2742, 3273]
[2745, 2982]
[2745, 3130]
[2748, 3324]
[2751, 2833]
[2752, 3337]
[2752, 3533]
[2753, 3365]
[2754, 2848]
[2754, 3133]
[2754, 3153]
[2755, 3029]
[2756, 3582]
[2757, 2759]
[2757, 3499]
[2758, 3089]
[2760, 3432]
[2761, 3152]
[2761, 3430]
[2761, 3435]
[2762, 2925]
[2763, 3346]
[2765, 3179]
[2766, 2924]
[2766, 3099]
[2767, 3172]
[2768, 3082]
[2769, 2978]
[2769, 3514]
[2770, 2836]
[2770, 3141]
[2771, 2819]
[2773, 3168]
[2774, 3149]
[2775, 3302]
[2775, 3410]
[2780, 3375]
[2781, 3050]
[2786, 3120]
[2786, 3332]
[2786, 3449]
[2788, 3104]
[2790, 2800]
[2790, 3433]
[2791, 3354]
[2792, 3055]
[2793, 2920]
[2795, 3451]
[2796, 3064]
[2797, 3393]
[2799, 3027]
[2802, 3309]
[2804, 2885]
[2804, 3159]
[2804, 3588]
[2805, 3024]
[2805, 3521]
[2808, 3207]
[2809, 3282]
[2811, 3090]
[2811, 3217]
[2811, 3366]
[2812, 3180]
[2812, 3501]
[2813, 3541]
[2815, 3355]
[2818, 3010]
[2821, 3357]
[2825, 3239]
[2825, 3588]
[2826, 2986]
[2826, 3335]
[2828, 3052]
[2828, 3563]
[2829, 3410]
[2830, 3524]
[2831, 2936]
[2831, 3352]
[2832, 3088]
[2833, 2845]
[2833, 3413]
[2834, 3562]
[2835, 3300]
[2836, 3402]
[2837, 3467]
[2839, 2976]
[2839, 3493]
[2840, 3078]
[2841, 2935]
[2846, 3351]
[2849, 3512]
[2850, 2894]
[2850, 3570]
[2851, 2852]
[2851, 2910]
[2851, 3257]
[2851, 3518]
[2852, 2910]
[2853, 3362]
[2854, 2922]
[2854, 3204]
[2855, 2953]
[2855, 3497]
[2856, 3280]
[2858, 3171]
[2859, 3401]
[2860, 3217]
[2861, 3486]
[2863, 2985]
[2864, 3046]
[2864, 3144]
[2865, 3542]
[2866, 3271]
[2867, 3495]
[2868, 3369]
[2869, 3283]
[2870, 3073]
[2870, 3175]
[2871, 3306]
[2872, 2929]
[2875, 3397]
[2876, 2973]
[2876, 2975]
[2878, 3087]
[2879, 2950]
[1800, 2804]
[1800, 2888]
[1800, 3400]
[1802, 1808]
[1802, 2086]
[1802, 3350]
[1803, 2100]
[1803, 2728]
[1803, 2967]
[1804, 2263]
[1804, 3027]
[1805, 2632]
[1805, 3083]
[1806, 3042]
[1806, 3118]
[1807, 1916]
[1808, 3031]
[1808, 3350]
[1809, 2548]
[1809, 3072]
[1810, 2763]
[1810, 2963]
[1811, 2798]
[1811, 2940]
[1811, 3274]
[1812, 2555]
[1812, 2672]
[1813, 3180]
[1813, 3563]
[1814, 2810]
[1814, 3595]
[1815, 2172]
[1815, 2300]
[1816, 1824]
[1816, 2674]
[1816, 2906]
[1817, 2738]
[1818, 1831]
[1819, 3061]
[1820, 2009]
[1820, 3121]
[1820, 3446]
[1821, 2144]
[1822, 2021]
[1822, 2602]
[1822, 2783]
[1823, 2635]
[1825, 2200]
[1825, 2900]
[1825, 3575]
[1827, 2037]
[1827, 2401]
[1827, 2987]
[1828, 2872]
[1828, 2929]
[1828, 3145]
[1829, 2469]
[1829, 2990]
[1829, 3010]
[1829, 3167]
[1830, 2092]
[1830, 3054]
[1830, 3377]
[1831, 2047]
[1832, 2955]
[1833, 3468]
[1834, 2190]
[1835, 2947]
[1835, 2956]
[1835, 3420]
[1836, 2248]
[1836, 2747]
[1836, 3288]
[1838, 2625]
[1838, 3285]
[1839, 2565]
[1839, 2663]
[1839, 3172]
[1840, 1921]
[1840, 2155]
[1840, 2994]
[1841, 2696]
[1842, 3161]
[1842, 3411]
[1843, 2017]
[1843, 2377]
[1843, 2405]
[1844, 1975]
[1846, 2058]
[1846, 2498]
[1846, 2743]
[1847, 3280]
[1848, 2904]
[1849, 2006]
[1849, 3581]
[1850, 1907]
[1850, 3252]
[1851, 1881]
[1851, 2456]
[1851, 3118]
[1851, 3215]
[1852, 3056]
[1853, 2577]
[1853, 2642]
[1854, 3145]
[1854, 3427]
[1855, 2784]
[1855, 3376]
[1856, 3318]
[1857, 3272]
[1858, 2998]
[1858, 3045]
[1859, 2295]
[1859, 2657]
[1860, 1903]
[1860, 2510]
[1860, 3509]
[1861, 2197]
[1861, 3134]
[1862, 2046]
[1862, 2163]
[1862, 2669]
[1863, 2060]
[1863, 2265]
[1863, 2884]
[1864, 1992]
[1864, 2415]
[1866, 2119]
[1866, 3034]
[1866, 3298]
[1868, 2714]
[1868, 2858]
[1868, 3362]
[1869, 3214]
[1870, 2386]
[1870, 3082]
[1871, 2519]
[1871, 2768]
[1871, 3441]
[1872, 2475]
[1872, 2489]
[1872, 2986]
[1873, 2101]
[1873, 3585]
[1874, 2996]
[1874, 3436]
[1875, 2322]
[1875, 2626]
[1876, 1985]
[1876, 2934]
[1877, 1903]
[1877, 2522]
[1877, 2621]
[1878, 2354]
[1878, 3191]
[1878, 3542]
[1880, 2138]
[1880, 2196]
[1881, 2959]
[1881, 3215]
[1882, 2557]
[1883, 2473]
[1883, 2805]
[1884, 3584]
[1886, 2487]
[1886, 3053]
[1886, 3200]
[1886, 3484]
[1887, 2124]
[1889, 3203]
[1890, 2366]
[1891, 1918]
[1891, 2362]
[1891, 2640]
[1891, 3314]
[1892, 2000]
[1892, 2613]
[1892, 3447]
[1893, 2125]
[1893, 2267]
[1893, 2468]
[1893, 3474]
[1894, 2268]
[1894, 2371]
[1894, 2862]
[1894, 3468]
[1895, 2723]
[1896, 2089]
[1896, 2402]
[1896, 3099]
[1898, 2132]
[1899, 2344]
[1899, 2513]
[1899, 2619]
[1899, 2644]
[1901, 1988]
[1901, 2297]
[1902, 2921]
[1904, 1978]
[1904, 3437]
[1906, 2435]
[1906, 2617]
[1907, 3252]
[1908, 2531]
[1908, 3198]
[1908, 3275]
[1909, 2298]
[1909, 2920]
[1909, 2984]
[1909, 3392]
[1910, 2399]
[1910, 2670]
[1910, 2914]
[1911, 1952]
[1911, 2019]
[1912, 2141]
[1912, 3222]
[1913, 2345]
[1913, 3233]
[1915, 2103]
[1916, 2566]
[1916, 2801]
[1916, 3142]
[1917, 2256]
[1917, 3527]
[1918, 2960]
[1918, 3194]
[1919, 2110]
[1919, 2158]
[1919, 3200]
[1920, 2813]
[1920, 3311]
[1920, 3331]
[1921, 2994]
[1922, 2777]
[1923, 2055]
[1923, 2225]
[1923, 3240]
[1924, 2526]
[1925, 2363]
[1925, 2821]
[1925, 3457]
[1926, 2150]
[1926, 2695]
[1926, 2900]
[1926, 3179]
[1927, 2529]
[1927, 3373]
[1928, 1948]
[1928, 1987]
[1929, 2014]
[1929, 3391]
[1930, 3452]
[1931, 2653]
[1931, 2750]
[1933, 3063]
[1933, 3488]
[1934, 2815]
[1934, 3226]
[1935, 2346]
[1936, 1946]
[1936, 2720]
[1937, 3040]
[1937, 3256]
[1938, 2442]
[1938, 3587]
[1939, 3255]
[1940, 2216]
[1940, 3502]
[1941, 2215]
[1941, 3422]
[1942, 2052]
[1942, 2637]
[1944, 2473]
[1944, 3528]
[1945, 2562]
[1946, 2109]
[1946, 2720]
[1946, 3432]
[1947, 2616]
[1947, 3068]
[1948, 1952]
[1948, 1987]
[1948, 2166]
[1949, 2346]
[1950, 3176]
[1950, 3402]
[1951, 2563]
[1951, 2802]
[1951, 2822]
[1953, 2629]
[1954, 2965]
[1954, 3048]
[1954, 3424]
[1955, 2483]
[1955, 2789]
[1957, 3415]
[1958, 2318]
[1958, 3056]
[1959, 2258]
[1959, 3177]
[1960, 2968]
[1960, 3150]
[1961, 3101]
[1962, 2495]
[1962, 2596]
[1962, 2778]
[1962, 3023]
[1963, 2540]
[1963, 2875]
[1964, 2073]
[1964, 2849]
[1965, 2809]
[1965, 3105]
[1965, 3195]
[1965, 3282]
[1966, 2677]
[1966, 3425]
[1967, 2318]
[1967, 2782]
[1967, 3046]
[1968, 2031]
[1968, 2190]
[1969, 2199]
[1970, 3478]
[1970, 3489]
[1971, 2151]
[1971, 2155]
[1971, 2694]
[1972, 2815]
[1972, 3355]
[1972, 3386]
[1973, 2991]
[1973, 3250]
[1974, 2730]
[1974, 2949]
[1976, 2284]
[1976, 2957]
[1976, 3504]
[1977, 2609]
[1977, 2800]
[1977, 3247]
[1978, 3256]
[1979, 2002]
[1979, 2316]
[1979, 3451]
[1980, 2455]
[1980, 3067]
[1981, 2267]
[1982, 2474]
[1982, 3059]
[1982, 3160]
[1983, 2252]
[1983, 2558]
[1984, 3206]
[1985, 2679]
[1985, 2840]
[1986, 2676]
[1987, 3302]
[1988, 2297]
[1988, 2576]
[1988, 3064]
[1989, 2569]
[1989, 2993]
[1991, 3450]
[1992, 2201]
[1993, 3038]
[1993, 3119]
[1994, 2262]
[1994, 3043]
[1995, 2285]
[1995, 2816]
[1996, 2080]
[1997, 3230]
[1998, 2344]
[1998, 3207]
[1998, 3315]
[1999, 2013]
[1999, 2310]
[1999, 3367]
[2001, 2954]
[2001, 3242]
[2002, 3106]
[2002, 3164]
[2003, 2093]
[2003, 2168]
[2004, 2620]
[2004, 2646]
[2004, 3258]
[2004, 3480]
[2005, 2181]
[2006, 2287]
[2007, 2687]
[2008, 2096]
[2009, 3489]
[2010, 2040]
[2010, 2443]
[2010, 3389]
[2011, 2053]
[2011, 2757]
[2011, 2938]
[2012, 2862]
[2012, 3321]
[2013, 2999]
[2013, 3120]
[2014, 2221]
[2014, 3391]
[2015, 2192]
[2015, 2578]
[2015, 2693]
[2016, 2108]
[2016, 2131]
[2016, 2695]
[2017, 2405]
[2017, 2599]
[2018, 3576]
[2019, 3030]
[2020, 2474]
[2021, 3358]
[2022, 2044]
[2023, 2767]
[2023, 2923]
[2023, 3121]
[2024, 2026]
[2024, 2179]
[2024, 2587]
[2024, 3464]
[2025, 2593]
[2025, 3356]
[2026, 3026]
[2027, 2305]
[2027, 2335]
[2028, 2234]
[2028, 2941]
[2029, 2533]
[2030, 2238]
[2030, 2432]
[2031, 2114]
[2031, 2124]
[2031, 2170]
[2032, 2147]
[2033, 2619]
[2033, 2966]
[2034, 2214]
[2035, 2699]
[2035, 3460]
[2036, 2359]
[2036, 3165]
[2037, 2829]
[2037, 2908]
[2038, 2781]
[2038, 3593]
[2039, 2135]
[2039, 3258]
[2040, 2742]
[2040, 2992]
[2040, 3389]
[2041, 2340]
[2041, 3113]
[2041, 3271]
[2042, 2060]
[2042, 3189]
[2042, 3201]
[2043, 2180]
[2044, 2977]
[2044, 3182]
[2045, 3510]
[2046, 3421]
[2046, 3471]
[2047, 2880]
[2048, 2536]
[2048, 3143]
[2048, 3536]
[2049, 2361]
[2049, 2874]
[2049, 2997]
[2049, 3178]
[2050, 2888]
[2050, 3439]
[2051, 2063]
[2051, 2093]
[2052, 2412]
[2052, 2903]
[2053, 2938]
[2055, 3240]
[2056, 2384]
[2057, 2646]
[2057, 3225]
[2058, 2743]
[2059, 3466]
[2061, 2647]
[2062, 2556]
[2062, 2752]
[2062, 3533]
[2064, 2274]
[2065, 3227]
[2065, 3288]
[2066, 3186]
[2066, 3385]
[2067, 2331]
[2067, 3573]
[2068, 2775]
[2069, 2932]
[2069, 3123]
[2070, 2578]
[2070, 3493]
[2071, 2828]
[2071, 3052]
[2072, 2140]
[2072, 2644]
[2072, 2860]
[2072, 3041]
[2073, 2731]
[2074, 2806]
[2075, 2838]
[2076, 3209]
[2077, 2457]
[2078, 2735]
[2078, 3417]
[2079, 2669]
[2080, 3152]
[2081, 2239]
[2081, 2912]
[2081, 3046]
[2083, 3327]
[2084, 2115]
[2084, 2138]
[2084, 3156]
[2085, 2087]
[2085, 2559]
[2085, 2721]
[2085, 3389]
[2086, 2353]
[2087, 2718]
[2087, 2893]
[2089, 2402]
[2089, 3007]
[2090, 2662]
[2091, 2169]
[2091, 3121]
[2092, 3054]
[2092, 3197]
[2093, 2417]
[2094, 2393]
[2094, 3238]
[2095, 2889]
[2097, 3440]
[2098, 2877]
[2098, 3063]
[2098, 3312]
[2099, 2847]
[2099, 3434]
[2100, 2967]
[2100, 3259]
[2101, 3585]
[2102, 2152]
[2102, 2502]
[2102, 3313]
[2103, 3012]
[2104, 3088]
[2105, 3575]
[2106, 2232]
[2106, 2866]
[2106, 3200]
[2106, 3271]
[2107, 3482]
[2108, 2173]
[2108, 2695]
[2111, 2122]
[2111, 2812]
[2112, 2708]
[2112, 3086]
[2113, 2586]
[2114, 2170]
[2115, 3192]
[2115, 3388]
[2116, 2167]
[2116, 2343]
[2116, 2995]
[2117, 3421]
[2118, 2485]
[2118, 2944]
[2118, 3031]
[2119, 2438]
[2119, 3040]
[2120, 2933]
[2120, 3002]
[2121, 2580]
[2121, 2813]
[2121, 3462]
[2122, 2812]
[2122, 3137]
[2122, 3399]
[2123, 2317]
[2123, 2682]
[2123, 3408]
[2125, 3474]
[2126, 2848]
[2127, 2139]
[2127, 3213]
[2128, 2486]
[2128, 2885]
[2129, 2839]
[2130, 3412]
[2131, 3360]
[2132, 2517]
[2132, 3498]
[2133, 3438]
[2135, 2969]
[2136, 2195]
[2136, 3353]
[2136, 3487]
[2137, 2521]
[2138, 2911]
[2139, 2904]
[2140, 3041]
[2140, 3090]
[2142, 2198]
[2142, 3220]
[2142, 3396]
[2143, 3468]
[2144, 2484]
[2145, 2250]
[2145, 3012]
[2145, 3248]
[2145, 3264]
[2146, 2717]
[2146, 2825]
[2146, 3381]
[2147, 2684]
[2148, 2279]
[2148, 3228]
[2150, 2900]
[2151, 2155]
[2151, 2478]
[2152, 2502]
[2152, 3246]
[2153, 2170]
[2153, 2612]
[2154, 2931]
[2154, 3167]
[2155, 3269]
[2156, 2520]
[2156, 3281]
[2157, 2640]
[2157, 2665]
[2157, 2732]
[2157, 3348]
[2158, 2476]
[2159, 2187]
[2520, 3159]
[2521, 3340]
[2522, 2704]
[2522, 2781]
[2523, 3123]
[2523, 3452]
[2524, 2666]
[2524, 2676]
[2524, 2703]
[2527, 3155]
[2527, 3194]
[2527, 3230]
[2530, 2780]
[2531, 2904]
[2533, 2669]
[2534, 2585]
[2534, 2882]
[2536, 3278]
[2537, 2953]
[2541, 2850]
[2542, 2991]
[2543, 2797]
[2544, 2737]
[2544, 3350]
[2545, 3355]
[2546, 2989]
[2546, 3572]
[2547, 3037]
[2547, 3349]
[2547, 3415]
[2548, 2741]
[2550, 3266]
[2551, 3210]
[2552, 2588]
[2553, 2823]
[2553, 2974]
[2554, 2561]
[2554, 2974]
[2554, 3173]
[2555, 2859]
[2555, 3507]
[2556, 3559]
[2557, 2787]
[2558, 3177]
[2559, 2721]
[2559, 2746]
[2561, 3154]
[2562, 2962]
[2563, 2802]
[2565, 2810]
[2566, 2801]
[2566, 3008]
[2568, 3175]
[2568, 3372]
[2569, 2801]
[2569, 2993]
[2570, 3325]
[2570, 3390]
[2571, 3597]
[2573, 3340]
[2574, 2697]
[2574, 2938]
[2575, 3142]
[2576, 3000]
[2577, 2605]
[2578, 2625]
[2578, 2693]
[2580, 2626]
[2580, 2813]
[2581, 3458]
[2582, 2771]
[2582, 3407]
[2583, 3517]
[2584, 2931]
[2584, 3166]
[2584, 3383]
[2586, 2835]
[2587, 3028]
[2587, 3371]
[2588, 2692]
[2589, 2670]
[2589, 2794]
[2590, 2971]
[2591, 2791]
[2592, 3494]
[2594, 3089]
[2595, 2659]
[2595, 3065]
[2595, 3432]
[2596, 3023]
[2596, 3208]
[2597, 2841]
[2599, 2807]
[2599, 3454]
[2600, 3005]
[2601, 2738]
[2602, 3424]
[2603, 2655]
[2604, 3385]
[2605, 2817]
[2605, 3153]
[2607, 3208]
[2609, 2800]
[2611, 3261]
[2613, 3447]
[2614, 2683]
[2614, 2842]
[2614, 3290]
[2616, 3386]
[2617, 3216]
[2618, 3390]
[2618, 3429]
[2620, 2886]
[2620, 3337]
[2621, 3399]
[2622, 3287]
[2623, 2753]
[2623, 2939]
[2624, 2744]
[2625, 2944]
[2627, 3095]
[2628, 2746]
[2631, 3125]
[2632, 2760]
[2632, 3427]
[2632, 3432]
[2633, 3187]
[2634, 3000]
[2634, 3035]
[2634, 3064]
[2636, 3264]
[2636, 3290]
[2638, 2894]
[2640, 3314]
[2641, 2662]
[2641, 2731]
[2641, 3218]
[2643, 3184]
[2644, 3048]
[2645, 2715]
[2645, 3142]
[2646, 3258]
[2647, 2894]
[2648, 2738]
[2649, 2715]
[2650, 3434]
[2651, 2800]
[2651, 2999]
[2652, 2688]
[2652, 3596]
[2654, 2709]
[2654, 2877]
[2656, 3397]
[2656, 3447]
[2656, 3540]
[2657, 2854]
[2657, 3116]
[2659, 3065]
[2659, 3308]
[2661, 2771]
[2661, 3360]
[2663, 2924]
[2664, 2864]
[2673, 3018]
[2674, 2906]
[2675, 3546]
[2677, 3425]
[2678, 3019]
[2679, 3492]
[2680, 2715]
[2680, 2978]
[2680, 3219]
[2681, 3238]
[2682, 2957]
[2683, 2848]
[2684, 3293]
[2684, 3544]
[2685, 3372]
[2686, 3294]
[2686, 3482]
[2688, 3004]
[2689, 3564]
[2690, 2732]
[2690, 3100]
[2691, 3541]
[2698, 3343]
[2699, 2731]
[2699, 3075]
[2699, 3557]
[2340, 3266]
[2342, 2703]
[2343, 2995]
[2343, 3003]
[2343, 3065]
[2344, 2644]
[2345, 3000]
[2346, 3434]
[2347, 3261]
[2347, 3558]
[2348, 3164]
[2348, 3193]
[2349, 2367]
[2350, 2686]
[2350, 2958]
[2350, 3134]
[2350, 3455]
[2351, 2849]
[2352, 2609]
[2352, 3430]
[2353, 3423]
[2355, 3052]
[2356, 3359]
[2357, 3084]
[2358, 3131]
[2358, 3155]
[2359, 2909]
[2360, 2462]
[2360, 3442]
[2361, 3178]
[2361, 3196]
[2362, 2736]
[2362, 2975]
[2363, 3004]
[2364, 3397]
[2365, 3124]
[2365, 3139]
[2366, 2838]
[2367, 3323]
[2368, 3122]
[2369, 3451]
[2370, 3582]
[2371, 2971]
[2371, 3147]
[2373, 2884]
[2373, 3291]
[2374, 2842]
[2375, 2564]
[2375, 2753]
[2375, 2785]
[2376, 2658]
[2376, 2926]
[2377, 2799]
[2377, 2868]
[2378, 3215]
[2378, 3542]
[2379, 2418]
[2379, 2422]
[2381, 2570]
[2381, 2622]
[2381, 3390]
[2382, 3441]
[2383, 2898]
[2383, 2955]
[2383, 3191]
[2384, 2654]
[2384, 2793]
[2386, 2501]
[2387, 2514]
[2389, 3316]
[2390, 2497]
[2391, 2824]
[2392, 3589]
[2393, 3402]
[2394, 2691]
[2394, 3541]
[2395, 2490]
[2395, 2888]
[2395, 3112]
[2396, 3295]
[2396, 3326]
[2397, 2801]
[2398, 2525]
[2399, 3564]
[2401, 2639]
[2403, 2969]
[2403, 3473]
[2404, 2790]
[2404, 3016]
[2404, 3433]
[2406, 2752]
[2406, 3570]
[2406, 3587]
[2407, 3005]
[2407, 3439]
[2408, 2783]
[2408, 2922]
[2408, 3062]
[2409, 2537]
[2410, 3097]
[2410, 3428]
[2412, 3223]
[2414, 3331]
[2416, 3091]
[2417, 2718]
[2418, 2736]
[2418, 3131]
[2419, 2982]
[2419, 3523]
[2421, 2710]
[2423, 2983]
[2424, 3488]
[2424, 3511]
[2429, 3198]
[2429, 3497]
[2431, 2749]
[2432, 2560]
[2432, 2618]
[2433, 2618]
[2433, 3287]
[2433, 3429]
[2433, 3508]
[2435, 2466]
[2435, 2482]
[2436, 2827]
[2436, 3015]
[2437, 2979]
[2437, 3221]
[2438, 3040]
[2438, 3386]
[2439, 2739]
[2439, 3319]
[2439, 3556]
[2440, 3109]
[2440, 3185]
[2441, 2745]
[2441, 3499]
[2442, 3533]
[2443, 3071]
[2444, 2498]
[2445, 2467]
[2446, 3079]
[2447, 2582]
[2448, 2654]
[2448, 2709]
[2448, 2984]
[2449, 2996]
[2449, 3304]
[2450, 2586]
[2451, 3116]
[2451, 3163]
[2452, 2589]
[2452, 2846]
[2452, 2914]
[2453, 2770]
[2453, 2806]
[2454, 2794]
[2454, 3093]
[2455, 2504]
[2455, 3328]
[2456, 3127]
[2456, 3303]
[2456, 3505]
[2459, 3074]
[2461, 2960]
[2461, 3403]
[2462, 2966]
[2463, 3401]
[2464, 3023]
[2465, 2494]
[2466, 3212]
[2469, 3010]
[2469, 3530]
[2470, 2977]
[2470, 3189]
[2471, 3444]
[2472, 2697]
[2474, 3079]
[2476, 3289]
[2477, 3108]
[2478, 2911]
[2478, 3448]
[2479, 2560]
[2479, 2832]
[2479, 3246]
[2480, 2612]
[2480, 2814]
[2481, 2727]
[2481, 3225]
[2483, 3490]
[2483, 3582]
[2486, 2782]
[2487, 3053]
[2488, 3055]
[2489, 2542]
[2489, 2991]
[2490, 3439]
[2491, 2915]
[2492, 3522]
[2493, 2918]
[2493, 3257]
[2495, 2571]
[2495, 3554]
[2496, 2604]
[2497, 3416]
[2498, 2626]
[2499, 2645]
[2499, 3219]
[2500, 3178]
[2500, 3382]
[2502, 3517]
[2503, 3108]
[2503, 3526]
[2505, 3273]
[2508, 3093]
[2508, 3480]
[2509, 2901]
[2509, 3222]
[2510, 2781]
[2510, 3050]
[2511, 2830]
[2511, 2999]
[2511, 3543]
[2512, 2666]
[2512, 3404]
[2513, 3455]
[2513, 3465]
[2514, 3102]
[2517, 2668]
[2518, 2755]
[2518, 2765]
[2518, 3599]
[2160, 2468]
[2160, 2543]
[2161, 3074]
[2161, 3323]
[2162, 2203]
[2162, 3513]
[2163, 2572]
[2163, 2669]
[2164, 3406]
[2165, 3265]
[2166, 2840]
[2168, 3344]
[2169, 2973]
[2169, 3446]
[2171, 2724]
[2172, 2420]
[2172, 3504]
[2173, 2413]
[2174, 2217]
[2174, 3537]
[2175, 3293]
[2175, 3411]
[2175, 3515]
[2176, 2200]
[2176, 3078]
[2177, 3066]
[2177, 3214]
[2178, 3270]
[2178, 3592]
[2179, 2601]
[2179, 3464]
[2180, 2670]
[2181, 2427]
[2181, 3479]
[2182, 2293]
[2182, 3025]
[2182, 3483]
[2184, 2964]
[2184, 3222]
[2185, 3431]
[2187, 3074]
[2188, 3066]
[2189, 2536]
[2189, 2575]
[2189, 2649]
[2191, 2818]
[2192, 2240]
[2192, 2475]
[2193, 3208]
[2194, 2685]
[2194, 3380]
[2195, 2856]
[2196, 2890]
[2196, 3349]
[2197, 3342]
[2198, 3081]
[2200, 3078]
[2201, 2247]
[2201, 2749]
[2202, 2260]
[2202, 2428]
[2203, 3375]
[2204, 2447]
[2204, 2661]
[2204, 2902]
[2205, 2838]
[2206, 2517]
[2206, 3188]
[2206, 3437]
[2207, 2628]
[2207, 2979]
[2207, 3361]
[2208, 2315]
[2208, 2690]
[2208, 2874]
[2209, 2564]
[2209, 2623]
[2211, 2611]
[2212, 2245]
[2212, 2684]
[2212, 3544]
[2213, 3450]
[2214, 2338]
[2214, 3405]
[2215, 2439]
[2216, 2418]
[2217, 2619]
[2217, 3385]
[2218, 2357]
[2218, 2841]
[2218, 2935]
[2218, 3527]
[2219, 2410]
[2219, 2516]
[2219, 3347]
[2219, 3428]
[2221, 2668]
[2223, 2579]
[2224, 2695]
[2224, 3377]
[2225, 2388]
[2225, 2676]
[2226, 2689]
[2226, 2702]
[2227, 2417]
[2227, 3110]
[2228, 3017]
[2229, 2482]
[2229, 2616]
[2229, 3386]
[2230, 2472]
[2230, 2844]
[2230, 3037]
[2231, 3149]
[2232, 2899]
[2232, 3484]
[2233, 3015]
[2234, 2485]
[2234, 2719]
[2235, 2837]
[2235, 3405]
[2236, 2363]
[2236, 3004]
[2237, 2615]
[2238, 2597]
[2238, 3390]
[2240, 2944]
[2241, 2666]
[2241, 3330]
[2242, 3259]
[2242, 3540]
[2243, 2871]
[2243, 3091]
[2244, 3020]
[2245, 3453]
[2246, 3143]
[2247, 2385]
[2247, 3384]
[2248, 2635]
[2248, 2747]
[2249, 2291]
[2249, 3211]
[2250, 3248]
[2250, 3458]
[2251, 2747]
[2251, 3552]
[2252, 2323]
[2254, 2504]
[2254, 3494]
[2256, 3025]
[2257, 2311]
[2258, 2758]
[2259, 2724]
[2259, 3240]
[2260, 2983]
[2260, 3212]
[2260, 3370]
[2261, 2601]
[2261, 3241]
[2262, 2655]
[2263, 2581]
[2264, 2671]
[2264, 3007]
[2264, 3520]
[2266, 3522]
[2267, 2543]
[2268, 2371]
[2268, 3202]
[2270, 2333]
[2271, 2915]
[2271, 3163]
[2273, 2776]
[2273, 3252]
[2273, 3411]
[2274, 2693]
[2274, 2811]
[2275, 3110]
[2275, 3148]
[2276, 2425]
[2276, 2930]
[2276, 3009]
[2277, 3161]
[2277, 3515]
[2278, 2834]
[2278, 3504]
[2279, 3544]
[2280, 2458]
[2281, 2716]
[2282, 2668]
[2282, 2863]
[2282, 2985]
[2282, 3498]
[2283, 3417]
[2283, 3539]
[2284, 2327]
[2284, 2957]
[2285, 3286]
[2286, 3370]
[2286, 3584]
[2287, 2337]
[2288, 3573]
[2289, 2449]
[2290, 2579]
[2290, 2826]
[2290, 2986]
[2291, 3211]
[2292, 2576]
[2294, 3039]
[2294, 3507]
[2295, 2408]
[2295, 2976]
[2296, 2372]
[2296, 2588]
[2296, 2593]
[2298, 3049]
[2299, 2312]
[2299, 3182]
[2300, 2460]
[2301, 2655]
[2301, 2779]
[2302, 2501]
[2302, 3580]
[2303, 2434]
[2303, 2596]
[2305, 2402]
[2306, 3449]
[2306, 3479]
[2307, 3312]
[2307, 3507]
[2308, 2754]
[2308, 3133]
[2309, 2706]
[2309, 2942]
[2309, 3311]
[2311, 3578]
[2313, 2521]
[2313, 3269]
[2314, 2397]
[2314, 3416]
[2315, 2874]
[2315, 3382]
[2316, 3146]
[2318, 2782]
[2319, 3389]
[2320, 2398]
[2320, 2870]
[2320, 3073]
[2320, 3380]
[2322, 2841]
[2322, 3462]
[2323, 2730]
[2323, 2784]
[2323, 3444]
[2324, 2964]
[2324, 3070]
[2325, 2819]
[2325, 3467]
[2325, 3476]
[2326, 2401]
[2327, 3286]
[2327, 3525]
[2328, 2512]
[2328, 2666]
[2328, 3066]
[2328, 3486]
[2329, 3115]
[2329, 3272]
[2330, 2940]
[2332, 2962]
[2332, 3118]
[2332, 3127]
[2334, 3224]
[2334, 3545]
[2337, 3265]
[2338, 2947]
[2338, 3241]
[2339, 3352]
[540, 1728]
[540, 2104]
[540, 2178]
[540, 2925]
[541, 556]
[541, 1724]
[541, 2467]
[542, 2128]
[542, 2304]
[542, 2486]
[543, 3039]
[544, 1511]
[544, 1912]
[544, 2141]
[544, 3426]
[545, 939]
[545, 2554]
[545, 2974]
[546, 1442]
[546, 1679]
[546, 2647]
[547, 1162]
[547, 1394]
[547, 1515]
[547, 2914]
[548, 2735]
[549, 863]
[549, 2185]
[549, 3485]
[549, 3551]
[550, 1070]
[550, 1938]
[550, 3520]
[550, 3535]
[551, 1112]
[551, 1963]
[551, 2133]
[552, 1410]
[552, 1564]
[552, 2696]
[553, 798]
[553, 1016]
[553, 2539]
[553, 2853]
[554, 1420]
[554, 2205]
[554, 2357]
[554, 3084]
[555, 1447]
[555, 1610]
[555, 2123]
[555, 3408]
[556, 1455]
[556, 2467]
[557, 571]
[557, 765]
[557, 2821]
[557, 3392]
[558, 863]
[558, 2070]
[558, 3336]
[558, 3493]
[559, 820]
[559, 3105]
[559, 3523]
[560, 1367]
[560, 1428]
[560, 2253]
[560, 3561]
[561, 2336]
[561, 2701]
[562, 807]
[562, 905]
[562, 2737]
[563, 1223]
[563, 1711]
[563, 2073]
[563, 3218]
[564, 773]
[564, 2744]
[564, 3297]
[564, 3344]
[565, 581]
[565, 2355]
[565, 2790]
[566, 2043]
[566, 2624]
[566, 2630]
[567, 1200]
[567, 1858]
[567, 2411]
[567, 3010]
[568, 1170]
[568, 1949]
[568, 3013]
[569, 1989]
[569, 3204]
[570, 1304]
[570, 1443]
[570, 2397]
[571, 846]
[571, 2363]
[572, 1472]
[572, 2602]
[572, 2922]
[572, 3424]
[573, 1376]
[573, 2324]
[573, 3511]
[574, 1413]
[574, 1876]
[574, 2236]
[574, 2934]
[575, 1422]
[575, 2194]
[575, 2255]
[576, 1421]
[576, 2137]
[576, 2341]
[576, 2573]
[577, 942]
[577, 1541]
[577, 3267]
[577, 3308]
[578, 779]
[578, 1198]
[578, 1221]
[578, 3419]
[579, 1207]
[579, 1889]
[579, 2055]
[579, 3203]
[580, 1255]
[580, 2117]
[580, 2855]
[580, 2981]
[581, 2007]
[581, 2355]
[581, 2463]
[582, 1019]
[582, 1447]
[582, 2197]
[583, 1676]
[583, 3595]
[584, 982]
[584, 1535]
[584, 1832]
[584, 3438]
[585, 614]
[585, 1560]
[585, 2199]
[586, 673]
[586, 1729]
[586, 1817]
[586, 3256]
[587, 1514]
[587, 2864]
[587, 3086]
[587, 3144]
[588, 596]
[588, 919]
[588, 2347]
[589, 1142]
[589, 2280]
[590, 2066]
[590, 2561]
[590, 3154]
[591, 1654]
[591, 1831]
[591, 2760]
[591, 3060]
[592, 920]
[592, 1239]
[592, 1362]
[592, 1686]
[593, 1867]
[593, 2541]
[593, 2727]
[594, 2291]
[594, 2461]
[594, 2527]
[594, 3403]
[595, 1383]
[595, 3076]
[595, 3496]
[596, 2678]
[597, 2509]
[597, 2515]
[597, 2901]
[598, 709]
[598, 860]
[598, 1246]
[598, 3543]
[599, 2412]
[599, 2942]
[599, 3223]
[599, 3531]
[600, 2117]
[600, 2606]
[600, 3421]
[601, 823]
[601, 1144]
[601, 2228]
[602, 1694]
[602, 2035]
[602, 3062]
[602, 3460]
[603, 1651]
[603, 2077]
[603, 3210]
[604, 1006]
[604, 2304]
[604, 3477]
[605, 1256]
[605, 1281]
[605, 1460]
[605, 3573]
[606, 839]
[606, 2159]
[606, 3144]
[607, 1044]
[607, 1760]
[607, 1996]
[607, 2352]
[608, 921]
[608, 935]
[608, 1571]
[608, 3003]
[609, 833]
[609, 1154]
[609, 2444]
[609, 2498]
[610, 641]
[610, 2042]
[610, 2255]
[610, 3201]
[611, 864]
[611, 1095]
[611, 1975]
[612, 1904]
[612, 2221]
[612, 2392]
[612, 2668]
[613, 677]
[613, 1701]
[614, 1128]
[614, 1560]
[614, 2436]
[615, 734]
[615, 1317]
[615, 2163]
[616, 1966]
[616, 2039]
[616, 2135]
[616, 2886]
[617, 2316]
[617, 2369]
[617, 2988]
[617, 3339]
[618, 3139]
[619, 838]
[619, 2144]
[619, 2484]
[620, 1354]
[620, 2112]
[620, 3168]
[620, 3456]
[621, 682]
[621, 717]
[621, 2876]
[622, 944]
[622, 1184]
[622, 3129]
[623, 849]
[623, 2083]
[624, 887]
[624, 2771]
[624, 2819]
[625, 1236]
[625, 2631]
[626, 825]
[626, 1134]
[626, 3384]
[627, 1141]
[627, 1647]
[627, 1698]
[628, 638]
[628, 1244]
[628, 2822]
[629, 845]
[629, 851]
[629, 3348]
[630, 1021]
[630, 1430]
[630, 1552]
[630, 2450]
[631, 2112]
[631, 2912]
[631, 3086]
[631, 3363]
[632, 866]
[632, 1076]
[632, 3126]
[633, 718]
[633, 1185]
[633, 1332]
[633, 1529]
[634, 823]
[634, 1560]
[634, 2950]
[635, 747]
[635, 1786]
[635, 2103]
[635, 3458]
[636, 1135]
[636, 2471]
[636, 3332]
[636, 3351]
[637, 1026]
[637, 1420]
[637, 1455]
[637, 3325]
[638, 1018]
[638, 2822]
[638, 3085]
[639, 1551]
[639, 1812]
[639, 2203]
[639, 2672]
[640, 800]
[640, 1757]
[640, 1841]
[640, 2366]
[641, 2884]
[641, 3098]
[641, 3419]
[642, 1317]
[642, 1683]
[642, 2160]
[642, 3211]
[643, 1175]
[643, 1787]
[644, 967]
[644, 1806]
[644, 1945]
[644, 2562]
[645, 1395]
[645, 1491]
[645, 2390]
[646, 1313]
[646, 2995]
[647, 1735]
[647, 1828]
[647, 2028]
[647, 3006]
[648, 1995]
[648, 2285]
[648, 2317]
[648, 2957]
[649, 2773]
[649, 2919]
[650, 1176]
[650, 2094]
[650, 2393]
[651, 1340]
[651, 1698]
[651, 1818]
[652, 759]
[652, 918]
[652, 2633]
[652, 3506]
[653, 2693]
[653, 3217]
[653, 3336]
[654, 1942]
[654, 2386]
[654, 3580]
[655, 1509]
[656, 2419]
[656, 2532]
[656, 2809]
[656, 3523]
[657, 1321]
[657, 1741]
[657, 2779]
[657, 3583]
[658, 756]
[658, 796]
[658, 2030]
[658, 2935]
[659, 727]
[659, 2172]
[659, 2420]
[659, 2776]
[660, 1206]
[660, 3162]
[660, 3302]
[661, 1696]
[661, 2294]
[661, 3039]
[662, 857]
[662, 1675]
[662, 2407]
[663, 1106]
[663, 1743]
[663, 3318]
[664, 712]
[664, 1166]
[664, 3166]
[664, 3514]
[665, 713]
[665, 2572]
[665, 3320]
[666, 2415]
[666, 3268]
[666, 3309]
[667, 1162]
[667, 1300]
[667, 2213]
[668, 731]
[668, 1018]
[668, 3309]
[669, 1349]
[669, 2189]
[669, 2546]
[669, 2575]
[670, 1674]
[670, 1941]
[670, 2215]
[670, 2277]
[671, 685]
[671, 962]
[671, 2003]
[671, 2713]
[672, 1290]
[672, 2083]
[672, 2640]
[672, 3327]
[673, 924]
[673, 2380]
[673, 3040]
[674, 1131]
[674, 2770]
[674, 3141]
[675, 1421]
[675, 2534]
[675, 2788]
[675, 2882]
[676, 2478]
[676, 2547]
[676, 2994]
[676, 3448]
[677, 1591]
[677, 1701]
[677, 2701]
[678, 974]
[678, 1181]
[678, 1887]
[679, 1752]
[679, 2756]
[679, 3490]
[679, 3500]
[680, 897]
[680, 937]
[680, 1298]
[680, 1744]
[681, 811]
[681, 3043]
[681, 3045]
[681, 3249]
[682, 1262]
[682, 1940]
[682, 2216]
[683, 1112]
[683, 1563]
[683, 2091]
[683, 2565]
[684, 965]
[684, 1958]
[685, 773]
[685, 1038]
[685, 2713]
[686, 1422]
[686, 1882]
[686, 2557]
[686, 3369]
[687, 1267]
[687, 2134]
[687, 2552]
[687, 2799]
[688, 843]
[688, 1922]
[689, 2130]
[689, 2367]
[689, 3555]
[690, 2143]
[690, 2590]
[690, 3468]
[691, 2459]
[691, 3323]
[691, 3412]
[692, 1482]
[692, 1934]
[692, 3226]
[693, 748]
[693, 1136]
[693, 2387]
[693, 2514]
[694, 1574]
[694, 2785]
[694, 3301]
[694, 3382]
[695, 1012]
[695, 1191]
[695, 1781]
[695, 3428]
[696, 1849]
[696, 2006]
[696, 2795]
[696, 3431]
[697, 1795]
[697, 2653]
[697, 3028]
[698, 1121]
[698, 2636]
[698, 3012]
[698, 3484]
[699, 1068]
[699, 1105]
[699, 1531]
[699, 2905]
[700, 1385]
[700, 2432]
[700, 2560]
[700, 3590]
[701, 1810]
[701, 1956]
[701, 2879]
[701, 2963]
[702, 1402]
[702, 2649]
[702, 2715]
[702, 2989]
[703, 858]
[703, 1196]
[703, 2253]
[704, 740]
[704, 778]
[704, 1187]
[704, 2925]
[705, 952]
[705, 2220]
[705, 2667]
[706, 1604]
[706, 2020]
[706, 2750]
[707, 1240]
[707, 1299]
[707, 2772]
[707, 3304]
[708, 2186]
[708, 2451]
[708, 2891]
[708, 3116]
[709, 1135]
[709, 2387]
[709, 3543]
[710, 1392]
[710, 2016]
[711, 1463]
[711, 3158]
[712, 1058]
[712, 1166]
[712, 2154]
[713, 1256]
[713, 2079]
[714, 1373]
[714, 1857]
[714, 2443]
[714, 3272]
[715, 1650]
[715, 1680]
[715, 1872]
[715, 2475]
[716, 1413]
[716, 1546]
[716, 2068]
[717, 1501]
[717, 2876]
[717, 3131]
[718, 827]
[718, 2764]
[719, 903]
[719, 937]
[719, 981]
[180, 1273]
[180, 2273]
[180, 2300]
[180, 2776]
[181, 791]
[181, 2411]
[181, 2535]
[181, 2818]
[182, 1380]
[182, 1905]
[182, 2034]
[182, 2211]
[183, 1260]
[183, 2495]
[183, 2952]
[183, 3554]
[184, 210]
[184, 1658]
[184, 3246]
[184, 3270]
[185, 1493]
[185, 1740]
[185, 1905]
[186, 277]
[186, 793]
[186, 1307]
[186, 3462]
[187, 398]
[187, 755]
[187, 1228]
[187, 1297]
[188, 1138]
[188, 1519]
[188, 2427]
[188, 2506]
[189, 604]
[189, 1898]
[189, 2304]
[190, 464]
[190, 2390]
[190, 2903]
[190, 3580]
[191, 1687]
[191, 2103]
[191, 3012]
[191, 3053]
[192, 208]
[192, 1266]
[192, 1670]
[192, 3006]
[193, 566]
[193, 2624]
[193, 3565]
[193, 3585]
[194, 319]
[194, 982]
[194, 1284]
[194, 1837]
[195, 368]
[195, 369]
[195, 497]
[195, 2222]
[196, 236]
[196, 1312]
[196, 2082]
[196, 3274]
[197, 2382]
[197, 3096]
[197, 3441]
[198, 629]
[198, 1611]
[198, 1984]
[199, 1091]
[199, 1545]
[199, 1953]
[199, 1991]
[200, 1013]
[200, 2303]
[200, 2434]
[201, 362]
[201, 460]
[201, 2057]
[201, 2135]
[202, 825]
[202, 1250]
[202, 1517]
[202, 2385]
[203, 766]
[203, 1439]
[203, 3293]
[204, 305]
[204, 1131]
[204, 1263]
[204, 2272]
[205, 897]
[205, 1117]
[205, 2718]
[205, 2746]
[206, 297]
[206, 1721]
[206, 1898]
[206, 2132]
[207, 370]
[207, 2081]
[207, 2708]
[207, 2733]
[208, 527]
[208, 3006]
[208, 3013]
[209, 744]
[209, 2053]
[209, 2459]
[210, 373]
[210, 2104]
[210, 3088]
[211, 1120]
[211, 1566]
[211, 1778]
[211, 2660]
[212, 651]
[212, 1110]
[212, 1340]
[212, 2351]
[213, 1533]
[213, 2961]
[213, 3174]
[213, 3574]
[214, 1188]
[214, 1287]
[214, 2659]
[214, 3250]
[215, 1128]
[215, 1573]
[215, 1974]
[215, 2879]
[216, 1205]
[216, 1652]
[216, 3229]
[217, 732]
[217, 1197]
[217, 1263]
[217, 2453]
[218, 455]
[218, 987]
[218, 1675]
[218, 1852]
[219, 1475]
[219, 1922]
[219, 2292]
[219, 2576]
[220, 456]
[220, 2345]
[220, 2869]
[220, 3000]
[221, 790]
[221, 2689]
[221, 2744]
[222, 1591]
[222, 2074]
[222, 2394]
[222, 2681]
[223, 667]
[223, 874]
[223, 1394]
[224, 845]
[224, 1001]
[224, 1180]
[224, 3196]
[225, 896]
[225, 1156]
[225, 2187]
[225, 2882]
[226, 237]
[226, 491]
[226, 1333]
[226, 2460]
[227, 943]
[227, 1788]
[227, 2251]
[227, 2457]
[228, 326]
[228, 828]
[228, 1955]
[228, 2483]
[229, 634]
[229, 1556]
[229, 1714]
[229, 3017]
[230, 284]
[230, 802]
[230, 3565]
[231, 928]
[231, 1707]
[231, 2608]
[231, 3238]
[232, 257]
[232, 734]
[232, 1720]
[232, 2572]
[233, 415]
[233, 1770]
[233, 2694]
[234, 909]
[234, 2389]
[234, 2622]
[234, 3287]
[235, 832]
[235, 1196]
[235, 2980]
[235, 3271]
[236, 967]
[236, 1098]
[236, 2330]
[237, 559]
[237, 2745]
[237, 3105]
[238, 1569]
[238, 1705]
[238, 2605]
[238, 3153]
[239, 561]
[239, 1305]
[240, 1051]
[240, 1769]
[240, 2407]
[240, 3133]
[241, 420]
[241, 2054]
[241, 2335]
[241, 3093]
[242, 1535]
[242, 2133]
[242, 2169]
[242, 2973]
[243, 1382]
[243, 2165]
[243, 3363]
[243, 3560]
[244, 429]
[244, 1108]
[244, 1331]
[244, 3226]
[245, 1537]
[245, 1649]
[245, 2369]
[245, 3548]
[246, 1230]
[246, 1975]
[246, 3289]
[246, 3592]
[247, 750]
[247, 777]
[247, 1914]
[247, 3245]
[248, 294]
[248, 1254]
[248, 1294]
[248, 2148]
[249, 2881]
[249, 3159]
[250, 400]
[250, 618]
[250, 2347]
[250, 3558]
[251, 263]
[251, 1246]
[251, 1959]
[251, 2672]
[252, 315]
[252, 2574]
[252, 2697]
[252, 2759]
[253, 780]
[253, 1365]
[253, 1903]
[253, 2368]
[254, 518]
[254, 1466]
[254, 1469]
[254, 2095]
[255, 393]
[255, 797]
[255, 2776]
[256, 1086]
[256, 1405]
[256, 2272]
[256, 2710]
[257, 1720]
[257, 2020]
[257, 2814]
[258, 1985]
[258, 1987]
[258, 2068]
[258, 2679]
[259, 1110]
[259, 1647]
[259, 2826]
[259, 3460]
[260, 522]
[260, 1921]
[260, 2288]
[260, 2426]
[261, 904]
[261, 1944]
[261, 2816]
[261, 3525]
[262, 501]
[262, 2348]
[262, 3193]
[262, 3358]
[263, 1742]
[263, 1959]
[263, 3375]
[264, 1459]
[264, 1876]
[264, 2688]
[264, 3078]
[265, 1587]
[265, 2378]
[265, 3505]
[265, 3542]
[266, 1379]
[266, 1603]
[266, 1796]
[266, 2600]
[267, 404]
[267, 2001]
[267, 2022]
[267, 3189]
[268, 1191]
[268, 2241]
[268, 2703]
[269, 1887]
[269, 2139]
[269, 2429]
[269, 2904]
[270, 355]
[270, 1030]
[270, 2183]
[270, 3395]
[271, 272]
[271, 1844]
[271, 1975]
[271, 2762]
[272, 2505]
[272, 3236]
[272, 3316]
[273, 515]
[273, 1896]
[273, 2222]
[273, 3231]
[274, 890]
[274, 922]
[274, 934]
[274, 2765]
[275, 650]
[275, 1093]
[275, 2608]
[275, 3111]
[276, 1300]
[276, 1787]
[276, 2182]
[276, 3025]
[277, 412]
[277, 2702]
[277, 3461]
[278, 502]
[278, 668]
[278, 1244]
[278, 2141]
[279, 954]
[279, 1070]
[279, 2671]
[279, 3585]
[280, 1163]
[280, 2022]
[280, 2044]
[280, 3202]
[281, 376]
[281, 1205]
[281, 3020]
[281, 3539]
[282, 1675]
[282, 1796]
[282, 2050]
[282, 3056]
[283, 2630]
[283, 3097]
[283, 3394]
[284, 885]
[284, 2289]
[284, 3436]
[285, 886]
[285, 2111]
[285, 2339]
[285, 2729]
[286, 1016]
[286, 1384]
[286, 2034]
[286, 2214]
[287, 684]
[287, 965]
[287, 1399]
[287, 1796]
[288, 1340]
[288, 2047]
[288, 2489]
[288, 2880]
[289, 394]
[289, 1424]
[289, 2592]
[290, 646]
[290, 2146]
[290, 2725]
[290, 3381]
[291, 726]
[291, 800]
[291, 1523]
[291, 2379]
[292, 545]
[292, 2755]
[292, 3029]
[293, 1024]
[293, 2528]
[293, 3008]
[293, 3354]
[294, 417]
[294, 850]
[294, 3376]
[295, 528]
[295, 882]
[295, 1168]
[295, 3435]
[296, 538]
[296, 1795]
[296, 1978]
[296, 3256]
[297, 816]
[297, 3477]
[298, 623]
[298, 849]
[298, 1655]
[298, 2062]
[299, 2080]
[299, 2220]
[299, 2536]
[299, 3278]
[300, 1022]
[300, 2177]
[300, 2847]
[301, 441]
[301, 2409]
[301, 2537]
[301, 2981]
[302, 1053]
[302, 1772]
[302, 2422]
[302, 2550]
[303, 891]
[303, 1546]
[303, 1848]
[303, 3379]
[304, 1642]
[304, 1911]
[304, 1912]
[304, 2019]
[305, 1464]
[305, 2710]
[305, 2926]
[306, 445]
[306, 749]
[306, 2288]
[306, 3532]
[307, 401]
[307, 643]
[307, 1701]
[307, 1787]
[308, 1539]
[308, 2223]
[308, 3335]
[309, 565]
[309, 1075]
[309, 2651]
[309, 3524]
[310, 534]
[310, 1171]
[310, 1699]
[310, 1990]
[311, 332]
[311, 416]
[311, 1487]
[311, 2202]
[312, 754]
[312, 2255]
[312, 2787]
[312, 3098]
[313, 323]
[313, 784]
[313, 1119]
[313, 1257]
[314, 761]
[314, 2124]
[314, 2190]
[314, 3379]
[315, 711]
[315, 2084]
[315, 3156]
[316, 961]
[316, 1084]
[316, 2887]
[316, 3087]
[317, 1621]
[317, 1717]
[317, 1821]
[317, 2985]
[318, 1185]
[318, 1225]
[318, 1662]
[318, 3041]
[319, 526]
[319, 1837]
[319, 3117]
[320, 423]
[320, 1174]
[320, 3262]
[320, 3523]
[321, 997]
[321, 1588]
[321, 1637]
[321, 2185]
[322, 1201]
[322, 1322]
[322, 2334]
[322, 3545]
[323, 2283]
[323, 2774]
[324, 821]
[324, 2137]
[324, 2726]
[324, 2972]
[325, 1712]
[325, 1931]
[325, 2962]
[325, 3371]
[326, 427]
[326, 2492]
[326, 3522]
[327, 731]
[327, 1646]
[327, 2333]
[327, 3268]
[328, 654]
[328, 1942]
[328, 3461]
[328, 3571]
[329, 1989]
[329, 2645]
[329, 3142]
[329, 3572]
[330, 1080]
[330, 1674]
[330, 3319]
[331, 450]
[331, 1738]
[331, 2246]
[331, 3345]
[332, 1708]
[332, 1879]
[332, 3212]
[333, 406]
[333, 626]
[333, 2663]
[334, 1636]
[334, 2942]
[334, 3092]
[334, 3568]
[335, 516]
[335, 710]
[335, 2150]
[335, 3151]
[336, 1774]
[336, 2749]
[336, 2896]
[336, 3384]
[337, 977]
[337, 1238]
[337, 2351]
[337, 2880]
[338, 454]
[338, 2310]
[338, 2846]
[338, 3332]
[339, 1805]
[339, 1936]
[339, 3083]
[340, 674]
[340, 1189]
[340, 2788]
[340, 3104]
[341, 1906]
[341, 2435]
[341, 2921]
[341, 3370]
[342, 1104]
[342, 2129]
[342, 2488]
[342, 3591]
[343, 603]
[343, 1845]
[343, 1907]
[343, 3210]
[344, 365]
[344, 3472]
[345, 1133]
[345, 1895]
[345, 2577]
[345, 2643]
[346, 705]
[346, 1807]
[346, 2220]
[346, 2575]
[347, 716]
[347, 1595]
[347, 1665]
[347, 3379]
[348, 1974]
[348, 2949]
[348, 3157]
[348, 3346]
[349, 439]
[349, 743]
[349, 938]
[349, 1413]
[350, 736]
[350, 1044]
[350, 2191]
[350, 2990]
[351, 1217]
[351, 1684]
[351, 1731]
[351, 2419]
[352, 727]
[352, 1057]
[352, 2966]
[352, 3342]
[353, 445]
[353, 808]
[353, 2712]
[353, 3448]
[354, 465]
[354, 2687]
[354, 3039]
[355, 2183]
[355, 2265]
[355, 2373]
[356, 2360]
[356, 2462]
[356, 3186]
[356, 3414]
[357, 1882]
[357, 2377]
[357, 2799]
[357, 2807]
[358, 2391]
[358, 2824]
[358, 3260]
[358, 3574]
[359, 1007]
[359, 2029]
[359, 3378]
[359, 3532]
[1440, 2224]
[1440, 2413]
[1440, 3377]
[1440, 3420]
[1441, 1565]
[1441, 1699]
[1441, 2968]
[1442, 1563]
[1442, 2767]
[1442, 3172]
[1443, 1664]
[1443, 2390]
[1443, 2497]
[1444, 2209]
[1445, 1880]
[1445, 2115]
[1445, 2507]
[1446, 1947]
[1446, 2338]
[1446, 2648]
[1446, 3241]
[1447, 2958]
[1448, 3085]
[1448, 3257]
[1448, 3481]
[1449, 2025]
[1449, 3454]
[1450, 2788]
[1450, 2836]
[1450, 3402]
[1451, 2398]
[1451, 2465]
[1452, 2678]
[1452, 3019]
[1453, 2685]
[1453, 3073]
[1453, 3372]
[1454, 1715]
[1454, 2203]
[1454, 2758]
[1454, 3375]
[1455, 2698]
[1455, 3325]
[1456, 1859]
[1456, 2295]
[1456, 3335]
[1456, 3460]
[1457, 3356]
[1457, 3478]
[1457, 3569]
[1458, 1861]
[1458, 2033]
[1458, 2197]
[1458, 2513]
[1459, 2688]
[1459, 3138]
[1459, 3457]
[1460, 2426]
[1460, 2939]
[1461, 1716]
[1461, 1902]
[1462, 2556]
[1462, 2886]
[1463, 2759]
[1463, 3292]
[1463, 3556]
[1464, 2926]
[1464, 3418]
[1465, 1592]
[1465, 3311]
[1466, 2400]
[1467, 2646]
[1467, 3076]
[1467, 3491]
[1468, 1779]
[1468, 2810]
[1469, 2142]
[1469, 3396]
[1469, 3481]
[1470, 2114]
[1470, 2321]
[1470, 3260]
[1471, 1880]
[1471, 2196]
[1471, 3448]
[1472, 2069]
[1472, 2932]
[1472, 3204]
[1473, 2552]
[1473, 2593]
[1473, 2599]
[1473, 2807]
[1474, 1845]
[1475, 1913]
[1476, 1672]
[1476, 2719]
[1476, 3443]
[1477, 2059]
[1477, 2312]
[1477, 2650]
[1477, 3434]
[1478, 2010]
[1478, 2820]
[1479, 1690]
[1479, 2919]
[1479, 3106]
[1479, 3146]
[1480, 1539]
[1480, 1859]
[1480, 2129]
[1480, 3326]
[1481, 1864]
[1481, 2415]
[1482, 1925]
[1482, 2934]
[1482, 3457]
[1483, 2158]
[1483, 2866]
[1484, 2395]
[1484, 2717]
[1484, 3112]
[1484, 3588]
[1485, 3138]
[1485, 3545]
[1485, 3596]
[1486, 2027]
[1486, 2895]
[1486, 3491]
[1487, 1660]
[1487, 3519]
[1488, 2492]
[1488, 3205]
[1488, 3490]
[1489, 1607]
[1490, 2379]
[1490, 2422]
[1490, 3230]
[1491, 2903]
[1491, 2927]
[1491, 3531]
[1492, 1685]
[1493, 1541]
[1493, 2116]
[1494, 1562]
[1494, 1690]
[1494, 2149]
[1494, 2278]
[1495, 3137]
[1495, 3469]
[1495, 3578]
[1496, 1611]
[1496, 2621]
[1496, 3399]
[1497, 1905]
[1498, 2153]
[1498, 2612]
[1498, 3303]
[1499, 2286]
[1499, 2460]
[1500, 1860]
[1500, 1903]
[1500, 2538]
[1500, 2728]
[1501, 1535]
[1501, 1593]
[1502, 2067]
[1503, 1878]
[1503, 3191]
[1504, 1677]
[1504, 2074]
[1504, 3343]
[1505, 2059]
[1505, 2299]
[1505, 3245]
[1506, 2126]
[1506, 3153]
[1507, 2088]
[1507, 2591]
[1507, 2791]
[1508, 1775]
[1508, 1957]
[1508, 2230]
[1508, 2844]
[1510, 2413]
[1510, 2878]
[1510, 3087]
[1510, 3114]
[1511, 2105]
[1511, 2176]
[1512, 2334]
[1512, 2356]
[1514, 2549]
[1514, 3104]
[1515, 2914]
[1515, 3571]
[1516, 1747]
[1518, 2396]
[1518, 2792]
[1518, 3055]
[1519, 2452]
[1519, 2846]
[1520, 1900]
[1520, 1957]
[1521, 1839]
[1521, 2565]
[1521, 2590]
[1521, 2923]
[1522, 1645]
[1522, 1826]
[1522, 3032]
[1523, 1890]
[1524, 2022]
[1524, 2312]
[1524, 2954]
[1525, 1940]
[1525, 2362]
[1525, 2975]
[1525, 3327]
[1526, 1651]
[1526, 3132]
[1527, 1641]
[1527, 2989]
[1527, 3075]
[1528, 1569]
[1528, 3011]
[1528, 3547]
[1529, 3408]
[1530, 2222]
[1530, 2946]
[1530, 3072]
[1531, 1585]
[1531, 3119]
[1531, 3340]
[1532, 2058]
[1533, 1827]
[1533, 1837]
[1533, 2401]
[1534, 1668]
[1534, 2496]
[1534, 2978]
[1534, 3463]
[1536, 2817]
[1536, 2863]
[1537, 3568]
[1538, 1669]
[1538, 1766]
[1538, 1833]
[1538, 2862]
[1539, 2129]
[1539, 2792]
[1540, 2015]
[1540, 2839]
[1540, 2976]
[1541, 2211]
[1542, 1837]
[1542, 3174]
[1542, 3199]
[1543, 3220]
[1544, 2252]
[1544, 2471]
[1545, 1953]
[1545, 2963]
[1546, 3077]
[1547, 2110]
[1547, 2476]
[1547, 2627]
[1547, 3095]
[1548, 2272]
[1548, 3141]
[1549, 1713]
[1549, 2186]
[1549, 2396]
[1550, 3272]
[1550, 3551]
[1552, 1711]
[1552, 2849]
[1552, 3512]
[1553, 3017]
[1553, 3156]
[1553, 3329]
[1554, 2287]
[1554, 2706]
[1554, 2803]
[1554, 3092]
[1555, 2631]
[1555, 2787]
[1555, 3018]
[1556, 3017]
[1557, 2425]
[1557, 3251]
[1557, 3396]
[1558, 1838]
[1558, 1857]
[1558, 2881]
[1558, 3285]
[1559, 1566]
[1559, 2311]
[1560, 1819]
[1561, 1900]
[1561, 2606]
[1561, 2981]
[1562, 2149]
[1562, 2284]
[1563, 2061]
[1563, 2091]
[1564, 2696]
[1565, 1864]
[1565, 3279]
[1566, 2311]
[1566, 3052]
[1567, 2924]
[1567, 3007]
[1567, 3172]
[1568, 1798]
[1568, 1879]
[1568, 2815]
[1569, 2643]
[1569, 3184]
[1570, 1935]
[1570, 2346]
[1570, 3165]
[1571, 2263]
[1572, 1600]
[1572, 1888]
[1572, 1924]
[1572, 2500]
[1573, 1969]
[1573, 2199]
[1574, 1600]
[1574, 3301]
[1575, 2490]
[1576, 1615]
[1576, 1680]
[1576, 2240]
[1576, 2485]
[1577, 1639]
[1577, 2188]
[1577, 3066]
[1578, 1717]
[1578, 1745]
[1579, 2651]
[1579, 2999]
[1580, 2302]
[1581, 2878]
[1581, 3254]
[1581, 3395]
[1582, 1850]
[1582, 2551]
[1583, 2249]
[1583, 2326]
[1583, 2883]
[1584, 1901]
[1584, 1922]
[1584, 2777]
[1584, 3318]
[1585, 2723]
[1586, 3559]
[1587, 2125]
[1587, 3579]
[1588, 1637]
[1588, 1849]
[1588, 2491]
[1589, 1824]
[1589, 2431]
[1590, 3446]
[1590, 3569]
[1591, 2336]
[1591, 2681]
[1592, 1846]
[1592, 2580]
[1593, 2358]
[1593, 2898]
[1593, 3393]
[1594, 2278]
[1594, 3342]
[1594, 3504]
[1595, 1665]
[1595, 1834]
[1595, 3410]
[1596, 1737]
[1596, 1801]
[1597, 1733]
[1597, 2020]
[1597, 2474]
[1598, 1629]
[1598, 1963]
[1598, 2540]
[1598, 3595]
[1599, 2494]
[1599, 2525]
[1599, 2824]
[1600, 1888]
[1601, 1654]
[1601, 2650]
[1601, 2913]
[1602, 2368]
[1602, 2461]
[1602, 3509]
[1603, 2600]
[1603, 2926]
[1604, 1659]
[1604, 2814]
[1604, 3127]
[1605, 2889]
[1605, 3514]
[1606, 2232]
[1606, 2899]
[1607, 3011]
[1608, 2949]
[1608, 3444]
[1609, 1681]
[1609, 1726]
[1609, 2824]
[1609, 3174]
[1610, 2916]
[1612, 2430]
[1612, 2448]
[1612, 3488]
[1612, 3503]
[1613, 1784]
[1613, 2321]
[1613, 2494]
[1614, 2389]
[1614, 2570]
[1615, 1680]
[1615, 2542]
[1615, 2929]
[1616, 3136]
[1617, 2505]
[1617, 2762]
[1617, 3398]
[1618, 1725]
[1618, 1956]
[1619, 2843]
[1619, 3599]
[1620, 2339]
[1620, 3352]
[1621, 1633]
[1621, 2740]
[1622, 2421]
[1622, 3353]
[1622, 3418]
[1623, 3262]
[1623, 3298]
[1624, 2481]
[1625, 2293]
[1626, 1732]
[1626, 2796]
[1626, 3064]
[1626, 3567]
[1627, 2110]
[1627, 2372]
[1628, 1870]
[1628, 2637]
[1629, 2656]
[1629, 3540]
[1630, 2832]
[1630, 3508]
[1631, 1955]
[1631, 2470]
[1631, 2977]
[1631, 3183]
[1632, 3015]
[1633, 2484]
[1633, 2740]
[1634, 1881]
[1634, 2865]
[1635, 2403]
[1635, 2969]
[1635, 3253]
[1635, 3425]
[1636, 2988]
[1636, 3092]
[1636, 3549]
[1637, 3441]
[1638, 2354]
[1638, 2955]
[1638, 3170]
[1639, 1771]
[1639, 2524]
[1639, 2676]
[1640, 1684]
[1640, 2757]
[1640, 2759]
[1640, 2982]
[1641, 2641]
[1641, 2662]
[1642, 2509]
[1642, 2873]
[1643, 2722]
[1643, 3113]
[1644, 2530]
[1644, 3422]
[1645, 1928]
[1645, 3492]
[1646, 1927]
[1647, 3557]
[1648, 2380]
[1648, 2482]
[1648, 3216]
[1649, 2006]
[1649, 2369]
[1649, 3092]
[1650, 1943]
[1650, 2223]
[1650, 2579]
[1651, 3249]
[1653, 2231]
[1653, 2734]
[1654, 3060]
[1654, 3083]
[1655, 2772]
[1655, 3559]
[1656, 2069]
[1657, 2376]
[1657, 2658]
[1657, 3011]
[1658, 2583]
[1658, 3517]
[1658, 3554]
[1659, 1712]
[1659, 2153]
[1659, 3127]
[1660, 3022]
[1660, 3195]
[1661, 1804]
[1661, 2868]
[1661, 3369]
[1662, 3243]
[1662, 3366]
[1663, 1778]
[1663, 1927]
[1663, 2529]
[1664, 2005]
[1664, 2506]
[1665, 3417]
[1666, 1727]
[1666, 3139]
[1667, 2443]
[1667, 3071]
[1667, 3285]
[1667, 3443]
[1668, 1791]
[1668, 3186]
[1668, 3463]
[1669, 1766]
[1669, 2610]
[1669, 3136]
[1670, 2941]
[1670, 3306]
[1670, 3361]
[1671, 2567]
[1671, 3398]
[1672, 2416]
[1672, 2719]
[1672, 3350]
[1673, 2262]
[1673, 3045]
[1673, 3518]
[1674, 1788]
[1677, 2444]
[1677, 3343]
[1678, 1932]
[1678, 2033]
[1678, 2066]
[1678, 2966]
[1680, 1735]
[1681, 2525]
[1681, 3170]
[1681, 3185]
[1682, 2051]
[1682, 2063]
[1682, 2382]
[1682, 2893]
[1683, 2160]
[1683, 2326]
[1684, 2472]
[1685, 2863]
[1686, 2378]
[1686, 2487]
[1687, 2134]
[1687, 2692]
[1688, 2789]
[1688, 3109]
[1688, 3522]
[1689, 1757]
[1689, 3051]
[1689, 3502]
[1690, 3106]
[1690, 3562]
[1691, 2775]
[1691, 3333]
[1691, 3410]
[1692, 2054]
[1692, 2305]
[1693, 2675]
[1693, 2988]
[1693, 3181]
[1694, 1964]
[1694, 2073]
[1694, 3537]
[1695, 1813]
[1695, 2729]
[1695, 3180]
[1696, 2594]
[1696, 3089]
[1696, 3552]
[1697, 2431]
[1697, 3147]
[1698, 1748]
[1699, 1990]
[1699, 1992]
[1700, 1706]
[1700, 2253]
[1701, 2691]
[1702, 2361]
[1702, 2690]
[1702, 3100]
[1703, 3265]
[1704, 2685]
[1704, 3183]
[1705, 3547]
[1706, 2598]
[1706, 3418]
[1707, 2806]
[1707, 2836]
[1707, 3238]
[1708, 1879]
[1708, 2356]
[1708, 3244]
[1709, 2501]
[1709, 3096]
[1710, 2447]
[1710, 2835]
[1710, 3081]
[1712, 1931]
[1713, 2186]
[1714, 1819]
[1714, 2917]
[1716, 2317]
[1716, 2916]
[1717, 1821]
[1718, 1722]
[1718, 2861]
[1718, 3486]
[1719, 2853]
[1719, 2858]
[1720, 3474]
[1721, 3188]
[1721, 3362]
[1721, 3470]
[1722, 2241]
[1722, 2945]
[1722, 3330]
[1723, 1813]
[1723, 2707]
[1723, 3312]
[1724, 2237]
[1725, 2629]
[1726, 2266]
[1726, 3109]
[1726, 3174]
[1727, 3139]
[1727, 3237]
[1728, 1844]
[1728, 2178]
[1729, 1817]
[1729, 3437]
[1730, 2017]
[1730, 3136]
[1730, 3232]
[1731, 1980]
[1732, 3169]
[1732, 3196]
[1734, 2156]
[1734, 2825]
[1734, 3171]
[1734, 3239]
[1735, 1943]
[1735, 2028]
[1736, 3549]
[1737, 1751]
[1737, 2844]
[1738, 1889]
[1738, 2968]
[1739, 2892]
[1740, 2167]
[1741, 3057]
[1741, 3426]
[1742, 1983]
[1742, 2252]
[1743, 2694]
[1744, 2979]
[1744, 3566]
[1745, 2740]
[1746, 2101]
[1746, 3097]
[1747, 2743]
[1748, 2099]
[1748, 2847]
[1749, 1795]
[1749, 3140]
[1749, 3198]
[1750, 2226]
[1750, 2689]
[1752, 2563]
[1752, 3030]
[1752, 3500]
[1753, 3190]
[1753, 3463]
[1754, 2077]
[1754, 2175]
[1754, 2457]
[1754, 3252]
[1755, 2310]
[1755, 2589]
[1755, 2794]
[1756, 1768]
[1756, 1939]
[1757, 2075]
[1757, 3502]
[1758, 2094]
[1758, 2827]
[1759, 2873]
[1759, 2970]
[1759, 3030]
[1760, 3016]
[1761, 3232]
[1762, 2107]
[1762, 2120]
[1762, 2617]
[1763, 3586]
[1764, 2173]
[1764, 2413]
[1764, 3032]
[1765, 2567]
[1765, 2588]
[1765, 2692]
[1765, 3095]
[1766, 2464]
[1766, 2548]
[1767, 2564]
[1768, 3203]
[1769, 2683]
[1770, 1856]
[1770, 2694]
[1772, 2550]
[1773, 1818]
[1773, 1831]
[1773, 2113]
[1774, 2896]
[1774, 3099]
[1774, 3231]
[1775, 1980]
[1775, 3067]
[1776, 2370]
[1776, 2906]
[1776, 2977]
[1776, 3582]
[1777, 1799]
[1777, 2113]
[1777, 2913]
[1778, 2660]
[1779, 1865]
[1779, 2716]
[1780, 2186]
[1780, 2342]
[1780, 2703]
[1781, 2171]
[1781, 2342]
[1782, 2263]
[1782, 2581]
[1782, 2673]
[1782, 3310]
[1783, 2573]
[1784, 2373]
[1784, 3291]
[1785, 2414]
[1785, 3223]
[1785, 3331]
[1785, 3346]
[1786, 2134]
[1786, 3027]
[1786, 3458]
[1787, 2629]
[1788, 3515]
[1789, 1902]
[1789, 2921]
[1789, 3298]
[1791, 3219]
[1791, 3414]
[1792, 1863]
[1792, 2060]
[1793, 1871]
[1793, 2058]
[1793, 2063]
[1793, 2768]
[1794, 1994]
[1794, 2551]
[1794, 3224]
[1795, 3140]
[1796, 2050]
[1797, 2809]
[1797, 3022]
[1798, 2229]
[1798, 2466]
[1799, 2113]
[1799, 3060]
[1799, 3407]
[1260, 2464]
[1261, 1855]
[1261, 1983]
[1261, 2591]
[1261, 3376]
[1262, 1970]
[1262, 3051]
[1263, 2615]
[1264, 1427]
[1264, 2742]
[1264, 3353]
[1265, 2259]
[1265, 2667]
[1265, 2724]
[1265, 3364]
[1266, 1437]
[1266, 1616]
[1267, 1418]
[1267, 2405]
[1267, 2552]
[1268, 1488]
[1268, 1759]
[1268, 3030]
[1269, 2367]
[1269, 2473]
[1269, 3323]
[1269, 3525]
[1270, 2559]
[1270, 2992]
[1270, 3443]
[1271, 1671]
[1271, 1687]
[1271, 2134]
[1271, 3248]
[1272, 1945]
[1272, 2374]
[1273, 1499]
[1273, 2423]
[1274, 1574]
[1274, 1767]
[1274, 2564]
[1274, 3277]
[1275, 2567]
[1275, 2762]
[1275, 2925]
[1276, 2298]
[1276, 2709]
[1276, 3049]
[1277, 1505]
[1277, 2674]
[1277, 3245]
[1278, 1346]
[1278, 2082]
[1278, 3576]
[1279, 2210]
[1279, 2468]
[1279, 2480]
[1280, 1981]
[1280, 2267]
[1280, 2898]
[1280, 3579]
[1281, 2331]
[1281, 2753]
[1281, 3365]
[1282, 1996]
[1282, 2080]
[1282, 2990]
[1282, 3536]
[1283, 1501]
[1283, 1535]
[1283, 1590]
[1284, 1583]
[1284, 2326]
[1284, 2797]
[1285, 1811]
[1285, 2562]
[1285, 2940]
[1285, 3371]
[1286, 1517]
[1286, 1892]
[1287, 2047]
[1287, 2760]
[1288, 2623]
[1288, 2867]
[1288, 2937]
[1288, 2939]
[1289, 1371]
[1289, 1453]
[1289, 2440]
[1289, 2716]
[1290, 1655]
[1290, 2665]
[1290, 2772]
[1291, 1800]
[1291, 1958]
[1291, 2128]
[1291, 3056]
[1292, 2195]
[1292, 2598]
[1292, 2856]
[1293, 2223]
[1293, 2437]
[1293, 2792]
[1293, 3221]
[1294, 2148]
[1294, 3475]
[1295, 2469]
[1295, 2998]
[1295, 3132]
[1296, 1432]
[1296, 2434]
[1296, 2741]
[1297, 2333]
[1297, 2910]
[1299, 2075]
[1300, 1953]
[1300, 2213]
[1301, 1483]
[1301, 1564]
[1301, 2158]
[1302, 2324]
[1302, 3070]
[1303, 1532]
[1303, 2063]
[1304, 1807]
[1304, 2005]
[1305, 1309]
[1306, 1366]
[1306, 1470]
[1306, 1498]
[1306, 3260]
[1307, 3483]
[1308, 1311]
[1308, 2007]
[1308, 2535]
[1308, 3263]
[1310, 2095]
[1310, 3481]
[1311, 2007]
[1311, 2191]
[1311, 3433]
[1312, 1945]
[1312, 2018]
[1312, 3274]
[1313, 2082]
[1314, 1802]
[1314, 2234]
[1314, 2485]
[1314, 2872]
[1315, 2126]
[1315, 3059]
[1316, 1320]
[1316, 1968]
[1316, 3260]
[1318, 2568]
[1318, 2807]
[1318, 3175]
[1319, 1334]
[1319, 1499]
[1319, 2286]
[1319, 3105]
[1320, 2639]
[1320, 3574]
[1321, 2424]
[1321, 3583]
[1322, 1400]
[1322, 1994]
[1322, 2262]
[1323, 1842]
[1323, 2212]
[1323, 2420]
[1323, 3411]
[1324, 1518]
[1324, 2945]
[1325, 1621]
[1325, 2633]
[1325, 3589]
[1326, 2313]
[1326, 2521]
[1327, 1452]
[1328, 1361]
[1328, 2265]
[1328, 3032]
[1328, 3101]
[1329, 2093]
[1329, 2417]
[1329, 3508]
[1330, 1353]
[1330, 1630]
[1330, 2227]
[1330, 3110]
[1331, 1972]
[1332, 2149]
[1332, 2682]
[1333, 1884]
[1333, 2460]
[1333, 2816]
[1334, 2202]
[1334, 2428]
[1334, 3195]
[1335, 2476]
[1335, 2696]
[1335, 3289]
[1335, 3459]
[1336, 1728]
[1336, 2479]
[1336, 2832]
[1336, 3429]
[1337, 1742]
[1337, 2780]
[1337, 2948]
[1338, 1619]
[1338, 2843]
[1338, 3019]
[1338, 3029]
[1339, 1349]
[1339, 2055]
[1339, 2667]
[1339, 3278]
[1340, 2986]
[1341, 1579]
[1341, 2039]
[1341, 3473]
[1342, 1855]
[1342, 2088]
[1342, 2927]
[1343, 2867]
[1343, 3266]
[1343, 3365]
[1343, 3495]
[1344, 3409]
[1345, 2430]
[1345, 3004]
[1346, 1929]
[1346, 2082]
[1346, 3381]
[1347, 1544]
[1347, 2786]
[1348, 2233]
[1348, 3546]
[1348, 3555]
[1349, 2388]
[1349, 2667]
[1350, 2090]
[1350, 3557]
[1351, 1613]
[1351, 2183]
[1351, 2321]
[1351, 2391]
[1352, 2090]
[1353, 2193]
[1353, 3088]
[1354, 1950]
[1354, 3456]
[1355, 1449]
[1355, 3387]
[1356, 1393]
[1356, 1845]
[1356, 3154]
[1357, 1761]
[1357, 2607]
[1357, 3047]
[1358, 2292]
[1358, 2514]
[1359, 1692]
[1359, 2305]
[1360, 1403]
[1360, 1409]
[1360, 3036]
[1360, 3560]
[1361, 2265]
[1362, 1919]
[1362, 3113]
[1362, 3200]
[1363, 1914]
[1363, 2059]
[1363, 2847]
[1363, 3466]
[1364, 1764]
[1364, 2131]
[1364, 3101]
[1365, 2368]
[1366, 1397]
[1366, 1599]
[1366, 2494]
[1367, 1428]
[1367, 3058]
[1368, 2257]
[1368, 2515]
[1368, 2613]
[1369, 1869]
[1369, 2579]
[1370, 2184]
[1370, 3057]
[1371, 2716]
[1371, 2789]
[1371, 3183]
[1372, 1991]
[1372, 2387]
[1372, 3450]
[1373, 1399]
[1373, 1478]
[1373, 3341]
[1374, 1596]
[1374, 2532]
[1375, 2634]
[1375, 3035]
[1375, 3283]
[1375, 3501]
[1376, 2729]
[1376, 3503]
[1377, 1507]
[1377, 3008]
[1378, 3049]
[1378, 3158]
[1378, 3296]
[1378, 3305]
[1379, 1399]
[1379, 2421]
[1379, 2710]
[1380, 2211]
[1380, 2235]
[1381, 1883]
[1381, 2473]
[1381, 3499]
[1382, 2165]
[1382, 3001]
[1383, 1768]
[1383, 3496]
[1384, 2539]
[1384, 2648]
[1384, 2738]
[1385, 1630]
[1385, 2168]
[1385, 3508]
[1386, 1885]
[1386, 3301]
[1386, 3598]
[1387, 1792]
[1387, 1961]
[1387, 2819]
[1387, 3101]
[1388, 2795]
[1388, 3123]
[1388, 3451]
[1389, 1486]
[1389, 1624]
[1389, 2402]
[1390, 1769]
[1390, 1847]
[1390, 3280]
[1390, 3290]
[1391, 1771]
[1391, 2388]
[1391, 2546]
[1392, 1543]
[1392, 3360]
[1393, 1845]
[1393, 2974]
[1394, 2951]
[1394, 3351]
[1395, 2088]
[1396, 3288]
[1396, 3296]
[1397, 1634]
[1397, 2865]
[1397, 3303]
[1398, 2225]
[1398, 2342]
[1398, 2388]
[1398, 2724]
[1399, 3341]
[1400, 2823]
[1401, 2728]
[1401, 2883]
[1402, 1641]
[1402, 2769]
[1402, 3514]
[1403, 2318]
[1403, 3560]
[1404, 3148]
[1404, 3428]
[1405, 1516]
[1405, 2820]
[1406, 2021]
[1406, 3336]
[1406, 3358]
[1406, 3534]
[1407, 3530]
[1408, 1817]
[1408, 2179]
[1408, 2798]
[1409, 2239]
[1409, 3193]
[1410, 1890]
[1410, 2366]
[1411, 1908]
[1411, 2531]
[1411, 3213]
[1412, 2270]
[1412, 2779]
[1412, 3057]
[1413, 2068]
[1414, 1475]
[1414, 1551]
[1414, 1913]
[1414, 2162]
[1415, 2156]
[1415, 2520]
[1415, 3128]
[1415, 3366]
[1416, 2026]
[1416, 2261]
[1417, 1527]
[1417, 1771]
[1417, 3075]
[1418, 1671]
[1418, 2567]
[1419, 1497]
[1419, 3276]
[1420, 2238]
[1420, 2597]
[1421, 2341]
[1422, 2255]
[1422, 3242]
[1423, 1904]
[1423, 2798]
[1423, 3391]
[1423, 3437]
[1424, 2187]
[1424, 2484]
[1424, 3074]
[1425, 2064]
[1425, 2192]
[1425, 2240]
[1425, 2991]
[1426, 1464]
[1426, 1700]
[1426, 2615]
[1427, 1478]
[1427, 2421]
[1427, 2820]
[1428, 1607]
[1429, 2364]
[1429, 2541]
[1429, 2638]
[1430, 3300]
[1431, 1441]
[1431, 2164]
[1431, 2968]
[1432, 1530]
[1432, 2741]
[1433, 2980]
[1434, 3231]
[1435, 1536]
[1435, 1705]
[1436, 1826]
[1436, 1928]
[1437, 1616]
[1437, 1843]
[1438, 1717]
[1438, 3498]
[360, 922]
[360, 970]
[360, 2553]
[360, 3251]
[361, 665]
[361, 1052]
[361, 1597]
[361, 2572]
[362, 593]
[362, 1065]
[362, 2541]
[363, 424]
[363, 2213]
[363, 3107]
[364, 817]
[364, 2086]
[364, 2353]
[364, 2581]
[365, 1026]
[365, 1410]
[365, 2445]
[366, 407]
[366, 548]
[366, 1257]
[366, 1862]
[367, 1158]
[367, 1756]
[367, 1760]
[367, 1768]
[368, 497]
[368, 1692]
[368, 1873]
[369, 1432]
[369, 2778]
[370, 869]
[370, 2708]
[370, 3144]
[371, 611]
[371, 1095]
[371, 1614]
[371, 3472]
[372, 1183]
[372, 1509]
[372, 2603]
[372, 2635]
[373, 2607]
[373, 3208]
[373, 3554]
[374, 1445]
[374, 2507]
[374, 2793]
[375, 753]
[375, 2171]
[375, 2928]
[376, 1218]
[376, 1513]
[376, 3539]
[377, 476]
[377, 1369]
[377, 1718]
[377, 3221]
[378, 573]
[378, 1248]
[378, 1376]
[378, 1620]
[379, 556]
[379, 1197]
[379, 2751]
[379, 3343]
[380, 1383]
[380, 2027]
[380, 2335]
[381, 1020]
[381, 1739]
[381, 2892]
[382, 883]
[382, 1550]
[382, 1838]
[382, 2070]
[383, 1190]
[383, 2905]
[383, 2994]
[383, 3415]
[384, 479]
[384, 803]
[384, 3107]
[385, 753]
[385, 1012]
[385, 2096]
[385, 2516]
[386, 1638]
[386, 2269]
[386, 2354]
[386, 2870]
[387, 408]
[387, 889]
[387, 2083]
[387, 3299]
[388, 485]
[388, 1823]
[388, 2635]
[388, 3552]
[389, 1954]
[389, 2217]
[389, 2360]
[389, 2619]
[390, 2496]
[390, 2769]
[390, 3009]
[390, 3218]
[391, 522]
[391, 713]
[391, 2079]
[391, 3471]
[392, 1614]
[392, 1844]
[392, 2389]
[392, 3429]
[393, 797]
[393, 2423]
[393, 3510]
[394, 1633]
[394, 2455]
[394, 2504]
[395, 1950]
[395, 3086]
[395, 3104]
[395, 3176]
[396, 484]
[396, 589]
[396, 2727]
[397, 1853]
[397, 2537]
[397, 2642]
[397, 3506]
[398, 666]
[398, 3268]
[399, 881]
[399, 1439]
[399, 2503]
[400, 942]
[400, 1719]
[400, 2365]
[401, 848]
[401, 3483]
[401, 3527]
[402, 1007]
[402, 3044]
[402, 3403]
[403, 1430]
[403, 3019]
[403, 3300]
[404, 575]
[404, 1704]
[404, 3189]
[405, 595]
[405, 1760]
[405, 1977]
[405, 3016]
[406, 1468]
[406, 2810]
[407, 548]
[407, 1017]
[408, 1203]
[408, 2975]
[408, 3299]
[409, 441]
[409, 1895]
[409, 2254]
[409, 2642]
[410, 1108]
[410, 1848]
[410, 2545]
[411, 771]
[411, 1222]
[411, 3163]
[411, 3295]
[412, 1628]
[412, 2121]
[412, 2637]
[413, 775]
[413, 2499]
[413, 2993]
[413, 3033]
[414, 826]
[414, 1999]
[414, 2013]
[414, 2609]
[415, 1305]
[415, 2972]
[415, 3269]
[416, 1487]
[416, 1512]
[416, 3021]
[417, 850]
[417, 1045]
[417, 3129]
[418, 1071]
[418, 1305]
[418, 1309]
[418, 1326]
[419, 531]
[419, 2180]
[419, 2670]
[419, 3480]
[420, 913]
[420, 1074]
[420, 2054]
[421, 1345]
[421, 2424]
[421, 2652]
[421, 3511]
[422, 1283]
[422, 2383]
[422, 2955]
[423, 1174]
[423, 1731]
[423, 3328]
[424, 1586]
[424, 3025]
[425, 1109]
[425, 2244]
[425, 2831]
[425, 3333]
[426, 998]
[426, 1368]
[426, 1778]
[426, 2257]
[427, 506]
[427, 1361]
[427, 1826]
[428, 2291]
[428, 2543]
[428, 2797]
[428, 3155]
[429, 486]
[429, 2097]
[429, 2748]
[430, 837]
[430, 1214]
[430, 1733]
[430, 2750]
[431, 570]
[431, 1377]
[431, 1395]
[431, 2397]
[432, 1794]
[432, 2248]
[432, 2603]
[432, 3224]
[433, 1350]
[433, 1417]
[433, 1577]
[433, 2090]
[434, 1059]
[434, 2023]
[434, 2952]
[434, 3597]
[435, 2416]
[435, 2992]
[435, 3091]
[435, 3273]
[436, 470]
[436, 971]
[436, 1997]
[436, 2208]
[437, 1061]
[437, 1582]
[437, 2428]
[437, 3021]
[438, 625]
[438, 737]
[438, 1069]
[438, 1740]
[439, 475]
[439, 1513]
[439, 2236]
[440, 465]
[440, 543]
[440, 1407]
[440, 3530]
[441, 1895]
[441, 1900]
[442, 471]
[442, 724]
[442, 2242]
[442, 2873]
[443, 1496]
[443, 2704]
[443, 2796]
[443, 3501]
[444, 1295]
[444, 2154]
[444, 2998]
[444, 3190]
[445, 808]
[445, 1921]
[446, 1078]
[446, 1302]
[446, 1559]
[446, 2515]
[447, 529]
[447, 2638]
[447, 2875]
[448, 546]
[448, 1679]
[448, 3520]
[448, 3587]
[449, 1709]
[449, 2008]
[449, 2096]
[450, 1738]
[450, 1756]
[450, 3279]
[451, 1126]
[451, 1278]
[451, 1575]
[451, 2717]
[452, 953]
[452, 991]
[452, 1506]
[452, 3184]
[453, 606]
[453, 838]
[453, 869]
[453, 2161]
[454, 2306]
[454, 2310]
[454, 2427]
[455, 987]
[455, 1435]
[455, 1685]
[456, 1027]
[456, 1551]
[457, 961]
[457, 1063]
[457, 3068]
[457, 3114]
[458, 690]
[458, 1355]
[458, 2923]
[458, 3387]
[459, 1652]
[459, 1897]
[459, 2038]
[459, 3593]
[460, 2057]
[460, 3337]
[460, 3570]
[461, 1596]
[461, 1801]
[461, 2231]
[461, 3440]
[462, 1276]
[462, 1396]
[462, 1823]
[462, 3288]
[463, 832]
[463, 2446]
[463, 2867]
[463, 2907]
[464, 865]
[464, 2506]
[464, 3580]
[465, 2191]
[465, 2818]
[466, 1098]
[466, 2167]
[466, 3310]
[467, 689]
[467, 1090]
[467, 1883]
[467, 2130]
[468, 548]
[468, 615]
[468, 824]
[468, 1317]
[469, 489]
[469, 1218]
[469, 1652]
[469, 2774]
[470, 1918]
[470, 2732]
[470, 2960]
[471, 597]
[471, 2242]
[471, 2613]
[472, 1703]
[472, 2803]
[472, 3265]
[472, 3529]
[473, 1254]
[473, 1644]
[473, 2199]
[473, 3069]
[474, 475]
[474, 1620]
[474, 2244]
[474, 3020]
[475, 1248]
[475, 1513]
[476, 527]
[476, 568]
[476, 1369]
[477, 1250]
[477, 1676]
[477, 2970]
[477, 3205]
[478, 623]
[478, 889]
[478, 2406]
[478, 3587]
[479, 1586]
[479, 3559]
[480, 660]
[480, 720]
[480, 986]
[480, 3302]
[481, 569]
[481, 1042]
[481, 2891]
[481, 3572]
[482, 1783]
[482, 2534]
[482, 2573]
[482, 3594]
[483, 2264]
[483, 2767]
[483, 3520]
[483, 3597]
[484, 589]
[484, 2857]
[484, 2895]
[485, 514]
[485, 655]
[485, 661]
[486, 1411]
[486, 1801]
[486, 2748]
[487, 624]
[487, 1830]
[487, 2837]
[488, 691]
[488, 1381]
[488, 2011]
[488, 3412]
[489, 1897]
[489, 2890]
[490, 1736]
[490, 2309]
[490, 2414]
[490, 2942]
[491, 1944]
[491, 2441]
[491, 3528]
[492, 1495]
[492, 2071]
[492, 2403]
[492, 3578]
[493, 2376]
[493, 3547]
[494, 886]
[494, 1559]
[494, 3137]
[494, 3563]
[495, 1087]
[495, 1272]
[495, 1315]
[495, 2374]
[496, 622]
[496, 806]
[496, 2316]
[496, 3146]
[497, 2089]
[497, 2671]
[498, 1048]
[498, 3331]
[498, 3541]
[499, 909]
[499, 1264]
[499, 2742]
[499, 3316]
[500, 930]
[500, 1407]
[500, 3108]
[500, 3435]
[501, 718]
[501, 1225]
[501, 2764]
[502, 1244]
[502, 2019]
[502, 2563]
[503, 600]
[503, 1119]
[503, 1751]
[504, 583]
[504, 724]
[504, 1286]
[504, 1629]
[505, 619]
[505, 1578]
[505, 1745]
[505, 2285]
[506, 1826]
[506, 2183]
[507, 1251]
[507, 1266]
[507, 1761]
[507, 3306]
[508, 849]
[508, 1938]
[508, 2289]
[508, 2442]
[509, 928]
[509, 2336]
[509, 3413]
[510, 519]
[510, 645]
[510, 1395]
[510, 1537]
[511, 1580]
[511, 1664]
[511, 2506]
[511, 2928]
[512, 621]
[512, 1590]
[512, 1970]
[512, 3446]
[513, 1515]
[513, 3461]
[513, 3564]
[514, 655]
[514, 2307]
[514, 3063]
[515, 1359]
[515, 2222]
[515, 2705]
[516, 628]
[516, 710]
[516, 3575]
[517, 745]
[517, 1157]
[517, 1997]
[517, 2331]
[518, 762]
[518, 1466]
[518, 2425]
[519, 2314]
[519, 3416]
[519, 3548]
[520, 2231]
[520, 2890]
[520, 3149]
[521, 768]
[521, 2065]
[521, 2298]
[521, 3227]
[522, 1190]
[522, 2426]
[523, 646]
[523, 1126]
[523, 1313]
[523, 3423]
[524, 992]
[524, 1123]
[524, 1791]
[524, 3219]
[525, 1438]
[525, 1492]
[525, 2304]
[525, 3498]
[526, 815]
[526, 2540]
[526, 3438]
[527, 1193]
[527, 1943]
[528, 966]
[528, 1089]
[528, 2477]
[529, 551]
[529, 1203]
[529, 2061]
[530, 861]
[530, 1645]
[530, 2173]
[530, 3492]
[531, 1167]
[531, 2620]
[531, 3368]
[532, 582]
[532, 1185]
[532, 1447]
[532, 3465]
[533, 822]
[533, 2665]
[533, 3100]
[534, 1434]
[534, 2431]
[534, 2749]
[535, 569]
[535, 983]
[535, 2451]
[535, 3204]
[536, 643]
[536, 932]
[536, 1888]
[536, 2701]
[537, 585]
[537, 2233]
[537, 3069]
[538, 1408]
[538, 2798]
[538, 3028]
[539, 999]
[539, 2375]
[539, 2785]
[900, 1337]
[900, 1573]
[900, 2730]
[900, 2948]
[901, 2195]
[901, 2700]
[901, 3264]
[902, 1746]
[902, 2624]
[902, 3097]
[902, 3297]
[903, 1324]
[903, 1744]
[903, 2945]
[904, 1815]
[904, 1976]
[904, 2816]
[905, 1808]
[905, 3112]
[906, 1416]
[906, 1419]
[906, 2026]
[906, 2711]
[907, 2354]
[907, 2398]
[907, 2525]
[907, 2865]
[908, 1790]
[908, 2875]
[908, 3397]
[909, 2319]
[910, 1542]
[910, 1832]
[910, 3170]
[910, 3199]
[911, 1623]
[911, 2740]
[911, 3187]
[911, 3328]
[912, 1318]
[912, 1882]
[912, 2194]
[912, 3380]
[913, 1066]
[913, 3240]
[914, 2932]
[914, 3033]
[914, 3442]
[914, 3452]
[915, 1023]
[915, 1616]
[915, 2610]
[915, 3013]
[916, 1014]
[916, 1703]
[916, 1747]
[916, 3001]
[917, 1622]
[917, 2600]
[917, 2856]
[917, 3418]
[918, 1978]
[918, 2392]
[918, 3506]
[919, 1327]
[920, 1503]
[920, 1627]
[920, 1686]
[921, 3065]
[921, 3427]
[922, 2553]
[922, 2755]
[923, 1502]
[923, 2067]
[923, 2874]
[924, 2380]
[924, 2616]
[924, 2648]
[925, 1132]
[925, 2151]
[925, 3329]
[926, 992]
[926, 2032]
[926, 2528]
[927, 1132]
[927, 1714]
[927, 2726]
[927, 2917]
[928, 1309]
[928, 2336]
[929, 2712]
[929, 2943]
[929, 3532]
[929, 3593]
[930, 3108]
[930, 3177]
[931, 1819]
[931, 3061]
[931, 3209]
[932, 1725]
[932, 2526]
[932, 2701]
[933, 1042]
[933, 2035]
[933, 2657]
[933, 2854]
[934, 1201]
[934, 1400]
[935, 1571]
[935, 2086]
[935, 2872]
[936, 1483]
[936, 1739]
[937, 1235]
[937, 2275]
[938, 1691]
[938, 2244]
[939, 1474]
[939, 2045]
[940, 2830]
[940, 2859]
[940, 3102]
[941, 1536]
[941, 2221]
[941, 2308]
[941, 2817]
[942, 1719]
[942, 2611]
[943, 1439]
[943, 1788]
[943, 2594]
[944, 1294]
[944, 2675]
[944, 3129]
[945, 1902]
[945, 2617]
[945, 2916]
[945, 3216]
[946, 1138]
[946, 2928]
[946, 3364]
[947, 1063]
[947, 1416]
[947, 1581]
[947, 3254]
[948, 3457]
[948, 3519]
[949, 1553]
[949, 2574]
[949, 2917]
[949, 3329]
[950, 2772]
[951, 1273]
[951, 1850]
[951, 2423]
[951, 2428]
[952, 2005]
[952, 2181]
[952, 3364]
[953, 1133]
[953, 1506]
[953, 3160]
[954, 2571]
[954, 2671]
[954, 2778]
[955, 2466]
[955, 3126]
[955, 3212]
[955, 3538]
[956, 1906]
[956, 2120]
[956, 3126]
[956, 3550]
[957, 1010]
[957, 1231]
[957, 2674]
[957, 2902]
[958, 1242]
[958, 1816]
[958, 2756]
[958, 3235]
[959, 2125]
[959, 2480]
[959, 2814]
[959, 3505]
[960, 1017]
[960, 1317]
[960, 2533]
[961, 2545]
[961, 2887]
[962, 2051]
[962, 3082]
[962, 3096]
[963, 2627]
[963, 3284]
[963, 3459]
[963, 3478]
[964, 1150]
[964, 2032]
[964, 2147]
[964, 3354]
[965, 1857]
[965, 3400]
[966, 2477]
[966, 2558]
[966, 2591]
[967, 1236]
[967, 2330]
[968, 1190]
[968, 1561]
[968, 2606]
[968, 3471]
[969, 1331]
[969, 2438]
[969, 3275]
[969, 3324]
[970, 2493]
[970, 2918]
[970, 3396]
[971, 1502]
[971, 1997]
[971, 3403]
[972, 1961]
[972, 2370]
[973, 1401]
[973, 1602]
[973, 2249]
[973, 3509]
[974, 1181]
[974, 1712]
[974, 2170]
[975, 1177]
[975, 1930]
[975, 3562]
[976, 1060]
[976, 1114]
[976, 1697]
[976, 3147]
[977, 1666]
[977, 2808]
[977, 3207]
[978, 1481]
[978, 3255]
[978, 3373]
[979, 1835]
[979, 1947]
[979, 3068]
[980, 1409]
[980, 2239]
[980, 2764]
[980, 2782]
[981, 2434]
[981, 3330]
[982, 1832]
[982, 3393]
[983, 985]
[983, 1656]
[983, 2271]
[984, 1208]
[984, 1228]
[984, 3345]
[985, 1656]
[985, 2314]
[985, 2569]
[986, 1008]
[986, 1436]
[988, 1154]
[988, 1875]
[988, 2597]
[988, 2698]
[989, 1865]
[989, 2440]
[989, 3109]
[989, 3199]
[990, 1755]
[990, 2508]
[990, 3367]
[990, 3480]
[991, 1252]
[991, 1433]
[992, 1005]
[992, 2528]
[993, 2174]
[993, 2344]
[993, 3512]
[993, 3537]
[994, 1045]
[994, 1537]
[994, 3339]
[994, 3568]
[995, 1199]
[995, 1877]
[995, 2111]
[995, 2522]
[996, 2056]
[996, 2507]
[996, 3035]
[997, 1054]
[997, 3485]
[998, 1003]
[998, 2000]
[999, 1102]
[999, 1890]
[1000, 1231]
[1000, 1961]
[1000, 2661]
[1000, 3360]
[1001, 1107]
[1001, 1180]
[1001, 2297]
[1002, 1213]
[1002, 1710]
[1002, 1777]
[1002, 2447]
[1003, 1663]
[1003, 2857]
[1004, 1797]
[1004, 2097]
[1004, 2532]
[1004, 3440]
[1005, 3526]
[1006, 1529]
[1006, 3243]
[1007, 1502]
[1007, 2029]
[1008, 2266]
[1008, 2961]
[1009, 1489]
[1009, 1993]
[1009, 2937]
[1009, 3058]
[1010, 1155]
[1010, 1231]
[1010, 1242]
[1011, 1040]
[1011, 2185]
[1011, 2337]
[1011, 3431]
[1012, 1713]
[1012, 1781]
[1013, 1404]
[1013, 1746]
[1013, 3148]
[1014, 1548]
[1014, 3001]
[1014, 3577]
[1015, 2327]
[1015, 2349]
[1016, 2611]
[1016, 3261]
[1017, 2533]
[1017, 3229]
[1018, 3309]
[1019, 1332]
[1019, 1594]
[1019, 2682]
[1020, 1700]
[1020, 1724]
[1020, 2253]
[1021, 2450]
[1021, 2678]
[1021, 2808]
[1022, 1352]
[1022, 1914]
[1023, 1570]
[1023, 2359]
[1023, 3013]
[1024, 2477]
[1024, 3354]
[1024, 3526]
[1025, 1511]
[1025, 1911]
[1025, 2105]
[1025, 2166]
[1026, 2205]
[1026, 2445]
[1027, 2555]
[1027, 2707]
[1027, 2859]
[1028, 1388]
[1028, 1656]
[1028, 3548]
[1028, 3581]
[1029, 1292]
[1029, 1606]
[1029, 2636]
[1029, 3290]
[1030, 1522]
[1030, 2878]
[1030, 3032]
[1031, 1637]
[1031, 2287]
[1031, 2337]
[1031, 2519]
[1032, 2500]
[1032, 3100]
[1032, 3382]
[1032, 3598]
[1033, 1695]
[1033, 2098]
[1033, 2877]
[1033, 3503]
[1034, 1347]
[1034, 2558]
[1034, 3177]
[1035, 1120]
[1035, 2404]
[1035, 2529]
[1035, 3263]
[1036, 1202]
[1036, 2045]
[1036, 2933]
[1036, 3510]
[1037, 1935]
[1037, 2012]
[1037, 2610]
[1038, 1870]
[1038, 2386]
[1038, 2702]
[1039, 1706]
[1039, 2598]
[1039, 2892]
[1039, 3487]
[1040, 2165]
[1040, 3036]
[1040, 3115]
[1041, 1516]
[1041, 1747]
[1041, 2444]
[1042, 2891]
[1042, 3075]
[1043, 1885]
[1043, 1917]
[1043, 2357]
[1044, 2352]
[1044, 3433]
[1045, 1342]
[1045, 2088]
[1046, 1153]
[1046, 1715]
[1046, 2739]
[1046, 3513]
[1047, 1211]
[1047, 1986]
[1047, 2188]
[1047, 3150]
[1048, 1758]
[1048, 2681]
[1049, 1168]
[1049, 2220]
[1049, 3152]
[1049, 3479]
[1050, 2441]
[1050, 3499]
[1050, 3556]
[1051, 1575]
[1051, 1769]
[1051, 3576]
[1052, 1255]
[1052, 2046]
[1052, 3471]
[1053, 1643]
[1053, 1981]
[1053, 2722]
[1054, 2382]
[1054, 3014]
[1055, 2176]
[1055, 2652]
[1055, 3426]
[1055, 3596]
[1056, 1228]
[1056, 1310]
[1056, 2584]
[1056, 2852]
[1057, 1097]
[1057, 2834]
[1058, 2680]
[1058, 2978]
[1058, 3190]
[1059, 2009]
[1059, 2583]
[1059, 2952]
[1060, 1809]
[1060, 2012]
[1060, 2862]
[1061, 1836]
[1061, 3021]
[1062, 2228]
[1062, 3156]
[1062, 3233]
[1062, 3553]
[1063, 3114]
[1063, 3241]
[1064, 1367]
[1064, 1724]
[1064, 2237]
[1064, 2845]
[1065, 1344]
[1065, 2969]
[1065, 3409]
[1066, 1359]
[1066, 3317]
[1067, 1981]
[1067, 2358]
[1067, 2422]
[1067, 3155]
[1068, 1105]
[1068, 2426]
[1068, 3038]
[1069, 1740]
[1069, 2330]
[1070, 3535]
[1070, 3565]
[1071, 1444]
[1071, 3277]
[1071, 3413]
[1072, 2307]
[1072, 2463]
[1072, 2687]
[1072, 3507]
[1073, 1208]
[1073, 2095]
[1073, 2889]
[1074, 2259]
[1074, 3394]
[1075, 2071]
[1075, 3473]
[1075, 3524]
[1076, 2518]
[1076, 3538]
[1076, 3599]
[1077, 3206]
[1078, 2184]
[1078, 2515]
[1078, 2660]
[1079, 1365]
[1079, 1401]
[1079, 1790]
[1079, 2728]
[1080, 1674]
[1080, 1715]
[1080, 3089]
[1081, 1344]
[1081, 3206]
[1081, 3253]
[1081, 3469]
[1082, 1117]
[1082, 2488]
[1082, 3014]
[1082, 3516]
[1083, 1897]
[1083, 2507]
[1083, 3094]
[1084, 1546]
[1084, 2679]
[1084, 3077]
[1085, 1809]
[1085, 2548]
[1086, 1405]
[1086, 3001]
[1086, 3341]
[1087, 2332]
[1087, 2962]
[1088, 1301]
[1088, 1772]
[1088, 2041]
[1088, 3113]
[1089, 1232]
[1089, 1377]
[1089, 3008]
[1090, 3024]
[1090, 3069]
[1090, 3475]
[1091, 1618]
[1091, 1956]
[1091, 2777]
[1092, 1939]
[1092, 2529]
[1092, 3016]
[1093, 1421]
[1093, 1450]
[1093, 2608]
[1094, 1167]
[1094, 1462]
[1094, 2556]
[1095, 2892]
[1095, 3236]
[1096, 1260]
[1096, 2464]
[1096, 2607]
[1096, 3232]
[1097, 1930]
[1097, 2462]
[1098, 1313]
[1098, 2167]
[1099, 1130]
[1099, 2795]
[1099, 3135]
[1099, 3164]
[1100, 2038]
[1100, 2704]
[1100, 3094]
[1100, 3567]
[1101, 1206]
[1101, 1268]
[1101, 1952]
[1102, 1767]
[1102, 2445]
[1103, 1834]
[1103, 2190]
[1103, 2735]
[1104, 2488]
[1104, 3295]
[1105, 1840]
[1105, 2313]
[1106, 1732]
[1106, 1901]
[1106, 3196]
[1107, 1763]
[1107, 3307]
[1108, 1331]
[1108, 2531]
[1109, 1803]
[1109, 2538]
[1109, 2831]
[1110, 1647]
[1110, 1964]
[1111, 1790]
[1111, 2540]
[1111, 3117]
[1112, 1814]
[1112, 2133]
[1113, 1852]
[1113, 1967]
[1113, 2664]
[1114, 1434]
[1114, 3072]
[1114, 3231]
[1115, 2025]
[1115, 2269]
[1115, 2593]
[1115, 3175]
[1116, 1167]
[1116, 1625]
[1116, 1910]
[1116, 2399]
[1117, 2746]
[1117, 3566]
[1118, 2032]
[1118, 2245]
[1118, 3453]
[1119, 3149]
[1120, 2355]
[1120, 3263]
[1121, 1182]
[1121, 2842]
[1121, 3484]
[1122, 1653]
[1122, 2734]
[1122, 2920]
[1123, 1753]
[1123, 3190]
[1124, 1182]
[1124, 1915]
[1124, 2487]
[1124, 3215]
[1125, 2496]
[1125, 2561]
[1125, 2604]
[1125, 2930]
[1126, 2717]
[1127, 2664]
[1128, 2879]
[1129, 2064]
[1129, 2274]
[1129, 2520]
[1130, 2021]
[1130, 3164]
[1131, 1263]
[1131, 2658]
[1132, 2972]
[1133, 2409]
[1133, 2577]
[1134, 2280]
[1134, 2766]
[1134, 3384]
[1135, 2471]
[1136, 1763]
[1136, 2677]
[1136, 3586]
[1137, 2243]
[1137, 2719]
[1137, 2941]
[1138, 2427]
[1138, 2794]
[1139, 1178]
[1139, 2348]
[1139, 3106]
[1140, 1676]
[1140, 1779]
[1140, 1865]
[1141, 1698]
[1141, 1869]
[1141, 2290]
[1142, 1389]
[1142, 1624]
[1142, 2766]
[1143, 1303]
[1143, 1329]
[1143, 3287]
[1144, 2162]
[1144, 3513]
[1145, 2036]
[1145, 3242]
[1145, 3369]
[1146, 1481]
[1146, 2247]
[1146, 2385]
[1146, 2458]
[1147, 1252]
[1147, 1489]
[1147, 1607]
[1147, 3184]
[1148, 1543]
[1148, 2198]
[1148, 2204]
[1148, 2902]
[1149, 1182]
[1149, 1806]
[1149, 2374]
[1149, 3118]
[1150, 1184]
[1150, 2279]
[1151, 1804]
[1151, 2557]
[1151, 3018]
[1151, 3027]
[1152, 2603]
[1152, 2655]
[1152, 3545]
[1152, 3583]
[1153, 1715]
[1153, 1941]
[1153, 2530]
[1154, 2381]
[1154, 2698]
[1155, 1392]
[1155, 1543]
[1155, 2822]
[1156, 1783]
[1156, 2592]
[1157, 2315]
[1157, 2331]
[1157, 2785]
[1158, 1207]
[1158, 1996]
[1158, 2246]
[1159, 1524]
[1159, 1935]
[1159, 2312]
[1159, 3321]
[1160, 1632]
[1160, 1736]
[1161, 1514]
[1161, 2159]
[1161, 2549]
[1161, 2882]
[1162, 1625]
[1162, 2293]
[1163, 1192]
[1163, 1704]
[1163, 3183]
[1164, 1679]
[1164, 2481]
[1164, 2850]
[1164, 3570]
[1165, 1741]
[1165, 2964]
[1165, 3426]
[1165, 3511]
[1166, 2048]
[1166, 2649]
[1167, 3368]
[1168, 1232]
[1168, 3479]
[1169, 2416]
[1169, 2544]
[1169, 2700]
[1169, 3334]
[1170, 1949]
[1170, 2861]
[1171, 1960]
[1171, 3150]
[1172, 1605]
[1172, 2662]
[1173, 1476]
[1173, 2118]
[1173, 3031]
[1173, 3285]
[1175, 1917]
[1175, 2256]
[1176, 2436]
[1176, 3015]
[1176, 3061]
[1177, 1979]
[1177, 2002]
[1177, 2523]
[1178, 2239]
[1178, 2733]
[1179, 1578]
[1179, 1716]
[1179, 2317]
[1180, 1611]
[1180, 2796]
[1181, 2587]
[1181, 3026]
[1182, 1915]
[1183, 1321]
[1183, 1509]
[1183, 1933]
[1184, 2279]
[1184, 3453]
[1185, 1529]
[1186, 1646]
[1186, 3263]
[1187, 1251]
[1187, 1418]
[1188, 1287]
[1188, 2542]
[1189, 2585]
[1189, 2658]
[1190, 2905]
[1192, 1247]
[1192, 2268]
[1192, 2281]
[1193, 1943]
[1193, 2437]
[1193, 3361]
[1194, 1589]
[1194, 2299]
[1194, 3182]
[1195, 1824]
[1195, 1992]
[1195, 2201]
[1195, 3235]
[1196, 2980]
[1196, 3561]
[1197, 2237]
[1197, 2751]
[1198, 1221]
[1198, 1936]
[1198, 3201]
[1199, 2339]
[1199, 2538]
[1200, 1858]
[1200, 2852]
[1200, 2931]
[1201, 3359]
[1202, 1861]
[1202, 1932]
[1203, 2061]
[1203, 2973]
[1204, 3270]
[1204, 3284]
[1204, 3313]
[1205, 1652]
[1205, 3050]
[1206, 1952]
[1207, 2246]
[1207, 3278]
[1208, 1431]
[1208, 3345]
[1209, 1887]
[1209, 2124]
[1210, 2643]
[1210, 2723]
[1210, 3594]
[1211, 1986]
[1211, 2512]
[1211, 3103]
[1212, 1929]
[1212, 2206]
[1212, 2517]
[1212, 2714]
[1213, 3466]
[1214, 2653]
[1214, 2855]
[1214, 2953]
[1215, 2117]
[1215, 2127]
[1215, 3213]
[1215, 3497]
[1216, 1984]
[1216, 3122]
[1216, 3338]
[1216, 3348]
[1217, 1374]
[1217, 1731]
[1217, 2844]
[1218, 2734]
[1218, 2774]
[1219, 1520]
[1219, 1775]
[1219, 2254]
[1219, 3494]
[1220, 2076]
[1220, 2917]
[1220, 2938]
[1220, 3209]
[1221, 1792]
[1221, 2325]
[1222, 2491]
[1223, 1711]
[1223, 2174]
[1223, 2604]
[1224, 1618]
[1224, 1856]
[1224, 2526]
[1224, 3318]
[1225, 1662]
[1226, 1509]
[1226, 2301]
[1226, 2779]
[1227, 1465]
[1227, 2519]
[1227, 2706]
[1228, 1310]
[1229, 2384]
[1229, 2793]
[1229, 3049]
[1229, 3192]
[1230, 1275]
[1230, 3095]
[1230, 3592]
[1231, 2370]
[1232, 1304]
[1232, 1807]
[1233, 2510]
[1233, 3044]
[1233, 3229]
[1233, 3378]
[1234, 1885]
[1234, 2205]
[1234, 2838]
[1235, 2193]
[1235, 2275]
[1235, 2303]
[1236, 3042]
[1237, 2550]
[1237, 3365]
[1238, 1773]
[1238, 2351]
[1238, 2450]
[1239, 1587]
[1239, 1643]
[1239, 3579]
[1240, 3304]
[1240, 3327]
[1240, 3502]
[1241, 1889]
[1241, 1960]
[1241, 3317]
[1242, 1951]
[1242, 2756]
[1243, 1648]
[1243, 1789]
[1243, 2119]
[1243, 2482]
[1244, 2105]
[1245, 1751]
[1245, 1957]
[1245, 2606]
[1245, 3415]
[1246, 1347]
[1246, 1544]
[1247, 2143]
[1247, 2281]
[1247, 3372]
[1248, 1345]
[1248, 2430]
[1249, 1743]
[1249, 2997]
[1249, 3169]
[1250, 2970]
[1250, 3500]
[1251, 1761]
[1251, 2405]
[1252, 2907]
[1252, 3561]
[1253, 1517]
[1253, 2000]
[1253, 2280]
[1253, 2458]
[1254, 1644]
[1254, 2948]
[1255, 1733]
[1255, 2981]
[1256, 1460]
[1256, 3495]
[1257, 3421]
[1258, 2765]
[1258, 3179]
[1258, 3244]
[1258, 3359]
[1259, 2056]
[1259, 2869]
[1259, 2877]
[1259, 3283]
[0, 1186]
[0, 1412]
[0, 2270]
[0, 2535]
[1, 422]
[1, 888]
[1, 2269]
[1, 3569]
[2, 901]
[2, 1847]
[2, 2737]
[2, 3264]
[3, 2008]
[3, 2271]
[3, 2915]
[3, 3416]
[4, 537]
[4, 931]
[4, 2130]
[4, 2233]
[5, 1348]
[5, 1632]
[5, 3168]
[5, 3181]
[6, 663]
[6, 1743]
[6, 1924]
[6, 3178]
[7, 2076]
[7, 2341]
[7, 2726]
[7, 3111]
[8, 1528]
[8, 2585]
[8, 3011]
[8, 3594]
[9, 1298]
[9, 1353]
[9, 2193]
[9, 3047]
[10, 542]
[10, 1113]
[10, 1492]
[10, 1852]
[11, 1582]
[11, 2457]
[11, 2551]
[11, 2747]
[12, 678]
[12, 697]
[12, 2429]
[12, 2653]
[13, 1437]
[13, 2359]
[13, 2868]
[13, 2909]
[14, 1325]
[14, 2504]
[14, 2633]
[14, 2642]
[15, 513]
[15, 1307]
[15, 2293]
[15, 3564]
[16, 1689]
[16, 2102]
[16, 2449]
[16, 2996]
[17, 1006]
[17, 2486]
[17, 2764]
[17, 3243]
[18, 1869]
[18, 1949]
[18, 2099]
[18, 3214]
[19, 1225]
[19, 2860]
[19, 3217]
[19, 3358]
[20, 588]
[20, 596]
[20, 2843]
[20, 3294]
[21, 466]
[21, 625]
[21, 1236]
[21, 2673]
[22, 249]
[22, 1129]
[22, 2625]
[22, 2944]
[23, 396]
[23, 998]
[23, 1867]
[23, 2000]
[24, 133]
[24, 2385]
[24, 3235]
[24, 3500]
[25, 69]
[25, 1358]
[25, 1763]
[25, 2297]
[26, 45]
[26, 543]
[26, 930]
[26, 2258]
[27, 410]
[27, 692]
[27, 2545]
[27, 3077]
[28, 134]
[28, 487]
[28, 1327]
[28, 2837]
[29, 1608]
[29, 2951]
[29, 3080]
[29, 3444]
[30, 233]
[30, 239]
[30, 1924]
[30, 2526]
[31, 2138]
[31, 2697]
[31, 2911]
[31, 3037]
[32, 684]
[32, 769]
[32, 1403]
[32, 2329]
[33, 731]
[33, 1370]
[33, 2141]
[33, 3057]
[34, 297]
[34, 1179]
[34, 1438]
[34, 3477]
[35, 601]
[35, 688]
[35, 1475]
[35, 2228]
[36, 1868]
[36, 1898]
[36, 2714]
[36, 3239]
[37, 1457]
[37, 2296]
[37, 2372]
[37, 2627]
[38, 999]
[38, 1102]
[38, 1234]
[38, 3301]
[39, 703]
[39, 858]
[39, 1739]
[39, 2866]
[40, 613]
[40, 1725]
[40, 1810]
[40, 2629]
[41, 1174]
[41, 1374]
[41, 2532]
[41, 2748]
[42, 406]
[42, 583]
[42, 825]
[42, 1676]
[43, 1077]
[43, 1344]
[43, 1429]
[43, 2364]
[44, 562]
[44, 905]
[44, 1126]
[44, 2353]
[45, 399]
[45, 543]
[45, 2594]
[46, 1160]
[46, 1758]
[46, 2414]
[46, 2827]
[47, 786]
[47, 1097]
[47, 1118]
[47, 1930]
[48, 759]
[48, 1749]
[48, 1937]
[48, 3275]
[49, 987]
[49, 1127]
[49, 2549]
[49, 2664]
[50, 1175]
[50, 1386]
[50, 1888]
[50, 3598]
[51, 110]
[51, 150]
[51, 2114]
[51, 3026]
[52, 706]
[52, 1087]
[52, 2750]
[52, 3059]
[53, 996]
[53, 2056]
[53, 2345]
[53, 3388]
[54, 268]
[54, 1191]
[54, 1324]
[54, 1549]
[55, 168]
[55, 1555]
[55, 2631]
[55, 2959]
[56, 117]
[56, 618]
[56, 2686]
[56, 3315]
[57, 503]
[57, 1119]
[57, 1801]
[57, 3213]
[58, 1144]
[58, 1969]
[58, 2530]
[58, 2780]
[59, 1493]
[59, 1541]
[59, 2109]
[59, 2595]
[60, 1767]
[60, 2467]
[60, 2833]
[60, 2845]
[61, 344]
[61, 381]
[61, 541]
[61, 3472]
[62, 493]
[62, 813]
[62, 987]
[62, 3547]
[63, 571]
[63, 846]
[63, 1513]
[63, 2734]
[64, 185]
[64, 779]
[64, 1905]
[64, 3374]
[65, 688]
[65, 843]
[65, 1956]
[65, 2950]
[66, 772]
[66, 1466]
[66, 2198]
[66, 3081]
[67, 339]
[67, 2001]
[67, 3201]
[67, 3242]
[68, 653]
[68, 2783]
[68, 2976]
[68, 3336]
[69, 1358]
[69, 1991]
[69, 2777]
[70, 456]
[70, 1551]
[70, 2292]
[70, 3102]
[71, 216]
[71, 323]
[71, 407]
[71, 2283]
[72, 986]
[72, 1101]
[72, 1436]
[72, 2492]
[73, 719]
[73, 981]
[73, 1191]
[73, 1404]
[74, 354]
[74, 655]
[74, 791]
[74, 2687]
[75, 1137]
[75, 1270]
[75, 2243]
[75, 2628]
[76, 735]
[76, 1867]
[76, 2364]
[76, 3447]
[77, 1160]
[77, 1354]
[77, 1632]
[77, 2393]
[78, 1684]
[78, 2053]
[78, 2472]
[78, 3067]
[79, 721]
[79, 1730]
[79, 1833]
[79, 3454]
[80, 1005]
[80, 1123]
[80, 1526]
[80, 3132]
[81, 921]
[81, 1188]
[81, 2929]
[81, 3427]
[82, 1444]
[82, 2209]
[82, 2845]
[82, 3058]
[83, 894]
[83, 979]
[83, 1568]
[83, 1798]
[84, 1579]
[84, 3247]
[84, 3258]
[84, 3367]
[85, 380]
[85, 913]
[85, 1066]
[85, 3203]
[86, 948]
[86, 1512]
[86, 2356]
[86, 3138]
[87, 711]
[87, 2739]
[87, 3158]
[87, 3553]
[88, 384]
[88, 1462]
[88, 1966]
[88, 3107]
[89, 1815]
[89, 1842]
[89, 2300]
[89, 3528]
[90, 919]
[90, 1327]
[90, 1619]
[90, 2092]
[91, 403]
[91, 3029]
[91, 3173]
[91, 3251]
[92, 509]
[92, 2074]
[92, 2751]
[92, 2806]
[93, 1355]
[93, 1820]
[93, 2009]
[93, 3356]
[94, 1520]
[94, 1585]
[94, 1900]
[94, 2905]
[95, 375]
[95, 2171]
[95, 2410]
[95, 3394]
[96, 2014]
[96, 2018]
[96, 2308]
[96, 3576]
[97, 1430]
[97, 1711]
[97, 2276]
[97, 2930]
[98, 1145]
[98, 1805]
[98, 1854]
[98, 2036]
[99, 239]
[99, 561]
[99, 1600]
[99, 3277]
[100, 751]
[100, 1315]
[100, 1433]
[100, 2126]
[101, 2224]
[101, 2956]
[101, 3179]
[101, 3197]
[102, 176]
[102, 221]
[102, 230]
[102, 2744]
[103, 763]
[103, 2270]
[103, 2411]
[103, 2910]
[104, 748]
[104, 1341]
[104, 2677]
[104, 3473]
[105, 1015]
[105, 1562]
[105, 2733]
[105, 2919]
[106, 223]
[106, 874]
[106, 1135]
[106, 1372]
[107, 203]
[107, 1439]
[107, 1526]
[107, 2077]
[108, 498]
[108, 613]
[108, 1048]
[108, 2763]
[109, 479]
[109, 533]
[109, 851]
[109, 2665]
[110, 1209]
[110, 3026]
[110, 3254]
[111, 1111]
[111, 1790]
[111, 2100]
[111, 3540]
[112, 506]
[112, 1008]
[112, 2266]
[112, 2391]
[113, 1262]
[113, 1841]
[113, 3051]
[113, 3459]
[114, 398]
[114, 984]
[114, 1565]
[114, 3279]
[115, 189]
[115, 2885]
[115, 3128]
[115, 3239]
[116, 402]
[116, 960]
[116, 3044]
[116, 3211]
[117, 596]
[117, 618]
[117, 2808]
[118, 1320]
[118, 1834]
[118, 2639]
[118, 2829]
[119, 249]
[119, 2881]
[119, 3031]
[119, 3112]
[120, 799]
[120, 1296]
[120, 3330]
[120, 3404]
[121, 1210]
[121, 1489]
[121, 3119]
[121, 3594]
[122, 363]
[122, 424]
[122, 1094]
[122, 1625]
[123, 374]
[123, 489]
[123, 1122]
[123, 2890]
[124, 790]
[124, 802]
[124, 2043]
[124, 3368]
[125, 725]
[125, 1201]
[125, 2900]
[125, 3359]
[126, 539]
[126, 745]
[126, 1237]
[126, 1523]
[127, 1504]
[127, 1875]
[127, 2394]
[127, 2626]
[128, 649]
[128, 1693]
[128, 2675]
[128, 3146]
[129, 283]
[129, 1873]
[129, 2054]
[129, 2630]
[130, 978]
[130, 1003]
[130, 2458]
[130, 2857]
[131, 1784]
[131, 2465]
[131, 3098]
[131, 3125]
[132, 1272]
[132, 2018]
[132, 2683]
[132, 2848]
[133, 2415]
[133, 2802]
[133, 3235]
[134, 776]
[134, 2582]
[134, 3407]
[135, 919]
[135, 2235]
[135, 3261]
[135, 3405]
[136, 209]
[136, 289]
[136, 2592]
[136, 3067]
[137, 1610]
[137, 1762]
[137, 2107]
[137, 2958]
[138, 1468]
[138, 2281]
[138, 2590]
[138, 2971]
[139, 1092]
[139, 1939]
[139, 2857]
[139, 3496]
[140, 1601]
[140, 1748]
[140, 1818]
[140, 2913]
[141, 200]
[141, 369]
[141, 2101]
[141, 2778]
[142, 493]
[142, 662]
[142, 1603]
[142, 1675]
[143, 649]
[143, 2349]
[143, 2773]
[143, 3555]
[144, 198]
[144, 1611]
[144, 3253]
[144, 3307]
[145, 197]
[145, 449]
[145, 1222]
[145, 2491]
[146, 871]
[146, 1172]
[146, 1352]
[146, 2400]
[147, 292]
[147, 632]
[147, 866]
[147, 2045]
[148, 344]
[148, 552]
[148, 864]
[148, 936]
[149, 822]
[149, 950]
[149, 1586]
[149, 2256]
[150, 2321]
[150, 2711]
[150, 3395]
[151, 1022]
[151, 1352]
[151, 2188]
[151, 3406]
[152, 1557]
[152, 2425]
[152, 3081]
[152, 3300]
[153, 2003]
[153, 2168]
[153, 2897]
[153, 3110]
[154, 1171]
[154, 1434]
[154, 2705]
[154, 3103]
[155, 732]
[155, 1041]
[155, 1548]
[155, 2272]
[156, 1497]
[156, 2034]
[156, 2261]
[156, 2601]
[157, 520]
[157, 1737]
[157, 1751]
[157, 3349]
[158, 948]
[158, 1879]
[158, 1934]
[158, 3519]
[159, 590]
[159, 939]
[159, 1474]
[159, 1932]
[160, 1589]
[160, 1824]
[160, 1990]
[160, 3245]
[161, 1874]
[161, 2152]
[161, 2560]
[161, 3436]
[162, 300]
[162, 627]
[162, 1350]
[162, 2177]
[163, 333]
[163, 2663]
[163, 2896]
[163, 2971]
[164, 330]
[164, 1396]
[164, 2251]
[164, 3552]
[165, 997]
[165, 1054]
[165, 1104]
[165, 1222]
[166, 798]
[166, 2107]
[166, 3234]
[166, 3470]
[167, 1723]
[167, 2463]
[167, 2828]
[167, 3401]
[168, 1451]
[168, 1634]
[168, 2465]
[169, 447]
[169, 884]
[169, 2638]
[169, 3299]
[170, 308]
[170, 1540]
[170, 2475]
[170, 3335]
[171, 1037]
[171, 1085]
[171, 1170]
[171, 2610]
[172, 255]
[172, 727]
[172, 1202]
[172, 1932]
[173, 991]
[173, 1433]
[173, 1982]
[173, 2446]
[174, 1400]
[174, 2493]
[174, 2823]
[174, 3518]
[175, 824]
[175, 1683]
[175, 2210]
[175, 2639]
[176, 796]
[176, 3436]
[176, 3590]
[177, 2180]
[177, 2454]
[177, 2630]
[177, 3093]
[178, 1057]
[178, 2245]
[178, 2420]
[178, 2834]
[179, 2277]
[179, 3161]
[179, 3228]
[179, 3544]
[720, 2037]
[720, 2829]
[720, 2961]
[721, 1260]
[721, 1833]
[721, 3387]
[722, 779]
[722, 1380]
[722, 2109]
[722, 3467]
[723, 741]
[723, 865]
[723, 2951]
[723, 3571]
[724, 1286]
[724, 2970]
[725, 1485]
[725, 2200]
[725, 3138]
[726, 1523]
[726, 1564]
[726, 1772]
[727, 3342]
[728, 785]
[728, 2340]
[728, 2722]
[728, 3266]
[729, 1853]
[729, 2392]
[729, 2817]
[729, 3589]
[730, 1973]
[730, 2064]
[730, 3237]
[730, 3281]
[731, 2333]
[732, 1677]
[732, 2453]
[733, 1128]
[733, 2763]
[733, 2827]
[733, 3346]
[734, 1279]
[734, 2468]
[735, 1867]
[735, 2257]
[735, 3409]
[736, 1407]
[736, 2761]
[736, 2990]
[737, 3125]
[737, 3276]
[737, 3374]
[738, 1467]
[738, 2335]
[738, 2508]
[738, 3076]
[739, 2097]
[739, 2821]
[739, 3226]
[739, 3357]
[740, 853]
[740, 1187]
[740, 2871]
[741, 2052]
[741, 2903]
[741, 3080]
[742, 3036]
[742, 3135]
[742, 3193]
[742, 3534]
[743, 938]
[743, 1665]
[743, 3539]
[744, 896]
[744, 2076]
[744, 2459]
[745, 1237]
[745, 1490]
[746, 1143]
[746, 1303]
[746, 2087]
[746, 2319]
[747, 859]
[747, 2673]
[747, 3018]
[748, 2511]
[748, 2830]
[749, 923]
[749, 2997]
[749, 3532]
[750, 772]
[750, 1914]
[750, 2400]
[751, 2614]
[751, 2842]
[751, 2899]
[752, 1061]
[752, 1660]
[752, 2065]
[752, 3195]
[753, 1580]
[753, 2516]
[754, 1451]
[754, 2787]
[754, 3380]
[755, 1018]
[755, 1297]
[755, 1448]
[756, 1874]
[756, 2030]
[756, 3084]
[757, 1194]
[757, 1697]
[757, 3202]
[757, 3321]
[758, 925]
[758, 1132]
[758, 1556]
[758, 1770]
[759, 1937]
[759, 3034]
[760, 1186]
[760, 1370]
[760, 1646]
[760, 2660]
[761, 2078]
[761, 2139]
[761, 3379]
[762, 1172]
[762, 1605]
[762, 3009]
[763, 1673]
[763, 2301]
[763, 2411]
[764, 861]
[764, 1825]
[764, 2108]
[764, 3575]
[765, 1653]
[765, 3392]
[765, 3440]
[766, 1005]
[766, 2147]
[766, 3526]
[767, 828]
[767, 972]
[767, 2060]
[767, 2470]
[768, 1797]
[768, 3022]
[768, 3392]
[769, 1382]
[769, 2329]
[769, 3341]
[770, 2784]
[770, 2927]
[770, 3080]
[770, 3157]
[771, 1713]
[771, 2096]
[771, 3163]
[772, 873]
[772, 1213]
[773, 2226]
[773, 3344]
[774, 1140]
[774, 1688]
[774, 2789]
[774, 3205]
[775, 2499]
[775, 2528]
[775, 2566]
[776, 1452]
[776, 2586]
[776, 2835]
[777, 1990]
[777, 2164]
[777, 3406]
[778, 1357]
[778, 2104]
[778, 3047]
[779, 2109]
[780, 1984]
[780, 2621]
[780, 3206]
[781, 815]
[781, 1814]
[781, 1865]
[781, 3595]
[782, 1326]
[782, 1444]
[782, 1993]
[782, 3038]
[783, 1130]
[783, 2523]
[783, 2602]
[783, 3123]
[784, 1257]
[784, 2078]
[784, 2127]
[785, 1720]
[785, 3079]
[785, 3320]
[786, 926]
[786, 3033]
[786, 3414]
[787, 1823]
[787, 1933]
[787, 2709]
[787, 3063]
[788, 2365]
[788, 3124]
[788, 3171]
[788, 3281]
[789, 1822]
[789, 2783]
[789, 2860]
[789, 3048]
[790, 2043]
[790, 2399]
[791, 1226]
[791, 2535]
[792, 1627]
[792, 2110]
[792, 2692]
[792, 3053]
[793, 1307]
[793, 1750]
[793, 2935]
[794, 1199]
[794, 2538]
[794, 3020]
[794, 3050]
[795, 1465]
[795, 1592]
[795, 1628]
[795, 2768]
[796, 1750]
[796, 3590]
[797, 1474]
[797, 1907]
[798, 2853]
[798, 3558]
[799, 1085]
[799, 2861]
[799, 3404]
[800, 1841]
[800, 2216]
[801, 1666]
[801, 1973]
[801, 2880]
[801, 3250]
[802, 2442]
[802, 3565]
[803, 851]
[803, 1107]
[803, 3307]
[804, 2136]
[804, 2505]
[804, 2700]
[804, 3273]
[805, 950]
[805, 1043]
[805, 1299]
[805, 1885]
[806, 975]
[806, 3453]
[806, 3562]
[807, 1575]
[807, 1847]
[807, 2490]
[808, 1249]
[808, 1971]
[809, 946]
[809, 1074]
[809, 2454]
[809, 3394]
[810, 1736]
[810, 2803]
[810, 3456]
[810, 3549]
[811, 1393]
[811, 2823]
[811, 3043]
[812, 834]
[812, 1298]
[812, 2207]
[812, 2628]
[813, 1189]
[813, 2549]
[813, 2585]
[814, 1204]
[814, 2583]
[814, 3313]
[814, 3489]
[815, 3199]
[815, 3438]
[816, 1610]
[816, 2916]
[816, 3470]
[817, 2250]
[817, 2544]
[817, 2737]
[818, 1227]
[818, 1703]
[818, 2519]
[818, 2743]
[819, 1069]
[819, 1419]
[819, 1497]
[819, 3464]
[820, 1884]
[820, 3262]
[820, 3584]
[821, 1309]
[821, 2137]
[821, 2608]
[822, 950]
[822, 3598]
[823, 1969]
[823, 2950]
[824, 1103]
[824, 2210]
[825, 1517]
[826, 2306]
[826, 3430]
[826, 3449]
[827, 1139]
[827, 1178]
[827, 2149]
[828, 972]
[828, 1361]
[829, 1571]
[829, 1661]
[829, 1854]
[829, 3145]
[830, 1449]
[830, 2143]
[830, 2568]
[830, 3454]
[831, 884]
[831, 908]
[831, 1077]
[831, 1365]
[832, 2340]
[832, 2446]
[833, 854]
[833, 1532]
[833, 2622]
[834, 2871]
[834, 3047]
[834, 3306]
[835, 879]
[835, 1461]
[835, 1884]
[835, 1995]
[836, 1299]
[836, 2075]
[836, 2996]
[836, 3084]
[837, 1733]
[837, 2409]
[837, 3160]
[838, 2161]
[838, 3286]
[839, 1127]
[839, 2144]
[839, 2159]
[840, 2571]
[840, 3517]
[840, 3535]
[840, 3597]
[841, 1727]
[841, 1998]
[841, 2140]
[841, 3315]
[842, 1356]
[842, 1651]
[842, 1753]
[842, 3249]
[843, 1556]
[843, 1856]
[844, 1174]
[844, 1866]
[844, 3034]
[844, 3324]
[845, 851]
[845, 1702]
[846, 2430]
[846, 2984]
[847, 1206]
[847, 1642]
[847, 2873]
[847, 3445]
[848, 2322]
[848, 2691]
[848, 3462]
[849, 3304]
[850, 1150]
[850, 2791]
[852, 1585]
[852, 1783]
[852, 2723]
[852, 3494]
[853, 1617]
[853, 3091]
[853, 3398]
[854, 875]
[854, 1516]
[854, 1532]
[855, 2029]
[855, 2079]
[855, 2288]
[855, 3573]
[856, 2650]
[856, 2954]
[856, 3083]
[856, 3165]
[857, 1435]
[857, 1705]
[857, 3133]
[858, 1606]
[858, 2598]
[859, 1915]
[859, 2959]
[859, 3042]
[860, 940]
[860, 2672]
[860, 3102]
[861, 2166]
[861, 2840]
[862, 1709]
[862, 2501]
[862, 2516]
[862, 2713]
[863, 3534]
[863, 3551]
[864, 936]
[864, 3289]
[865, 1519]
[865, 3571]
[866, 2843]
[866, 3002]
[867, 1567]
[867, 1624]
[867, 1679]
[867, 3007]
[868, 1580]
[868, 2008]
[868, 2302]
[868, 2497]
[869, 1015]
[869, 2349]
[870, 1241]
[870, 1923]
[870, 1986]
[870, 3317]
[871, 1073]
[871, 2164]
[871, 2400]
[872, 1050]
[872, 2215]
[872, 2805]
[872, 3521]
[873, 1213]
[873, 1277]
[873, 2902]
[874, 1545]
[874, 1608]
[875, 909]
[875, 2319]
[875, 2820]
[876, 1316]
[876, 1968]
[876, 2210]
[876, 2612]
[877, 1083]
[877, 1471]
[877, 1897]
[877, 2712]
[878, 1426]
[878, 1428]
[878, 1657]
[878, 2615]
[879, 1461]
[879, 1623]
[879, 1745]
[880, 1391]
[880, 1771]
[880, 1780]
[880, 2891]
[881, 2503]
[881, 3132]
[881, 3530]
[882, 1034]
[882, 3435]
[882, 3449]
[883, 1550]
[883, 3071]
[883, 3322]
[884, 1077]
[884, 3338]
[885, 2289]
[885, 2502]
[885, 3535]
[886, 1302]
[886, 2729]
[887, 1364]
[887, 2131]
[887, 3377]
[888, 1503]
[888, 2269]
[888, 2372]
[889, 2647]
[889, 2894]
[890, 934]
[890, 2150]
[890, 2918]
[891, 1209]
[891, 1848]
[891, 2887]
[892, 1127]
[892, 1492]
[892, 1685]
[892, 1821]
[893, 898]
[893, 2380]
[893, 2539]
[893, 3234]
[894, 2956]
[894, 3244]
[894, 3538]
[895, 1812]
[895, 2258]
[895, 2294]
[895, 2758]
[896, 1156]
[896, 2341]
[897, 1298]
[897, 2227]
[898, 1729]
[898, 2539]
[898, 3188]
[899, 1920]
[899, 2412]
[899, 2637]
[899, 3311]
