[0, 251]
[0, 278]
[0, 281]
[0, 392]
[0, 455]
[0, 524]
[1, 75]
[1, 359]
[1, 545]
[1, 1060]
[1, 1113]
[1, 1195]
[2, 6]
[2, 320]
[2, 375]
[2, 753]
[2, 993]
[2, 1033]
[3, 198]
[3, 423]
[3, 456]
[3, 641]
[3, 1088]
[3, 1146]
[4, 119]
[4, 270]
[4, 348]
[4, 379]
[4, 659]
[4, 891]
[5, 255]
[5, 279]
[5, 552]
[5, 555]
[5, 844]
[5, 919]
[6, 381]
[6, 478]
[6, 993]
[6, 1033]
[6, 1161]
[7, 285]
[7, 366]
[7, 418]
[7, 645]
[7, 737]
[7, 1176]
[8, 445]
[8, 602]
[8, 963]
[8, 1001]
[8, 1024]
[8, 1128]
[9, 33]
[9, 727]
[9, 827]
[9, 1064]
[9, 1084]
[9, 1185]
[10, 203]
[10, 252]
[10, 671]
[10, 868]
[10, 1010]
[10, 1199]
[11, 345]
[11, 574]
[11, 613]
[11, 649]
[11, 947]
[11, 1186]
[12, 232]
[12, 239]
[12, 396]
[12, 407]
[12, 901]
[12, 1147]
[13, 199]
[13, 663]
[13, 751]
[13, 768]
[13, 955]
[13, 1102]
[14, 290]
[14, 732]
[14, 775]
[14, 1073]
[14, 1155]
[14, 1189]
[15, 264]
[15, 329]
[15, 636]
[15, 764]
[15, 1008]
[15, 1021]
[16, 166]
[16, 473]
[16, 691]
[16, 892]
[16, 939]
[16, 1125]
[17, 40]
[17, 114]
[17, 160]
[17, 633]
[17, 1070]
[17, 1184]
[18, 285]
[18, 476]
[18, 644]
[18, 702]
[18, 967]
[18, 1041]
[19, 128]
[19, 294]
[19, 393]
[19, 469]
[19, 503]
[19, 1177]
[20, 117]
[20, 413]
[20, 419]
[20, 507]
[20, 658]
[20, 926]
[21, 77]
[21, 382]
[21, 823]
[21, 896]
[21, 1015]
[21, 1141]
[22, 242]
[22, 256]
[22, 693]
[22, 945]
[22, 1044]
[22, 1120]
[23, 32]
[23, 474]
[23, 709]
[23, 854]
[23, 910]
[23, 1156]
[24, 150]
[24, 303]
[24, 416]
[24, 445]
[24, 446]
[24, 491]
[25, 31]
[25, 224]
[25, 265]
[25, 292]
[25, 464]
[25, 899]
[26, 483]
[26, 542]
[26, 551]
[26, 730]
[26, 927]
[26, 1143]
[27, 164]
[27, 215]
[27, 322]
[27, 623]
[27, 656]
[27, 884]
[28, 181]
[28, 277]
[28, 485]
[28, 895]
[28, 1008]
[28, 1182]
[29, 146]
[29, 492]
[29, 496]
[29, 536]
[29, 907]
[29, 937]
[30, 79]
[30, 275]
[30, 342]
[30, 572]
[30, 718]
[30, 797]
[31, 265]
[31, 292]
[31, 588]
[31, 716]
[31, 794]
[32, 474]
[32, 603]
[32, 802]
[32, 854]
[32, 1163]
[33, 49]
[33, 488]
[33, 1057]
[33, 1084]
[33, 1185]
[34, 172]
[34, 338]
[34, 470]
[34, 593]
[34, 818]
[34, 866]
[35, 43]
[35, 203]
[35, 352]
[35, 460]
[35, 494]
[35, 729]
[36, 149]
[36, 378]
[36, 566]
[36, 647]
[36, 916]
[36, 956]
[37, 246]
[37, 354]
[37, 380]
[37, 461]
[37, 540]
[37, 863]
[38, 129]
[38, 133]
[38, 376]
[38, 404]
[38, 1084]
[38, 1144]
[39, 54]
[39, 271]
[39, 353]
[39, 1088]
[39, 1138]
[39, 1157]
[40, 160]
[40, 517]
[40, 808]
[40, 1070]
[40, 1103]
[41, 123]
[41, 177]
[41, 377]
[41, 511]
[41, 809]
[41, 1040]
[42, 162]
[42, 523]
[42, 585]
[42, 592]
[42, 754]
[42, 879]
[43, 203]
[43, 349]
[43, 494]
[43, 607]
[43, 1119]
[44, 959]
[44, 1009]
[44, 1012]
[44, 1075]
[44, 1093]
[44, 1111]
[45, 48]
[45, 156]
[45, 173]
[45, 186]
[45, 240]
[45, 622]
[46, 486]
[46, 702]
[46, 781]
[46, 789]
[46, 810]
[46, 926]
[47, 103]
[47, 259]
[47, 272]
[47, 332]
[47, 1166]
[47, 1174]
[48, 173]
[48, 373]
[48, 531]
[48, 622]
[48, 625]
[49, 416]
[49, 488]
[49, 855]
[49, 872]
[49, 1057]
[50, 330]
[50, 809]
[50, 853]
[50, 943]
[50, 1073]
[50, 1178]
[51, 538]
[51, 563]
[51, 818]
[51, 822]
[51, 915]
[51, 1059]
[52, 566]
[52, 698]
[52, 710]
[52, 940]
[52, 943]
[52, 1079]
[53, 116]
[53, 600]
[53, 777]
[53, 903]
[53, 940]
[53, 1020]
[54, 271]
[54, 332]
[54, 1146]
[54, 1157]
[54, 1169]
[55, 443]
[55, 495]
[55, 621]
[55, 962]
[55, 1002]
[55, 1177]
[56, 76]
[56, 293]
[56, 493]
[56, 732]
[56, 976]
[56, 1067]
[57, 76]
[57, 197]
[57, 320]
[57, 371]
[57, 420]
[57, 900]
[58, 153]
[58, 602]
[58, 685]
[58, 714]
[58, 796]
[58, 889]
[59, 423]
[59, 739]
[59, 991]
[59, 1154]
[59, 1187]
[59, 1188]
[60, 135]
[60, 236]
[60, 302]
[60, 456]
[60, 556]
[60, 598]
[61, 107]
[61, 313]
[61, 432]
[61, 680]
[61, 1094]
[61, 1104]
[62, 134]
[62, 299]
[62, 304]
[62, 774]
[62, 863]
[62, 975]
[63, 201]
[63, 568]
[63, 594]
[63, 614]
[63, 672]
[63, 1179]
[64, 112]
[64, 519]
[64, 704]
[64, 771]
[64, 948]
[64, 1029]
[65, 73]
[65, 225]
[65, 424]
[65, 477]
[65, 986]
[65, 1017]
[66, 154]
[66, 215]
[66, 466]
[66, 622]
[66, 883]
[66, 1030]
[67, 402]
[67, 680]
[67, 922]
[67, 948]
[67, 1105]
[67, 1136]
[68, 100]
[68, 343]
[68, 428]
[68, 482]
[68, 1003]
[68, 1004]
[69, 291]
[69, 585]
[69, 685]
[69, 750]
[69, 840]
[69, 1128]
[70, 235]
[70, 289]
[70, 608]
[70, 936]
[70, 972]
[70, 1183]
[71, 667]
[71, 793]
[71, 826]
[71, 880]
[71, 932]
[71, 1115]
[72, 122]
[72, 283]
[72, 465]
[72, 480]
[72, 670]
[72, 760]
[73, 139]
[73, 424]
[73, 477]
[73, 618]
[73, 1189]
[74, 172]
[74, 185]
[74, 628]
[74, 837]
[74, 847]
[74, 923]
[75, 157]
[75, 226]
[75, 359]
[75, 519]
[75, 1060]
[76, 197]
[76, 320]
[76, 493]
[76, 1067]
[77, 667]
[77, 800]
[77, 830]
[77, 896]
[77, 1015]
[78, 109]
[78, 548]
[78, 849]
[78, 890]
[78, 1017]
[78, 1056]
[79, 109]
[79, 422]
[79, 718]
[79, 797]
[79, 1131]
[80, 289]
[80, 450]
[80, 531]
[80, 611]
[80, 677]
[80, 1053]
[81, 448]
[81, 556]
[81, 676]
[81, 783]
[81, 914]
[81, 985]
[82, 250]
[82, 374]
[82, 396]
[82, 1021]
[82, 1086]
[82, 1172]
[83, 370]
[83, 722]
[83, 738]
[83, 811]
[83, 825]
[83, 965]
[84, 344]
[84, 451]
[84, 655]
[84, 690]
[84, 699]
[84, 1099]
[85, 165]
[85, 341]
[85, 601]
[85, 889]
[85, 945]
[85, 999]
[86, 394]
[86, 451]
[86, 480]
[86, 553]
[86, 726]
[86, 1119]
[87, 384]
[87, 401]
[87, 523]
[87, 596]
[87, 1011]
[87, 1037]
[88, 325]
[88, 334]
[88, 430]
[88, 504]
[88, 741]
[88, 966]
[89, 115]
[89, 306]
[89, 307]
[89, 526]
[89, 596]
[89, 1051]
[90, 217]
[90, 311]
[90, 835]
[90, 1004]
[90, 1034]
[90, 1182]
[91, 148]
[91, 402]
[91, 708]
[91, 957]
[91, 981]
[91, 1094]
[92, 193]
[92, 533]
[92, 694]
[92, 811]
[92, 1116]
[92, 1139]
[93, 110]
[93, 138]
[93, 765]
[93, 824]
[93, 862]
[93, 1148]
[94, 228]
[94, 296]
[94, 852]
[94, 962]
[94, 1049]
[94, 1193]
[95, 98]
[95, 306]
[95, 518]
[95, 712]
[95, 772]
[95, 1148]
[96, 467]
[96, 498]
[96, 720]
[96, 747]
[96, 935]
[96, 994]
[97, 286]
[97, 607]
[97, 923]
[97, 1032]
[97, 1059]
[97, 1077]
[98, 306]
[98, 769]
[98, 772]
[98, 840]
[98, 1180]
[99, 327]
[99, 703]
[99, 834]
[99, 1023]
[99, 1166]
[99, 1188]
[100, 343]
[100, 351]
[100, 465]
[100, 1003]
[100, 1010]
[101, 154]
[101, 178]
[101, 179]
[101, 240]
[101, 682]
[101, 804]
[102, 339]
[102, 405]
[102, 439]
[102, 784]
[102, 971]
[102, 995]
[103, 113]
[103, 145]
[103, 259]
[103, 819]
[103, 1174]
[104, 516]
[104, 892]
[104, 911]
[104, 942]
[104, 1065]
[104, 1181]
[105, 424]
[105, 564]
[105, 653]
[105, 666]
[105, 701]
[105, 1097]
[106, 308]
[106, 346]
[106, 675]
[106, 691]
[106, 992]
[106, 1181]
[107, 168]
[107, 432]
[107, 770]
[107, 884]
[107, 1094]
[108, 492]
[108, 503]
[108, 562]
[108, 779]
[108, 787]
[108, 1192]
[109, 422]
[109, 849]
[109, 890]
[109, 1131]
[110, 138]
[110, 318]
[110, 765]
[110, 910]
[110, 1101]
[111, 226]
[111, 532]
[111, 543]
[111, 651]
[111, 700]
[111, 927]
[112, 506]
[112, 639]
[112, 704]
[112, 771]
[112, 850]
[113, 145]
[113, 381]
[113, 711]
[113, 819]
[113, 1022]
[114, 213]
[114, 633]
[114, 673]
[114, 756]
[114, 1184]
[115, 431]
[115, 526]
[115, 596]
[115, 925]
[115, 1045]
[116, 354]
[116, 390]
[116, 600]
[116, 803]
[116, 903]
[117, 175]
[117, 658]
[117, 689]
[117, 741]
[117, 926]
[118, 303]
[118, 573]
[118, 815]
[118, 972]
[118, 1036]
[118, 1098]
[119, 348]
[119, 379]
[119, 521]
[119, 527]
[119, 1019]
[120, 447]
[120, 502]
[120, 550]
[120, 581]
[120, 641]
[120, 991]
[121, 207]
[121, 699]
[121, 791]
[121, 821]
[121, 928]
[121, 1160]
[122, 187]
[122, 440]
[122, 465]
[122, 482]
[122, 670]
[123, 227]
[123, 472]
[123, 809]
[123, 1040]
[123, 1079]
[124, 274]
[124, 334]
[124, 522]
[124, 786]
[124, 1000]
[124, 1072]
[125, 638]
[125, 647]
[125, 728]
[125, 831]
[125, 1103]
[125, 1141]
[126, 355]
[126, 495]
[126, 530]
[126, 664]
[126, 676]
[126, 780]
[127, 220]
[127, 516]
[127, 603]
[127, 968]
[127, 1000]
[127, 1014]
[128, 263]
[128, 294]
[128, 745]
[128, 1132]
[128, 1177]
[129, 133]
[129, 488]
[129, 1062]
[129, 1090]
[129, 1144]
[130, 190]
[130, 228]
[130, 447]
[130, 873]
[130, 905]
[130, 1034]
[131, 136]
[131, 248]
[131, 362]
[131, 642]
[131, 747]
[131, 1075]
[132, 872]
[132, 893]
[132, 918]
[132, 994]
[132, 1009]
[132, 1071]
[133, 468]
[133, 497]
[133, 1125]
[133, 1144]
[134, 169]
[134, 686]
[134, 774]
[134, 863]
[134, 1131]
[135, 296]
[135, 556]
[135, 598]
[135, 1061]
[135, 1139]
[136, 362]
[136, 642]
[136, 820]
[136, 1022]
[136, 1082]
[137, 319]
[137, 399]
[137, 409]
[137, 442]
[137, 683]
[137, 715]
[138, 474]
[138, 765]
[138, 949]
[138, 964]
[139, 312]
[139, 618]
[139, 661]
[139, 877]
[139, 1189]
[140, 218]
[140, 269]
[140, 358]
[140, 434]
[140, 671]
[140, 799]
[141, 191]
[141, 368]
[141, 498]
[141, 763]
[141, 944]
[141, 1027]
[142, 219]
[142, 287]
[142, 415]
[142, 457]
[142, 954]
[142, 1185]
[143, 489]
[143, 650]
[143, 665]
[143, 775]
[143, 784]
[143, 791]
[144, 174]
[144, 184]
[144, 399]
[144, 895]
[144, 899]
[144, 1186]
[145, 333]
[145, 362]
[145, 819]
[145, 1140]
[146, 151]
[146, 269]
[146, 496]
[146, 773]
[146, 907]
[147, 270]
[147, 400]
[147, 619]
[147, 657]
[147, 820]
[147, 1033]
[148, 168]
[148, 957]
[148, 979]
[148, 981]
[148, 1011]
[149, 378]
[149, 583]
[149, 912]
[149, 916]
[149, 1195]
[150, 446]
[150, 491]
[150, 720]
[150, 790]
[150, 893]
[151, 244]
[151, 269]
[151, 490]
[151, 773]
[151, 869]
[152, 298]
[152, 555]
[152, 614]
[152, 974]
[152, 1101]
[152, 1137]
[153, 249]
[153, 449]
[153, 714]
[153, 796]
[153, 801]
[154, 215]
[154, 240]
[154, 804]
[154, 1030]
[155, 223]
[155, 644]
[155, 795]
[155, 853]
[155, 1040]
[155, 1159]
[156, 186]
[156, 238]
[156, 240]
[156, 409]
[156, 1102]
[157, 226]
[157, 519]
[157, 584]
[157, 823]
[157, 1105]
[158, 440]
[158, 453]
[158, 550]
[158, 599]
[158, 865]
[158, 971]
[159, 257]
[159, 427]
[159, 582]
[159, 639]
[159, 1130]
[159, 1174]
[160, 222]
[160, 479]
[160, 870]
[160, 1070]
[161, 264]
[161, 277]
[161, 353]
[161, 581]
[161, 842]
[161, 955]
[162, 592]
[162, 697]
[162, 754]
[162, 980]
[162, 1062]
[163, 239]
[163, 357]
[163, 590]
[163, 609]
[163, 652]
[163, 687]
[164, 215]
[164, 575]
[164, 656]
[164, 682]
[164, 772]
[165, 601]
[165, 841]
[165, 889]
[165, 983]
[165, 1183]
[166, 691]
[166, 759]
[166, 892]
[166, 950]
[166, 1072]
[167, 314]
[167, 363]
[167, 545]
[167, 586]
[167, 1087]
[167, 1130]
[168, 770]
[168, 884]
[168, 979]
[168, 1011]
[169, 275]
[169, 686]
[169, 701]
[169, 941]
[169, 1131]
[170, 241]
[170, 280]
[170, 390]
[170, 774]
[170, 1063]
[170, 1092]
[171, 328]
[171, 372]
[171, 806]
[171, 833]
[171, 977]
[171, 1159]
[172, 470]
[172, 628]
[172, 818]
[172, 923]
[173, 196]
[173, 622]
[173, 692]
[173, 782]
[174, 184]
[174, 394]
[174, 729]
[174, 878]
[174, 1186]
[175, 567]
[175, 689]
[175, 741]
[175, 810]
[175, 1184]
[176, 368]
[176, 788]
[176, 816]
[176, 832]
[176, 1081]
[176, 1143]
[177, 182]
[177, 377]
[177, 511]
[177, 984]
[177, 1160]
[178, 179]
[178, 426]
[178, 552]
[178, 682]
[178, 712]
[179, 180]
[179, 204]
[179, 682]
[179, 1038]
[180, 204]
[180, 601]
[180, 776]
[180, 1038]
[180, 1053]
[181, 217]
[181, 713]
[181, 878]
[181, 895]
[181, 1008]
[182, 185]
[182, 795]
[182, 806]
[182, 984]
[182, 1160]
[183, 197]
[183, 293]
[183, 665]
[183, 723]
[183, 1013]
[183, 1096]
[184, 200]
[184, 265]
[184, 1007]
[184, 1186]
[185, 795]
[185, 806]
[185, 837]
[185, 847]
[186, 240]
[186, 450]
[186, 663]
[186, 1038]
[187, 440]
[187, 482]
[187, 484]
[187, 713]
[187, 726]
[188, 202]
[188, 267]
[188, 367]
[188, 454]
[188, 763]
[188, 935]
[189, 255]
[189, 345]
[189, 587]
[189, 683]
[189, 695]
[189, 758]
[190, 428]
[190, 447]
[190, 453]
[190, 1034]
[190, 1121]
[191, 208]
[191, 368]
[191, 509]
[191, 1027]
[191, 1071]
[192, 403]
[192, 512]
[192, 936]
[192, 959]
[192, 1036]
[192, 1134]
[193, 705]
[193, 811]
[193, 1116]
[193, 1121]
[193, 1193]
[194, 262]
[194, 467]
[194, 681]
[194, 881]
[194, 996]
[194, 1069]
[195, 535]
[195, 547]
[195, 1026]
[195, 1035]
[195, 1117]
[195, 1124]
[196, 662]
[196, 692]
[196, 771]
[196, 782]
[196, 921]
[197, 320]
[197, 723]
[197, 1013]
[198, 229]
[198, 598]
[198, 641]
[198, 873]
[198, 1088]
[199, 326]
[199, 605]
[199, 663]
[199, 768]
[199, 1138]
[200, 265]
[200, 438]
[200, 947]
[200, 961]
[200, 1007]
[201, 230]
[201, 254]
[201, 614]
[201, 672]
[201, 787]
[202, 454]
[202, 532]
[202, 733]
[202, 763]
[202, 832]
[203, 494]
[203, 868]
[203, 1199]
[204, 341]
[204, 919]
[204, 1038]
[204, 1150]
[205, 209]
[205, 231]
[205, 335]
[205, 504]
[205, 643]
[205, 1005]
[206, 315]
[206, 408]
[206, 933]
[206, 1030]
[206, 1058]
[206, 1115]
[207, 699]
[207, 760]
[207, 860]
[207, 977]
[207, 1160]
[208, 509]
[208, 735]
[208, 975]
[208, 1071]
[208, 1135]
[209, 231]
[209, 570]
[209, 643]
[209, 1081]
[209, 1167]
[210, 496]
[210, 562]
[210, 874]
[210, 992]
[210, 1190]
[210, 1198]
[211, 441]
[211, 475]
[211, 870]
[211, 957]
[211, 988]
[211, 1037]
[212, 350]
[212, 537]
[212, 800]
[212, 812]
[212, 829]
[212, 953]
[213, 472]
[213, 673]
[213, 756]
[213, 789]
[213, 813]
[214, 249]
[214, 346]
[214, 387]
[214, 565]
[214, 779]
[214, 1085]
[215, 656]
[215, 1030]
[216, 360]
[216, 627]
[216, 756]
[216, 1095]
[216, 1118]
[216, 1145]
[217, 713]
[217, 835]
[217, 878]
[217, 1004]
[218, 358]
[218, 560]
[218, 778]
[218, 799]
[218, 907]
[219, 457]
[219, 839]
[219, 885]
[219, 954]
[219, 1006]
[220, 221]
[220, 658]
[220, 807]
[220, 968]
[220, 1014]
[221, 658]
[221, 807]
[221, 866]
[221, 1041]
[221, 1176]
[222, 295]
[222, 479]
[222, 870]
[222, 920]
[222, 1124]
[223, 795]
[223, 813]
[223, 967]
[223, 969]
[223, 1040]
[224, 250]
[224, 329]
[224, 464]
[224, 899]
[224, 1068]
[225, 273]
[225, 398]
[225, 749]
[225, 986]
[225, 1017]
[226, 519]
[226, 651]
[226, 700]
[227, 472]
[227, 638]
[227, 734]
[227, 817]
[227, 1079]
[228, 296]
[228, 873]
[228, 905]
[228, 1193]
[229, 242]
[229, 598]
[229, 605]
[229, 873]
[229, 876]
[230, 254]
[230, 298]
[230, 612]
[230, 787]
[230, 902]
[231, 397]
[231, 441]
[231, 643]
[231, 1197]
[232, 239]
[232, 327]
[232, 688]
[232, 901]
[232, 1086]
[233, 276]
[233, 716]
[233, 953]
[233, 1080]
[233, 1126]
[233, 1170]
[234, 435]
[234, 578]
[234, 610]
[234, 834]
[234, 846]
[234, 1187]
[235, 347]
[235, 446]
[235, 936]
[235, 972]
[235, 1069]
[236, 247]
[236, 302]
[236, 388]
[236, 456]
[236, 998]
[237, 311]
[237, 748]
[237, 757]
[237, 758]
[237, 762]
[237, 978]
[238, 409]
[238, 412]
[238, 559]
[238, 782]
[238, 1102]
[239, 590]
[239, 687]
[239, 901]
[240, 804]
[241, 390]
[241, 419]
[241, 774]
[241, 875]
[241, 941]
[242, 605]
[242, 693]
[242, 876]
[242, 1120]
[243, 367]
[243, 432]
[243, 733]
[243, 767]
[243, 792]
[243, 1167]
[244, 490]
[244, 660]
[244, 869]
[244, 1065]
[244, 1198]
[245, 481]
[245, 846]
[245, 886]
[245, 1013]
[245, 1078]
[245, 1142]
[246, 461]
[246, 591]
[246, 597]
[246, 606]
[246, 863]
[247, 388]
[247, 577]
[247, 819]
[247, 998]
[247, 1169]
[248, 512]
[248, 681]
[248, 736]
[248, 747]
[248, 1075]
[249, 387]
[249, 449]
[249, 801]
[249, 1085]
[250, 329]
[250, 374]
[250, 396]
[250, 1068]
[251, 278]
[251, 302]
[251, 392]
[251, 533]
[251, 739]
[252, 283]
[252, 349]
[252, 671]
[252, 1010]
[252, 1133]
[253, 357]
[253, 407]
[253, 588]
[253, 626]
[253, 690]
[253, 1068]
[254, 761]
[254, 787]
[254, 937]
[254, 1196]
[255, 552]
[255, 587]
[255, 758]
[255, 919]
[256, 594]
[256, 945]
[256, 946]
[256, 1002]
[256, 1044]
[257, 427]
[257, 639]
[257, 901]
[257, 1087]
[257, 1151]
[258, 352]
[258, 436]
[258, 587]
[258, 649]
[258, 1137]
[258, 1153]
[259, 268]
[259, 578]
[259, 1161]
[259, 1174]
[260, 471]
[260, 541]
[260, 700]
[260, 730]
[260, 916]
[260, 1113]
[261, 615]
[261, 625]
[261, 648]
[261, 752]
[261, 881]
[261, 958]
[262, 267]
[262, 881]
[262, 996]
[262, 1031]
[262, 1104]
[263, 273]
[263, 745]
[263, 929]
[263, 965]
[263, 1132]
[264, 277]
[264, 581]
[264, 764]
[264, 1021]
[265, 292]
[265, 1007]
[266, 613]
[266, 755]
[266, 862]
[266, 933]
[266, 1026]
[266, 1046]
[267, 367]
[267, 935]
[267, 1031]
[267, 1104]
[268, 363]
[268, 375]
[268, 578]
[268, 1142]
[268, 1161]
[269, 434]
[269, 671]
[269, 773]
[270, 659]
[270, 820]
[270, 891]
[270, 1033]
[271, 321]
[271, 669]
[271, 958]
[271, 1157]
[272, 332]
[272, 427]
[272, 688]
[272, 1074]
[272, 1166]
[273, 398]
[273, 749]
[273, 929]
[273, 965]
[274, 316]
[274, 334]
[274, 689]
[274, 786]
[274, 1014]
[275, 342]
[275, 572]
[275, 701]
[275, 941]
[276, 305]
[276, 537]
[276, 696]
[276, 1080]
[276, 1170]
[277, 485]
[277, 581]
[277, 1182]
[278, 392]
[278, 425]
[278, 711]
[278, 998]
[279, 555]
[279, 568]
[279, 796]
[279, 844]
[279, 999]
[280, 413]
[280, 468]
[280, 966]
[280, 1063]
[280, 1092]
[281, 455]
[281, 524]
[281, 694]
[281, 706]
[281, 722]
[282, 369]
[282, 391]
[282, 521]
[282, 524]
[282, 646]
[282, 1006]
[283, 349]
[283, 480]
[283, 760]
[283, 1133]
[284, 645]
[284, 660]
[284, 807]
[284, 858]
[284, 911]
[284, 1042]
[285, 366]
[285, 418]
[285, 476]
[285, 644]
[286, 520]
[286, 952]
[286, 961]
[286, 1032]
[286, 1077]
[287, 356]
[287, 415]
[287, 459]
[287, 1112]
[287, 1185]
[288, 389]
[288, 455]
[288, 595]
[288, 738]
[288, 898]
[288, 986]
[289, 608]
[289, 677]
[289, 1053]
[289, 1183]
[290, 328]
[290, 775]
[290, 785]
[290, 877]
[290, 1073]
[291, 331]
[291, 491]
[291, 585]
[291, 684]
[291, 1128]
[292, 337]
[292, 350]
[292, 513]
[293, 665]
[293, 732]
[293, 976]
[293, 1096]
[294, 536]
[294, 798]
[294, 1127]
[294, 1177]
[295, 517]
[295, 812]
[295, 920]
[295, 1015]
[295, 1124]
[296, 1061]
[296, 1139]
[296, 1193]
[297, 436]
[297, 458]
[297, 672]
[297, 917]
[297, 978]
[297, 1055]
[298, 612]
[298, 902]
[298, 974]
[298, 1101]
[299, 304]
[299, 376]
[299, 422]
[299, 975]
[299, 1112]
[300, 336]
[300, 558]
[300, 583]
[300, 652]
[300, 766]
[300, 1018]
[301, 330]
[301, 437]
[301, 476]
[301, 564]
[301, 1020]
[301, 1025]
[302, 456]
[302, 533]
[302, 739]
[303, 416]
[303, 445]
[303, 815]
[303, 972]
[304, 975]
[304, 1092]
[304, 1144]
[304, 1152]
[305, 537]
[305, 673]
[305, 696]
[305, 808]
[305, 817]
[306, 307]
[306, 772]
[306, 1051]
[307, 535]
[307, 824]
[307, 1039]
[307, 1051]
[308, 675]
[308, 691]
[308, 727]
[308, 740]
[308, 828]
[309, 420]
[309, 540]
[309, 597]
[309, 777]
[309, 1048]
[309, 1067]
[310, 365]
[310, 520]
[310, 525]
[310, 529]
[310, 627]
[310, 1100]
[311, 748]
[311, 978]
[311, 1034]
[311, 1182]
[312, 358]
[312, 661]
[312, 877]
[312, 887]
[312, 1194]
[313, 623]
[313, 680]
[313, 882]
[313, 883]
[313, 1104]
[314, 545]
[314, 558]
[314, 590]
[314, 886]
[314, 1087]
[315, 337]
[315, 674]
[315, 793]
[315, 933]
[315, 1058]
[316, 633]
[316, 689]
[316, 982]
[316, 1014]
[316, 1118]
[317, 364]
[317, 463]
[317, 571]
[317, 825]
[317, 995]
[317, 1162]
[318, 518]
[318, 844]
[318, 910]
[318, 1101]
[318, 1129]
[319, 399]
[319, 485]
[319, 683]
[319, 751]
[319, 757]
[320, 375]
[320, 753]
[321, 577]
[321, 669]
[321, 871]
[321, 958]
[321, 997]
[322, 331]
[322, 623]
[322, 884]
[322, 1106]
[322, 1171]
[323, 408]
[323, 656]
[323, 913]
[323, 979]
[323, 1051]
[323, 1117]
[324, 326]
[324, 395]
[324, 608]
[324, 611]
[324, 669]
[324, 744]
[325, 334]
[325, 430]
[325, 497]
[325, 759]
[325, 980]
[326, 605]
[326, 611]
[326, 669]
[326, 1138]
[327, 688]
[327, 703]
[327, 1023]
[327, 1086]
[328, 372]
[328, 785]
[328, 877]
[328, 1159]
[329, 636]
[329, 1008]
[329, 1068]
[330, 853]
[330, 1020]
[330, 1025]
[330, 1073]
[331, 491]
[331, 684]
[331, 1106]
[331, 1171]
[332, 1146]
[332, 1166]
[332, 1169]
[333, 362]
[333, 582]
[333, 635]
[333, 836]
[333, 1140]
[334, 430]
[334, 786]
[335, 504]
[335, 816]
[335, 1005]
[335, 1063]
[335, 1114]
[336, 377]
[336, 652]
[336, 766]
[336, 821]
[336, 938]
[337, 350]
[337, 513]
[337, 674]
[337, 793]
[338, 360]
[338, 593]
[338, 866]
[338, 968]
[338, 990]
[339, 557]
[339, 670]
[339, 859]
[339, 971]
[339, 995]
[340, 439]
[340, 610]
[340, 629]
[340, 1078]
[340, 1096]
[340, 1162]
[341, 919]
[341, 945]
[341, 999]
[341, 1150]
[342, 572]
[342, 858]
[342, 1076]
[342, 1107]
[343, 705]
[343, 725]
[343, 904]
[343, 1003]
[344, 417]
[344, 451]
[344, 699]
[344, 794]
[344, 1083]
[345, 649]
[345, 683]
[345, 695]
[345, 1186]
[346, 565]
[346, 779]
[346, 992]
[346, 1181]
[347, 446]
[347, 677]
[347, 1069]
[347, 1106]
[347, 1191]
[348, 379]
[348, 459]
[348, 735]
[348, 1111]
[349, 607]
[349, 1119]
[349, 1133]
[350, 513]
[350, 800]
[350, 953]
[351, 465]
[351, 743]
[351, 799]
[351, 987]
[351, 1010]
[352, 460]
[352, 649]
[352, 729]
[352, 1153]
[353, 842]
[353, 955]
[353, 1088]
[353, 1138]
[354, 380]
[354, 390]
[354, 540]
[354, 803]
[355, 664]
[355, 780]
[355, 815]
[355, 841]
[355, 1001]
[356, 459]
[356, 839]
[356, 849]
[356, 1019]
[356, 1112]
[357, 407]
[357, 609]
[357, 626]
[357, 652]
[358, 799]
[358, 887]
[358, 1194]
[359, 631]
[359, 704]
[359, 1060]
[359, 1151]
[360, 627]
[360, 968]
[360, 990]
[360, 1118]
[361, 479]
[361, 569]
[361, 786]
[361, 925]
[361, 982]
[361, 988]
[362, 642]
[362, 1140]
[363, 375]
[363, 586]
[363, 1130]
[363, 1142]
[364, 463]
[364, 595]
[364, 618]
[364, 825]
[364, 1168]
[365, 383]
[365, 627]
[365, 949]
[365, 1100]
[365, 1164]
[366, 372]
[366, 418]
[366, 887]
[366, 894]
[367, 432]
[367, 767]
[367, 935]
[368, 832]
[368, 1027]
[368, 1143]
[369, 391]
[369, 783]
[369, 856]
[369, 1006]
[369, 1066]
[370, 725]
[370, 743]
[370, 811]
[370, 825]
[370, 1108]
[371, 420]
[371, 471]
[371, 579]
[371, 620]
[371, 900]
[372, 887]
[372, 894]
[372, 1159]
[373, 531]
[373, 625]
[373, 882]
[373, 996]
[373, 1191]
[374, 396]
[374, 412]
[374, 501]
[374, 973]
[375, 753]
[375, 1142]
[376, 404]
[376, 422]
[376, 1084]
[376, 1112]
[377, 511]
[377, 821]
[377, 938]
[378, 710]
[378, 857]
[378, 900]
[378, 916]
[379, 410]
[379, 1012]
[379, 1082]
[380, 540]
[380, 542]
[380, 579]
[380, 909]
[381, 478]
[381, 711]
[381, 1022]
[381, 1161]
[382, 823]
[382, 864]
[382, 931]
[382, 1060]
[382, 1141]
[383, 538]
[383, 802]
[383, 949]
[383, 990]
[383, 1164]
[384, 401]
[384, 523]
[384, 684]
[384, 770]
[384, 1122]
[385, 483]
[385, 580]
[385, 728]
[385, 746]
[385, 843]
[385, 956]
[386, 612]
[386, 624]
[386, 761]
[386, 773]
[386, 838]
[386, 868]
[387, 675]
[387, 924]
[387, 960]
[387, 1085]
[388, 448]
[388, 888]
[388, 998]
[388, 1123]
[389, 406]
[389, 455]
[389, 514]
[389, 549]
[389, 898]
[390, 774]
[390, 803]
[391, 576]
[391, 706]
[391, 1006]
[391, 1132]
[392, 406]
[392, 435]
[392, 478]
[393, 443]
[393, 469]
[393, 500]
[393, 503]
[393, 637]
[394, 553]
[394, 729]
[394, 878]
[394, 1119]
[395, 608]
[395, 744]
[395, 848]
[395, 876]
[395, 985]
[396, 407]
[396, 1147]
[397, 441]
[397, 843]
[397, 989]
[397, 1070]
[397, 1197]
[398, 560]
[398, 640]
[398, 654]
[398, 749]
[399, 683]
[399, 895]
[399, 899]
[400, 505]
[400, 619]
[400, 657]
[400, 909]
[400, 1027]
[401, 421]
[401, 487]
[401, 523]
[401, 697]
[402, 708]
[402, 1094]
[402, 1105]
[402, 1136]
[403, 959]
[403, 1036]
[403, 1066]
[403, 1110]
[403, 1123]
[404, 718]
[404, 740]
[404, 939]
[404, 1084]
[405, 439]
[405, 784]
[405, 1043]
[405, 1054]
[405, 1173]
[406, 435]
[406, 478]
[406, 514]
[406, 549]
[407, 626]
[407, 1147]
[408, 913]
[408, 1030]
[408, 1115]
[408, 1117]
[409, 442]
[409, 715]
[409, 1102]
[410, 425]
[410, 646]
[410, 1012]
[410, 1082]
[410, 1110]
[411, 642]
[411, 657]
[411, 836]
[411, 845]
[411, 944]
[411, 1149]
[412, 501]
[412, 559]
[412, 782]
[412, 973]
[413, 419]
[413, 468]
[413, 507]
[413, 966]
[414, 438]
[414, 513]
[414, 529]
[414, 755]
[414, 829]
[414, 1035]
[415, 573]
[415, 855]
[415, 1093]
[415, 1185]
[416, 445]
[416, 855]
[416, 872]
[417, 553]
[417, 794]
[417, 1007]
[417, 1077]
[417, 1083]
[418, 731]
[418, 1097]
[418, 1107]
[419, 507]
[419, 875]
[419, 941]
[420, 540]
[420, 777]
[420, 900]
[421, 430]
[421, 475]
[421, 487]
[421, 643]
[421, 697]
[422, 1112]
[422, 1131]
[423, 456]
[423, 991]
[423, 1146]
[423, 1188]
[424, 477]
[424, 653]
[424, 666]
[425, 646]
[425, 711]
[425, 998]
[425, 1110]
[426, 552]
[426, 695]
[426, 712]
[426, 861]
[426, 1046]
[427, 639]
[427, 688]
[427, 1074]
[428, 453]
[428, 482]
[428, 1004]
[428, 1121]
[429, 679]
[429, 917]
[429, 1003]
[429, 1175]
[429, 1196]
[429, 1199]
[430, 475]
[430, 643]
[431, 925]
[431, 964]
[431, 1039]
[431, 1045]
[431, 1052]
[432, 767]
[432, 1094]
[433, 444]
[433, 469]
[433, 534]
[433, 678]
[433, 828]
[433, 1190]
[434, 510]
[434, 528]
[434, 671]
[434, 894]
[435, 478]
[435, 610]
[435, 1187]
[436, 458]
[436, 587]
[436, 978]
[436, 1137]
[437, 476]
[437, 564]
[437, 600]
[437, 781]
[437, 875]
[438, 513]
[438, 755]
[438, 947]
[438, 961]
[439, 784]
[439, 1078]
[439, 1096]
[440, 482]
[440, 865]
[440, 971]
[441, 870]
[441, 957]
[441, 1197]
[442, 715]
[442, 804]
[442, 861]
[442, 1058]
[443, 495]
[443, 500]
[443, 637]
[443, 1002]
[444, 721]
[444, 797]
[444, 828]
[444, 1089]
[444, 1190]
[445, 963]
[445, 1128]
[446, 491]
[446, 1069]
[447, 581]
[447, 641]
[447, 1034]
[448, 556]
[448, 888]
[448, 985]
[448, 1123]
[449, 637]
[449, 801]
[449, 1179]
[449, 1192]
[450, 531]
[450, 611]
[450, 663]
[450, 1038]
[451, 480]
[451, 699]
[451, 726]
[452, 634]
[452, 635]
[452, 752]
[452, 850]
[452, 1029]
[452, 1031]
[453, 550]
[453, 599]
[453, 1121]
[454, 634]
[454, 651]
[454, 763]
[454, 1149]
[455, 524]
[455, 898]
[456, 1146]
[457, 664]
[457, 856]
[457, 954]
[457, 1098]
[458, 460]
[458, 835]
[458, 978]
[458, 1175]
[459, 735]
[459, 1111]
[459, 1112]
[460, 729]
[460, 835]
[460, 1175]
[461, 505]
[461, 863]
[461, 891]
[461, 1135]
[462, 559]
[462, 742]
[462, 842]
[462, 1074]
[462, 1157]
[462, 1172]
[463, 557]
[463, 661]
[463, 825]
[463, 987]
[464, 501]
[464, 674]
[464, 715]
[464, 899]
[465, 670]
[465, 1010]
[466, 622]
[466, 883]
[466, 921]
[466, 922]
[466, 932]
[467, 681]
[467, 720]
[467, 935]
[467, 1069]
[468, 497]
[468, 966]
[468, 1125]
[469, 503]
[469, 534]
[469, 678]
[470, 528]
[470, 737]
[470, 818]
[470, 869]
[471, 579]
[471, 620]
[471, 730]
[471, 916]
[472, 789]
[472, 813]
[472, 1079]
[473, 507]
[473, 572]
[473, 939]
[473, 1042]
[473, 1125]
[474, 854]
[474, 949]
[474, 964]
[475, 643]
[475, 988]
[475, 1037]
[476, 564]
[476, 644]
[477, 654]
[477, 731]
[477, 1194]
[478, 1161]
[479, 569]
[479, 870]
[479, 982]
[480, 726]
[480, 760]
[481, 687]
[481, 703]
[481, 846]
[481, 1043]
[481, 1078]
[482, 1004]
[483, 580]
[483, 730]
[483, 927]
[483, 956]
[484, 636]
[484, 655]
[484, 713]
[484, 726]
[484, 1028]
[485, 751]
[485, 757]
[485, 1182]
[486, 698]
[486, 719]
[486, 789]
[486, 810]
[486, 903]
[487, 561]
[487, 570]
[487, 697]
[487, 851]
[488, 1057]
[488, 1062]
[488, 1090]
[489, 632]
[489, 665]
[489, 775]
[489, 938]
[489, 1178]
[490, 563]
[490, 624]
[490, 869]
[490, 906]
[491, 684]
[492, 503]
[492, 536]
[492, 562]
[492, 937]
[493, 549]
[493, 993]
[493, 1050]
[493, 1067]
[494, 805]
[494, 822]
[494, 838]
[495, 530]
[495, 676]
[495, 1002]
[496, 874]
[496, 907]
[496, 1198]
[497, 759]
[497, 980]
[497, 1125]
[498, 747]
[498, 763]
[498, 944]
[498, 994]
[499, 592]
[499, 924]
[499, 963]
[499, 970]
[499, 1057]
[499, 1064]
[500, 544]
[500, 637]
[500, 724]
[500, 780]
[501, 674]
[501, 715]
[501, 973]
[502, 550]
[502, 764]
[502, 991]
[502, 1023]
[502, 1165]
[503, 562]
[504, 741]
[504, 966]
[504, 1005]
[505, 891]
[505, 909]
[505, 1027]
[505, 1135]
[506, 639]
[506, 648]
[506, 692]
[506, 742]
[506, 850]
[507, 572]
[507, 1042]
[508, 522]
[508, 668]
[508, 717]
[508, 854]
[508, 1045]
[508, 1047]
[509, 788]
[509, 934]
[509, 1071]
[509, 1152]
[510, 528]
[510, 628]
[510, 833]
[510, 894]
[510, 1133]
[511, 734]
[511, 897]
[511, 1080]
[512, 681]
[512, 736]
[512, 936]
[512, 1134]
[513, 755]
[514, 549]
[514, 629]
[514, 976]
[514, 1168]
[515, 567]
[515, 580]
[515, 719]
[515, 930]
[515, 989]
[515, 1005]
[516, 603]
[516, 892]
[516, 911]
[516, 1000]
[517, 808]
[517, 812]
[517, 1015]
[517, 1103]
[518, 712]
[518, 844]
[518, 1129]
[518, 1148]
[519, 948]
[519, 1029]
[520, 525]
[520, 529]
[520, 952]
[520, 961]
[521, 524]
[521, 527]
[521, 646]
[521, 1019]
[522, 854]
[522, 1000]
[522, 1045]
[522, 1072]
[523, 585]
[523, 879]
[524, 646]
[525, 529]
[525, 554]
[525, 696]
[525, 1095]
[526, 596]
[526, 769]
[526, 879]
[526, 1047]
[527, 548]
[527, 898]
[527, 908]
[527, 1019]
[528, 737]
[528, 869]
[528, 894]
[529, 829]
[529, 1035]
[530, 676]
[530, 848]
[530, 983]
[530, 1044]
[531, 611]
[531, 625]
[532, 543]
[532, 733]
[532, 832]
[532, 927]
[533, 694]
[533, 739]
[533, 1139]
[534, 544]
[534, 678]
[534, 827]
[534, 954]
[535, 824]
[535, 1026]
[535, 1039]
[535, 1117]
[536, 798]
[536, 937]
[536, 1127]
[537, 696]
[537, 812]
[537, 829]
[538, 563]
[538, 802]
[538, 818]
[538, 990]
[539, 574]
[539, 765]
[539, 805]
[539, 814]
[539, 974]
[539, 1153]
[540, 777]
[541, 586]
[541, 589]
[541, 700]
[541, 845]
[541, 1113]
[542, 551]
[542, 579]
[542, 909]
[542, 1143]
[543, 584]
[543, 746]
[543, 927]
[543, 1158]
[544, 724]
[544, 780]
[544, 827]
[544, 954]
[545, 1087]
[545, 1113]
[545, 1195]
[546, 554]
[546, 847]
[546, 984]
[546, 1032]
[546, 1083]
[546, 1170]
[547, 569]
[547, 1035]
[547, 1052]
[547, 1100]
[547, 1124]
[548, 898]
[548, 908]
[548, 1017]
[548, 1056]
[549, 993]
[549, 1050]
[550, 599]
[550, 991]
[551, 803]
[551, 930]
[551, 1114]
[551, 1143]
[552, 712]
[552, 919]
[553, 1007]
[553, 1077]
[553, 1119]
[554, 696]
[554, 847]
[554, 1032]
[554, 1095]
[555, 614]
[555, 844]
[555, 1137]
[556, 598]
[556, 985]
[557, 661]
[557, 670]
[557, 859]
[557, 987]
[558, 583]
[558, 590]
[558, 886]
[558, 1018]
[559, 782]
[559, 842]
[559, 1172]
[560, 640]
[560, 654]
[560, 778]
[560, 907]
[561, 570]
[561, 767]
[561, 790]
[561, 851]
[561, 1122]
[562, 992]
[562, 1190]
[563, 624]
[563, 818]
[563, 906]
[564, 701]
[564, 1097]
[565, 707]
[565, 779]
[565, 902]
[565, 1156]
[566, 647]
[566, 698]
[566, 956]
[566, 1079]
[567, 810]
[567, 989]
[567, 1005]
[567, 1184]
[568, 594]
[568, 796]
[568, 999]
[568, 1179]
[569, 982]
[569, 1052]
[569, 1100]
[570, 851]
[570, 1081]
[570, 1167]
[571, 599]
[571, 995]
[571, 1116]
[571, 1154]
[571, 1162]
[572, 1042]
[573, 855]
[573, 1036]
[573, 1093]
[573, 1098]
[574, 613]
[574, 765]
[574, 814]
[574, 947]
[575, 682]
[575, 750]
[575, 772]
[575, 776]
[575, 1171]
[576, 621]
[576, 706]
[576, 914]
[576, 1061]
[576, 1132]
[577, 819]
[577, 871]
[577, 997]
[577, 1169]
[578, 834]
[578, 846]
[578, 1161]
[579, 620]
[579, 909]
[580, 719]
[580, 930]
[580, 956]
[581, 641]
[582, 635]
[582, 836]
[582, 1130]
[582, 1174]
[583, 912]
[583, 1018]
[583, 1195]
[584, 746]
[584, 823]
[584, 1105]
[584, 1158]
[585, 879]
[585, 1128]
[586, 589]
[586, 845]
[586, 1130]
[587, 758]
[587, 1137]
[588, 690]
[588, 716]
[588, 794]
[588, 1068]
[589, 619]
[589, 620]
[589, 753]
[589, 845]
[590, 687]
[590, 886]
[591, 597]
[591, 606]
[591, 659]
[591, 908]
[591, 1050]
[592, 754]
[592, 963]
[592, 1057]
[593, 837]
[593, 866]
[593, 969]
[593, 1145]
[594, 946]
[594, 1002]
[594, 1179]
[595, 618]
[595, 738]
[595, 986]
[595, 1168]
[596, 1011]
[596, 1037]
[597, 606]
[597, 1048]
[597, 1067]
[598, 873]
[599, 1116]
[599, 1154]
[600, 781]
[600, 875]
[600, 903]
[601, 776]
[601, 889]
[601, 1053]
[602, 685]
[602, 889]
[602, 1001]
[602, 1024]
[603, 802]
[603, 1000]
[603, 1163]
[604, 617]
[604, 631]
[604, 662]
[604, 826]
[604, 973]
[604, 1147]
[605, 876]
[605, 1138]
[606, 653]
[606, 686]
[606, 1056]
[607, 923]
[607, 1059]
[607, 1119]
[608, 744]
[608, 1183]
[609, 652]
[609, 928]
[609, 1054]
[609, 1099]
[610, 629]
[610, 1162]
[610, 1187]
[611, 669]
[612, 624]
[612, 838]
[612, 902]
[613, 862]
[613, 947]
[613, 1046]
[614, 672]
[614, 1137]
[615, 736]
[615, 752]
[615, 871]
[615, 881]
[615, 1140]
[616, 709]
[616, 714]
[616, 717]
[616, 1085]
[616, 1129]
[616, 1180]
[617, 631]
[617, 830]
[617, 867]
[617, 931]
[617, 1147]
[618, 1168]
[618, 1189]
[619, 620]
[619, 657]
[619, 753]
[620, 753]
[621, 914]
[621, 962]
[621, 1061]
[621, 1177]
[622, 883]
[623, 882]
[623, 883]
[623, 884]
[624, 838]
[624, 906]
[625, 648]
[625, 958]
[626, 867]
[626, 1091]
[626, 1126]
[627, 1100]
[627, 1118]
[628, 833]
[628, 923]
[628, 1133]
[629, 976]
[629, 1162]
[629, 1168]
[630, 678]
[630, 745]
[630, 749]
[630, 885]
[630, 890]
[630, 1089]
[631, 704]
[631, 1147]
[631, 1151]
[632, 723]
[632, 857]
[632, 938]
[632, 1018]
[632, 1178]
[633, 982]
[633, 1118]
[633, 1184]
[634, 651]
[634, 1029]
[634, 1031]
[634, 1149]
[635, 752]
[635, 836]
[635, 850]
[636, 655]
[636, 1008]
[636, 1028]
[637, 1179]
[637, 1192]
[638, 647]
[638, 734]
[638, 817]
[638, 831]
[639, 850]
[640, 654]
[640, 721]
[640, 874]
[640, 1076]
[641, 1088]
[642, 657]
[642, 944]
[644, 853]
[644, 1159]
[645, 660]
[645, 737]
[645, 858]
[645, 1176]
[646, 1110]
[647, 831]
[647, 956]
[648, 692]
[648, 742]
[648, 958]
[649, 1153]
[649, 1186]
[650, 784]
[650, 785]
[650, 791]
[650, 859]
[650, 860]
[651, 700]
[651, 1149]
[652, 766]
[653, 666]
[653, 686]
[653, 1056]
[654, 731]
[654, 1194]
[655, 690]
[655, 1028]
[655, 1099]
[656, 979]
[656, 1051]
[657, 944]
[658, 807]
[658, 926]
[659, 891]
[659, 908]
[659, 1050]
[660, 858]
[660, 1065]
[660, 1198]
[661, 877]
[661, 987]
[662, 771]
[662, 826]
[662, 921]
[662, 973]
[663, 768]
[663, 1038]
[664, 780]
[664, 856]
[664, 1098]
[665, 775]
[665, 1096]
[666, 1025]
[666, 1048]
[666, 1155]
[667, 793]
[667, 800]
[667, 826]
[667, 830]
[668, 717]
[668, 754]
[668, 950]
[668, 960]
[668, 1047]
[669, 958]
[670, 859]
[671, 1010]
[672, 917]
[672, 1055]
[673, 756]
[673, 808]
[673, 817]
[674, 715]
[674, 793]
[675, 691]
[675, 924]
[675, 960]
[676, 783]
[676, 914]
[677, 1053]
[677, 1106]
[677, 1191]
[678, 745]
[678, 885]
[679, 852]
[679, 904]
[679, 917]
[679, 1127]
[679, 1196]
[680, 922]
[680, 948]
[680, 1104]
[681, 736]
[681, 1069]
[682, 772]
[683, 695]
[684, 770]
[684, 1122]
[685, 750]
[685, 840]
[685, 889]
[686, 1056]
[686, 1131]
[687, 703]
[687, 1043]
[688, 1074]
[688, 1086]
[689, 741]
[689, 1014]
[690, 1068]
[690, 1099]
[691, 892]
[692, 742]
[692, 782]
[693, 762]
[693, 768]
[693, 1120]
[693, 1150]
[694, 706]
[694, 722]
[694, 1139]
[695, 861]
[695, 1046]
[696, 1095]
[697, 980]
[697, 1062]
[698, 719]
[698, 903]
[698, 1079]
[699, 1160]
[700, 1113]
[701, 941]
[701, 1097]
[702, 781]
[702, 926]
[702, 967]
[702, 1041]
[703, 1023]
[703, 1043]
[704, 771]
[704, 1151]
[705, 725]
[705, 904]
[705, 1121]
[705, 1193]
[706, 722]
[706, 1132]
[707, 902]
[707, 906]
[707, 942]
[707, 1156]
[707, 1163]
[708, 792]
[708, 1094]
[708, 1158]
[708, 1197]
[709, 717]
[709, 910]
[709, 1085]
[709, 1156]
[710, 857]
[710, 900]
[710, 940]
[710, 943]
[711, 998]
[711, 1022]
[712, 1148]
[713, 726]
[713, 878]
[714, 796]
[714, 1129]
[714, 1180]
[716, 794]
[716, 953]
[716, 1126]
[717, 1047]
[717, 1085]
[718, 740]
[718, 797]
[718, 939]
[719, 903]
[719, 930]
[720, 790]
[720, 893]
[720, 935]
[721, 797]
[721, 874]
[721, 1076]
[721, 1089]
[722, 738]
[722, 965]
[723, 857]
[723, 1013]
[723, 1018]
[724, 780]
[724, 801]
[724, 970]
[724, 1024]
[725, 743]
[725, 904]
[725, 1108]
[727, 740]
[727, 827]
[727, 828]
[727, 1064]
[728, 746]
[728, 843]
[728, 1103]
[728, 1141]
[729, 878]
[730, 916]
[730, 927]
[731, 1097]
[731, 1107]
[731, 1194]
[732, 976]
[732, 1155]
[732, 1189]
[733, 792]
[733, 832]
[733, 1167]
[734, 817]
[734, 897]
[734, 1080]
[735, 975]
[735, 1111]
[735, 1135]
[736, 871]
[736, 1140]
[737, 869]
[737, 1176]
[738, 965]
[738, 986]
[739, 1154]
[739, 1187]
[740, 828]
[740, 939]
[741, 966]
[742, 1074]
[742, 1157]
[743, 799]
[743, 987]
[743, 1108]
[744, 888]
[744, 997]
[744, 1134]
[745, 885]
[745, 1132]
[746, 843]
[746, 1158]
[747, 994]
[747, 1075]
[748, 905]
[748, 951]
[748, 978]
[748, 1120]
[749, 890]
[749, 1089]
[750, 776]
[750, 840]
[750, 1171]
[751, 757]
[751, 955]
[751, 1102]
[752, 850]
[752, 881]
[754, 950]
[754, 960]
[755, 933]
[755, 1026]
[756, 1095]
[756, 1145]
[757, 758]
[757, 762]
[758, 762]
[759, 950]
[759, 980]
[759, 1072]
[760, 860]
[760, 977]
[761, 773]
[761, 868]
[761, 937]
[761, 1196]
[762, 768]
[762, 1150]
[763, 944]
[764, 1021]
[764, 1023]
[764, 1165]
[765, 814]
[766, 897]
[766, 1016]
[766, 1091]
[767, 790]
[767, 1122]
[768, 1150]
[769, 840]
[769, 879]
[769, 1047]
[769, 1180]
[770, 884]
[770, 1122]
[771, 921]
[773, 868]
[774, 863]
[775, 1073]
[776, 1053]
[776, 1171]
[777, 940]
[777, 1020]
[778, 798]
[778, 907]
[778, 929]
[778, 1108]
[779, 787]
[779, 1192]
[781, 875]
[781, 926]
[783, 856]
[783, 914]
[783, 1066]
[784, 791]
[785, 859]
[785, 860]
[785, 877]
[786, 925]
[786, 988]
[787, 1192]
[788, 816]
[788, 934]
[788, 1081]
[788, 1152]
[789, 810]
[789, 813]
[790, 893]
[790, 1122]
[791, 821]
[791, 928]
[792, 1158]
[792, 1167]
[792, 1197]
[793, 826]
[794, 1083]
[795, 806]
[795, 1040]
[796, 999]
[797, 1089]
[798, 929]
[798, 1108]
[798, 1127]
[799, 987]
[800, 830]
[800, 953]
[801, 970]
[801, 1024]
[802, 990]
[802, 1163]
[803, 930]
[803, 1114]
[804, 861]
[804, 1058]
[805, 822]
[805, 838]
[805, 974]
[805, 1153]
[806, 833]
[806, 977]
[807, 911]
[807, 1042]
[808, 817]
[808, 1103]
[809, 943]
[809, 1040]
[809, 1178]
[810, 1184]
[811, 825]
[811, 1116]
[812, 829]
[812, 1015]
[813, 967]
[813, 969]
[814, 915]
[814, 952]
[814, 1164]
[815, 841]
[815, 972]
[815, 1001]
[816, 1063]
[816, 1081]
[816, 1114]
[819, 1169]
[820, 1022]
[820, 1033]
[820, 1082]
[821, 928]
[821, 938]
[822, 838]
[822, 915]
[822, 1059]
[823, 1105]
[823, 1141]
[824, 862]
[824, 1039]
[824, 1148]
[826, 973]
[827, 954]
[827, 1064]
[828, 1190]
[829, 1035]
[830, 867]
[830, 931]
[831, 864]
[831, 912]
[831, 1016]
[832, 1143]
[833, 977]
[833, 1133]
[834, 846]
[834, 1166]
[834, 1188]
[835, 1004]
[835, 1175]
[836, 845]
[836, 1149]
[837, 847]
[837, 969]
[837, 1145]
[839, 849]
[839, 885]
[839, 1006]
[839, 1019]
[840, 1180]
[841, 983]
[841, 1001]
[841, 1183]
[842, 955]
[842, 1172]
[843, 989]
[843, 1070]
[844, 1129]
[845, 1149]
[846, 1078]
[847, 1032]
[848, 876]
[848, 983]
[848, 985]
[848, 1044]
[849, 890]
[849, 1019]
[851, 918]
[851, 934]
[851, 1090]
[852, 904]
[852, 962]
[852, 1049]
[852, 1127]
[853, 1073]
[853, 1159]
[854, 1045]
[855, 872]
[855, 1093]
[856, 1066]
[856, 1098]
[857, 900]
[857, 1018]
[858, 1076]
[858, 1107]
[859, 860]
[860, 977]
[861, 1046]
[861, 1058]
[862, 1046]
[862, 1148]
[864, 912]
[864, 931]
[864, 1016]
[864, 1060]
[865, 971]
[865, 1028]
[865, 1165]
[865, 1173]
[866, 1041]
[866, 1176]
[867, 931]
[867, 1091]
[867, 1126]
[868, 1199]
[870, 957]
[871, 997]
[871, 1140]
[872, 893]
[872, 918]
[873, 905]
[874, 1076]
[874, 1198]
[875, 941]
[876, 985]
[879, 1047]
[880, 896]
[880, 932]
[880, 1109]
[880, 1115]
[880, 1136]
[881, 996]
[882, 883]
[882, 996]
[882, 1191]
[885, 1006]
[886, 1013]
[886, 1142]
[887, 894]
[887, 1194]
[888, 997]
[888, 1123]
[888, 1134]
[890, 1089]
[891, 1135]
[892, 911]
[893, 918]
[895, 899]
[895, 1008]
[896, 1015]
[896, 1109]
[896, 1136]
[897, 1016]
[897, 1080]
[897, 1091]
[898, 908]
[901, 1087]
[901, 1151]
[902, 1156]
[904, 1127]
[905, 951]
[905, 1120]
[906, 942]
[906, 1163]
[908, 1050]
[909, 1027]
[910, 1101]
[910, 1156]
[911, 1042]
[912, 1016]
[912, 1195]
[913, 920]
[913, 981]
[913, 1109]
[913, 1117]
[914, 1061]
[915, 952]
[915, 1059]
[915, 1164]
[917, 1055]
[917, 1196]
[918, 934]
[918, 1090]
[919, 1150]
[920, 981]
[920, 1109]
[920, 1124]
[921, 922]
[921, 932]
[922, 932]
[922, 948]
[923, 1059]
[924, 960]
[924, 970]
[924, 1064]
[925, 988]
[925, 1045]
[928, 1054]
[928, 1099]
[929, 965]
[929, 1108]
[930, 1114]
[931, 1060]
[932, 1115]
[933, 1026]
[933, 1058]
[934, 1090]
[934, 1152]
[936, 972]
[936, 1134]
[937, 1196]
[938, 1178]
[939, 1125]
[940, 943]
[940, 1020]
[942, 1065]
[942, 1163]
[942, 1181]
[943, 1178]
[945, 999]
[945, 1044]
[946, 951]
[946, 1002]
[946, 1049]
[946, 1055]
[947, 961]
[948, 1029]
[949, 964]
[949, 1164]
[950, 960]
[950, 1072]
[951, 1049]
[951, 1055]
[951, 1120]
[952, 961]
[952, 1164]
[953, 1126]
[955, 1102]
[957, 981]
[959, 1012]
[959, 1036]
[959, 1075]
[962, 1049]
[962, 1177]
[963, 1057]
[963, 1128]
[964, 1039]
[964, 1052]
[967, 969]
[967, 1041]
[968, 990]
[968, 1014]
[969, 1145]
[970, 1024]
[970, 1064]
[971, 995]
[974, 1101]
[974, 1153]
[975, 1135]
[976, 1168]
[979, 1011]
[979, 1051]
[980, 1062]
[981, 1109]
[982, 1118]
[983, 1044]
[983, 1183]
[984, 1083]
[984, 1160]
[984, 1170]
[986, 1017]
[988, 1037]
[989, 1005]
[989, 1070]
[991, 1188]
[992, 1181]
[992, 1190]
[993, 1033]
[993, 1050]
[994, 1009]
[994, 1071]
[995, 1162]
[996, 1191]
[997, 1134]
[1000, 1072]
[1001, 1024]
[1003, 1175]
[1003, 1199]
[1007, 1077]
[1009, 1071]
[1009, 1093]
[1009, 1111]
[1011, 1037]
[1012, 1075]
[1012, 1082]
[1013, 1142]
[1016, 1091]
[1017, 1056]
[1020, 1025]
[1021, 1086]
[1021, 1172]
[1022, 1082]
[1023, 1165]
[1025, 1048]
[1025, 1155]
[1026, 1117]
[1028, 1165]
[1028, 1173]
[1029, 1031]
[1030, 1115]
[1031, 1104]
[1032, 1077]
[1034, 1182]
[1035, 1124]
[1036, 1098]
[1039, 1052]
[1041, 1176]
[1043, 1054]
[1043, 1173]
[1048, 1067]
[1048, 1155]
[1049, 1055]
[1052, 1100]
[1054, 1099]
[1054, 1173]
[1061, 1139]
[1062, 1090]
[1063, 1092]
[1063, 1114]
[1065, 1181]
[1065, 1198]
[1066, 1110]
[1066, 1123]
[1074, 1157]
[1076, 1107]
[1078, 1096]
[1080, 1170]
[1081, 1167]
[1083, 1170]
[1084, 1185]
[1086, 1172]
[1087, 1151]
[1088, 1138]
[1091, 1126]
[1092, 1144]
[1092, 1152]
[1093, 1111]
[1095, 1145]
[1097, 1107]
[1103, 1141]
[1105, 1136]
[1106, 1171]
[1106, 1191]
[1109, 1136]
[1110, 1123]
[1113, 1195]
[1116, 1154]
[1121, 1193]
[1129, 1180]
[1130, 1174]
[1144, 1152]
[1146, 1169]
[1154, 1187]
[1155, 1189]
[1158, 1197]
[1165, 1173]
[1166, 1188]
[1175, 1199]
[1179, 1192]
