[0, 44]
[0, 356]
[0, 386]
[0, 442]
[0, 450]
[0, 459]
[0, 521]
[0, 541]
[0, 591]
[0, 603]
[1, 87]
[1, 217]
[1, 262]
[1, 263]
[1, 335]
[1, 370]
[1, 442]
[1, 533]
[1, 577]
[1, 672]
[2, 105]
[2, 138]
[2, 172]
[2, 173]
[2, 380]
[2, 480]
[2, 542]
[2, 560]
[2, 583]
[2, 606]
[3, 114]
[3, 183]
[3, 324]
[3, 348]
[3, 519]
[3, 546]
[3, 623]
[3, 629]
[3, 658]
[3, 678]
[4, 75]
[4, 167]
[4, 184]
[4, 216]
[4, 227]
[4, 382]
[4, 438]
[4, 501]
[4, 538]
[4, 560]
[5, 103]
[5, 200]
[5, 228]
[5, 397]
[5, 484]
[5, 522]
[5, 590]
[5, 650]
[5, 659]
[5, 691]
[6, 220]
[6, 245]
[6, 393]
[6, 403]
[6, 416]
[6, 429]
[6, 431]
[6, 593]
[6, 620]
[6, 621]
[7, 208]
[7, 209]
[7, 223]
[7, 316]
[7, 428]
[7, 435]
[7, 528]
[7, 564]
[7, 584]
[7, 686]
[8, 52]
[8, 128]
[8, 205]
[8, 376]
[8, 411]
[8, 545]
[8, 553]
[8, 576]
[8, 646]
[8, 708]
[9, 58]
[9, 115]
[9, 205]
[9, 242]
[9, 312]
[9, 339]
[9, 642]
[9, 692]
[9, 706]
[9, 710]
[10, 59]
[10, 96]
[10, 224]
[10, 254]
[10, 287]
[10, 290]
[10, 428]
[10, 435]
[10, 528]
[10, 686]
[11, 27]
[11, 38]
[11, 49]
[11, 286]
[11, 336]
[11, 464]
[11, 497]
[11, 529]
[11, 680]
[11, 698]
[12, 80]
[12, 198]
[12, 221]
[12, 342]
[12, 362]
[12, 391]
[12, 463]
[12, 550]
[12, 634]
[12, 697]
[13, 21]
[13, 168]
[13, 181]
[13, 352]
[13, 385]
[13, 469]
[13, 531]
[13, 561]
[13, 569]
[13, 718]
[14, 206]
[14, 232]
[14, 249]
[14, 288]
[14, 372]
[14, 410]
[14, 582]
[14, 594]
[14, 601]
[14, 660]
[15, 66]
[15, 97]
[15, 133]
[15, 154]
[15, 156]
[15, 404]
[15, 599]
[15, 613]
[15, 675]
[15, 687]
[16, 182]
[16, 213]
[16, 321]
[16, 354]
[16, 364]
[16, 391]
[16, 463]
[16, 539]
[16, 545]
[16, 702]
[17, 101]
[17, 180]
[17, 254]
[17, 290]
[17, 361]
[17, 448]
[17, 487]
[17, 527]
[17, 631]
[17, 684]
[18, 69]
[18, 155]
[18, 352]
[18, 376]
[18, 389]
[18, 472]
[18, 485]
[18, 531]
[18, 548]
[18, 667]
[19, 69]
[19, 218]
[19, 226]
[19, 264]
[19, 293]
[19, 327]
[19, 395]
[19, 476]
[19, 485]
[19, 628]
[20, 65]
[20, 197]
[20, 266]
[20, 268]
[20, 359]
[20, 365]
[20, 394]
[20, 434]
[20, 666]
[20, 674]
[21, 134]
[21, 212]
[21, 240]
[21, 344]
[21, 355]
[21, 385]
[21, 469]
[21, 561]
[21, 685]
[22, 144]
[22, 196]
[22, 348]
[22, 405]
[22, 547]
[22, 551]
[22, 641]
[22, 661]
[22, 678]
[22, 683]
[23, 67]
[23, 165]
[23, 166]
[23, 235]
[23, 303]
[23, 408]
[23, 443]
[23, 484]
[23, 520]
[23, 696]
[24, 66]
[24, 156]
[24, 161]
[24, 197]
[24, 248]
[24, 358]
[24, 436]
[24, 499]
[24, 524]
[24, 580]
[25, 40]
[25, 90]
[25, 328]
[25, 361]
[25, 396]
[25, 426]
[25, 487]
[25, 502]
[25, 532]
[25, 656]
[26, 152]
[26, 182]
[26, 190]
[26, 221]
[26, 362]
[26, 364]
[26, 391]
[26, 420]
[26, 463]
[26, 512]
[27, 38]
[27, 270]
[27, 292]
[27, 336]
[27, 363]
[27, 430]
[27, 506]
[27, 529]
[27, 535]
[28, 74]
[28, 261]
[28, 281]
[28, 373]
[28, 375]
[28, 498]
[28, 523]
[28, 566]
[28, 653]
[28, 712]
[29, 111]
[29, 116]
[29, 176]
[29, 189]
[29, 201]
[29, 250]
[29, 280]
[29, 301]
[29, 509]
[29, 571]
[30, 111]
[30, 368]
[30, 422]
[30, 470]
[30, 474]
[30, 559]
[30, 570]
[30, 573]
[30, 615]
[30, 693]
[31, 37]
[31, 141]
[31, 159]
[31, 178]
[31, 321]
[31, 400]
[31, 476]
[31, 523]
[31, 626]
[31, 702]
[32, 39]
[32, 71]
[32, 102]
[32, 221]
[32, 279]
[32, 402]
[32, 420]
[32, 460]
[32, 515]
[32, 643]
[33, 37]
[33, 40]
[33, 206]
[33, 293]
[33, 327]
[33, 328]
[33, 396]
[33, 476]
[33, 502]
[33, 628]
[34, 78]
[34, 109]
[34, 120]
[34, 132]
[34, 144]
[34, 306]
[34, 309]
[34, 501]
[34, 552]
[34, 641]
[35, 100]
[35, 198]
[35, 199]
[35, 240]
[35, 342]
[35, 350]
[35, 411]
[35, 550]
[35, 624]
[35, 697]
[36, 115]
[36, 205]
[36, 242]
[36, 297]
[36, 314]
[36, 553]
[36, 581]
[36, 611]
[36, 624]
[36, 692]
[37, 159]
[37, 206]
[37, 294]
[37, 328]
[37, 373]
[37, 400]
[37, 476]
[37, 601]
[38, 47]
[38, 212]
[38, 286]
[38, 292]
[38, 430]
[38, 478]
[38, 680]
[38, 685]
[39, 64]
[39, 72]
[39, 170]
[39, 190]
[39, 279]
[39, 379]
[39, 402]
[39, 420]
[39, 610]
[40, 86]
[40, 327]
[40, 328]
[40, 390]
[40, 452]
[40, 502]
[40, 656]
[40, 694]
[41, 73]
[41, 83]
[41, 100]
[41, 199]
[41, 342]
[41, 413]
[41, 421]
[41, 444]
[41, 535]
[41, 550]
[42, 111]
[42, 160]
[42, 193]
[42, 301]
[42, 305]
[42, 332]
[42, 559]
[42, 570]
[42, 573]
[42, 605]
[43, 59]
[43, 93]
[43, 224]
[43, 228]
[43, 267]
[43, 513]
[43, 597]
[43, 644]
[43, 673]
[43, 691]
[44, 53]
[44, 129]
[44, 135]
[44, 217]
[44, 369]
[44, 450]
[44, 459]
[44, 603]
[44, 630]
[45, 124]
[45, 127]
[45, 137]
[45, 171]
[45, 225]
[45, 380]
[45, 500]
[45, 554]
[45, 568]
[45, 577]
[46, 103]
[46, 214]
[46, 266]
[46, 296]
[46, 359]
[46, 434]
[46, 510]
[46, 567]
[46, 662]
[46, 674]
[47, 51]
[47, 308]
[47, 309]
[47, 315]
[47, 430]
[47, 549]
[47, 647]
[47, 680]
[47, 685]
[48, 89]
[48, 161]
[48, 170]
[48, 279]
[48, 331]
[48, 424]
[48, 494]
[48, 514]
[48, 622]
[48, 704]
[49, 68]
[49, 336]
[49, 338]
[49, 363]
[49, 483]
[49, 495]
[49, 497]
[49, 529]
[49, 664]
[50, 65]
[50, 108]
[50, 151]
[50, 219]
[50, 319]
[50, 359]
[50, 445]
[50, 457]
[50, 511]
[50, 699]
[51, 212]
[51, 344]
[51, 355]
[51, 401]
[51, 430]
[51, 549]
[51, 557]
[51, 563]
[51, 685]
[52, 141]
[52, 205]
[52, 312]
[52, 321]
[52, 539]
[52, 545]
[52, 626]
[52, 646]
[52, 702]
[53, 55]
[53, 106]
[53, 135]
[53, 142]
[53, 233]
[53, 313]
[53, 386]
[53, 450]
[53, 603]
[54, 142]
[54, 192]
[54, 287]
[54, 388]
[54, 456]
[54, 504]
[54, 525]
[54, 597]
[54, 616]
[54, 719]
[55, 142]
[55, 207]
[55, 313]
[55, 388]
[55, 450]
[55, 525]
[55, 586]
[55, 616]
[55, 672]
[56, 270]
[56, 273]
[56, 334]
[56, 363]
[56, 405]
[56, 427]
[56, 461]
[56, 506]
[56, 529]
[56, 589]
[57, 148]
[57, 169]
[57, 175]
[57, 176]
[57, 257]
[57, 277]
[57, 323]
[57, 419]
[57, 584]
[57, 684]
[58, 123]
[58, 128]
[58, 215]
[58, 222]
[58, 312]
[58, 313]
[58, 388]
[58, 692]
[58, 706]
[59, 60]
[59, 96]
[59, 194]
[59, 224]
[59, 267]
[59, 412]
[59, 513]
[59, 686]
[60, 187]
[60, 244]
[60, 267]
[60, 398]
[60, 406]
[60, 412]
[60, 513]
[60, 572]
[60, 644]
[61, 181]
[61, 295]
[61, 352]
[61, 366]
[61, 387]
[61, 537]
[61, 561]
[61, 569]
[61, 576]
[61, 705]
[62, 119]
[62, 317]
[62, 337]
[62, 543]
[62, 544]
[62, 578]
[62, 609]
[62, 635]
[62, 640]
[62, 690]
[63, 93]
[63, 112]
[63, 135]
[63, 142]
[63, 258]
[63, 287]
[63, 428]
[63, 525]
[63, 597]
[63, 630]
[64, 72]
[64, 182]
[64, 190]
[64, 229]
[64, 261]
[64, 402]
[64, 440]
[64, 536]
[64, 566]
[65, 143]
[65, 219]
[65, 259]
[65, 359]
[65, 365]
[65, 394]
[65, 489]
[65, 699]
[66, 72]
[66, 156]
[66, 161]
[66, 404]
[66, 436]
[66, 610]
[66, 622]
[66, 687]
[67, 76]
[67, 303]
[67, 408]
[67, 415]
[67, 467]
[67, 504]
[67, 532]
[67, 595]
[67, 696]
[68, 121]
[68, 157]
[68, 196]
[68, 338]
[68, 374]
[68, 465]
[68, 483]
[68, 495]
[68, 695]
[69, 95]
[69, 177]
[69, 226]
[69, 264]
[69, 352]
[69, 366]
[69, 485]
[69, 548]
[70, 84]
[70, 90]
[70, 191]
[70, 249]
[70, 289]
[70, 426]
[70, 481]
[70, 595]
[70, 651]
[70, 668]
[71, 80]
[71, 221]
[71, 230]
[71, 318]
[71, 391]
[71, 402]
[71, 460]
[71, 536]
[71, 634]
[72, 154]
[72, 229]
[72, 379]
[72, 404]
[72, 440]
[72, 610]
[72, 687]
[73, 413]
[73, 421]
[73, 444]
[73, 449]
[73, 490]
[73, 506]
[73, 515]
[73, 556]
[73, 589]
[74, 191]
[74, 269]
[74, 271]
[74, 303]
[74, 373]
[74, 410]
[74, 645]
[74, 653]
[74, 712]
[75, 120]
[75, 216]
[75, 238]
[75, 273]
[75, 360]
[75, 382]
[75, 501]
[75, 551]
[75, 683]
[76, 90]
[76, 192]
[76, 415]
[76, 456]
[76, 487]
[76, 504]
[76, 532]
[76, 656]
[76, 719]
[77, 83]
[77, 146]
[77, 164]
[77, 173]
[77, 199]
[77, 444]
[77, 540]
[77, 550]
[77, 606]
[77, 677]
[78, 109]
[78, 120]
[78, 132]
[78, 227]
[78, 237]
[78, 284]
[78, 383]
[78, 447]
[78, 609]
[79, 108]
[79, 187]
[79, 204]
[79, 220]
[79, 260]
[79, 311]
[79, 417]
[79, 572]
[79, 632]
[79, 699]
[80, 146]
[80, 198]
[80, 213]
[80, 297]
[80, 318]
[80, 391]
[80, 475]
[80, 634]
[81, 131]
[81, 150]
[81, 231]
[81, 246]
[81, 374]
[81, 482]
[81, 518]
[81, 665]
[81, 709]
[81, 713]
[82, 115]
[82, 242]
[82, 339]
[82, 451]
[82, 454]
[82, 503]
[82, 617]
[82, 642]
[82, 648]
[82, 714]
[83, 199]
[83, 421]
[83, 444]
[83, 538]
[83, 540]
[83, 556]
[83, 557]
[83, 563]
[84, 90]
[84, 194]
[84, 415]
[84, 493]
[84, 496]
[84, 575]
[84, 651]
[84, 668]
[84, 673]
[85, 89]
[85, 97]
[85, 140]
[85, 331]
[85, 482]
[85, 546]
[85, 622]
[85, 704]
[85, 713]
[85, 717]
[86, 155]
[86, 180]
[86, 327]
[86, 448]
[86, 452]
[86, 472]
[86, 502]
[86, 628]
[86, 652]
[87, 104]
[87, 258]
[87, 335]
[87, 370]
[87, 558]
[87, 574]
[87, 596]
[87, 650]
[87, 672]
[88, 125]
[88, 150]
[88, 218]
[88, 243]
[88, 264]
[88, 265]
[88, 304]
[88, 441]
[88, 477]
[88, 612]
[89, 331]
[89, 414]
[89, 424]
[89, 461]
[89, 547]
[89, 695]
[89, 704]
[89, 717]
[90, 415]
[90, 426]
[90, 487]
[90, 532]
[90, 575]
[90, 595]
[91, 344]
[91, 350]
[91, 355]
[91, 356]
[91, 401]
[91, 521]
[91, 541]
[91, 557]
[91, 591]
[91, 677]
[92, 119]
[92, 187]
[92, 244]
[92, 329]
[92, 398]
[92, 412]
[92, 453]
[92, 543]
[92, 635]
[92, 690]
[93, 112]
[93, 228]
[93, 258]
[93, 513]
[93, 517]
[93, 596]
[93, 597]
[93, 620]
[94, 117]
[94, 148]
[94, 209]
[94, 285]
[94, 425]
[94, 462]
[94, 468]
[94, 508]
[94, 534]
[94, 625]
[95, 177]
[95, 181]
[95, 280]
[95, 352]
[95, 531]
[95, 548]
[95, 571]
[95, 579]
[95, 718]
[96, 101]
[96, 194]
[96, 254]
[96, 371]
[96, 412]
[96, 435]
[96, 526]
[96, 639]
[97, 140]
[97, 156]
[97, 163]
[97, 236]
[97, 482]
[97, 622]
[97, 675]
[97, 687]
[98, 113]
[98, 138]
[98, 158]
[98, 172]
[98, 202]
[98, 230]
[98, 251]
[98, 524]
[98, 530]
[98, 643]
[99, 121]
[99, 183]
[99, 231]
[99, 246]
[99, 346]
[99, 374]
[99, 565]
[99, 711]
[99, 713]
[99, 716]
[100, 199]
[100, 212]
[100, 240]
[100, 342]
[100, 355]
[100, 387]
[100, 535]
[100, 561]
[101, 254]
[101, 361]
[101, 371]
[101, 422]
[101, 526]
[101, 575]
[101, 631]
[101, 655]
[102, 170]
[102, 279]
[102, 420]
[102, 424]
[102, 449]
[102, 490]
[102, 514]
[102, 515]
[102, 589]
[103, 107]
[103, 200]
[103, 340]
[103, 510]
[103, 590]
[103, 650]
[103, 662]
[103, 674]
[104, 207]
[104, 235]
[104, 525]
[104, 558]
[104, 596]
[104, 616]
[104, 659]
[104, 672]
[104, 714]
[105, 172]
[105, 173]
[105, 307]
[105, 444]
[105, 449]
[105, 460]
[105, 515]
[105, 556]
[105, 560]
[106, 123]
[106, 142]
[106, 222]
[106, 233]
[106, 313]
[106, 325]
[106, 388]
[106, 627]
[106, 681]
[107, 370]
[107, 510]
[107, 558]
[107, 567]
[107, 574]
[107, 649]
[107, 650]
[107, 654]
[107, 662]
[108, 214]
[108, 260]
[108, 345]
[108, 359]
[108, 445]
[108, 489]
[108, 632]
[108, 699]
[109, 227]
[109, 237]
[109, 309]
[109, 315]
[109, 473]
[109, 501]
[109, 549]
[109, 647]
[110, 113]
[110, 202]
[110, 251]
[110, 310]
[110, 516]
[110, 530]
[110, 567]
[110, 649]
[110, 654]
[110, 662]
[111, 116]
[111, 189]
[111, 257]
[111, 301]
[111, 368]
[111, 559]
[111, 573]
[112, 208]
[112, 316]
[112, 393]
[112, 428]
[112, 513]
[112, 620]
[112, 630]
[112, 686]
[113, 138]
[113, 234]
[113, 251]
[113, 480]
[113, 530]
[113, 568]
[113, 618]
[113, 654]
[114, 140]
[114, 163]
[114, 219]
[114, 241]
[114, 324]
[114, 546]
[114, 602]
[114, 608]
[114, 629]
[115, 205]
[115, 242]
[115, 297]
[115, 409]
[115, 539]
[115, 642]
[115, 648]
[116, 179]
[116, 280]
[116, 368]
[116, 407]
[116, 509]
[116, 573]
[116, 676]
[116, 693]
[117, 134]
[117, 285]
[117, 369]
[117, 425]
[117, 508]
[117, 541]
[117, 603]
[117, 607]
[117, 669]
[118, 138]
[118, 146]
[118, 164]
[118, 173]
[118, 234]
[118, 433]
[118, 475]
[118, 480]
[118, 606]
[118, 618]
[119, 162]
[119, 193]
[119, 317]
[119, 453]
[119, 543]
[119, 587]
[119, 635]
[119, 689]
[120, 227]
[120, 274]
[120, 284]
[120, 382]
[120, 501]
[120, 551]
[120, 641]
[121, 183]
[121, 196]
[121, 346]
[121, 374]
[121, 465]
[121, 658]
[121, 661]
[121, 717]
[122, 130]
[122, 145]
[122, 259]
[122, 357]
[122, 377]
[122, 488]
[122, 585]
[122, 602]
[122, 679]
[122, 701]
[123, 128]
[123, 195]
[123, 222]
[123, 302]
[123, 313]
[123, 389]
[123, 507]
[123, 627]
[124, 225]
[124, 262]
[124, 370]
[124, 480]
[124, 533]
[124, 568]
[124, 577]
[124, 618]
[124, 654]
[125, 150]
[125, 218]
[125, 293]
[125, 294]
[125, 384]
[125, 477]
[125, 594]
[125, 614]
[125, 665]
[126, 145]
[126, 349]
[126, 367]
[126, 398]
[126, 406]
[126, 488]
[126, 496]
[126, 526]
[126, 600]
[126, 639]
[127, 211]
[127, 326]
[127, 380]
[127, 438]
[127, 471]
[127, 479]
[127, 500]
[127, 554]
[127, 637]
[128, 205]
[128, 312]
[128, 389]
[128, 507]
[128, 646]
[128, 692]
[128, 708]
[129, 210]
[129, 285]
[129, 316]
[129, 369]
[129, 459]
[129, 555]
[129, 593]
[129, 621]
[129, 630]
[130, 145]
[130, 259]
[130, 289]
[130, 333]
[130, 377]
[130, 481]
[130, 491]
[130, 657]
[130, 666]
[131, 231]
[131, 232]
[131, 236]
[131, 392]
[131, 482]
[131, 582]
[131, 594]
[131, 660]
[131, 665]
[132, 284]
[132, 306]
[132, 317]
[132, 337]
[132, 578]
[132, 609]
[132, 636]
[132, 641]
[133, 268]
[133, 271]
[133, 320]
[133, 378]
[133, 404]
[133, 599]
[133, 613]
[133, 653]
[133, 657]
[134, 168]
[134, 283]
[134, 344]
[134, 385]
[134, 425]
[134, 469]
[134, 541]
[134, 607]
[135, 142]
[135, 233]
[135, 316]
[135, 325]
[135, 369]
[135, 428]
[135, 630]
[136, 151]
[136, 274]
[136, 298]
[136, 319]
[136, 360]
[136, 445]
[136, 479]
[136, 511]
[136, 637]
[136, 670]
[137, 326]
[137, 345]
[137, 429]
[137, 431]
[137, 500]
[137, 510]
[137, 554]
[137, 574]
[137, 577]
[138, 172]
[138, 173]
[138, 230]
[138, 234]
[138, 460]
[138, 480]
[139, 171]
[139, 276]
[139, 330]
[139, 403]
[139, 431]
[139, 459]
[139, 555]
[139, 562]
[139, 593]
[139, 621]
[140, 163]
[140, 183]
[140, 236]
[140, 324]
[140, 357]
[140, 546]
[140, 713]
[141, 312]
[141, 321]
[141, 351]
[141, 390]
[141, 400]
[141, 626]
[141, 694]
[141, 710]
[142, 287]
[142, 325]
[142, 388]
[142, 525]
[143, 219]
[143, 259]
[143, 439]
[143, 457]
[143, 488]
[143, 602]
[143, 679]
[143, 699]
[143, 700]
[144, 306]
[144, 338]
[144, 405]
[144, 464]
[144, 552]
[144, 636]
[144, 641]
[144, 661]
[145, 289]
[145, 333]
[145, 488]
[145, 496]
[145, 585]
[145, 600]
[145, 668]
[146, 164]
[146, 173]
[146, 198]
[146, 314]
[146, 475]
[146, 550]
[146, 634]
[147, 249]
[147, 289]
[147, 372]
[147, 426]
[147, 505]
[147, 585]
[147, 600]
[147, 615]
[147, 668]
[147, 671]
[148, 169]
[148, 176]
[148, 255]
[148, 322]
[148, 462]
[148, 508]
[148, 534]
[148, 584]
[149, 238]
[149, 241]
[149, 298]
[149, 331]
[149, 360]
[149, 494]
[149, 547]
[149, 551]
[149, 678]
[149, 683]
[150, 157]
[150, 246]
[150, 304]
[150, 384]
[150, 518]
[150, 612]
[150, 665]
[151, 219]
[151, 241]
[151, 298]
[151, 319]
[151, 358]
[151, 511]
[151, 608]
[151, 629]
[152, 190]
[152, 265]
[152, 364]
[152, 441]
[152, 477]
[152, 512]
[152, 588]
[152, 612]
[152, 703]
[153, 267]
[153, 333]
[153, 394]
[153, 397]
[153, 406]
[153, 489]
[153, 493]
[153, 572]
[153, 590]
[153, 644]
[154, 229]
[154, 375]
[154, 392]
[154, 404]
[154, 613]
[154, 653]
[154, 660]
[154, 687]
[155, 277]
[155, 302]
[155, 323]
[155, 448]
[155, 472]
[155, 548]
[155, 652]
[155, 667]
[156, 163]
[156, 197]
[156, 580]
[156, 599]
[156, 608]
[156, 622]
[157, 246]
[157, 304]
[157, 374]
[157, 483]
[157, 495]
[157, 518]
[157, 664]
[157, 676]
[158, 172]
[158, 185]
[158, 211]
[158, 248]
[158, 251]
[158, 341]
[158, 524]
[158, 583]
[158, 670]
[159, 178]
[159, 261]
[159, 294]
[159, 373]
[159, 375]
[159, 523]
[159, 703]
[159, 715]
[160, 175]
[160, 193]
[160, 252]
[160, 257]
[160, 301]
[160, 329]
[160, 371]
[160, 559]
[160, 564]
[161, 185]
[161, 279]
[161, 494]
[161, 524]
[161, 580]
[161, 610]
[161, 622]
[162, 282]
[162, 317]
[162, 417]
[162, 578]
[162, 623]
[162, 633]
[162, 635]
[162, 689]
[162, 700]
[163, 357]
[163, 365]
[163, 599]
[163, 602]
[163, 608]
[163, 675]
[164, 314]
[164, 347]
[164, 353]
[164, 433]
[164, 606]
[164, 677]
[164, 707]
[165, 166]
[165, 235]
[165, 253]
[165, 484]
[165, 503]
[165, 558]
[165, 649]
[165, 659]
[165, 714]
[166, 253]
[166, 310]
[166, 343]
[166, 443]
[166, 451]
[166, 503]
[166, 520]
[166, 712]
[167, 227]
[167, 275]
[167, 299]
[167, 330]
[167, 438]
[167, 471]
[167, 473]
[167, 538]
[167, 542]
[168, 169]
[168, 195]
[168, 255]
[168, 385]
[168, 469]
[168, 531]
[168, 607]
[168, 667]
[169, 255]
[169, 277]
[169, 419]
[169, 508]
[169, 607]
[169, 627]
[169, 667]
[170, 279]
[170, 379]
[170, 414]
[170, 420]
[170, 424]
[170, 588]
[170, 704]
[171, 225]
[171, 262]
[171, 275]
[171, 276]
[171, 330]
[171, 431]
[171, 554]
[171, 577]
[172, 185]
[172, 307]
[172, 460]
[172, 583]
[172, 643]
[173, 444]
[173, 460]
[173, 606]
[173, 634]
[174, 188]
[174, 203]
[174, 349]
[174, 570]
[174, 585]
[174, 600]
[174, 615]
[174, 671]
[174, 701]
[174, 716]
[175, 257]
[175, 371]
[175, 435]
[175, 528]
[175, 564]
[175, 584]
[175, 631]
[175, 684]
[176, 189]
[176, 201]
[176, 255]
[176, 257]
[176, 277]
[176, 301]
[176, 322]
[177, 179]
[177, 218]
[177, 226]
[177, 243]
[177, 264]
[177, 280]
[177, 304]
[177, 579]
[178, 265]
[178, 294]
[178, 364]
[178, 395]
[178, 476]
[178, 477]
[178, 702]
[178, 703]
[179, 280]
[179, 304]
[179, 495]
[179, 509]
[179, 571]
[179, 579]
[179, 664]
[179, 676]
[180, 323]
[180, 361]
[180, 422]
[180, 448]
[180, 470]
[180, 502]
[180, 631]
[180, 652]
[181, 286]
[181, 292]
[181, 352]
[181, 561]
[181, 579]
[181, 705]
[181, 718]
[182, 190]
[182, 261]
[182, 354]
[182, 364]
[182, 391]
[182, 536]
[182, 703]
[183, 324]
[183, 546]
[183, 658]
[183, 711]
[183, 713]
[183, 717]
[184, 216]
[184, 270]
[184, 273]
[184, 421]
[184, 501]
[184, 538]
[184, 556]
[184, 563]
[184, 647]
[185, 279]
[185, 307]
[185, 341]
[185, 494]
[185, 514]
[185, 524]
[185, 643]
[186, 204]
[186, 274]
[186, 282]
[186, 284]
[186, 319]
[186, 383]
[186, 445]
[186, 632]
[186, 637]
[186, 638]
[187, 244]
[187, 311]
[187, 398]
[187, 417]
[187, 439]
[187, 572]
[187, 635]
[188, 203]
[188, 305]
[188, 332]
[188, 346]
[188, 565]
[188, 570]
[188, 573]
[188, 711]
[188, 716]
[189, 257]
[189, 277]
[189, 280]
[189, 323]
[189, 368]
[189, 548]
[189, 652]
[190, 229]
[190, 379]
[190, 420]
[190, 588]
[190, 703]
[191, 249]
[191, 269]
[191, 288]
[191, 410]
[191, 481]
[191, 595]
[191, 601]
[191, 645]
[192, 215]
[192, 222]
[192, 388]
[192, 504]
[192, 527]
[192, 656]
[192, 706]
[192, 719]
[193, 252]
[193, 305]
[193, 329]
[193, 453]
[193, 543]
[193, 587]
[193, 605]
[194, 224]
[194, 254]
[194, 267]
[194, 496]
[194, 526]
[194, 575]
[194, 673]
[195, 283]
[195, 385]
[195, 389]
[195, 507]
[195, 607]
[195, 627]
[195, 667]
[195, 708]
[196, 338]
[196, 405]
[196, 461]
[196, 547]
[196, 661]
[196, 695]
[196, 717]
[197, 266]
[197, 268]
[197, 358]
[197, 365]
[197, 499]
[197, 599]
[197, 608]
[198, 297]
[198, 314]
[198, 550]
[198, 553]
[198, 624]
[198, 697]
[199, 350]
[199, 355]
[199, 550]
[199, 557]
[199, 677]
[200, 239]
[200, 253]
[200, 397]
[200, 434]
[200, 484]
[200, 662]
[200, 663]
[200, 674]
[201, 250]
[201, 255]
[201, 322]
[201, 462]
[201, 478]
[201, 571]
[201, 698]
[201, 718]
[202, 247]
[202, 248]
[202, 251]
[202, 436]
[202, 499]
[202, 516]
[202, 524]
[202, 530]
[203, 305]
[203, 349]
[203, 367]
[203, 519]
[203, 679]
[203, 689]
[203, 701]
[203, 711]
[204, 245]
[204, 282]
[204, 311]
[204, 383]
[204, 417]
[204, 578]
[204, 632]
[204, 635]
[205, 312]
[205, 539]
[205, 553]
[205, 692]
[206, 293]
[206, 294]
[206, 372]
[206, 396]
[206, 594]
[206, 601]
[206, 614]
[207, 242]
[207, 263]
[207, 339]
[207, 586]
[207, 616]
[207, 617]
[207, 672]
[207, 714]
[208, 210]
[208, 223]
[208, 244]
[208, 316]
[208, 393]
[208, 416]
[208, 686]
[208, 690]
[209, 210]
[209, 223]
[209, 285]
[209, 316]
[209, 369]
[209, 508]
[209, 534]
[209, 584]
[210, 223]
[210, 285]
[210, 316]
[210, 416]
[210, 593]
[210, 598]
[210, 640]
[211, 251]
[211, 296]
[211, 380]
[211, 479]
[211, 500]
[211, 568]
[211, 583]
[211, 670]
[212, 292]
[212, 355]
[212, 430]
[212, 535]
[212, 561]
[212, 685]
[213, 297]
[213, 318]
[213, 354]
[213, 391]
[213, 409]
[213, 536]
[213, 539]
[213, 648]
[214, 296]
[214, 326]
[214, 345]
[214, 359]
[214, 445]
[214, 500]
[214, 510]
[214, 511]
[215, 222]
[215, 312]
[215, 390]
[215, 452]
[215, 656]
[215, 694]
[215, 706]
[215, 710]
[216, 238]
[216, 273]
[216, 307]
[216, 427]
[216, 449]
[216, 556]
[216, 560]
[217, 258]
[217, 335]
[217, 442]
[217, 450]
[217, 459]
[217, 621]
[217, 630]
[217, 672]
[218, 226]
[218, 264]
[218, 293]
[218, 304]
[218, 384]
[218, 688]
[219, 365]
[219, 457]
[219, 602]
[219, 608]
[219, 629]
[220, 245]
[220, 260]
[220, 311]
[220, 345]
[220, 393]
[220, 429]
[220, 517]
[220, 632]
[221, 362]
[221, 391]
[221, 420]
[221, 490]
[221, 515]
[221, 634]
[222, 302]
[222, 388]
[222, 452]
[222, 527]
[222, 681]
[223, 534]
[223, 543]
[223, 544]
[223, 564]
[223, 640]
[223, 690]
[224, 254]
[224, 287]
[224, 456]
[224, 597]
[224, 673]
[224, 719]
[225, 262]
[225, 275]
[225, 347]
[225, 380]
[225, 480]
[225, 542]
[225, 606]
[226, 280]
[226, 368]
[226, 548]
[226, 628]
[226, 652]
[226, 688]
[227, 382]
[227, 447]
[227, 471]
[227, 473]
[227, 501]
[228, 340]
[228, 517]
[228, 590]
[228, 596]
[228, 644]
[228, 650]
[228, 691]
[229, 261]
[229, 375]
[229, 379]
[229, 392]
[229, 703]
[229, 715]
[230, 234]
[230, 318]
[230, 402]
[230, 423]
[230, 460]
[230, 530]
[230, 643]
[231, 232]
[231, 236]
[231, 246]
[231, 291]
[231, 466]
[231, 713]
[231, 716]
[232, 291]
[232, 372]
[232, 466]
[232, 582]
[232, 594]
[232, 614]
[232, 671]
[233, 325]
[233, 369]
[233, 419]
[233, 508]
[233, 603]
[233, 607]
[233, 627]
[234, 318]
[234, 454]
[234, 475]
[234, 492]
[234, 530]
[234, 618]
[235, 339]
[235, 408]
[235, 504]
[235, 616]
[235, 659]
[235, 696]
[235, 714]
[236, 357]
[236, 466]
[236, 482]
[236, 582]
[236, 675]
[236, 713]
[237, 278]
[237, 315]
[237, 447]
[237, 455]
[237, 473]
[237, 598]
[237, 609]
[237, 682]
[238, 307]
[238, 341]
[238, 360]
[238, 427]
[238, 494]
[238, 514]
[238, 683]
[239, 253]
[239, 268]
[239, 271]
[239, 320]
[239, 378]
[239, 434]
[239, 516]
[239, 520]
[239, 663]
[240, 350]
[240, 355]
[240, 385]
[240, 411]
[240, 446]
[240, 561]
[240, 569]
[241, 298]
[241, 331]
[241, 546]
[241, 580]
[241, 608]
[241, 629]
[241, 678]
[242, 339]
[242, 581]
[242, 586]
[242, 617]
[242, 692]
[243, 264]
[243, 295]
[243, 304]
[243, 441]
[243, 486]
[243, 579]
[243, 664]
[243, 705]
[244, 311]
[244, 393]
[244, 412]
[244, 513]
[244, 686]
[244, 690]
[245, 278]
[245, 311]
[245, 383]
[245, 403]
[245, 416]
[245, 632]
[245, 638]
[246, 291]
[246, 374]
[246, 384]
[246, 565]
[246, 676]
[247, 310]
[247, 343]
[247, 378]
[247, 423]
[247, 436]
[247, 440]
[247, 498]
[247, 516]
[247, 530]
[248, 251]
[248, 266]
[248, 296]
[248, 358]
[248, 499]
[248, 524]
[248, 670]
[249, 288]
[249, 289]
[249, 372]
[249, 396]
[249, 426]
[249, 601]
[250, 272]
[250, 301]
[250, 322]
[250, 418]
[250, 437]
[250, 509]
[250, 605]
[250, 698]
[251, 296]
[251, 567]
[251, 568]
[252, 301]
[252, 322]
[252, 418]
[252, 534]
[252, 543]
[252, 544]
[252, 564]
[252, 605]
[253, 310]
[253, 484]
[253, 516]
[253, 520]
[253, 649]
[253, 662]
[254, 290]
[254, 487]
[254, 575]
[254, 719]
[255, 277]
[255, 462]
[255, 469]
[255, 531]
[255, 718]
[256, 274]
[256, 282]
[256, 284]
[256, 319]
[256, 348]
[256, 551]
[256, 623]
[256, 629]
[256, 641]
[256, 678]
[257, 301]
[257, 323]
[257, 559]
[257, 631]
[258, 335]
[258, 525]
[258, 596]
[258, 620]
[258, 630]
[258, 672]
[259, 333]
[259, 365]
[259, 394]
[259, 488]
[259, 602]
[259, 666]
[260, 340]
[260, 345]
[260, 489]
[260, 517]
[260, 572]
[260, 590]
[260, 644]
[261, 354]
[261, 375]
[261, 523]
[261, 566]
[261, 703]
[262, 276]
[262, 347]
[262, 442]
[262, 533]
[262, 577]
[262, 707]
[263, 442]
[263, 450]
[263, 533]
[263, 581]
[263, 586]
[263, 617]
[263, 672]
[263, 707]
[264, 265]
[264, 295]
[264, 366]
[264, 395]
[265, 295]
[265, 364]
[265, 395]
[265, 399]
[265, 441]
[265, 477]
[266, 296]
[266, 358]
[266, 359]
[266, 434]
[266, 499]
[266, 511]
[267, 406]
[267, 493]
[267, 496]
[267, 644]
[267, 673]
[268, 320]
[268, 378]
[268, 434]
[268, 499]
[268, 599]
[268, 666]
[269, 303]
[269, 328]
[269, 373]
[269, 400]
[269, 467]
[269, 532]
[269, 595]
[269, 601]
[270, 273]
[270, 421]
[270, 430]
[270, 506]
[270, 529]
[270, 552]
[270, 647]
[271, 320]
[271, 378]
[271, 498]
[271, 520]
[271, 645]
[271, 653]
[271, 712]
[272, 332]
[272, 381]
[272, 407]
[272, 437]
[272, 465]
[272, 497]
[272, 509]
[272, 592]
[272, 605]
[273, 405]
[273, 427]
[273, 501]
[273, 552]
[273, 683]
[274, 284]
[274, 319]
[274, 360]
[274, 382]
[274, 551]
[274, 637]
[275, 276]
[275, 299]
[275, 330]
[275, 347]
[275, 540]
[275, 542]
[275, 562]
[276, 347]
[276, 442]
[276, 459]
[276, 521]
[276, 562]
[276, 591]
[277, 323]
[277, 531]
[277, 548]
[277, 667]
[278, 383]
[278, 403]
[278, 416]
[278, 447]
[278, 593]
[278, 598]
[278, 609]
[278, 640]
[279, 514]
[279, 610]
[279, 643]
[280, 368]
[280, 548]
[280, 571]
[281, 343]
[281, 351]
[281, 354]
[281, 409]
[281, 443]
[281, 451]
[281, 523]
[281, 566]
[281, 712]
[282, 284]
[282, 319]
[282, 417]
[282, 457]
[282, 578]
[282, 623]
[283, 356]
[283, 385]
[283, 386]
[283, 446]
[283, 507]
[283, 541]
[283, 603]
[283, 607]
[284, 383]
[284, 578]
[284, 641]
[285, 369]
[285, 468]
[285, 555]
[285, 598]
[285, 669]
[286, 292]
[286, 336]
[286, 478]
[286, 571]
[286, 579]
[286, 698]
[286, 718]
[287, 290]
[287, 325]
[287, 428]
[287, 597]
[287, 719]
[288, 289]
[288, 377]
[288, 410]
[288, 481]
[288, 582]
[288, 613]
[288, 657]
[289, 377]
[289, 481]
[289, 585]
[289, 668]
[290, 325]
[290, 527]
[290, 528]
[290, 681]
[290, 684]
[290, 719]
[291, 384]
[291, 474]
[291, 565]
[291, 614]
[291, 671]
[291, 693]
[291, 716]
[292, 336]
[292, 387]
[292, 535]
[292, 561]
[292, 705]
[293, 294]
[293, 476]
[293, 614]
[293, 628]
[293, 688]
[294, 476]
[294, 477]
[294, 594]
[294, 715]
[295, 366]
[295, 399]
[295, 441]
[295, 537]
[295, 619]
[295, 705]
[296, 500]
[296, 511]
[296, 567]
[296, 670]
[297, 314]
[297, 475]
[297, 539]
[297, 553]
[297, 648]
[298, 341]
[298, 358]
[298, 360]
[298, 494]
[298, 580]
[298, 670]
[299, 401]
[299, 473]
[299, 538]
[299, 540]
[299, 549]
[299, 557]
[299, 562]
[299, 563]
[300, 306]
[300, 308]
[300, 309]
[300, 315]
[300, 337]
[300, 418]
[300, 437]
[300, 455]
[300, 625]
[300, 680]
[301, 322]
[301, 605]
[302, 389]
[302, 448]
[302, 452]
[302, 472]
[302, 627]
[302, 667]
[302, 681]
[303, 443]
[303, 467]
[303, 520]
[303, 595]
[303, 645]
[303, 712]
[304, 384]
[304, 664]
[304, 676]
[305, 332]
[305, 349]
[305, 453]
[305, 570]
[305, 587]
[305, 689]
[306, 309]
[306, 337]
[306, 437]
[306, 464]
[306, 592]
[306, 636]
[307, 341]
[307, 449]
[307, 514]
[307, 560]
[307, 583]
[308, 315]
[308, 425]
[308, 462]
[308, 468]
[308, 478]
[308, 625]
[308, 680]
[308, 685]
[309, 315]
[309, 464]
[309, 552]
[309, 647]
[309, 680]
[310, 343]
[310, 492]
[310, 503]
[310, 516]
[310, 530]
[310, 649]
[311, 393]
[311, 416]
[311, 635]
[311, 690]
[312, 646]
[312, 694]
[312, 710]
[313, 386]
[313, 388]
[313, 507]
[313, 586]
[313, 692]
[314, 353]
[314, 433]
[314, 475]
[314, 581]
[314, 624]
[315, 455]
[315, 468]
[315, 549]
[315, 682]
[316, 369]
[316, 428]
[316, 630]
[317, 337]
[317, 578]
[317, 587]
[317, 592]
[317, 633]
[317, 636]
[318, 423]
[318, 475]
[318, 492]
[318, 536]
[318, 648]
[319, 445]
[319, 457]
[319, 629]
[320, 481]
[320, 491]
[320, 645]
[320, 657]
[320, 663]
[320, 666]
[321, 351]
[321, 354]
[321, 409]
[321, 523]
[321, 539]
[321, 702]
[322, 418]
[322, 462]
[322, 534]
[322, 625]
[323, 448]
[323, 631]
[323, 652]
[323, 684]
[324, 357]
[324, 519]
[324, 602]
[324, 679]
[324, 701]
[324, 711]
[325, 419]
[325, 428]
[325, 528]
[325, 681]
[326, 345]
[326, 445]
[326, 500]
[326, 554]
[326, 632]
[326, 637]
[326, 638]
[327, 472]
[327, 476]
[327, 485]
[327, 626]
[327, 628]
[327, 694]
[328, 390]
[328, 396]
[328, 400]
[328, 532]
[328, 601]
[329, 371]
[329, 412]
[329, 435]
[329, 453]
[329, 543]
[329, 564]
[329, 639]
[330, 403]
[330, 447]
[330, 471]
[330, 473]
[330, 554]
[330, 562]
[331, 494]
[331, 546]
[331, 547]
[331, 580]
[331, 622]
[332, 346]
[332, 381]
[332, 407]
[332, 573]
[332, 587]
[332, 605]
[333, 394]
[333, 406]
[333, 488]
[333, 491]
[333, 493]
[333, 496]
[334, 363]
[334, 414]
[334, 424]
[334, 432]
[334, 458]
[334, 461]
[334, 483]
[334, 589]
[334, 695]
[335, 429]
[335, 431]
[335, 574]
[335, 577]
[335, 620]
[335, 621]
[336, 363]
[336, 486]
[336, 579]
[336, 664]
[336, 705]
[337, 418]
[337, 455]
[337, 544]
[337, 592]
[337, 609]
[338, 405]
[338, 464]
[338, 465]
[338, 497]
[338, 529]
[338, 661]
[339, 408]
[339, 616]
[339, 642]
[339, 706]
[339, 714]
[340, 345]
[340, 429]
[340, 510]
[340, 517]
[340, 574]
[340, 590]
[340, 650]
[341, 360]
[341, 479]
[341, 494]
[341, 583]
[341, 670]
[342, 362]
[342, 387]
[342, 413]
[342, 537]
[342, 550]
[342, 697]
[343, 423]
[343, 451]
[343, 492]
[343, 498]
[343, 566]
[343, 712]
[344, 355]
[344, 401]
[344, 425]
[344, 541]
[344, 669]
[344, 685]
[345, 429]
[345, 510]
[345, 632]
[346, 381]
[346, 407]
[346, 465]
[346, 565]
[346, 658]
[346, 711]
[347, 521]
[347, 540]
[347, 606]
[347, 677]
[347, 707]
[348, 623]
[348, 633]
[348, 636]
[348, 641]
[348, 658]
[348, 661]
[348, 678]
[349, 367]
[349, 453]
[349, 570]
[349, 600]
[349, 639]
[349, 655]
[350, 353]
[350, 355]
[350, 356]
[350, 446]
[350, 624]
[350, 677]
[351, 400]
[351, 409]
[351, 443]
[351, 467]
[351, 523]
[351, 642]
[351, 710]
[352, 366]
[352, 376]
[352, 531]
[352, 569]
[353, 356]
[353, 521]
[353, 581]
[353, 611]
[353, 624]
[353, 677]
[353, 707]
[354, 409]
[354, 523]
[354, 536]
[354, 566]
[355, 557]
[356, 386]
[356, 446]
[356, 521]
[356, 541]
[356, 611]
[357, 377]
[357, 466]
[357, 602]
[357, 675]
[357, 701]
[358, 511]
[358, 580]
[358, 608]
[358, 670]
[359, 489]
[359, 511]
[359, 674]
[360, 382]
[360, 479]
[360, 551]
[361, 422]
[361, 426]
[361, 487]
[361, 502]
[361, 505]
[361, 575]
[362, 413]
[362, 463]
[362, 490]
[362, 512]
[362, 537]
[362, 619]
[363, 432]
[363, 483]
[363, 486]
[363, 506]
[363, 529]
[364, 399]
[364, 463]
[364, 702]
[364, 703]
[365, 599]
[365, 602]
[365, 608]
[365, 666]
[366, 376]
[366, 395]
[366, 399]
[366, 485]
[366, 576]
[367, 398]
[367, 439]
[367, 453]
[367, 488]
[367, 679]
[367, 689]
[367, 700]
[368, 470]
[368, 652]
[368, 688]
[368, 693]
[369, 508]
[369, 603]
[370, 533]
[370, 558]
[370, 574]
[370, 577]
[370, 604]
[370, 654]
[371, 435]
[371, 559]
[371, 631]
[371, 639]
[371, 655]
[372, 396]
[372, 474]
[372, 505]
[372, 614]
[372, 671]
[373, 375]
[373, 400]
[373, 410]
[373, 523]
[373, 601]
[374, 518]
[374, 695]
[374, 713]
[374, 717]
[375, 410]
[375, 653]
[375, 660]
[375, 715]
[376, 389]
[376, 485]
[376, 569]
[376, 576]
[376, 646]
[376, 708]
[377, 466]
[377, 582]
[377, 585]
[377, 657]
[377, 675]
[378, 404]
[378, 436]
[378, 498]
[378, 499]
[378, 516]
[379, 392]
[379, 588]
[379, 687]
[379, 704]
[379, 709]
[380, 438]
[380, 480]
[380, 542]
[380, 568]
[380, 583]
[381, 465]
[381, 587]
[381, 592]
[381, 633]
[381, 636]
[381, 658]
[381, 661]
[382, 438]
[382, 471]
[382, 479]
[382, 637]
[383, 447]
[383, 578]
[383, 609]
[383, 638]
[384, 614]
[384, 676]
[384, 688]
[384, 693]
[385, 446]
[385, 569]
[385, 708]
[386, 450]
[386, 507]
[386, 586]
[386, 603]
[386, 611]
[387, 413]
[387, 535]
[387, 537]
[387, 561]
[387, 619]
[387, 705]
[388, 616]
[388, 706]
[389, 472]
[389, 646]
[389, 667]
[389, 708]
[390, 400]
[390, 467]
[390, 532]
[390, 656]
[390, 694]
[390, 710]
[391, 463]
[391, 536]
[392, 482]
[392, 660]
[392, 665]
[392, 687]
[392, 709]
[392, 715]
[393, 416]
[393, 513]
[393, 517]
[393, 620]
[394, 397]
[394, 489]
[394, 491]
[394, 666]
[394, 674]
[395, 399]
[395, 476]
[395, 485]
[395, 626]
[395, 702]
[396, 426]
[396, 502]
[396, 505]
[396, 601]
[397, 491]
[397, 493]
[397, 522]
[397, 590]
[397, 663]
[397, 674]
[398, 406]
[398, 412]
[398, 439]
[398, 453]
[398, 639]
[399, 463]
[399, 537]
[399, 545]
[399, 576]
[399, 702]
[400, 467]
[400, 523]
[401, 549]
[401, 557]
[401, 562]
[401, 591]
[401, 669]
[401, 682]
[402, 423]
[402, 440]
[402, 536]
[402, 610]
[402, 643]
[403, 431]
[403, 447]
[403, 554]
[403, 593]
[403, 638]
[404, 436]
[404, 440]
[404, 498]
[404, 653]
[405, 461]
[405, 529]
[405, 552]
[405, 683]
[406, 439]
[406, 488]
[406, 496]
[406, 572]
[407, 465]
[407, 495]
[407, 509]
[407, 565]
[407, 573]
[407, 676]
[408, 443]
[408, 467]
[408, 504]
[408, 642]
[408, 706]
[408, 710]
[409, 451]
[409, 539]
[409, 642]
[409, 648]
[410, 601]
[410, 613]
[410, 653]
[410, 660]
[411, 446]
[411, 553]
[411, 569]
[411, 576]
[411, 624]
[411, 697]
[411, 708]
[412, 435]
[412, 639]
[412, 686]
[413, 432]
[413, 490]
[413, 506]
[413, 535]
[413, 619]
[414, 424]
[414, 458]
[414, 518]
[414, 588]
[414, 695]
[414, 704]
[414, 709]
[415, 456]
[415, 522]
[415, 595]
[415, 651]
[415, 673]
[415, 696]
[416, 593]
[416, 640]
[416, 690]
[417, 439]
[417, 457]
[417, 635]
[417, 699]
[417, 700]
[418, 437]
[418, 544]
[418, 592]
[418, 605]
[418, 625]
[419, 508]
[419, 528]
[419, 584]
[419, 627]
[419, 681]
[419, 684]
[420, 490]
[420, 512]
[420, 588]
[421, 430]
[421, 506]
[421, 535]
[421, 556]
[421, 563]
[422, 470]
[422, 505]
[422, 559]
[422, 615]
[422, 631]
[422, 655]
[423, 440]
[423, 492]
[423, 530]
[423, 536]
[423, 566]
[424, 427]
[424, 461]
[424, 514]
[424, 589]
[425, 462]
[425, 468]
[425, 469]
[425, 669]
[425, 685]
[426, 505]
[426, 575]
[426, 668]
[427, 449]
[427, 461]
[427, 514]
[427, 589]
[427, 683]
[428, 528]
[428, 686]
[429, 431]
[429, 517]
[429, 574]
[429, 620]
[430, 535]
[430, 563]
[430, 647]
[431, 554]
[431, 577]
[431, 621]
[432, 458]
[432, 486]
[432, 490]
[432, 506]
[432, 512]
[432, 589]
[432, 619]
[433, 454]
[433, 475]
[433, 533]
[433, 581]
[433, 617]
[433, 618]
[433, 707]
[434, 499]
[434, 516]
[434, 662]
[434, 674]
[435, 528]
[435, 564]
[435, 686]
[436, 440]
[436, 499]
[436, 524]
[436, 610]
[437, 464]
[437, 497]
[437, 592]
[437, 680]
[437, 698]
[438, 471]
[438, 479]
[438, 542]
[438, 560]
[438, 583]
[439, 488]
[439, 572]
[439, 699]
[439, 700]
[440, 498]
[440, 566]
[440, 610]
[441, 458]
[441, 486]
[441, 512]
[441, 612]
[441, 619]
[442, 450]
[442, 459]
[442, 521]
[442, 707]
[443, 451]
[443, 467]
[443, 642]
[443, 712]
[444, 515]
[444, 550]
[444, 556]
[444, 634]
[445, 511]
[445, 632]
[445, 637]
[446, 507]
[446, 611]
[446, 624]
[446, 708]
[447, 471]
[447, 473]
[447, 638]
[448, 452]
[448, 527]
[448, 681]
[448, 684]
[449, 514]
[449, 515]
[449, 556]
[449, 589]
[450, 586]
[450, 672]
[451, 492]
[451, 503]
[451, 642]
[451, 648]
[452, 472]
[452, 527]
[452, 656]
[452, 694]
[453, 639]
[453, 689]
[454, 475]
[454, 492]
[454, 503]
[454, 604]
[454, 617]
[454, 618]
[454, 648]
[455, 468]
[455, 544]
[455, 598]
[455, 609]
[455, 625]
[455, 640]
[456, 504]
[456, 597]
[456, 673]
[456, 691]
[456, 696]
[456, 719]
[457, 623]
[457, 629]
[457, 699]
[457, 700]
[458, 483]
[458, 486]
[458, 512]
[458, 518]
[458, 588]
[458, 612]
[459, 555]
[459, 591]
[459, 621]
[460, 515]
[460, 634]
[460, 643]
[461, 547]
[461, 683]
[461, 695]
[462, 469]
[462, 478]
[462, 625]
[463, 537]
[463, 545]
[463, 697]
[464, 497]
[464, 529]
[464, 552]
[464, 680]
[465, 495]
[465, 497]
[465, 661]
[466, 582]
[466, 585]
[466, 671]
[466, 701]
[466, 716]
[467, 532]
[467, 710]
[468, 598]
[468, 625]
[468, 669]
[468, 682]
[469, 478]
[469, 685]
[469, 718]
[470, 474]
[470, 502]
[470, 505]
[470, 628]
[470, 652]
[470, 688]
[471, 554]
[471, 637]
[471, 638]
[472, 485]
[472, 646]
[472, 694]
[473, 549]
[473, 562]
[473, 682]
[474, 505]
[474, 614]
[474, 615]
[474, 671]
[474, 688]
[474, 693]
[475, 648]
[476, 626]
[477, 612]
[477, 665]
[477, 703]
[477, 715]
[478, 680]
[478, 685]
[478, 698]
[478, 718]
[479, 583]
[479, 637]
[479, 670]
[480, 568]
[480, 606]
[480, 618]
[481, 491]
[481, 645]
[481, 651]
[481, 657]
[482, 687]
[482, 704]
[482, 709]
[482, 713]
[483, 486]
[483, 518]
[483, 664]
[483, 695]
[484, 520]
[484, 522]
[484, 659]
[484, 663]
[484, 696]
[485, 626]
[485, 646]
[486, 619]
[486, 664]
[486, 705]
[487, 527]
[487, 575]
[487, 656]
[487, 719]
[488, 679]
[489, 572]
[489, 590]
[489, 674]
[489, 699]
[490, 512]
[490, 515]
[490, 589]
[491, 493]
[491, 651]
[491, 663]
[491, 666]
[492, 503]
[492, 530]
[492, 648]
[493, 496]
[493, 522]
[493, 651]
[493, 673]
[494, 514]
[494, 580]
[495, 497]
[495, 509]
[495, 664]
[495, 676]
[496, 526]
[496, 668]
[497, 509]
[497, 698]
[498, 566]
[498, 653]
[498, 712]
[499, 516]
[500, 510]
[500, 567]
[500, 568]
[501, 552]
[501, 647]
[502, 505]
[502, 628]
[503, 604]
[503, 649]
[503, 714]
[504, 616]
[504, 696]
[504, 706]
[505, 615]
[506, 535]
[506, 589]
[507, 611]
[507, 692]
[507, 708]
[508, 584]
[508, 607]
[509, 571]
[509, 698]
[510, 567]
[510, 574]
[511, 670]
[512, 588]
[512, 619]
[513, 517]
[513, 644]
[513, 686]
[515, 634]
[516, 662]
[517, 620]
[517, 644]
[518, 612]
[518, 695]
[518, 709]
[519, 623]
[519, 633]
[519, 658]
[519, 679]
[519, 689]
[519, 700]
[519, 711]
[520, 645]
[520, 663]
[520, 712]
[521, 591]
[521, 677]
[521, 707]
[522, 651]
[522, 663]
[522, 673]
[522, 691]
[522, 696]
[524, 610]
[524, 643]
[525, 596]
[525, 597]
[525, 616]
[525, 672]
[526, 575]
[526, 600]
[526, 639]
[526, 655]
[526, 668]
[527, 656]
[527, 681]
[527, 719]
[528, 584]
[528, 684]
[529, 552]
[531, 548]
[531, 667]
[531, 718]
[532, 595]
[532, 656]
[533, 604]
[533, 617]
[533, 618]
[533, 707]
[534, 544]
[534, 564]
[534, 584]
[534, 625]
[536, 566]
[537, 576]
[537, 619]
[537, 697]
[538, 540]
[538, 542]
[538, 556]
[538, 560]
[538, 563]
[539, 545]
[539, 553]
[540, 542]
[540, 557]
[540, 606]
[540, 677]
[541, 591]
[541, 603]
[541, 669]
[542, 560]
[542, 606]
[543, 544]
[543, 564]
[543, 690]
[544, 625]
[544, 640]
[545, 553]
[545, 576]
[545, 697]
[545, 702]
[546, 547]
[546, 678]
[546, 717]
[547, 678]
[547, 683]
[547, 717]
[548, 652]
[549, 563]
[549, 647]
[549, 682]
[550, 634]
[551, 641]
[551, 678]
[551, 683]
[552, 647]
[553, 624]
[553, 697]
[554, 638]
[555, 562]
[555, 591]
[555, 593]
[555, 598]
[555, 669]
[555, 682]
[556, 560]
[557, 563]
[557, 677]
[558, 604]
[558, 649]
[558, 650]
[558, 659]
[558, 714]
[559, 570]
[559, 631]
[559, 655]
[560, 583]
[561, 569]
[562, 591]
[562, 682]
[563, 647]
[564, 584]
[565, 573]
[565, 676]
[565, 693]
[565, 716]
[567, 568]
[567, 654]
[567, 662]
[568, 654]
[569, 576]
[569, 708]
[570, 573]
[570, 615]
[570, 655]
[571, 579]
[571, 698]
[571, 718]
[572, 644]
[572, 699]
[573, 693]
[574, 577]
[574, 650]
[575, 668]
[576, 697]
[578, 609]
[578, 635]
[579, 664]
[579, 705]
[580, 608]
[580, 622]
[581, 586]
[581, 611]
[581, 617]
[581, 707]
[582, 613]
[582, 660]
[582, 675]
[585, 600]
[585, 671]
[585, 701]
[586, 611]
[586, 692]
[587, 592]
[587, 605]
[587, 633]
[587, 689]
[588, 612]
[588, 709]
[590, 644]
[590, 674]
[591, 669]
[592, 605]
[592, 636]
[593, 598]
[593, 621]
[594, 614]
[594, 660]
[594, 665]
[594, 715]
[595, 645]
[595, 651]
[596, 597]
[596, 650]
[596, 659]
[596, 691]
[597, 691]
[598, 640]
[598, 682]
[599, 657]
[599, 666]
[599, 675]
[600, 615]
[600, 655]
[600, 668]
[602, 679]
[603, 607]
[604, 617]
[604, 618]
[604, 649]
[604, 654]
[604, 714]
[607, 627]
[609, 640]
[610, 643]
[611, 624]
[611, 692]
[612, 665]
[612, 709]
[613, 653]
[613, 657]
[613, 660]
[613, 675]
[614, 688]
[615, 655]
[615, 671]
[616, 706]
[617, 714]
[618, 654]
[619, 705]
[620, 621]
[620, 630]
[621, 630]
[622, 687]
[622, 704]
[623, 629]
[623, 633]
[623, 700]
[626, 646]
[626, 694]
[626, 702]
[627, 667]
[627, 681]
[628, 652]
[628, 688]
[629, 678]
[631, 684]
[632, 638]
[633, 636]
[633, 658]
[633, 689]
[635, 690]
[636, 641]
[636, 661]
[637, 638]
[639, 655]
[640, 690]
[642, 710]
[645, 651]
[645, 663]
[646, 694]
[649, 654]
[649, 662]
[650, 659]
[651, 663]
[657, 666]
[657, 675]
[658, 661]
[658, 711]
[659, 691]
[659, 696]
[660, 715]
[665, 709]
[665, 715]
[669, 682]
[671, 716]
[673, 691]
[676, 693]
[679, 700]
[679, 701]
[680, 698]
[681, 684]
[687, 704]
[688, 693]
[689, 700]
[691, 696]
[695, 717]
[701, 711]
[701, 716]
[703, 715]
[704, 709]
[706, 710]
[711, 716]
[713, 717]
