(0, 28)
(0, 30)
(0, 49)
(0, 55)
(0, 59)
(0, 65)
(0, 81)
(0, 83)
(0, 84)
(0, 103)
(0, 108)
(0, 110)
(1, 4)
(1, 23)
(1, 33)
(1, 35)
(1, 38)
(1, 42)
(1, 47)
(1, 62)
(1, 86)
(1, 95)
(1, 111)
(1, 117)
(2, 5)
(2, 6)
(2, 8)
(2, 13)
(2, 24)
(2, 26)
(2, 41)
(2, 58)
(2, 63)
(2, 75)
(2, 95)
(2, 101)
(3, 9)
(3, 22)
(3, 24)
(3, 63)
(3, 66)
(3, 82)
(3, 88)
(3, 90)
(3, 92)
(3, 101)
(3, 107)
(3, 113)
(4, 23)
(4, 28)
(4, 42)
(4, 47)
(4, 77)
(4, 83)
(4, 97)
(4, 103)
(4, 111)
(4, 116)
(4, 117)
(5, 6)
(5, 18)
(5, 24)
(5, 27)
(5, 58)
(5, 61)
(5, 63)
(5, 66)
(5, 75)
(5, 85)
(5, 109)
(6, 8)
(6, 15)
(6, 24)
(6, 26)
(6, 27)
(6, 32)
(6, 51)
(6, 61)
(6, 67)
(6, 75)
(7, 12)
(7, 14)
(7, 21)
(7, 36)
(7, 43)
(7, 46)
(7, 59)
(7, 65)
(7, 77)
(7, 79)
(7, 83)
(7, 116)
(8, 13)
(8, 15)
(8, 26)
(8, 38)
(8, 51)
(8, 64)
(8, 75)
(8, 86)
(8, 93)
(8, 95)
(9, 22)
(9, 52)
(9, 73)
(9, 82)
(9, 88)
(9, 90)
(9, 91)
(9, 104)
(9, 106)
(9, 113)
(9, 114)
(10, 17)
(10, 20)
(10, 29)
(10, 32)
(10, 48)
(10, 49)
(10, 60)
(10, 69)
(10, 81)
(10, 96)
(10, 99)
(10, 110)
(11, 12)
(11, 22)
(11, 34)
(11, 36)
(11, 39)
(11, 70)
(11, 79)
(11, 92)
(11, 100)
(11, 104)
(11, 113)
(11, 118)
(12, 14)
(12, 34)
(12, 36)
(12, 39)
(12, 77)
(12, 79)
(12, 80)
(12, 111)
(12, 116)
(12, 118)
(13, 26)
(13, 33)
(13, 41)
(13, 86)
(13, 87)
(13, 93)
(13, 95)
(13, 100)
(13, 101)
(13, 102)
(14, 21)
(14, 31)
(14, 34)
(14, 43)
(14, 56)
(14, 68)
(14, 72)
(14, 79)
(14, 80)
(14, 116)
(15, 17)
(15, 26)
(15, 32)
(15, 51)
(15, 64)
(15, 67)
(15, 69)
(15, 89)
(15, 93)
(15, 112)
(16, 19)
(16, 21)
(16, 29)
(16, 30)
(16, 40)
(16, 43)
(16, 57)
(16, 65)
(16, 71)
(16, 72)
(16, 81)
(16, 99)
(17, 32)
(17, 44)
(17, 48)
(17, 49)
(17, 60)
(17, 67)
(17, 69)
(17, 73)
(17, 89)
(17, 112)
(18, 27)
(18, 40)
(18, 54)
(18, 61)
(18, 66)
(18, 74)
(18, 76)
(18, 85)
(18, 96)
(18, 98)
(18, 109)
(19, 29)
(19, 30)
(19, 40)
(19, 43)
(19, 56)
(19, 72)
(19, 74)
(19, 97)
(19, 98)
(19, 105)
(19, 115)
(20, 29)
(20, 32)
(20, 37)
(20, 51)
(20, 61)
(20, 69)
(20, 74)
(20, 78)
(20, 96)
(20, 105)
(20, 110)
(21, 43)
(21, 46)
(21, 57)
(21, 65)
(21, 68)
(21, 71)
(21, 72)
(21, 79)
(21, 91)
(22, 34)
(22, 68)
(22, 79)
(22, 82)
(22, 91)
(22, 92)
(22, 104)
(22, 107)
(22, 113)
(23, 35)
(23, 37)
(23, 38)
(23, 42)
(23, 78)
(23, 97)
(23, 103)
(23, 105)
(23, 115)
(23, 117)
(24, 26)
(24, 27)
(24, 63)
(24, 66)
(24, 67)
(24, 88)
(24, 90)
(24, 101)
(25, 44)
(25, 45)
(25, 50)
(25, 70)
(25, 84)
(25, 87)
(25, 89)
(25, 93)
(25, 102)
(25, 106)
(25, 112)
(25, 119)
(26, 67)
(26, 90)
(26, 93)
(26, 101)
(26, 102)
(26, 112)
(27, 32)
(27, 48)
(27, 61)
(27, 66)
(27, 67)
(27, 76)
(27, 88)
(27, 96)
(28, 42)
(28, 47)
(28, 50)
(28, 55)
(28, 59)
(28, 77)
(28, 83)
(28, 84)
(28, 103)
(28, 119)
(29, 30)
(29, 40)
(29, 74)
(29, 81)
(29, 96)
(29, 99)
(29, 105)
(29, 110)
(30, 43)
(30, 65)
(30, 81)
(30, 83)
(30, 97)
(30, 103)
(30, 105)
(30, 110)
(31, 34)
(31, 53)
(31, 54)
(31, 56)
(31, 68)
(31, 72)
(31, 80)
(31, 94)
(31, 98)
(31, 107)
(31, 109)
(32, 48)
(32, 51)
(32, 61)
(32, 67)
(32, 69)
(32, 96)
(33, 39)
(33, 41)
(33, 47)
(33, 62)
(33, 86)
(33, 87)
(33, 95)
(33, 100)
(33, 111)
(33, 118)
(34, 53)
(34, 68)
(34, 79)
(34, 80)
(34, 92)
(34, 107)
(34, 118)
(35, 37)
(35, 38)
(35, 58)
(35, 62)
(35, 75)
(35, 85)
(35, 94)
(35, 95)
(35, 115)
(35, 117)
(36, 39)
(36, 45)
(36, 46)
(36, 50)
(36, 59)
(36, 70)
(36, 77)
(36, 79)
(36, 104)
(37, 38)
(37, 51)
(37, 61)
(37, 74)
(37, 75)
(37, 78)
(37, 85)
(37, 105)
(37, 115)
(38, 42)
(38, 51)
(38, 64)
(38, 75)
(38, 78)
(38, 86)
(38, 95)
(39, 47)
(39, 50)
(39, 70)
(39, 77)
(39, 87)
(39, 100)
(39, 111)
(39, 118)
(40, 54)
(40, 57)
(40, 72)
(40, 74)
(40, 76)
(40, 96)
(40, 98)
(40, 99)
(41, 53)
(41, 58)
(41, 62)
(41, 63)
(41, 92)
(41, 95)
(41, 100)
(41, 101)
(41, 118)
(42, 47)
(42, 55)
(42, 64)
(42, 78)
(42, 86)
(42, 103)
(42, 119)
(43, 56)
(43, 65)
(43, 72)
(43, 83)
(43, 97)
(43, 116)
(44, 45)
(44, 49)
(44, 60)
(44, 73)
(44, 84)
(44, 89)
(44, 106)
(44, 108)
(44, 112)
(44, 114)
(45, 46)
(45, 50)
(45, 59)
(45, 70)
(45, 84)
(45, 104)
(45, 106)
(45, 108)
(45, 114)
(46, 59)
(46, 65)
(46, 71)
(46, 79)
(46, 91)
(46, 104)
(46, 108)
(46, 114)
(47, 50)
(47, 77)
(47, 86)
(47, 87)
(47, 111)
(47, 119)
(48, 52)
(48, 60)
(48, 67)
(48, 73)
(48, 76)
(48, 88)
(48, 96)
(48, 99)
(49, 55)
(49, 60)
(49, 69)
(49, 81)
(49, 84)
(49, 89)
(49, 108)
(49, 110)
(50, 59)
(50, 70)
(50, 77)
(50, 84)
(50, 87)
(50, 119)
(51, 61)
(51, 64)
(51, 69)
(51, 75)
(51, 78)
(52, 57)
(52, 60)
(52, 71)
(52, 73)
(52, 76)
(52, 82)
(52, 88)
(52, 91)
(52, 99)
(52, 114)
(53, 58)
(53, 62)
(53, 63)
(53, 80)
(53, 92)
(53, 94)
(53, 107)
(53, 109)
(53, 118)
(54, 57)
(54, 66)
(54, 68)
(54, 72)
(54, 76)
(54, 82)
(54, 98)
(54, 107)
(54, 109)
(55, 64)
(55, 69)
(55, 78)
(55, 84)
(55, 89)
(55, 103)
(55, 110)
(55, 119)
(56, 72)
(56, 80)
(56, 94)
(56, 97)
(56, 98)
(56, 115)
(56, 116)
(56, 117)
(57, 68)
(57, 71)
(57, 72)
(57, 76)
(57, 82)
(57, 91)
(57, 99)
(58, 62)
(58, 63)
(58, 75)
(58, 85)
(58, 94)
(58, 95)
(58, 109)
(59, 65)
(59, 77)
(59, 83)
(59, 84)
(59, 108)
(60, 71)
(60, 73)
(60, 81)
(60, 99)
(60, 108)
(60, 114)
(61, 74)
(61, 75)
(61, 85)
(61, 96)
(62, 80)
(62, 94)
(62, 95)
(62, 111)
(62, 117)
(62, 118)
(63, 66)
(63, 92)
(63, 101)
(63, 107)
(63, 109)
(64, 69)
(64, 78)
(64, 86)
(64, 89)
(64, 93)
(64, 119)
(65, 71)
(65, 81)
(65, 83)
(65, 108)
(66, 76)
(66, 82)
(66, 88)
(66, 107)
(66, 109)
(67, 73)
(67, 88)
(67, 90)
(67, 112)
(68, 72)
(68, 79)
(68, 82)
(68, 91)
(68, 107)
(69, 78)
(69, 89)
(69, 110)
(70, 87)
(70, 100)
(70, 102)
(70, 104)
(70, 106)
(70, 113)
(71, 81)
(71, 91)
(71, 99)
(71, 108)
(71, 114)
(72, 98)
(73, 88)
(73, 90)
(73, 106)
(73, 112)
(73, 114)
(74, 85)
(74, 96)
(74, 98)
(74, 105)
(74, 115)
(75, 85)
(75, 95)
(76, 82)
(76, 88)
(76, 96)
(76, 99)
(77, 83)
(77, 111)
(77, 116)
(78, 103)
(78, 105)
(78, 110)
(79, 91)
(79, 104)
(80, 94)
(80, 111)
(80, 116)
(80, 117)
(80, 118)
(81, 99)
(81, 108)
(81, 110)
(82, 88)
(82, 91)
(82, 107)
(83, 97)
(83, 103)
(83, 116)
(84, 89)
(84, 108)
(84, 119)
(85, 94)
(85, 98)
(85, 109)
(85, 115)
(86, 87)
(86, 93)
(86, 95)
(86, 119)
(87, 93)
(87, 100)
(87, 102)
(87, 119)
(88, 90)
(89, 93)
(89, 112)
(89, 119)
(90, 101)
(90, 102)
(90, 106)
(90, 112)
(90, 113)
(91, 104)
(91, 114)
(92, 100)
(92, 101)
(92, 107)
(92, 113)
(92, 118)
(93, 102)
(93, 112)
(93, 119)
(94, 98)
(94, 109)
(94, 115)
(94, 117)
(96, 99)
(97, 103)
(97, 105)
(97, 115)
(97, 116)
(97, 117)
(98, 109)
(98, 115)
(100, 101)
(100, 102)
(100, 113)
(100, 118)
(101, 102)
(101, 113)
(102, 106)
(102, 112)
(102, 113)
(103, 105)
(103, 110)
(104, 106)
(104, 113)
(104, 114)
(105, 110)
(105, 115)
(106, 112)
(106, 113)
(106, 114)
(107, 109)
(108, 114)
(111, 116)
(111, 117)
(111, 118)
(115, 117)
(116, 117)
