Face([0, 8, 5])
Face([8, 13, 7])
Face([0, 16, 14, 3])
Face([0, 8, 13, 10])
Face([3, 5, 15, 14])
Face([1, 12, 4, 15])
Face([14, 18, 17])
Face([12, 4, 7])
Face([10, 9, 15, 16])
Face([0, 16, 19])
Face([19, 17, 6])
Face([3, 18, 14])
Face([0, 10, 19])
Face([1, 2, 12])
Face([16, 14, 15])
Face([8, 11, 13])
Face([10, 9, 2])
Face([16, 1, 6, 19])
Face([0, 16, 15, 5])
Face([1, 14, 15])
Face([3, 8, 7, 18])
Face([2, 9, 13])
Face([19, 17, 11])
Face([0, 8, 3])
Face([2, 12, 7, 13])
Face([6, 11, 7, 12])
Face([5, 4, 15])
Face([10, 9, 13])
Face([5, 8, 7, 4])
Face([5, 9, 15])
Face([3, 17, 14])
Face([13, 11, 7])
Face([18, 4, 7])
Face([8, 11, 7])
Face([6, 12, 18, 17])
Face([1, 6, 17, 14])
Face([3, 8, 5])
Face([3, 8, 11, 17])
Face([17, 11, 7, 18])
Face([0, 3, 5])
Face([16, 19, 17, 14])
Face([15, 4, 9])
Face([0, 10, 9, 5])
Face([12, 18, 7])
Face([0, 19, 17, 3])
Face([16, 1, 14])
Face([1, 2, 6])
Face([19, 11, 6])
Face([1, 12, 6])
Face([0, 8, 11, 19])
Face([10, 16, 1, 2])
Face([1, 2, 9, 15])
Face([2, 12, 4, 9])
Face([5, 9, 4])
Face([10, 16, 19])
Face([16, 1, 15])
Face([5, 8, 13, 9])
Face([6, 17, 11])
Face([0, 16, 10])
Face([10, 2, 6, 19])
Face([10, 2, 13])
Face([10, 19, 11, 13])
Face([3, 18, 4, 5])
Face([2, 12, 6])
Face([1, 12, 18, 14])
Face([2, 13, 11, 6])
Face([9, 4, 7, 13])
Face([12, 18, 4])
Face([3, 17, 18])
Face([14, 18, 4, 15])
