(0, 129, 259, 134, 142, 17, 147, 156, 158, 286, 288, 298, 55, 316, 196, 76, 209, 82, 233, 367, 114, 376, 121, 124)->[4, 0, -2*r2, -2*r2]
(0, 129, 256, 259, 132, 261, 134, 263, 264, 137, 10, 138, 267, 147, 151, 287, 289, 166, 295, 44, 303, 50, 184, 61, 191, 320, 324, 197, 73, 332, 83, 212, 214, 90, 349, 222, 351, 229, 359, 104, 237, 241, 379, 375, 121, 251, 252, 255)->[0, 0, -4, 0]
(0, 129, 260, 292, 298, 76, 142, 82, 214, 23, 379, 94)->[2*r2, 2*r2, -4, -4]
(0, 224, 259, 263, 137, 233, 268, 332, 142, 238, 338, 214, 345, 90, 349, 94)->[2*r2, 2*r2, -4, 0]
(135, 139, 19, 275, 150, 279, 30, 164, 296, 171, 48, 188, 189, 62, 206, 213, 87, 344, 223, 230, 110, 242, 115, 382)->[0, -4, 2*r2, -2*r2]
(128, 2, 144, 152, 26, 27, 36, 38, 167, 294, 46, 308, 200, 204, 333, 215, 218, 348, 101, 362, 239, 368, 373, 246)->[0, -4, 2*r2, 2*r2]
(263, 264, 137, 11, 12, 268, 269, 151, 284, 285, 293, 302, 58, 315, 191, 195, 68, 197, 226, 100, 109, 238, 119, 381)->[4, 0, -2*r2, 2*r2]
(257, 132, 5, 13, 271, 33, 162, 53, 309, 183, 184, 186, 320, 326, 203, 208, 92, 355, 229, 359, 113, 116, 252, 125)->[0, -4, -2*r2, -2*r2]
(130, 133, 265, 278, 280, 282, 31, 40, 41, 42, 172, 174, 175, 49, 192, 67, 327, 329, 202, 330, 335, 227, 105, 365)->[0, 4, 2*r2, 2*r2]
(1, 145, 18, 290, 300, 179, 181, 314, 193, 321, 322, 328, 84, 85, 216, 93, 95, 225, 357, 102, 360, 361, 117, 245)->[4, 0, 2*r2, 2*r2]
(258, 10, 138, 146, 276, 21, 277, 161, 289, 295, 43, 173, 303, 180, 311, 56, 190, 63, 331, 78, 217, 350, 104, 123)->[-4, 0, -2*r2, 2*r2]
(136, 14, 143, 273, 22, 283, 28, 32, 34, 37, 45, 176, 177, 305, 182, 57, 318, 72, 79, 231, 240, 118, 250, 380)->[4, 0, 2*r2, -2*r2]
(3, 266, 270, 274, 149, 169, 170, 60, 66, 80, 337, 210, 346, 347, 221, 353, 98, 354, 234, 236, 243, 371, 247, 377)->[0, 4, 2*r2, -2*r2]
(260, 262, 23, 153, 291, 292, 165, 39, 312, 59, 319, 69, 336, 338, 83, 340, 214, 343, 90, 94, 351, 111, 379, 251)->[0, 4, -2*r2, -2*r2]
(4, 7, 24, 155, 157, 163, 47, 178, 51, 306, 187, 65, 325, 201, 205, 339, 91, 220, 96, 366, 374, 378, 253, 126)->[-4, 0, 2*r2, 2*r2]
(261, 9, 141, 20, 287, 301, 50, 307, 317, 61, 323, 324, 198, 77, 81, 99, 228, 358, 106, 363, 244, 375, 249, 122)->[0, -4, -2*r2, 2*r2]
(8, 140, 15, 272, 148, 281, 29, 299, 304, 52, 185, 313, 194, 199, 334, 207, 89, 97, 356, 112, 372, 248, 254, 383)->[-4, 0, 2*r2, -2*r2]
(256, 131, 160, 35, 168, 297, 44, 64, 70, 73, 74, 75, 332, 212, 341, 342, 345, 349, 224, 352, 103, 107, 235, 127)->[0, 4, -2*r2, 2*r2]
(6, 267, 16, 25, 154, 159, 166, 54, 310, 71, 211, 86, 88, 219, 222, 232, 108, 237, 364, 241, 369, 370, 120, 255)->[-4, 0, -2*r2, -2*r2]
(130, 6, 16, 146, 274, 149, 278, 280, 281, 282, 35, 291, 39, 168, 169, 174, 304, 178, 51, 310, 311, 63, 66, 69, 199, 201, 75, 78, 334, 80, 335, 336, 339, 340, 343, 91, 221, 350, 352, 103, 232, 235, 112, 370, 372, 120, 378, 123)->[-2*r2, 2*r2, 0, 0]
(2, 131, 258, 7, 9, 11, 141, 269, 276, 21, 277, 26, 38, 40, 41, 297, 172, 301, 302, 175, 180, 192, 65, 321, 195, 325, 70, 200, 74, 202, 205, 81, 341, 215, 216, 217, 93, 225, 100, 361, 106, 107, 363, 109, 368, 117, 374, 126)->[0, 0, 0, 4]
(133, 12, 268, 142, 17, 22, 23, 153, 284, 285, 158, 31, 160, 290, 42, 312, 57, 59, 60, 316, 318, 64, 193, 322, 67, 72, 328, 329, 76, 337, 210, 338, 85, 342, 345, 347, 94, 224, 357, 231, 233, 365, 238, 240, 243, 247, 381, 127)->[2*r2, 2*r2, 0, 0]
(257, 139, 144, 272, 150, 154, 155, 29, 30, 157, 159, 161, 36, 43, 299, 173, 47, 48, 308, 53, 54, 309, 56, 189, 190, 317, 198, 331, 211, 89, 253, 96, 355, 356, 101, 358, 362, 108, 366, 369, 242, 116, 244, 246, 248, 249, 122, 125)->[-2*r2, -2*r2, 0, 0]
(128, 1, 5, 13, 20, 152, 28, 156, 288, 162, 164, 293, 167, 296, 46, 177, 307, 181, 55, 58, 186, 314, 315, 62, 323, 68, 196, 203, 77, 79, 84, 87, 380, 92, 95, 226, 99, 228, 110, 239, 367, 115, 245, 118, 119, 373, 250, 124)->[2*r2, -2*r2, 0, 0]
(382, 3, 260, 262, 8, 136, 140, 143, 271, 19, 25, 283, 286, 32, 33, 292, 165, 298, 305, 182, 183, 313, 188, 319, 194, 326, 71, 206, 207, 208, 209, 82, 86, 88, 219, 223, 353, 354, 230, 234, 236, 364, 111, 113, 114, 371, 376, 254)->[0, 0, 0, -4]
(4, 135, 265, 266, 14, 15, 270, 145, 18, 273, 148, 275, 279, 24, 27, 34, 163, 37, 294, 170, 171, 300, 45, 176, 49, 306, 179, 52, 185, 187, 327, 330, 204, 333, 213, 344, 218, 346, 220, 348, 97, 98, 227, 102, 360, 105, 377, 383)->[0, 0, 4, 0]
(229, 326, 267, 364, 113, 241, 211, 369, 53, 25, 252, 125)->[-2*r2, -2*r2, -4, -4]
(132, 5, 134, 359, 203, 271, 208, 209, 367, 121, 156, 286)->[2*r2, -2*r2, -4, -4]
(97, 66, 194, 266, 236, 334, 207, 112, 371, 52, 149, 346)->[-2*r2, 2*r2, 4, -4]
(196, 231, 136, 28, 305, 114, 118, 316, 376, 57, 124, 158)->[4*r2, 0, 0, -4]
(224, 197, 70, 73, 137, 107, 12, 109, 268, 269, 332, 342)->[2*r2, 2*r2, -4, 4]
(67, 133, 169, 170, 265, 174, 335, 80, 49, 247, 377, 60)->[0, 4*r2, 4, 0]
(193, 290, 195, 68, 321, 302, 117, 245, 315, 284, 381, 95)->[4*r2, 0, 0, 4]
(1, 322, 37, 72, 328, 300, 176, 177, 179, 181, 380, 318)->[4*r2, 0, 4, 0]
(160, 256, 69, 345, 75, 235, 336, 338, 153, 90, 251, 349)->[0, 4*r2, -4, 0]
(101, 38, 294, 325, 362, 204, 47, 306, 215, 155, 220, 126)->[-2*r2, -2*r2, 4, 4]
(165, 6, 39, 166, 232, 262, 237, 83, 340, 88, 219, 351)->[-2*r2, 2*r2, -4, -4]
(356, 71, 8, 108, 16, 304, 370, 54, 86, 281, 29, 254)->[-4*r2, 0, 0, -4]
(185, 230, 135, 313, 171, 140, 299, 242, 19, 148, 150, 89)->[-2*r2, -2*r2, 4, -4]
(128, 2, 228, 106, 363, 239, 144, 307, 244, 246, 26, 317)->[0, -4*r2, 0, 4]
(33, 162, 257, 139, 110, 206, 116, 183, 186, 189, 62, 223)->[0, -4*r2, 0, -4]
(34, 296, 279, 14, 143, 79, 275, 87, 250, 283, 188, 382)->[2*r2, -2*r2, 4, -4]
(225, 227, 357, 360, 329, 42, 330, 172, 361, 175, 18, 85)->[2*r2, 2*r2, 4, 4]
(96, 65, 258, 173, 205, 366, 146, 51, 276, 339, 190, 63)->[-4*r2, 0, 0, 4]
(32, 353, 98, 354, 45, 270, 240, 273, 210, 182, 22, 347)->[2*r2, 2*r2, 4, -4]
(164, 36, 167, 48, 115, 308, 213, 373, 344, 218, 348, 30)->[0, -4*r2, 4, 0]
(192, 130, 163, 7, 327, 41, 105, 187, 178, 278, 374, 91)->[-2*r2, 2*r2, 4, 4]
(248, 4, 199, 201, 15, 272, 372, 24, 253, 378, 157, 383)->[-4*r2, 0, 4, 0]
(102, 200, 333, 46, 368, 145, 84, 152, 314, 27, 93, 216)->[2*r2, -2*r2, 4, 4]
(288, 259, 293, 263, 233, 238, 17, 147, 55, 151, 58, 285)->[4*r2, 0, -4, 0]
(3, 291, 234, 111, 337, 274, 243, 343, 312, 59, 221, 319)->[0, 4*r2, 0, -4]
(320, 99, 324, 355, 198, 358, 13, 20, 309, 184, 92, 61)->[0, -4*r2, -4, 0]
(64, 352, 131, 103, 40, 297, 202, 365, 280, 282, 31, 127)->[0, 4*r2, 0, 4]
(289, 35, 295, 168, 74, 44, 78, 212, 21, 277, 341, 350)->[-2*r2, 2*r2, -4, 4]
(226, 323, 100, 261, 264, 9, 11, 77, 81, 50, 119, 191)->[2*r2, -2*r2, -4, 4]
(249, 10, 331, 141, 301, 303, 180, 375, 56, 217, 122, 287)->[-2*r2, -2*r2, -4, 4]
(161, 255, 104, 138, 43, 310, 311, 120, 154, 123, 222, 159)->[-4*r2, 0, -4, 0]
(320, 255, 324, 198, 10, 43, 138, 267, 331, 211, 309, 375, 249, 252, 125, 159)->[-2*r2, -2*r2, -4, 0]
(33, 162, 5, 124, 156, 188, 208, 209, 305, 87, 376, 250, 283, 28, 62, 223)->[2*r2, -2*r2, 0, -4]
(32, 97, 34, 354, 230, 135, 266, 140, 45, 270, 143, 207, 275, 148, 371, 382)->[0, 0, 4, -4]
(129, 121, 292, 229, 262, 359, 298, 237, 271, 113, 241, 88, 25, 379, 286, 351)->[0, 0, -4, -4]
(100, 197, 287, 295, 73, 74, 107, 44, 109, 301, 303, 81, 50, 277, 217, 191)->[0, 0, -4, 4]
(4, 105, 170, 187, 334, 335, 80, 49, 378, 52, 149, 278, 372, 346, 91, 383)->[-2*r2, 2*r2, 4, 0]
(288, 1, 193, 196, 293, 72, 328, 17, 245, 118, 380, 57, 315, 284, 285, 158)->[4*r2, 0, 0, 0]
(164, 37, 167, 296, 300, 46, 14, 79, 145, 177, 84, 181, 279, 344, 27, 348)->[2*r2, -2*r2, 4, 0]
(353, 260, 231, 136, 234, 76, 337, 82, 114, 347, 22, 23, 182, 59, 316, 319)->[2*r2, 2*r2, 0, -4]
(294, 362, 171, 299, 47, 48, 15, 242, 272, 306, 213, 308, 24, 185, 218, 157)->[-2*r2, -2*r2, 4, 0]
(66, 3, 194, 165, 6, 71, 291, 236, 111, 112, 370, 340, 281, 219, 221, 254)->[-2*r2, 2*r2, 0, -4]
(355, 36, 358, 139, 13, 110, 239, 144, 115, 20, 116, 244, 307, 373, 186, 30)->[0, -4*r2, 0, 0]
(257, 326, 313, 8, 108, 364, 206, 369, 19, 189, 53, 86, 150, 89, 29, 183)->[-2*r2, -2*r2, 0, -4]
(98, 67, 227, 322, 357, 265, 329, 176, 240, 18, 179, 210, 273, 377, 60, 318)->[2*r2, 2*r2, 4, 0]
(352, 65, 130, 35, 258, 41, 202, 297, 78, 178, 339, 21, 341, 374, 280, 63)->[-2*r2, 2*r2, 0, 4]
(248, 161, 356, 199, 201, 366, 16, 304, 146, 51, 54, 120, 154, 123, 253, 190)->[-4*r2, 0, 0, 0]
(96, 2, 101, 363, 141, 173, 205, 180, 276, 246, 215, 56, 122, 155, 317, 126)->[-2*r2, -2*r2, 0, 4]
(99, 132, 261, 134, 323, 264, 203, 367, 147, 119, 55, 151, 58, 92, 61, 184)->[2*r2, -2*r2, -4, 0]
(256, 289, 350, 166, 39, 104, 168, 232, 235, 336, 83, 212, 310, 311, 251, 222)->[-2*r2, 2*r2, -4, 0]
(64, 160, 69, 133, 103, 169, 75, 365, 174, 274, 243, 247, 312, 153, 282, 343)->[0, 4*r2, 0, 0]
(321, 290, 131, 70, 40, 361, 42, 12, 172, 269, 302, 85, 342, 127, 381, 31)->[2*r2, 2*r2, 0, 4]
(128, 226, 195, 68, 228, 9, 106, 11, 314, 77, 368, 117, 152, 26, 93, 95)->[2*r2, -2*r2, 0, 4]
(192, 225, 163, 325, 102, 38, 7, 200, 327, 330, 204, 333, 360, 175, 216, 220)->[0, 0, 4, 4]
