[43, 44, 2, 0]
[0, 2, 46, 40, 32, 29, 45, 7]
[0, 7, 6, 47, 38, 43]
[1, 30, 26, 22, 3, 27, 34, 36]
[40, 46, 30, 1]
[1, 36, 24, 17, 32, 40]
[2, 44, 25, 26, 30, 46]
[22, 23, 31, 13, 5, 3]
[3, 5, 21, 27]
[41, 20, 11, 28, 35, 4]
[4, 35, 38, 47]
[47, 6, 37, 18, 16, 9, 41, 4]
[5, 13, 11, 20, 39, 8, 10, 21]
[6, 7, 45, 37]
[14, 19, 10, 8]
[39, 9, 16, 12, 14, 8]
[9, 39, 20, 41]
[10, 19, 42, 34, 27, 21]
[11, 13, 31, 28]
[33, 15, 17, 24, 42, 19, 14, 12]
[12, 16, 18, 33]
[29, 32, 17, 15]
[33, 18, 37, 45, 29, 15]
[26, 25, 23, 22]
[23, 25, 44, 43, 38, 35, 28, 31]
[24, 36, 34, 42]
