Face([22, 93, 125, 158])
Face([1, 176, 185, 10])
Face([94, 108, 178])
Face([93, 185, 45])
Face([84, 137, 69])
Face([116, 67, 109])
Face([0, 8, 23, 36])
Face([169, 56, 154])
Face([85, 148, 39])
Face([103, 9, 135, 156])
Face([191, 68, 186, 111])
Face([85, 90, 135, 39])
Face([174, 115, 54])
Face([22, 187, 149, 93])
Face([23, 72, 20, 86, 12, 153, 186, 111])
Face([57, 29, 63, 127])
Face([4, 17, 66, 37])
Face([145, 44, 63, 13, 125, 158, 86, 20])
Face([6, 128, 105, 191])
Face([152, 115, 113, 11])
Face([165, 176, 185, 173])
Face([43, 121, 100, 147])
Face([37, 41, 132])
Face([38, 172, 82, 55])
Face([151, 119, 71])
Face([84, 137, 48, 167])
Face([35, 136, 167, 89])
Face([18, 144, 106, 138])
Face([36, 184, 183, 75])
Face([156, 90, 135])
Face([2, 89, 35])
Face([52, 70, 19, 7])
Face([32, 34, 92, 108, 178, 175, 70, 95])
Face([131, 97, 74])
Face([89, 60, 19, 168, 151, 27, 48, 167])
Face([88, 178, 108, 107])
Face([8, 23, 111])
Face([181, 25, 147, 139, 142, 109, 190, 6])
Face([28, 11, 119])
Face([144, 118, 99, 46])
Face([18, 156, 103])
Face([106, 169, 56, 118])
Face([116, 179, 14, 67])
Face([58, 24, 155])
Face([127, 80, 114, 157])
Face([95, 73, 60])
Face([20, 41, 104, 86])
Face([134, 61, 31])
Face([182, 186, 68])
Face([7, 168, 130, 150])
Face([30, 122, 166, 69])
Face([18, 76, 153, 103])
Face([136, 97, 74, 167])
Face([134, 25, 43, 61])
Face([30, 129, 133, 47])
Face([61, 56, 169, 43])
Face([27, 48, 21, 188])
Face([38, 42, 180, 172])
Face([5, 160, 150, 52])
Face([18, 138, 76])
Face([75, 72, 183])
Face([4, 17, 160, 150, 130, 119, 28, 171])
Face([155, 16, 139, 147])
Face([36, 75, 72, 23])
Face([86, 12, 49, 79])
Face([110, 54, 174, 128, 105, 182, 135, 39])
Face([43, 121, 154, 169])
Face([57, 59, 121, 154, 51, 91, 157, 127])
Face([92, 108, 107, 101])
Face([32, 159, 73, 95])
Face([159, 162, 164, 163])
Face([16, 141, 178, 94])
Face([4, 171, 132, 37])
Face([17, 160, 65])
Face([127, 157, 13, 63])
Face([29, 44, 63])
Face([2, 73, 112, 96, 71, 117, 137, 84])
Face([5, 160, 65, 57])
Face([146, 80, 66])
Face([37, 41, 104, 187, 149, 114, 80, 66])
Face([47, 148, 133])
Face([128, 184, 105])
Face([2, 89, 60, 73])
Face([19, 112, 70])
Face([3, 62, 177, 170])
Face([30, 122, 47])
Face([86, 12, 158])
Face([116, 179, 142, 109])
Face([33, 128, 174, 26])
Face([5, 57, 59, 100, 94, 178, 175, 52])
Face([117, 137, 21, 188])
Face([175, 178, 141, 189])
Face([144, 180, 46])
Face([57, 59, 31, 29])
Face([188, 113, 77])
Face([44, 66, 80, 63])
Face([46, 51, 99])
Face([22, 187, 158])
Face([93, 125, 98, 45])
Face([157, 114, 13])
Face([42, 169, 106])
Face([18, 144, 118, 76])
Face([58, 25, 134])
Face([75, 171, 81, 183])
Face([173, 114, 149])
Face([32, 163, 159])
Face([88, 178, 141])
Face([10, 91, 157])
Face([93, 125, 149])
Face([122, 166, 131, 140, 49, 9, 135, 39])
Face([176, 35, 163])
Face([52, 150, 189, 175])
Face([37, 145, 20, 41])
Face([3, 124, 85])
Face([93, 185, 173, 149])
Face([14, 67, 109, 142])
Face([18, 144, 46, 45, 93, 22, 143, 103])
Face([0, 33, 6, 181])
Face([84, 136, 167])
Face([184, 105, 182, 9, 49, 79, 15, 183])
Face([42, 169, 154, 50])
Face([4, 145, 37])
Face([92, 101, 102])
Face([64, 140, 49, 143])
Face([18, 144, 180, 172, 82, 133, 148, 156])
Face([33, 26, 190, 6])
Face([168, 96, 71, 151])
Face([85, 124, 133, 148])
Face([67, 177, 123])
Face([5, 57, 127])
Face([152, 123, 120, 11])
Face([147, 139, 94, 100])
Face([1, 10, 157, 127, 5, 52, 70, 95])
Face([1, 32, 95])
Face([64, 140, 78])
Face([175, 189, 87])
Face([59, 121, 100])
Face([18, 138, 90, 156])
Face([35, 136, 83, 47, 133, 82, 164, 163])
Face([23, 184, 105, 111])
Face([30, 69, 83, 47])
Face([9, 153, 186, 182])
Face([175, 178, 88, 87])
Face([33, 128, 184, 36])
Face([2, 84, 69, 30, 129, 53, 162, 159])
Face([8, 181, 191, 111])
Face([95, 60, 19, 70])
Face([45, 98, 99, 46])
Face([11, 120, 113])
Face([1, 32, 34, 40, 50, 51, 91, 10])
Face([19, 168, 96, 112])
Face([102, 161, 107, 101])
Face([142, 179, 16, 139])
Face([63, 80, 114, 13])
Face([143, 49, 12])
Face([17, 65, 29, 44])
Face([14, 107, 161, 142])
Face([40, 172, 38])
Face([135, 90, 68, 182])
Face([70, 112, 87, 175])
Face([2, 35, 136, 84])
Face([165, 176, 35, 89])
Face([158, 187, 149, 125])
Face([190, 26, 116, 109])
Face([0, 33, 26, 116, 179, 16, 155, 58])
Face([26, 152, 115, 174])
Face([191, 105, 111])
Face([1, 32, 163, 176])
Face([170, 177, 67, 109])
Face([27, 48, 74, 78, 104, 41, 132, 126])
Face([5, 160, 146])
Face([14, 88, 141, 179])
Face([17, 66, 44])
Face([52, 70, 175])
Face([171, 132, 126, 28])
Face([0, 33, 36])
Face([34, 40, 172, 164])
Face([33, 128, 6])
Face([76, 153, 12, 158, 125, 98, 99, 118])
Face([110, 122, 39])
Face([4, 75, 171])
Face([4, 17, 44, 145])
Face([170, 109, 190])
Face([27, 117, 71, 151])
Face([99, 56, 118])
Face([34, 162, 101, 92])
Face([131, 74, 78, 140])
Face([144, 106, 118])
Face([48, 137, 21])
Face([1, 176, 165])
Face([48, 74, 131, 21])
Face([124, 129, 53, 55])
Face([116, 152, 123, 67])
Face([31, 61, 121, 59])
Face([27, 188, 77, 126])
Face([40, 50, 180, 172])
Face([20, 86, 79, 15])
Face([127, 80, 63])
Face([27, 188, 117])
Face([37, 66, 146, 7, 168, 151, 126, 132])
Face([15, 81, 183])
Face([22, 158, 12, 143])
Face([3, 85, 39, 110])
Face([57, 65, 24, 59])
Face([131, 97, 83, 166])
Face([34, 40, 92])
Face([5, 146, 80, 127])
Face([85, 90, 156, 148])
Face([58, 24, 31, 134])
Face([119, 11, 120, 71])
Face([22, 64, 78, 187])
Face([142, 161, 139])
Face([57, 65, 29])
Face([123, 177, 54, 115])
Face([119, 130, 96, 71])
Face([62, 177, 54, 110])
Face([170, 190, 174, 54])
Face([156, 148, 39, 135])
Face([126, 28, 119, 151])
Face([107, 161, 108])
Face([168, 96, 130])
Face([69, 83, 166])
Face([14, 107, 88])
Face([47, 122, 166, 83])
Face([164, 82, 172])
Face([103, 153, 12, 143])
Face([73, 112, 19, 60])
Face([162, 164, 82, 53])
Face([91, 98, 13, 157])
Face([165, 60, 19, 7, 146, 80, 114, 173])
Face([10, 173, 114, 157])
Face([2, 89, 167, 84])
Face([20, 72, 183, 15])
Face([36, 184, 23])
Face([41, 132, 81, 15])
Face([3, 62, 129, 124])
Face([76, 138, 106, 118])
Face([51, 154, 56, 99])
Face([117, 120, 71])
Face([128, 184, 183, 81, 77, 113, 115, 174])
Face([10, 185, 173])
Face([165, 89, 167, 74, 78, 187, 149, 173])
Face([20, 41, 15])
Face([38, 102, 55])
Face([168, 151, 119, 130])
Face([29, 63, 13, 98, 99, 56, 61, 31])
Face([113, 120, 123, 115])
Face([111, 105, 182, 186])
Face([47, 122, 39, 148])
Face([50, 154, 51])
Face([7, 168, 19])
Face([29, 65, 24, 31])
Face([14, 179, 142])
Face([3, 170, 190, 6, 191, 68, 90, 85])
Face([2, 73, 159])
Face([171, 81, 132])
Face([94, 108, 161, 139])
Face([179, 16, 141])
Face([181, 25, 43, 169, 106, 138, 68, 191])
Face([3, 62, 110])
Face([124, 129, 133])
Face([43, 169, 42, 38, 102, 161, 139, 147])
Face([138, 68, 90])
Face([23, 72, 183, 184])
Face([112, 96, 87])
Face([58, 25, 147, 155])
Face([86, 104, 187, 158])
Face([61, 121, 43])
Face([170, 177, 54])
Face([126, 28, 77])
Face([49, 9, 153, 12])
Face([47, 83, 97, 64, 143, 103, 156, 148])
Face([69, 137, 21, 166])
Face([3, 170, 54, 110])
Face([110, 122, 166, 21, 188, 113, 115, 54])
Face([6, 128, 174, 190])
Face([190, 26, 174])
Face([124, 133, 82, 55])
Face([33, 26, 152, 11, 28, 171, 75, 36])
Face([59, 24, 155, 100])
Face([40, 50, 154, 121, 100, 94, 108, 92])
Face([176, 185, 45, 46, 180, 172, 164, 163])
Face([34, 162, 164])
Face([104, 78, 140, 79])
Face([8, 134, 61, 56, 118, 76, 186, 111])
Face([171, 81, 77, 28])
Face([55, 82, 53])
Face([0, 8, 134, 58])
Face([96, 130, 189, 87])
Face([76, 186, 68, 138])
Face([8, 23, 72, 145, 44, 29, 31, 134])
Face([4, 145, 72, 75])
Face([88, 141, 189, 87])
Face([45, 98, 91])
Face([162, 53, 101])
Face([126, 132, 81, 77])
Face([0, 8, 181])
Face([13, 114, 149, 125])
Face([136, 97, 83])
Face([191, 105, 182, 68])
Face([103, 9, 49, 143])
Face([160, 65, 24, 155, 16, 141, 189, 150])
Face([17, 160, 146, 66])
Face([64, 97, 74, 78])
Face([129, 53, 82, 133])
Face([62, 129, 30])
Face([37, 145, 44, 66])
Face([45, 91, 51, 46])
Face([62, 110, 122, 30])
Face([49, 140, 79])
Face([188, 21, 131, 140, 79, 15, 81, 77])
Face([55, 53, 101, 102])
Face([31, 24, 59])
Face([50, 51, 46, 180])
Face([28, 11, 113, 77])
Face([26, 152, 116])
Face([91, 98, 99, 51])
Face([146, 160, 150, 7])
Face([16, 139, 94])
Face([8, 181, 25, 134])
Face([0, 58, 24, 65, 17, 4, 75, 36])
Face([84, 136, 83, 69])
Face([40, 50, 42, 38])
Face([150, 130, 189])
Face([86, 104, 79])
Face([135, 9, 182])
Face([0, 58, 25, 181])
Face([131, 97, 64, 140])
Face([27, 48, 137, 117])
Face([144, 106, 42, 180])
Face([32, 34, 164, 163])
Face([76, 153, 186])
Face([32, 159, 162, 34])
Face([40, 38, 102, 92])
Face([42, 50, 180])
Face([48, 74, 167])
Face([10, 91, 45, 185])
Face([95, 73, 112, 70])
Face([119, 130, 189, 141, 179, 116, 152, 11])
Face([62, 129, 53, 101, 107, 14, 67, 177])
Face([165, 89, 60])
Face([120, 123, 67, 14, 88, 87, 96, 71])
Face([5, 146, 7, 52])
Face([52, 150, 7])
Face([22, 64, 143])
Face([155, 16, 94, 100])
Face([117, 120, 113, 188])
Face([3, 170, 109, 142, 161, 102, 55, 124])
Face([92, 108, 161, 102])
Face([155, 147, 100])
Face([1, 165, 60, 95])
Face([152, 115, 123])
Face([176, 185, 93, 22, 64, 97, 136, 35])
Face([98, 125, 13])
Face([25, 43, 147])
Face([61, 56, 154, 121])
Face([103, 9, 153])
Face([85, 124, 55, 38, 42, 106, 138, 90])
Face([21, 131, 166])
Face([41, 104, 79, 15])
Face([2, 35, 163, 159])
Face([145, 72, 20])
Face([27, 126, 151])
Face([187, 104, 78])
Face([73, 112, 87, 88, 107, 101, 162, 159])
Face([181, 6, 191])
Face([62, 177, 123, 120, 117, 137, 69, 30])
Face([1, 10, 173, 165])
