(0, 3, 38, 16, 18, 20, 25, 29)->[0, 0, 0, 8]
(0, 3, 41, 12, 18, 20, 22, 30)->[-4, 4, 0, 4*r2]
(0, 3, 40, 12, 26, 30)->[-4*r2, 0, 0, 4]
(0, 3, 4, 38, 8, 40, 25, 26)->[-4, -4, 0, 4*r2]
(0, 35, 12, 18, 22, 59)->[-2*r2, 2*r2, 4, 4]
(0, 26, 59, 12)->[-4, 0, 2*r2, 2*r2]
(0, 35, 37, 59, 16, 18, 25, 27)->[0, 0, 4*r2, 4*r2]
(0, 4, 37, 25, 26, 59)->[-2*r2, -2*r2, 4, 4]
(35, 37, 59, 11, 48, 24, 27, 31)->[0, 0, 8, 0]
(33, 36, 7, 42, 43, 50, 51, 21)->[4*r2, -4*r2, 0, 0]
(39, 45, 47, 49, 52, 53, 55, 57)->[4*r2, 4*r2, 0, 0]
(32, 4, 8, 40, 17, 54, 26, 63)->[-4*r2, -4*r2, 0, 0]
(1, 2, 10, 44, 46, 58, 60, 62)->[0, 0, 0, -8]
(5, 41, 12, 13, 15, 22, 28, 30)->[-4*r2, 4*r2, 0, 0]
(34, 6, 9, 14, 19, 23, 56, 61)->[0, 0, -8, 0]
(33, 38, 7, 42, 16, 51, 25, 29)->[4, -4, 0, 4*r2]
(4, 37, 48, 17, 54, 26, 59, 31)->[-4, -4, 4*r2, 0]
(4, 7, 8, 43, 50, 51, 54, 63)->[0, -8, 0, 0]
(33, 36, 39, 42, 49, 21, 55, 57)->[8, 0, 0, 0]
(32, 5, 40, 12, 15, 17, 26, 30)->[-8, 0, 0, 0]
(2, 6, 9, 10, 46, 23, 56, 62)->[0, 0, -4*r2, -4*r2]
(32, 1, 10, 44, 46, 17, 54, 63)->[-4, -4, 0, -4*r2]
(35, 5, 12, 13, 48, 22, 24, 59)->[-4, 4, 4*r2, 0]
(5, 44, 13, 46, 15, 60, 28, 62)->[-4, 4, 0, -4*r2]
(34, 3, 38, 14, 19, 20, 61, 29)->[0, 0, -4*r2, 4*r2]
(6, 9, 14, 47, 49, 19, 53, 57)->[4, 4, -4*r2, 0]
(6, 41, 14, 15, 56, 28, 61, 30)->[-4, 4, -4*r2, 0]
(41, 45, 13, 47, 52, 53, 22, 28)->[0, 8, 0, 0]
(1, 2, 36, 10, 43, 50, 21, 58)->[4, -4, 0, -4*r2]
(35, 39, 11, 45, 52, 55, 24, 27)->[4, 4, 4*r2, 0]
(34, 36, 7, 9, 42, 50, 19, 23)->[4, -4, -4*r2, 0]
(1, 11, 44, 48, 24, 58, 60, 31)->[0, 0, 4*r2, -4*r2]
(32, 34, 8, 40, 23, 56, 61, 63)->[-4, -4, -4*r2, 0]
(33, 37, 11, 43, 51, 21, 27, 31)->[4, -4, 4*r2, 0]
(2, 45, 47, 55, 57, 58, 60, 62)->[4, 4, 0, -4*r2]
(33, 37, 16, 51, 25, 27)->[2*r2, -2*r2, 4, 4]
(5, 12, 48, 17, 26, 59)->[-4*r2, 0, 4, 0]
(34, 7, 8, 50, 23, 63)->[0, -4*r2, -4, 0]
(33, 39, 42, 16, 49, 29)->[4*r2, 0, 0, 4]
(32, 5, 44, 46, 15, 17)->[-4*r2, 0, 0, -4]
(34, 3, 38, 8, 40, 61)->[-2*r2, -2*r2, -4, 4]
(6, 46, 15, 56, 28, 62)->[-2*r2, 2*r2, -4, -4]
(45, 13, 60, 47, 28, 62)->[0, 4*r2, 0, -4]
(3, 41, 14, 20, 61, 30)->[-2*r2, 2*r2, -4, 4]
(14, 49, 19, 20, 53, 29)->[2*r2, 2*r2, -4, 4]
(41, 18, 20, 52, 22, 53)->[0, 4*r2, 0, 4]
(6, 41, 14, 47, 53, 28)->[0, 4*r2, -4, 0]
(1, 10, 43, 50, 54, 63)->[0, -4*r2, 0, -4]
(33, 39, 11, 21, 55, 27)->[4*r2, 0, 4, 0]
(35, 45, 13, 52, 22, 24)->[0, 4*r2, 4, 0]
(36, 9, 42, 49, 19, 57)->[4*r2, 0, -4, 0]
(34, 38, 7, 42, 19, 29)->[2*r2, -2*r2, -4, 4]
(1, 44, 48, 17, 54, 31)->[-2*r2, -2*r2, 4, -4]
(32, 10, 46, 23, 56, 63)->[-2*r2, -2*r2, -4, -4]
(4, 37, 43, 51, 54, 31)->[0, -4*r2, 4, 0]
(32, 40, 15, 56, 61, 30)->[-4*r2, 0, -4, 0]
(2, 6, 9, 47, 57, 62)->[2*r2, 2*r2, -4, -4]
(5, 44, 13, 48, 24, 60)->[-2*r2, 2*r2, 4, -4]
(1, 11, 43, 21, 58, 31)->[2*r2, -2*r2, 4, -4]
(11, 45, 55, 24, 58, 60)->[2*r2, 2*r2, 4, -4]
(39, 16, 49, 18, 20, 52, 53, 29)->[4, 4, 0, 4*r2]
(4, 38, 7, 8, 51, 25)->[0, -4*r2, 0, 4]
(2, 36, 9, 10, 50, 23)->[2*r2, -2*r2, -4, -4]
(35, 39, 16, 18, 52, 27)->[2*r2, 2*r2, 4, 4]
(2, 36, 21, 55, 57, 58)->[4*r2, 0, 0, -4]
(18, 35, 52, 22)->[0, 4, 2*r2, 2*r2]
(16, 33, 27, 39)->[4, 0, 2*r2, 2*r2]
(8, 34, 38, 7)->[0, -4, -2*r2, 2*r2]
(48, 17, 44, 5)->[-4, 0, 2*r2, -2*r2]
(32, 56, 46, 15)->[-4, 0, -2*r2, -2*r2]
(25, 51, 4, 37)->[0, -4, 2*r2, 2*r2]
(62, 28, 6, 47)->[0, 4, -2*r2, -2*r2]
(40, 3, 61, 30)->[-4, 0, -2*r2, 2*r2]
(49, 42, 19, 29)->[4, 0, -2*r2, 2*r2]
(41, 20, 53, 14)->[0, 4, -2*r2, 2*r2]
(10, 50, 63, 23)->[0, -4, -2*r2, -2*r2]
(58, 11, 21, 55)->[4, 0, 2*r2, -2*r2]
(9, 2, 36, 57)->[4, 0, -2*r2, -2*r2]
(1, 43, 54, 31)->[0, -4, 2*r2, -2*r2]
(24, 45, 60, 13)->[0, 4, 2*r2, -2*r2]
