Face([36, 74, 71, 23])
Face([2, 72, 59, 87])
Face([61, 177, 53, 110])
Face([2, 72, 161])
Face([48, 12, 84, 79])
Face([134, 60, 31])
Face([127, 158, 114, 78])
Face([121, 125, 66, 14, 88, 86, 95, 70])
Face([75, 139, 105, 118])
Face([13, 97, 123])
Face([1, 33, 26, 116, 179, 16, 156, 57])
Face([30, 129, 132, 46])
Face([113, 188, 76])
Face([131, 96, 73])
Face([110, 186, 135, 182, 104, 126, 174, 53])
Face([11, 90, 44, 184])
Face([94, 72, 112, 69])
Face([1, 33, 36])
Face([83, 136, 168])
Face([62, 43, 65, 78])
Face([97, 98, 45, 44])
Face([12, 84, 159])
Face([61, 177, 125, 121, 117, 137, 68, 30])
Face([14, 66, 109, 142])
Face([166, 176, 35, 87])
Face([0, 32, 164, 176])
Face([151, 130, 189])
Face([48, 140, 63, 143])
Face([40, 133, 128, 27, 47, 73, 77, 102])
Face([5, 182, 135])
Face([131, 73, 77, 140])
Face([88, 178, 108, 107])
Face([22, 187, 149, 92])
Face([57, 24, 156])
Face([9, 181, 150, 111])
Face([166, 173, 149, 187, 77, 73, 168, 87])
Face([101, 157, 148, 46, 82, 96, 63, 143])
Face([61, 129, 30])
Face([15, 81, 76, 188, 19, 131, 140, 79])
Face([0, 32, 94])
Face([21, 112, 69])
Face([182, 106, 67])
Face([2, 72, 112, 95, 70, 117, 137, 83])
Face([1, 36, 74, 4, 17, 64, 24, 57])
Face([4, 17, 160, 151, 130, 119, 28, 171])
Face([15, 40, 133, 81])
Face([95, 130, 189, 86])
Face([10, 152, 116, 179, 141, 189, 130, 119])
Face([38, 41, 180, 172])
Face([175, 86, 189])
Face([98, 118, 55])
Face([93, 138, 147, 99])
Face([142, 138, 16, 179])
Face([11, 173, 114, 158])
Face([85, 186, 148])
Face([19, 131, 167])
Face([90, 97, 13, 158])
Face([17, 65, 43])
Face([161, 163, 165, 164])
Face([34, 91, 100, 163])
Face([3, 61, 110])
Face([72, 112, 21, 59])
Face([31, 58, 122, 60])
Face([121, 117, 70])
Face([4, 17, 43, 145])
Face([4, 74, 71, 145])
Face([176, 35, 164])
Face([93, 178, 108])
Face([5, 48, 143, 101])
Face([2, 161, 164, 35])
Face([146, 8, 127, 78])
Face([56, 29, 62, 127])
Face([10, 28, 119])
Face([0, 176, 166])
Face([119, 130, 95, 70])
Face([66, 177, 125])
Face([64, 24, 31, 29])
Face([181, 25, 42, 169, 105, 139, 67, 150])
Face([88, 178, 175, 86])
Face([35, 136, 168, 87])
Face([2, 35, 87])
Face([167, 82, 68])
Face([166, 59, 87])
Face([0, 11, 158, 127, 8, 51, 69, 94])
Face([22, 187, 77, 63])
Face([91, 108, 162, 103])
Face([53, 177, 125, 115])
Face([152, 116, 66, 125])
Face([138, 162, 103, 38, 41, 169, 42, 147])
Face([1, 9, 181])
Face([142, 179, 116, 109])
Face([16, 93, 178, 141])
Face([141, 178, 175, 189])
Face([88, 141, 189, 86])
Face([61, 110, 120, 30])
Face([166, 176, 184, 173])
Face([39, 91, 103, 38])
Face([146, 65, 78])
Face([30, 120, 46])
Face([94, 72, 59])
Face([57, 24, 31, 134])
Face([16, 138, 147, 156])
Face([173, 114, 149])
Face([10, 152, 125, 121])
Face([88, 178, 141])
Face([113, 121, 125, 115])
Face([90, 50, 45, 44])
Face([51, 69, 175])
Face([171, 81, 76, 28])
Face([56, 58, 122, 155, 50, 90, 158, 127])
Face([3, 124, 85])
Face([51, 8, 160, 151])
Face([14, 66, 116, 179])
Face([3, 170, 53, 110])
Face([42, 169, 155, 122])
Face([101, 154, 12, 143])
Face([156, 24, 58, 99])
Face([7, 146, 8, 51])
Face([56, 64, 29])
Face([15, 40, 102, 79])
Face([79, 140, 77, 102])
Face([101, 18, 75, 154])
Face([171, 28, 128, 133])
Face([7, 51, 69, 21])
Face([167, 120, 46, 82])
Face([4, 145, 37])
Face([16, 156, 99, 93])
Face([154, 106, 75])
Face([33, 26, 190, 6])
Face([33, 126, 6])
Face([126, 104, 185])
Face([39, 49, 41, 38])
Face([84, 102, 187, 159])
Face([39, 172, 38])
Face([173, 184, 92, 149])
Face([17, 64, 29, 43])
Face([110, 120, 186])
Face([123, 92, 149])
Face([191, 130, 95])
Face([37, 65, 43, 145])
Face([56, 58, 31, 29])
Face([37, 40, 133])
Face([135, 89, 67, 182])
Face([5, 48, 140, 131, 167, 120, 186, 135])
Face([165, 80, 172])
Face([23, 185, 104, 111])
Face([163, 165, 80, 52])
Face([42, 122, 60])
Face([181, 25, 147, 138, 142, 109, 190, 6])
Face([170, 177, 66, 109])
Face([9, 134, 31, 29, 43, 145, 71, 23])
Face([32, 161, 164])
Face([2, 83, 136, 35])
Face([182, 104, 150, 67])
Face([11, 173, 184])
Face([48, 140, 79])
Face([144, 45, 98, 118])
Face([187, 77, 102])
Face([136, 96, 73, 168])
Face([84, 102, 79])
Face([171, 81, 133])
Face([127, 62, 13, 158])
Face([190, 26, 116, 109])
Face([84, 20, 15, 79])
Face([135, 89, 157])
Face([7, 191, 130, 151])
Face([25, 42, 147])
Face([174, 115, 53])
Face([152, 26, 174, 115])
Face([14, 107, 162, 142])
Face([19, 137, 117, 188])
Face([18, 144, 180, 172, 80, 132, 148, 157])
Face([85, 89, 157, 148])
Face([14, 88, 141, 179])
Face([45, 98, 50])
Face([113, 121, 117, 188])
Face([39, 49, 180, 172])
Face([46, 148, 132])
Face([15, 20, 71, 183])
Face([2, 83, 168, 87])
Face([10, 113, 121])
Face([49, 50, 155])
Face([107, 162, 103, 100])
Face([12, 159, 22, 143])
Face([18, 75, 139])
Face([170, 109, 190])
Face([124, 129, 52, 54])
Face([119, 153, 70])
Face([41, 169, 155, 49])
Face([41, 49, 180])
Face([2, 161, 163, 52, 129, 30, 68, 83])
Face([10, 152, 115, 113])
Face([90, 97, 44])
Face([56, 64, 24, 58])
Face([47, 27, 117, 137])
Face([158, 114, 13])
Face([167, 120, 30, 68])
Face([18, 139, 89, 157])
Face([18, 144, 118, 75])
Face([101, 18, 157])
Face([107, 108, 91, 100])
Face([188, 27, 117])
Face([144, 180, 45])
Face([15, 81, 183])
Face([85, 124, 132, 148])
Face([8, 56, 127])
Face([32, 34, 165, 164])
Face([58, 122, 99])
Face([19, 131, 73, 47])
Face([3, 170, 190, 6, 150, 67, 89, 85])
Face([62, 29, 43])
Face([85, 89, 135, 186])
Face([18, 144, 105, 139])
Face([48, 12, 143])
Face([154, 106, 111, 23, 71, 20, 84, 12])
Face([3, 124, 129, 61])
Face([1, 9, 23, 36])
Face([32, 34, 91, 108, 178, 175, 69, 94])
Face([0, 32, 34, 39, 49, 50, 90, 11])
Face([10, 113, 76, 28])
Face([19, 188, 27, 47])
Face([17, 64, 160])
Face([28, 128, 153, 119])
Face([105, 169, 55, 118])
Face([91, 100, 103])
Face([61, 177, 66, 14, 107, 100, 52, 129])
Face([5, 48, 12, 154])
Face([14, 88, 107])
Face([34, 163, 165])
Face([1, 181, 25, 57])
Face([126, 185, 183, 81, 76, 113, 115, 174])
Face([83, 168, 47, 137])
Face([3, 170, 177, 61])
Face([24, 58, 31])
Face([11, 90, 158])
Face([60, 122, 155, 55])
Face([37, 65, 146, 7, 191, 153, 128, 133])
Face([145, 20, 71])
Face([75, 106, 67, 139])
Face([49, 50, 45, 180])
Face([9, 181, 25, 134])
Face([13, 114, 78, 62])
Face([90, 97, 98, 50])
Face([36, 185, 183, 74])
Face([19, 137, 47])
Face([163, 100, 52])
Face([37, 40, 102, 187, 149, 114, 78, 65])
Face([131, 96, 82, 167])
Face([14, 179, 142])
Face([144, 105, 41, 180])
Face([66, 116, 109])
Face([85, 89, 139, 105, 41, 38, 54, 124])
Face([72, 112, 86, 88, 107, 100, 163, 161])
Face([159, 123, 92, 22])
Face([184, 44, 92])
Face([19, 137, 68, 167])
Face([63, 96, 73, 77])
Face([1, 33, 6, 181])
Face([179, 16, 141])
Face([54, 80, 52])
Face([50, 98, 55, 155])
Face([144, 105, 118])
Face([107, 108, 162])
Face([5, 48, 79, 15, 183, 185, 104, 182])
Face([21, 112, 95, 191])
Face([4, 17, 65, 37])
Face([32, 161, 163, 34])
Face([46, 120, 186, 148])
Face([127, 62, 78])
Face([150, 67, 106, 111])
Face([7, 51, 151])
Face([176, 184, 92, 22, 63, 96, 136, 35])
Face([37, 40, 20, 145])
Face([42, 169, 55, 60])
Face([57, 156, 147, 25])
Face([142, 162, 138])
Face([4, 171, 133, 37])
Face([87, 168, 47, 27, 153, 191, 21, 59])
Face([8, 160, 64, 56])
Face([3, 85, 186, 110])
Face([7, 21, 191])
Face([38, 54, 103])
Face([97, 123, 92, 44])
Face([57, 134, 25])
Face([145, 43, 62, 13, 123, 159, 84, 20])
Face([152, 115, 125])
Face([190, 26, 174])
Face([34, 91, 39])
Face([170, 53, 174, 190])
Face([143, 22, 63])
Face([33, 26, 174, 126])
Face([0, 176, 184, 11])
Face([112, 86, 95])
Face([131, 96, 63, 140])
Face([4, 74, 171])
Face([33, 26, 152, 10, 28, 171, 74, 36])
Face([6, 126, 104, 150])
Face([93, 99, 122, 155, 49, 39, 91, 108])
Face([166, 59, 21, 7, 146, 78, 114, 173])
Face([30, 68, 82, 46])
Face([83, 136, 82, 68])
Face([16, 138, 93])
Face([0, 11, 173, 166])
Face([9, 134, 60, 55, 118, 75, 106, 111])
Face([27, 128, 153])
Face([1, 9, 134, 57])
Face([156, 99, 147])
Face([93, 138, 162, 108])
Face([110, 120, 167, 19, 188, 113, 115, 53])
Face([176, 184, 44, 45, 180, 172, 165, 164])
Face([34, 165, 172, 39])
Face([169, 155, 55])
Face([27, 153, 70, 117])
Face([23, 185, 183, 71])
Face([35, 136, 82, 46, 132, 80, 165, 164])
Face([188, 27, 128, 76])
Face([17, 160, 146, 65])
Face([51, 8, 56, 58, 99, 93, 178, 175])
Face([36, 185, 23])
Face([6, 190, 174, 126])
Face([7, 146, 160, 151])
Face([0, 94, 59, 166])
Face([63, 140, 77])
Face([152, 26, 116])
Face([191, 153, 70, 95])
Face([181, 150, 6])
Face([101, 18, 144, 45, 44, 92, 22, 143])
Face([154, 75, 118, 98, 97, 123, 159, 12])
Face([129, 132, 80, 52])
Face([33, 126, 185, 36])
Face([28, 128, 76])
Face([191, 153, 119, 130])
Face([54, 52, 100, 103])
Face([9, 23, 111])
Face([159, 123, 149, 187])
Face([170, 177, 53])
Face([81, 76, 128, 133])
Face([10, 121, 70, 119])
Face([124, 132, 80, 54])
Face([136, 96, 82])
Face([74, 183, 71])
Face([5, 101, 157, 135])
Face([84, 20, 40, 102])
Face([41, 169, 105])
Face([151, 160, 64, 24, 156, 16, 141, 189])
Face([47, 168, 73])
Face([134, 60, 42, 25])
Face([74, 183, 81, 171])
Face([159, 187, 22])
Face([83, 137, 68])
Face([139, 89, 67])
Face([124, 129, 132])
Face([150, 104, 111])
Face([38, 172, 80, 54])
Face([146, 160, 8])
Face([13, 114, 149, 123])
Face([51, 151, 189, 175])
Face([5, 154, 101])
Face([5, 154, 106, 182])
Face([42, 122, 99, 147])
Face([13, 97, 98, 55, 60, 31, 29, 62])
Face([135, 186, 148, 157])
Face([69, 112, 86, 175])
Face([15, 40, 20])
Face([182, 104, 111, 106])
Face([94, 59, 21, 69])
Face([32, 161, 72, 94])
Face([3, 170, 109, 142, 162, 103, 54, 124])
