(0, 130, 3, 131, 6, 11, 144, 18, 19, 149, 23, 157, 30, 33, 34, 36, 37, 38, 39, 40, 41, 42, 167, 44, 170, 46, 172, 178, 52, 57, 185, 59, 60, 61, 63, 64, 67, 74, 75, 85, 87, 92, 94, 97, 101, 109, 113, 126)->[2*r2, 2*r2, 0, 0]
(0, 11, 44, 23, 154, 187)->[2*r2, 2*r2, 4, -4]
(0, 72, 137, 11, 139, 140, 178, 52, 87, 89, 154, 126)->[4, 0, 2*r2, -2*r2]
(0, 1, 133, 134, 135, 138, 139, 140, 13, 142, 17, 148, 23, 24, 154, 29, 34, 35, 163, 37, 165, 40, 45, 174, 47, 48, 176, 179, 53, 183, 187, 62, 70, 72, 74, 79, 80, 87, 99, 101, 103, 108, 116, 118, 119, 121, 122, 124)->[0, 0, 4, 0]
(128, 129, 3, 4, 5, 8, 141, 15, 143, 145, 21, 151, 157, 158, 159, 32, 33, 39, 168, 42, 171, 173, 177, 50, 181, 182, 55, 56, 184, 185, 186, 190, 65, 71, 75, 78, 81, 83, 84, 86, 91, 95, 97, 102, 105, 112, 123, 125)->[0, 0, -4, 0]
(128, 6, 7, 9, 10, 137, 138, 13, 14, 15, 16, 140, 146, 147, 148, 150, 151, 153, 156, 31, 159, 161, 164, 166, 168, 43, 46, 178, 52, 183, 184, 186, 59, 61, 62, 72, 73, 76, 77, 88, 89, 100, 107, 109, 113, 124, 125, 127)->[2*r2, -2*r2, 0, 0]
(131, 136, 137, 11, 139, 143, 146, 25, 26, 154, 155, 35, 163, 167, 41, 169, 170, 44, 175, 176, 180, 181, 56, 187, 63, 65, 66, 68, 69, 73, 77, 82, 83, 89, 93, 96, 100, 102, 107, 108, 112, 114, 115, 117, 118, 123, 126, 127)->[0, 0, 0, -4]
(1, 129, 130, 132, 5, 134, 7, 9, 10, 12, 144, 145, 20, 149, 22, 27, 158, 31, 32, 160, 162, 165, 166, 43, 172, 48, 50, 51, 179, 54, 182, 57, 58, 60, 188, 189, 191, 64, 67, 76, 79, 86, 88, 98, 99, 110, 120, 122)->[0, 0, 0, 4]
(2, 4, 132, 133, 136, 12, 14, 16, 147, 20, 150, 152, 153, 155, 28, 29, 156, 161, 164, 45, 47, 49, 177, 180, 58, 188, 189, 190, 191, 66, 68, 69, 71, 78, 80, 81, 82, 84, 90, 91, 98, 104, 106, 111, 116, 117, 119, 121)->[-2*r2, -2*r2, 0, 0]
(2, 135, 8, 141, 142, 17, 18, 19, 21, 22, 24, 25, 26, 27, 28, 152, 30, 160, 162, 36, 38, 169, 171, 173, 174, 175, 49, 51, 53, 54, 55, 70, 85, 90, 92, 93, 94, 95, 96, 103, 104, 105, 106, 110, 111, 114, 115, 120)->[-2*r2, 2*r2, 0, 0]
(97, 3, 41, 112, 56, 63)->[2*r2, 2*r2, -4, -4]
(32, 7, 9, 145, 184, 186)->[2*r2, -2*r2, -4, 4]
(1, 165, 135, 110, 53, 27)->[-2*r2, 2*r2, 4, 4]
(163, 136, 47, 176, 155, 29)->[-2*r2, -2*r2, 4, -4]
(167, 170, 18, 115, 19, 114)->[0, 4*r2, 0, -4]
(141, 83, 21, 181, 26, 93)->[-2*r2, 2*r2, -4, -4]
(130, 99, 101, 134, 74, 149)->[2*r2, 2*r2, 4, 4]
(37, 6, 140, 52, 148, 87)->[4*r2, 0, 4, 0]
(43, 14, 16, 88, 189, 191)->[0, -4*r2, 0, 4]
(39, 109, 151, 185, 61, 159)->[4*r2, 0, -4, 0]
(105, 106, 111, 84, 55, 91)->[-4*r2, 0, -4, 0]
(64, 67, 76, 113, 59, 31)->[4*r2, 0, 0, 4]
(132, 5, 78, 86, 188, 190)->[-2*r2, -2*r2, -4, 4]
(96, 35, 70, 169, 174, 118)->[-2*r2, 2*r2, 4, -4]
(68, 69, 107, 146, 147, 150)->[0, -4*r2, 0, -4]
(66, 4, 143, 177, 180, 123)->[-2*r2, -2*r2, -4, -4]
(162, 104, 12, 152, 58, 120)->[-4*r2, 0, 0, 4]
(98, 45, 48, 116, 20, 122)->[-2*r2, -2*r2, 4, 4]
(175, 82, 117, 25, 90, 28)->[-4*r2, 0, 0, -4]
(75, 172, 144, 50, 182, 157)->[2*r2, 2*r2, -4, 4]
(34, 38, 40, 17, 24, 30)->[0, 4*r2, 4, 0]
(72, 139, 108, 77, 89, 124)->[2*r2, -2*r2, 4, -4]
(166, 10, 138, 79, 179, 183)->[2*r2, -2*r2, 4, 4]
(2, 133, 103, 142, 49, 121)->[-4*r2, 0, 4, 0]
(33, 36, 42, 171, 173, 85)->[0, 4*r2, -4, 0]
(160, 129, 8, 22, 158, 95)->[-2*r2, 2*r2, -4, 4]
(131, 100, 137, 46, 178, 126)->[4*r2, 0, 0, -4]
(164, 13, 80, 119, 156, 62)->[0, -4*r2, 4, 0]
(128, 65, 102, 73, 125, 127)->[2*r2, -2*r2, -4, -4]
(161, 71, 168, 15, 81, 153)->[0, -4*r2, -4, 0]
(92, 51, 54, 57, 60, 94)->[0, 4*r2, 0, 4]
(128, 3, 100, 131, 102, 39, 109, 46, 112, 151, 127, 63)->[4, 0, -2*r2, -2*r2]
(33, 97, 41, 170, 171, 19, 115, 21, 85, 181, 56, 26)->[0, 4, -2*r2, -2*r2]
(32, 159, 67, 9, 75, 144, 113, 50, 185, 186, 61, 31)->[4, 0, -2*r2, 2*r2]
(130, 101, 38, 134, 40, 135, 165, 110, 51, 24, 57, 92)->[0, 4, 2*r2, 2*r2]
(96, 121, 142, 47, 174, 49, 176, 117, 118, 25, 155, 28)->[-4, 0, 2*r2, -2*r2]
(64, 99, 37, 6, 166, 74, 138, 76, 79, 148, 149, 59)->[4, 0, 2*r2, 2*r2]
(164, 10, 45, 13, 14, 48, 80, 179, 20, 183, 88, 189)->[0, -4, 2*r2, 2*r2]
(66, 4, 105, 106, 141, 143, 175, 82, 83, 84, 90, 93)->[-4, 0, -2*r2, -2*r2]
(161, 132, 5, 7, 168, 43, 16, 81, 145, 184, 190, 191)->[0, -4, -2*r2, 2*r2]
(34, 35, 70, 167, 169, 44, 17, 18, 114, 23, 187, 30)->[0, 4, 2*r2, -2*r2]
(163, 68, 136, 108, 77, 156, 146, 147, 119, 124, 29, 62)->[0, -4, 2*r2, -2*r2]
(65, 69, 71, 73, 107, 15, 177, 180, 150, 153, 123, 125)->[0, -4, -2*r2, -2*r2]
(1, 2, 98, 162, 133, 122, 103, 104, 116, 53, 58, 27)->[-4, 0, 2*r2, 2*r2]
(160, 129, 36, 42, 172, 173, 54, 182, 60, 157, 94, 95)->[0, 4, -2*r2, 2*r2]
(8, 12, 78, 111, 188, 22, 55, 86, 91, 120, 152, 158)->[-4, 0, -2*r2, 2*r2]
