Face([69, 58, 38, 47])
Face([36, 51, 16, 23])
Face([54, 61, 15])
Face([10, 63, 39])
Face([75, 84, 37])
Face([17, 51, 76])
Face([57, 40, 91])
Face([32, 84, 74, 23])
Face([4, 90, 72, 54])
Face([54, 35, 15])
Face([59, 95, 74, 23])
Face([0, 1, 79])
Face([79, 48, 66, 55])
Face([56, 44, 55])
Face([9, 61, 81, 31])
Face([50, 66, 55])
Face([75, 37, 28, 62])
Face([90, 72, 40, 28])
Face([6, 10, 91, 57])
Face([27, 12, 86, 93])
Face([42, 43, 46])
Face([17, 16, 51])
Face([87, 42, 26, 62])
Face([45, 17, 68, 30])
Face([60, 64, 33, 31])
Face([71, 28, 62])
Face([75, 95, 92])
Face([6, 64, 60])
Face([1, 50, 15, 88])
Face([74, 92, 37])
Face([40, 65, 78, 52])
Face([25, 27, 12, 11])
Face([10, 19, 13, 63])
Face([5, 56, 34, 69])
Face([6, 10, 60])
Face([87, 42, 46])
Face([5, 41, 76, 45])
Face([80, 49, 45, 5])
Face([68, 52, 78])
Face([25, 82, 3])
Face([17, 16, 67, 68])
Face([57, 65, 29])
Face([89, 85, 20])
Face([90, 28, 70])
Face([85, 26, 70, 19])
Face([6, 17, 51, 39])
Face([14, 69, 47])
Face([45, 16, 67, 30])
Face([11, 12, 86])
Face([87, 4, 90, 62])
Face([50, 34, 44])
Face([50, 34, 66])
Face([18, 49, 80, 3])
Face([94, 73, 63, 13])
Face([50, 34, 22, 15])
Face([50, 44, 35, 15])
Face([5, 41, 69])
Face([45, 76, 49])
Face([11, 94, 12])
Face([77, 78, 44, 55])
Face([64, 33, 73, 63])
Face([80, 41, 5])
Face([21, 48, 83, 82])
Face([89, 11, 94, 13])
Face([41, 33, 64, 76])
Face([16, 67, 74, 23])
Face([74, 84, 37])
Face([3, 80, 14, 83])
Face([89, 24, 13])
Face([89, 11, 7, 85])
Face([0, 75, 92, 79])
Face([88, 43, 46])
Face([39, 24, 13, 63])
Face([3, 27, 83])
Face([56, 34, 66])
Face([22, 81, 35])
Face([0, 21, 53])
Face([71, 84, 37, 28])
Face([35, 81, 29, 65])
Face([90, 72, 91, 70])
Face([67, 68, 30])
Face([6, 17, 68, 57])
Face([2, 32, 36])
Face([35, 65, 78, 44])
Face([6, 60, 29, 57])
Face([70, 26, 71])
Face([2, 18, 59])
Face([80, 41, 76, 49])
Face([88, 43, 61, 15])
Face([10, 19, 24, 39])
Face([4, 43, 61, 54])
Face([54, 81, 35])
Face([77, 52, 78])
Face([71, 62, 26])
Face([75, 37, 92])
Face([39, 64, 63])
Face([7, 11, 86])
Face([54, 72, 29, 81])
Face([7, 8, 94])
Face([82, 83, 93])
Face([2, 32, 20, 89])
Face([5, 56, 30, 45])
Face([91, 40, 72])
Face([19, 24, 13])
Face([18, 49, 51, 36])
Face([2, 18, 36])
Face([32, 59, 95, 84])
Face([67, 74, 92, 77])
Face([2, 32, 59])
Face([18, 49, 16, 23])
Face([6, 10, 39])
Face([57, 40, 65])
Face([25, 27, 93])
Face([36, 24, 39, 51])
Face([14, 66, 34, 69])
Face([10, 60, 63])
Face([1, 88, 46, 53])
Face([32, 36, 24, 20])
Face([42, 46, 86, 7])
Face([60, 31, 73, 63])
Face([15, 35, 22])
Face([61, 22, 15])
Face([6, 64, 39])
Face([0, 21, 79])
Face([0, 53, 46, 87])
Face([30, 77, 78])
Face([7, 85, 13, 94])
Face([18, 59, 23])
Face([85, 26, 71, 20])
Face([80, 41, 47])
Face([89, 85, 13])
Face([90, 62, 28])
Face([40, 72, 65])
Face([10, 91, 70, 19])
Face([90, 26, 62])
Face([41, 33, 38, 47])
Face([56, 44, 78, 30])
Face([39, 64, 76, 51])
Face([8, 9, 73, 94])
Face([18, 36, 23])
Face([0, 1, 53])
Face([4, 42, 43])
Face([94, 73, 38, 12])
Face([87, 42, 4])
Face([45, 17, 76])
Face([31, 73, 33])
Face([0, 75, 62, 87])
Face([8, 9, 38, 12])
Face([88, 4, 54, 15])
Face([19, 24, 20])
Face([87, 88, 4])
Face([56, 30, 77, 55])
Face([25, 11, 86, 93])
Face([38, 73, 33])
Face([7, 11, 94])
Face([88, 43, 4])
Face([91, 40, 28, 70])
Face([60, 29, 81, 31])
Face([2, 89, 24, 36])
Face([41, 33, 58, 69])
Face([57, 40, 52, 68])
Face([0, 75, 95, 21])
Face([27, 12, 38, 47])
Face([57, 65, 78, 68])
Face([67, 74, 37, 52])
Face([7, 8, 86])
Face([89, 24, 20])
Face([67, 77, 30])
Face([9, 58, 31])
Face([57, 91, 29])
Face([67, 68, 52])
Face([85, 19, 13])
Face([49, 51, 76])
Face([95, 74, 92])
Face([1, 48, 66, 50])
Face([1, 48, 53])
Face([21, 82, 59, 95])
Face([75, 84, 71, 62])
Face([29, 72, 65])
Face([21, 95, 92, 79])
Face([3, 82, 83])
Face([79, 92, 77, 55])
Face([48, 66, 14, 83])
Face([0, 1, 88, 87])
Face([6, 64, 76, 17])
Face([1, 50, 55, 79])
Face([31, 81, 22, 58])
Face([37, 52, 77, 92])
Face([32, 36, 23])
Face([50, 44, 55])
Face([10, 91, 29, 60])
Face([80, 14, 47])
Face([75, 84, 95])
Face([21, 82, 93, 53])
Face([28, 40, 52, 37])
Face([18, 59, 82, 3])
Face([87, 88, 46])
Face([21, 48, 53])
Face([27, 83, 14, 47])
Face([5, 69, 14])
Face([45, 16, 49])
Face([42, 26, 85, 7])
Face([54, 81, 61])
Face([2, 18, 3, 25])
Face([8, 12, 86])
Face([41, 69, 47])
Face([60, 64, 63])
Face([67, 52, 77])
Face([8, 12, 94])
Face([53, 48, 83, 93])
Face([9, 58, 38])
Face([5, 56, 66, 14])
Face([16, 49, 51])
Face([1, 48, 79])
Face([43, 8, 9, 61])
Face([25, 82, 93])
Face([42, 43, 8, 7])
Face([45, 16, 17])
Face([19, 20, 71, 70])
Face([2, 25, 82, 59])
Face([4, 42, 26, 90])
Face([85, 19, 20])
Face([68, 78, 30])
Face([9, 73, 38])
Face([32, 59, 23])
Face([21, 48, 79])
Face([80, 5, 14])
Face([56, 66, 55])
Face([61, 81, 22])
Face([3, 80, 47, 27])
Face([31, 33, 58])
Face([90, 26, 70])
Face([2, 89, 11, 25])
Face([32, 20, 71, 84])
Face([43, 8, 86, 46])
Face([38, 33, 58])
Face([91, 72, 29])
Face([70, 28, 71])
Face([54, 72, 65, 35])
Face([56, 34, 44])
Face([69, 34, 22, 58])
Face([95, 74, 84])
Face([53, 93, 86, 46])
Face([27, 83, 93])
Face([25, 27, 3])
Face([9, 58, 22, 61])
Face([22, 34, 44, 35])
Face([9, 73, 31])
