Face([8, 85, 19, 45])
Face([74, 27, 29])
Face([34, 88, 9, 58])
Face([64, 17, 38, 82])
Face([0, 24, 50, 55])
Face([42, 58, 30])
Face([54, 73, 86, 67])
Face([25, 60, 31])
Face([17, 33, 49])
Face([24, 50, 3, 77])
Face([6, 66, 65, 28])
Face([41, 56, 57])
Face([22, 65, 76])
Face([67, 25, 14, 35])
Face([47, 29, 95])
Face([81, 9, 41])
Face([85, 75, 17])
Face([13, 52, 18, 37])
Face([17, 49, 75])
Face([46, 53, 19, 45])
Face([37, 73, 86])
Face([88, 59, 21])
Face([51, 28, 15])
Face([93, 8, 80])
Face([53, 19, 49, 54])
Face([10, 12, 70, 69])
Face([22, 65, 66, 94])
Face([72, 75, 70, 69])
Face([16, 40, 62])
Face([5, 64, 89])
Face([92, 20, 59, 31])
Face([26, 80, 8, 61])
Face([22, 51, 28])
Face([89, 91, 83, 60])
Face([14, 83, 92])
Face([39, 58, 30])
Face([79, 40, 62, 21])
Face([93, 40, 26, 80])
Face([2, 26, 61])
Face([1, 90, 46])
Face([8, 45, 70])
Face([77, 4, 84])
Face([0, 48, 73, 55])
Face([66, 27, 74, 11])
Face([42, 50, 30])
Face([7, 53, 54])
Face([81, 56, 23])
Face([1, 34, 44])
Face([2, 61, 63, 5])
Face([48, 72, 75, 49])
Face([64, 89, 71])
Face([93, 80, 12])
Face([94, 66, 6])
Face([9, 57, 23])
Face([5, 64, 82, 94])
Face([9, 88, 21, 41])
Face([14, 25, 92])
Face([55, 43, 36])
Face([5, 91, 63])
Face([25, 92, 31])
Face([4, 51, 28, 84])
Face([2, 16, 62])
Face([1, 93, 45, 46])
Face([47, 86, 43, 95])
Face([63, 64, 71])
Face([90, 32, 7, 68])
Face([93, 12, 45])
Face([63, 85, 33, 71])
Face([46, 90, 68, 53])
Face([13, 52, 6, 87])
Face([85, 33, 17])
Face([15, 65, 76])
Face([67, 25, 92, 68])
Face([89, 60, 14, 71])
Face([37, 18, 47, 86])
Face([14, 83, 60])
Face([13, 48, 73, 37])
Face([91, 83, 14, 71])
Face([80, 8, 70])
Face([14, 25, 60])
Face([94, 82, 11])
Face([81, 56, 41])
Face([7, 36, 73, 54])
Face([4, 69, 84])
Face([16, 40, 61])
Face([6, 66, 52])
Face([77, 4, 51, 15])
Face([3, 81, 9, 58])
Face([0, 72, 48])
Face([26, 51, 76, 62])
Face([93, 8, 45])
Face([2, 16, 91, 5])
Face([61, 8, 85, 63])
Face([55, 43, 37])
Face([14, 35, 33, 71])
Face([72, 75, 17, 38])
Face([74, 60, 31, 29])
Face([36, 73, 86])
Face([7, 32, 30, 36])
Face([28, 65, 15])
Face([0, 72, 69, 24])
Face([52, 18, 74, 11])
Face([24, 77, 84])
Face([7, 67, 86, 36])
Face([67, 25, 47, 86])
Face([79, 20, 78])
Face([24, 10, 42, 50])
Face([63, 64, 17, 85])
Face([48, 49, 17, 38])
Face([81, 41, 76, 15])
Face([44, 42, 10, 12])
Face([2, 26, 51, 22])
Face([24, 10, 69])
Face([57, 59, 31, 29])
Face([7, 67, 54])
Face([39, 43, 95, 23])
Face([0, 13, 37, 55])
Face([1, 34, 88, 79])
Face([53, 19, 33, 35])
Face([55, 50, 39, 43])
Face([34, 32, 30, 58])
Face([89, 91, 71])
Face([23, 56, 57])
Face([13, 48, 38])
Face([72, 69, 84, 87])
Face([46, 32, 7, 53])
Face([39, 50, 30])
Face([0, 24, 84, 87])
Face([78, 59, 21])
Face([53, 35, 54])
Face([13, 38, 87])
Face([0, 48, 13])
Face([5, 89, 91])
Face([22, 28, 6, 94])
Face([77, 84, 28, 15])
Face([6, 82, 52])
Face([79, 21, 78])
Face([24, 69, 84])
Face([37, 43, 86])
Face([44, 32, 30, 42])
Face([78, 59, 20])
Face([2, 26, 62])
Face([74, 29, 47])
Face([48, 73, 54, 49])
Face([22, 51, 76])
Face([51, 76, 15])
Face([5, 64, 63])
Face([74, 27, 18])
Face([94, 82, 6])
Face([54, 67, 35])
Face([16, 91, 63, 61])
Face([4, 80, 70, 69])
Face([93, 8, 61, 40])
Face([87, 84, 28, 6])
Face([37, 18, 95, 43])
Face([18, 95, 47])
Face([1, 44, 12, 93])
Face([9, 41, 57])
Face([0, 13, 87])
Face([3, 42, 10, 77])
Face([41, 21, 59, 57])
Face([45, 19, 75, 70])
Face([1, 93, 40, 79])
Face([0, 72, 87])
Face([87, 38, 82, 6])
Face([46, 32, 90])
Face([52, 66, 11])
Face([54, 49, 33, 35])
Face([22, 65, 28])
Face([77, 10, 4])
Face([74, 18, 47])
Face([3, 42, 50])
Face([18, 27, 95])
Face([5, 89, 11, 94])
Face([49, 19, 75])
Face([67, 35, 68])
Face([57, 56, 27, 29])
Face([83, 92, 31])
Face([9, 88, 59, 57])
Face([63, 91, 71])
Face([7, 68, 53])
Face([34, 32, 90])
Face([79, 40, 16, 78])
Face([83, 78, 59, 31])
Face([1, 44, 46])
Face([25, 31, 29, 47])
Face([13, 52, 82, 38])
Face([33, 19, 49])
Face([66, 27, 56, 65])
Face([1, 90, 20, 79])
Face([41, 56, 65, 76])
Face([45, 12, 70])
Face([94, 66, 11])
Face([72, 38, 87])
Face([34, 58, 42, 44])
Face([4, 80, 12, 10])
Face([4, 10, 69])
Face([55, 50, 30, 36])
Face([3, 42, 58])
Face([2, 5, 94, 22])
Face([34, 90, 20, 88])
Face([16, 91, 83, 78])
Face([79, 88, 21])
Face([34, 32, 44])
Face([81, 56, 65, 15])
Face([89, 11, 74, 60])
Face([39, 58, 9, 23])
Face([64, 89, 11, 82])
Face([3, 58, 39])
Face([52, 18, 27, 66])
Face([26, 51, 4, 80])
Face([53, 35, 68])
Face([85, 19, 75])
Face([85, 19, 33])
Face([62, 76, 41, 21])
Face([83, 92, 20, 78])
Face([3, 81, 23, 39])
Face([55, 73, 37])
Face([7, 67, 68])
Face([74, 60, 25, 47])
Face([44, 32, 46])
Face([23, 57, 29, 95])
Face([26, 40, 62])
Face([16, 62, 21, 78])
Face([44, 12, 45, 46])
Face([26, 40, 61])
Face([23, 56, 27, 95])
Face([60, 83, 31])
Face([27, 29, 95])
Face([39, 43, 36, 30])
Face([81, 9, 23])
Face([55, 73, 36])
Face([64, 17, 33, 71])
Face([52, 11, 82])
Face([3, 50, 39])
Face([88, 59, 20])
Face([48, 72, 38])
Face([36, 43, 86])
Face([3, 81, 15, 77])
Face([2, 62, 76, 22])
Face([1, 34, 90])
Face([68, 35, 14, 92])
Face([8, 85, 75, 70])
Face([90, 68, 92, 20])
Face([79, 88, 20])
Face([24, 10, 77])
Face([2, 16, 61])
Face([80, 12, 70])
