(0, 5, 12, 13, 44, 46, 62, 30)->[-4, 4, 0, -4*r2]
(0, 5, 44, 13, 48, 23)->[-2*r2, 2*r2, 4, -4]
(0, 45, 13, 23)->[0, 4, 2*r2, -2*r2]
(0, 45, 13, 47, 62, 30)->[0, 4*r2, 0, -4]
(0, 1, 44, 15, 48, 23, 58, 31)->[0, 0, 4*r2, -4*r2]
(0, 45, 15, 23, 55, 58)->[2*r2, 2*r2, 4, -4]
(0, 1, 3, 10, 44, 46, 58, 62)->[0, 0, 0, -8]
(0, 3, 45, 47, 55, 57, 58, 62)->[4, 4, 0, -4*r2]
(1, 3, 36, 10, 43, 51, 21, 58)->[4, -4, 0, -4*r2]
(33, 35, 7, 8, 40, 24, 56, 61)->[-4, -4, -4*r2, 0]
(33, 5, 40, 11, 12, 17, 26, 28)->[-8, 0, 0, 0]
(7, 8, 43, 50, 51, 54, 60, 63)->[0, -8, 0, 0]
(34, 39, 45, 15, 52, 55, 23, 27)->[4, 4, 4*r2, 0]
(41, 45, 13, 47, 52, 53, 22, 30)->[0, 8, 0, 0]
(39, 16, 49, 18, 20, 52, 53, 29)->[4, 4, 0, 4*r2]
(35, 4, 38, 14, 19, 20, 61, 29)->[0, 0, -4*r2, 4*r2]
(2, 4, 41, 11, 18, 20, 22, 26)->[-4, 4, 0, 4*r2]
(32, 37, 43, 15, 50, 21, 27, 31)->[4, -4, 4*r2, 0]
(3, 6, 9, 10, 46, 24, 56, 62)->[0, 0, -4*r2, -4*r2]
(34, 5, 11, 13, 48, 22, 23, 59)->[-4, 4, 4*r2, 0]
(6, 41, 12, 14, 56, 26, 61, 30)->[-4, 4, -4*r2, 0]
(37, 48, 17, 54, 59, 28, 63, 31)->[-4, -4, 4*r2, 0]
(2, 34, 37, 59, 16, 18, 25, 27)->[0, 0, 4*r2, 4*r2]
(32, 36, 39, 42, 49, 21, 55, 57)->[8, 0, 0, 0]
(6, 9, 14, 47, 49, 19, 53, 57)->[4, 4, -4*r2, 0]
(35, 36, 9, 42, 19, 51, 24, 60)->[4, -4, -4*r2, 0]
(3, 36, 21, 55, 57, 58)->[4*r2, 0, 0, -4]
(35, 4, 38, 7, 40, 61)->[-2*r2, -2*r2, -4, 4]
(2, 4, 40, 11, 26, 28)->[-4*r2, 0, 0, 4]
(37, 43, 50, 54, 63, 31)->[0, -4*r2, 4, 0]
(34, 45, 13, 52, 22, 23)->[0, 4*r2, 4, 0]
(33, 40, 12, 56, 26, 61)->[-4*r2, 0, -4, 0]
(32, 39, 42, 16, 49, 29)->[4*r2, 0, 0, 4]
(3, 6, 9, 47, 57, 62)->[2*r2, 2*r2, -4, -4]
(32, 37, 16, 50, 25, 27)->[2*r2, -2*r2, 4, 4]
(4, 41, 14, 20, 26, 61)->[-2*r2, 2*r2, -4, 4]
(5, 11, 48, 17, 59, 28)->[-4*r2, 0, 4, 0]
(33, 8, 10, 46, 24, 56)->[-2*r2, -2*r2, -4, -4]
(35, 7, 8, 51, 24, 60)->[0, -4*r2, -4, 0]
(6, 12, 46, 56, 62, 30)->[-2*r2, 2*r2, -4, -4]
(2, 34, 11, 18, 22, 59)->[-2*r2, 2*r2, 4, 4]
(14, 49, 19, 20, 53, 29)->[2*r2, 2*r2, -4, 4]
(6, 41, 14, 47, 53, 30)->[0, 4*r2, -4, 0]
(1, 44, 48, 17, 54, 31)->[-2*r2, -2*r2, 4, -4]
(34, 39, 16, 18, 52, 27)->[2*r2, 2*r2, 4, 4]
(2, 37, 25, 59, 28, 63)->[-2*r2, -2*r2, 4, 4]
(32, 39, 15, 21, 55, 27)->[4*r2, 0, 4, 0]
(3, 36, 9, 10, 51, 24)->[2*r2, -2*r2, -4, -4]
(41, 18, 20, 52, 22, 53)->[0, 4*r2, 0, 4]
(38, 7, 50, 25, 60, 63)->[0, -4*r2, 0, 4]
(35, 38, 42, 19, 60, 29)->[2*r2, -2*r2, -4, 4]
(36, 9, 42, 49, 19, 57)->[4*r2, 0, -4, 0]
(1, 8, 10, 43, 51, 54)->[0, -4*r2, 0, -4]
(1, 43, 15, 21, 58, 31)->[2*r2, -2*r2, 4, -4]
(62, 47, 6, 30)->[0, 4, -2*r2, -2*r2]
(9, 3, 36, 57)->[4, 0, -2*r2, -2*r2]
(35, 60, 38, 7)->[0, -4, -2*r2, 2*r2]
(59, 2, 11, 28)->[-4, 0, 2*r2, 2*r2]
(1, 43, 54, 31)->[0, -4, 2*r2, -2*r2]
(56, 33, 12, 46)->[-4, 0, -2*r2, -2*r2]
(18, 34, 22, 52)->[0, 4, 2*r2, 2*r2]
(16, 32, 27, 39)->[4, 0, 2*r2, 2*r2]
(40, 26, 4, 61)->[-4, 0, -2*r2, 2*r2]
(48, 17, 44, 5)->[-4, 0, 2*r2, -2*r2]
(8, 24, 10, 51)->[0, -4, -2*r2, -2*r2]
(49, 42, 19, 29)->[4, 0, -2*r2, 2*r2]
(41, 20, 53, 14)->[0, 4, -2*r2, 2*r2]
(25, 50, 37, 63)->[0, -4, 2*r2, 2*r2]
(55, 58, 21, 15)->[4, 0, 2*r2, -2*r2]
(33, 5, 12, 44, 46, 17)->[-4*r2, 0, 0, -4]
(2, 4, 38, 7, 40, 25, 28, 63)->[-4, -4, 0, 4*r2]
(32, 38, 42, 16, 50, 25, 60, 29)->[4, -4, 0, 4*r2]
(1, 33, 8, 10, 44, 46, 17, 54)->[-4, -4, 0, -4*r2]
(35, 6, 9, 14, 19, 24, 56, 61)->[0, 0, -8, 0]
(5, 41, 11, 12, 13, 22, 26, 30)->[-4*r2, 4*r2, 0, 0]
(33, 7, 8, 40, 17, 54, 28, 63)->[-4*r2, -4*r2, 0, 0]
(39, 45, 47, 49, 52, 53, 55, 57)->[4*r2, 4*r2, 0, 0]
(2, 4, 38, 16, 18, 20, 25, 29)->[0, 0, 0, 8]
(32, 36, 42, 43, 50, 51, 21, 60)->[4*r2, -4*r2, 0, 0]
(34, 37, 59, 15, 48, 23, 27, 31)->[0, 0, 8, 0]
