Face([162, 184, 147])
Face([39, 148, 172, 181, 5, 55, 34, 189])
Face([7, 10, 54])
Face([73, 161, 57, 110, 90, 52, 152, 61])
Face([154, 164, 86])
Face([12, 112, 114])
Face([8, 18, 127])
Face([142, 153, 149])
Face([2, 177, 180, 51, 135, 157, 56, 186])
Face([167, 101, 158])
Face([30, 132, 66, 26, 170, 169, 130, 47])
Face([1, 87, 146, 153, 142, 67, 107, 159])
Face([4, 148, 39])
Face([4, 113, 104, 133, 128, 15, 172, 148])
Face([70, 134, 58, 71, 184, 162, 60, 182])
Face([136, 42, 126])
Face([98, 82, 155, 109, 75, 145, 124, 106])
Face([9, 98, 106])
Face([6, 115, 30, 47, 139, 37, 45, 28])
Face([29, 163, 76])
Face([38, 72, 102, 125, 141, 116, 78, 62])
Face([93, 114, 112, 122, 175, 151, 107, 159])
Face([92, 146, 153, 149, 173, 103, 156, 111])
Face([13, 129, 52, 152, 85, 14, 51, 180])
Face([115, 132, 30])
Face([17, 187, 119])
Face([20, 122, 175])
Face([16, 99, 100])
Face([76, 163, 86, 164, 50, 89, 121, 94])
Face([0, 59, 79, 63, 42, 126, 53, 174])
Face([3, 25, 137])
Face([1, 93, 159])
Face([23, 24, 96])
Face([11, 70, 134])
Face([165, 56, 157])
Face([178, 62, 78])
Face([29, 136, 126, 53, 35, 154, 86, 163])
Face([74, 176, 23, 24, 191, 155, 109, 108])
Face([58, 150, 71])
Face([99, 100, 147, 184, 71, 150, 168, 69])
Face([67, 107, 151])
Face([87, 146, 92])
Face([31, 120, 96, 23, 176, 44, 65, 183])
Face([113, 104, 185])
Face([7, 10, 179, 190, 185, 104, 133, 138])
Face([20, 97, 173, 149, 142, 67, 151, 175])
Face([6, 28, 131])
Face([177, 180, 13])
Face([45, 171, 37])
Face([174, 35, 53])
Face([44, 65, 84, 123, 145, 75, 108, 74])
Face([191, 82, 155])
Face([129, 90, 52])
Face([40, 121, 94])
Face([2, 186, 22])
Face([14, 51, 135])
Face([22, 83, 57, 161, 48, 165, 56, 186])
Face([47, 130, 139])
Face([80, 33, 27])
Face([36, 72, 38])
Face([37, 171, 19, 105, 81, 169, 130, 139])
Face([118, 64, 68])
Face([123, 145, 124])
Face([16, 100, 147, 162, 60, 188, 144, 95])
Face([85, 152, 61])
Face([25, 137, 119, 17, 160, 125, 141, 117])
Face([11, 70, 182, 188, 144, 143, 101, 167])
Face([46, 59, 79, 140, 40, 121, 89, 166])
Face([170, 81, 169])
Face([6, 115, 132, 66, 43, 118, 64, 131])
Face([8, 33, 27, 178, 62, 38, 36, 18])
Face([28, 131, 64, 68, 21, 19, 171, 45])
Face([183, 65, 84])
Face([44, 176, 74])
Face([3, 80, 27, 178, 78, 116, 117, 25])
Face([29, 136, 42, 63, 140, 40, 94, 76])
Face([0, 46, 59])
Face([5, 49, 54, 7, 138, 128, 15, 181])
Face([16, 99, 69, 77, 158, 101, 143, 95])
Face([160, 125, 102])
Face([18, 36, 72, 102, 160, 17, 187, 127])
Face([0, 46, 166, 50, 164, 154, 35, 174])
Face([49, 54, 10, 179, 88, 41, 34, 55])
Face([32, 120, 31])
Face([43, 26, 170, 81, 105, 21, 68, 118])
Face([69, 168, 77])
Face([14, 85, 61, 73, 48, 165, 157, 135])
Face([138, 128, 133])
Face([140, 63, 79])
Face([4, 113, 185, 190, 88, 41, 189, 39])
Face([5, 49, 55])
Face([34, 41, 189])
Face([19, 105, 21])
Face([2, 177, 13, 129, 90, 110, 83, 22])
Face([91, 156, 111])
Face([43, 66, 26])
Face([1, 93, 114, 12, 91, 111, 92, 87])
Face([181, 172, 15])
Face([117, 116, 141])
Face([166, 89, 50])
Face([3, 80, 33, 8, 127, 187, 119, 137])
Face([9, 32, 31, 183, 84, 123, 124, 106])
Face([108, 75, 109])
Face([57, 83, 110])
Face([95, 144, 143])
Face([11, 134, 58, 150, 168, 77, 158, 167])
Face([60, 188, 182])
Face([12, 112, 122, 20, 97, 103, 156, 91])
Face([179, 88, 190])
Face([9, 32, 120, 96, 24, 191, 82, 98])
Face([48, 73, 161])
Face([97, 173, 103])
