[114, 136]
[114, 316]
[114, 376]
[115, 164]
[115, 373]
[116, 139]
[116, 186]
[116, 257]
[116, 355]
[117, 195]
[117, 321]
[118, 196]
[118, 380]
[119, 226]
[119, 264]
[119, 323]
[120, 123]
[120, 154]
[120, 310]
[121, 129]
[121, 134]
[121, 286]
[121, 359]
[122, 141]
[122, 249]
[122, 317]
[123, 146]
[123, 161]
[123, 311]
[124, 156]
[124, 196]
[124, 376]
[125, 211]
[125, 252]
[125, 309]
[126, 155]
[126, 205]
[126, 215]
[126, 325]
[127, 131]
[127, 342]
[128, 152]
[128, 228]
[128, 239]
[129, 298]
[129, 379]
[130, 178]
[130, 278]
[130, 280]
[131, 297]
[132, 134]
[132, 184]
[132, 203]
[132, 359]
[38, 200]
[38, 204]
[38, 215]
[38, 325]
[39, 83]
[39, 232]
[39, 336]
[39, 340]
[40, 131]
[40, 172]
[40, 202]
[41, 130]
[41, 192]
[41, 202]
[41, 374]
[42, 85]
[42, 172]
[42, 329]
[43, 138]
[43, 159]
[43, 161]
[43, 331]
[44, 73]
[44, 74]
[44, 212]
[44, 295]
[45, 270]
[45, 273]
[46, 84]
[46, 152]
[46, 167]
[47, 155]
[47, 157]
[47, 306]
[47, 362]
[48, 213]
[48, 242]
[48, 308]
[49, 105]
[49, 170]
[49, 265]
[49, 335]
[50, 81]
[50, 191]
[50, 261]
[50, 287]
[51, 146]
[51, 201]
[51, 339]
[51, 366]
[52, 97]
[52, 334]
[52, 346]
[52, 383]
[53, 125]
[53, 257]
[53, 326]
[53, 369]
[54, 108]
[54, 154]
[54, 356]
[55, 58]
[55, 147]
[55, 288]
[55, 367]
[56, 122]
[56, 173]
[56, 180]
[56, 331]
[95, 117]
[95, 245]
[95, 314]
[96, 155]
[96, 173]
[96, 205]
[96, 366]
[97, 148]
[97, 207]
[97, 266]
[98, 210]
[98, 270]
[98, 273]
[98, 377]
[99, 323]
[100, 109]
[100, 191]
[101, 155]
[101, 215]
[101, 246]
[101, 362]
[102, 145]
[102, 216]
[102, 333]
[102, 360]
[103, 282]
[103, 352]
[104, 138]
[104, 222]
[104, 289]
[104, 311]
[105, 187]
[105, 278]
[105, 327]
[106, 228]
[106, 363]
[107, 109]
[108, 369]
[109, 197]
[109, 269]
[110, 115]
[110, 139]
[110, 186]
[111, 165]
[111, 291]
[111, 319]
[112, 194]
[112, 281]
[112, 334]
[113, 229]
[113, 271]
[113, 326]
[171, 185]
[171, 213]
[171, 242]
[172, 175]
[172, 361]
[173, 190]
[173, 276]
[174, 282]
[174, 335]
[175, 192]
[175, 225]
[175, 330]
[176, 179]
[176, 273]
[176, 318]
[177, 181]
[177, 380]
[178, 339]
[178, 374]
[179, 300]
[179, 322]
[180, 217]
[180, 276]
[181, 300]
[182, 353]
[183, 206]
[183, 257]
[183, 326]
[184, 320]
[185, 299]
[188, 223]
[188, 283]
[188, 382]
[189, 206]
[189, 257]
[76, 82]
[76, 142]
[76, 316]
[77, 226]
[77, 228]
[77, 323]
[78, 350]
[79, 177]
[79, 250]
[79, 296]
[80, 149]
[80, 169]
[80, 170]
[80, 335]
[81, 100]
[81, 301]
[82, 114]
[82, 260]
[82, 298]
[83, 166]
[83, 251]
[83, 351]
[84, 145]
[84, 181]
[84, 314]
[85, 290]
[85, 357]
[85, 361]
[86, 108]
[86, 364]
[87, 188]
[87, 250]
[87, 296]
[88, 219]
[88, 237]
[88, 262]
[89, 150]
[89, 299]
[89, 313]
[90, 214]
[90, 251]
[90, 338]
[90, 349]
[91, 178]
[91, 187]
[91, 278]
[91, 378]
[92, 99]
[92, 184]
[92, 203]
[93, 117]
[93, 216]
[93, 314]
[93, 368]
[94, 142]
[94, 214]
[94, 338]
[19, 150]
[19, 206]
[19, 230]
[19, 313]
[20, 99]
[20, 307]
[20, 358]
[21, 78]
[21, 258]
[21, 277]
[21, 341]
[22, 182]
[22, 231]
[22, 240]
[22, 347]
[23, 59]
[23, 76]
[23, 94]
[23, 260]
[24, 157]
[24, 306]
[25, 88]
[25, 113]
[25, 241]
[25, 364]
[26, 106]
[26, 128]
[26, 368]
[27, 46]
[27, 145]
[27, 333]
[27, 348]
[28, 118]
[28, 124]
[28, 250]
[28, 305]
[29, 89]
[29, 108]
[29, 356]
[30, 36]
[30, 48]
[30, 115]
[30, 139]
[31, 40]
[31, 42]
[31, 127]
[31, 365]
[32, 45]
[32, 143]
[32, 182]
[32, 354]
[33, 162]
[33, 183]
[33, 208]
[33, 223]
[34, 45]
[34, 143]
[34, 275]
[35, 78]
[35, 168]
[35, 341]
[35, 352]
[36, 144]
[36, 308]
[36, 373]
[37, 176]
[37, 177]
[37, 300]
[285, 293]
[286, 298]
[287, 301]
[287, 303]
[287, 375]
[288, 293]
[289, 295]
[289, 350]
[290, 321]
[290, 381]
[291, 340]
[291, 343]
[292, 298]
[292, 379]
[293, 315]
[294, 306]
[294, 362]
[295, 303]
[297, 341]
[297, 352]
[302, 321]
[302, 381]
[190, 366]
[191, 197]
[191, 264]
[192, 327]
[193, 245]
[193, 284]
[193, 290]
[193, 328]
[194, 207]
[194, 236]
[194, 254]
[195, 302]
[196, 288]
[198, 249]
[198, 309]
[198, 324]
[198, 358]
[199, 201]
[199, 248]
[199, 304]
[199, 372]
[200, 216]
[200, 333]
[200, 368]
[201, 253]
[201, 378]
[202, 280]
[202, 297]
[203, 367]
[204, 220]
[204, 294]
[204, 333]
[205, 276]
[206, 223]
[207, 371]
[208, 209]
[208, 271]
[304, 356]
[305, 376]
[308, 362]
[309, 320]
[309, 355]
[310, 311]
[311, 350]
[312, 343]
[317, 363]
[318, 322]
[320, 324]
[321, 361]
[322, 328]
[322, 357]
[248, 253]
[248, 272]
[248, 356]
[249, 331]
[249, 375]
[250, 283]
[251, 256]
[251, 336]
[252, 267]
[252, 320]
[253, 366]
[254, 281]
[255, 267]
[256, 349]
[258, 276]
[259, 263]
[260, 292]
[260, 319]
[261, 264]
[261, 323]
[262, 292]
[262, 351]
[265, 377]
[344, 348]
[345, 349]
[347, 353]
[351, 379]
[353, 354]
[354, 371]
[355, 358]
[133, 174]
[133, 247]
[133, 365]
[134, 147]
[134, 367]
[135, 148]
[135, 171]
[135, 230]
[135, 275]
[136, 182]
[136, 231]
[136, 305]
[137, 197]
[137, 263]
[137, 268]
[137, 332]
[138, 255]
[139, 189]
[140, 148]
[140, 207]
[140, 230]
[140, 313]
[141, 180]
[141, 301]
[141, 363]
[142, 233]
[143, 283]
[143, 382]
[144, 239]
[144, 244]
[144, 246]
[145, 300]
[146, 190]
[147, 151]
[147, 259]
[148, 185]
[149, 334]
[149, 346]
[150, 189]
[150, 242]
[151, 263]
[151, 264]
[0, 129]
[0, 142]
[0, 214]
[0, 259]
[1, 181]
[1, 245]
[1, 328]
[1, 380]
[2, 26]
[2, 215]
[2, 246]
[2, 363]
[3, 111]
[3, 221]
[3, 234]
[3, 236]
[4, 24]
[4, 187]
[4, 378]
[4, 383]
[5, 156]
[5, 162]
[5, 203]
[5, 208]
[6, 219]
[6, 232]
[6, 340]
[6, 370]
[7, 163]
[7, 192]
[7, 325]
[7, 374]
[8, 29]
[8, 86]
[8, 254]
[8, 313]
[9, 11]
[9, 77]
[9, 81]
[9, 106]
[10, 138]
[10, 303]
[10, 331]
[10, 375]
[11, 100]
[11, 195]
[11, 226]
[12, 268]
[12, 269]
[12, 342]
[12, 381]
[13, 20]
[13, 92]
[13, 186]
[13, 355]
[14, 34]
[14, 37]
[14, 79]
[14, 279]
[15, 24]
[15, 185]
[15, 272]
[15, 383]
[16, 54]
[16, 120]
[16, 304]
[16, 370]
[17, 158]
[17, 233]
[17, 285]
[17, 288]
[18, 179]
[18, 227]
[18, 357]
[18, 360]
[266, 270]
[266, 346]
[266, 371]
[269, 302]
[270, 354]
[271, 286]
[271, 359]
[272, 299]
[274, 343]
[275, 279]
[275, 382]
[277, 295]
[278, 335]
[279, 296]
[279, 344]
[280, 282]
[280, 352]
[281, 304]
[281, 370]
[282, 365]
[283, 305]
[284, 285]
[284, 315]
[284, 381]
[209, 286]
[209, 376]
[210, 240]
[210, 347]
[211, 267]
[211, 369]
[212, 256]
[212, 289]
[213, 218]
[213, 344]
[214, 379]
[216, 225]
[217, 277]
[217, 301]
[217, 303]
[218, 294]
[218, 308]
[218, 348]
[220, 306]
[220, 325]
[221, 274]
[221, 291]
[222, 255]
[222, 310]
[224, 268]
[224, 332]
[224, 342]
[224, 345]
[225, 360]
[225, 361]
[227, 265]
[227, 329]
[227, 330]
[364, 369]
[372, 378]
[372, 383]
[324, 375]
[326, 364]
[327, 330]
[329, 357]
[330, 360]
[332, 349]
[334, 372]
[337, 347]
[338, 345]
[228, 307]
[229, 241]
[229, 252]
[229, 359]
[230, 382]
[231, 316]
[232, 310]
[233, 238]
[233, 259]
[234, 319]
[234, 337]
[234, 353]
[235, 256]
[235, 336]
[236, 371]
[237, 241]
[237, 351]
[238, 263]
[238, 268]
[238, 285]
[239, 307]
[239, 373]
[240, 273]
[240, 318]
[241, 267]
[242, 299]
[243, 247]
[243, 274]
[243, 312]
[243, 337]
[244, 307]
[244, 317]
[244, 358]
[245, 315]
[246, 317]
[152, 314]
[152, 368]
[153, 160]
[153, 312]
[153, 338]
[154, 159]
[154, 161]
[156, 209]
[156, 367]
[157, 253]
[157, 272]
[158, 196]
[158, 316]
[159, 211]
[159, 255]
[160, 345]
[161, 190]
[162, 186]
[163, 187]
[163, 220]
[163, 327]
[164, 167]
[164, 296]
[164, 344]
[165, 219]
[165, 262]
[165, 340]
[166, 222]
[166, 232]
[166, 237]
[167, 348]
[167, 373]
[168, 212]
[168, 235]
[168, 350]
[169, 174]
[169, 247]
[169, 274]
[170, 346]
[170, 377]
[57, 72]
[57, 118]
[57, 158]
[57, 231]
[58, 119]
[58, 151]
[58, 293]
[59, 312]
[59, 319]
[59, 337]
[60, 67]
[60, 210]
[60, 247]
[60, 377]
[61, 99]
[61, 184]
[61, 261]
[61, 324]
[62, 87]
[62, 110]
[62, 162]
[62, 223]
[63, 78]
[63, 146]
[63, 258]
[63, 339]
[64, 103]
[64, 127]
[64, 160]
[64, 365]
[65, 205]
[65, 258]
[65, 339]
[65, 374]
[66, 112]
[66, 149]
[66, 221]
[66, 236]
[67, 133]
[67, 265]
[67, 329]
[68, 95]
[68, 195]
[68, 226]
[68, 315]
[69, 75]
[69, 153]
[69, 336]
[69, 343]
[70, 107]
[70, 131]
[70, 269]
[70, 342]
[71, 86]
[71, 219]
[71, 254]
[71, 370]
[72, 318]
[72, 328]
[72, 380]
[73, 107]
[73, 197]
[73, 332]
[74, 107]
[74, 277]
[74, 341]
[75, 103]
[75, 160]
[75, 235]
