Face([55, 50, 39, 44])
Face([25, 31, 60])
Face([77, 24, 50, 3])
Face([7, 32, 47, 53])
Face([72, 60, 25, 46])
Face([46, 29, 95])
Face([22, 65, 76])
Face([41, 56, 57])
Face([68, 35, 15, 92])
Face([81, 9, 41])
Face([8, 43, 19, 85])
Face([66, 11, 72, 28])
Face([34, 59, 9, 88])
Face([54, 74, 86, 67])
Face([89, 11, 72, 60])
Face([73, 75, 16, 38])
Face([80, 93, 13])
Face([77, 3, 81, 14])
Face([80, 8, 93])
Face([48, 38, 16, 49])
Face([53, 19, 49, 54])
Face([94, 66, 65, 22])
Face([57, 58, 31, 29])
Face([36, 44, 39, 30])
Face([80, 8, 61, 26])
Face([5, 64, 89])
Face([89, 91, 83, 60])
Face([79, 40, 62, 21])
Face([80, 26, 40, 93])
Face([2, 26, 61])
Face([25, 46, 29, 31])
Face([4, 77, 84])
Face([42, 50, 30])
Face([0, 93, 13, 45])
Face([7, 53, 54])
Face([64, 16, 33, 71])
Face([0, 34, 90])
Face([69, 73, 75, 70])
Face([34, 59, 42, 45])
Face([81, 56, 23])
Face([15, 35, 33, 71])
Face([5, 2, 61, 63])
Face([0, 45, 47])
Face([36, 44, 55])
Face([15, 83, 92])
Face([64, 89, 71])
Face([39, 59, 9, 23])
Face([94, 66, 6])
Face([5, 64, 82, 94])
Face([9, 57, 23])
Face([9, 88, 21, 41])
Face([5, 91, 63])
Face([78, 58, 20])
Face([79, 40, 17, 78])
Face([52, 82, 38, 12])
Face([2, 17, 62])
Face([25, 31, 92])
Face([36, 74, 55])
Face([72, 18, 28])
Face([72, 18, 46])
Face([69, 24, 1, 73])
Face([63, 64, 71])
Face([7, 32, 90, 68])
Face([0, 90, 20, 79])
Face([27, 65, 22])
Face([63, 85, 33, 71])
Face([89, 60, 15, 71])
Face([3, 59, 39])
Face([3, 42, 59])
Face([91, 83, 15, 71])
Face([67, 25, 92, 68])
Face([93, 8, 43])
Face([32, 45, 42, 30])
Face([80, 8, 70])
Face([42, 59, 30])
Face([94, 82, 11])
Face([81, 56, 65, 14])
Face([81, 56, 41])
Face([43, 19, 75, 70])
Face([85, 16, 75])
Face([55, 37, 44])
Face([4, 69, 84])
Face([16, 49, 75])
Face([1, 48, 12])
Face([53, 68, 90, 47])
Face([69, 73, 87, 84])
Face([63, 64, 16, 85])
Face([36, 44, 86])
Face([48, 73, 38])
Face([27, 65, 14])
Face([7, 36, 74, 54])
Face([6, 66, 52])
Face([63, 61, 8, 85])
Face([51, 26, 62, 76])
Face([9, 88, 58, 57])
Face([15, 25, 60])
Face([88, 58, 20])
Face([7, 32, 30, 36])
Face([77, 24, 84])
Face([7, 67, 86, 36])
Face([78, 58, 21])
Face([72, 60, 31, 29])
Face([80, 13, 70])
Face([1, 12, 37, 55])
Face([79, 20, 78])
Face([10, 24, 50, 42])
Face([52, 18, 28, 66])
Face([1, 48, 73])
Face([32, 34, 59, 30])
Face([0, 90, 47])
Face([51, 26, 2, 22])
Face([46, 86, 44, 95])
Face([10, 24, 69])
Face([2, 17, 61])
Face([16, 33, 49])
Face([7, 67, 54])
Face([72, 29, 46])
Face([4, 51, 14, 77])
Face([53, 19, 33, 35])
Face([23, 56, 28, 95])
Face([41, 21, 58, 57])
Face([89, 91, 71])
Face([23, 56, 57])
Face([39, 50, 30])
Face([32, 90, 47])
Face([66, 65, 56, 28])
Face([81, 41, 76, 14])
Face([53, 35, 54])
Face([52, 18, 37, 12])
Face([84, 24, 1, 87])
Face([32, 34, 45])
Face([5, 89, 91])
Face([48, 73, 75, 49])
Face([6, 82, 52])
Face([79, 21, 78])
Face([69, 24, 84])
Face([6, 66, 65, 27])
Face([2, 62, 26])
Face([67, 25, 15, 35])
Face([51, 76, 22])
Face([5, 64, 63])
Face([93, 8, 61, 40])
Face([54, 67, 35])
Face([94, 82, 6])
Face([54, 49, 48, 74])
Face([4, 80, 70, 69])
Face([3, 81, 9, 59])
Face([83, 78, 58, 31])
Face([39, 59, 30])
Face([9, 41, 57])
Face([51, 76, 14])
Face([37, 18, 46, 86])
Face([77, 14, 27, 84])
Face([0, 93, 43, 47])
Face([18, 46, 95])
Face([5, 2, 22, 94])
Face([10, 42, 45, 13])
Face([51, 27, 14])
Face([10, 42, 3, 77])
Face([45, 13, 43, 47])
Face([52, 18, 72, 11])
Face([28, 29, 95])
Face([10, 13, 70, 69])
Face([6, 82, 38, 87])
Face([39, 44, 95, 23])
Face([1, 48, 74, 55])
Face([4, 80, 13, 10])
Face([52, 66, 11])
Face([54, 49, 33, 35])
Face([4, 10, 77])
Face([83, 31, 92])
Face([51, 27, 22])
Face([3, 42, 50])
Face([85, 16, 33])
Face([5, 89, 11, 94])
Face([49, 75, 19])
Face([67, 35, 68])
Face([1, 24, 50, 55])
Face([63, 91, 71])
Face([72, 28, 29])
Face([12, 48, 74, 37])
Face([7, 68, 53])
Face([32, 34, 90])
Face([15, 83, 60])
Face([32, 45, 47])
Face([33, 19, 49])
Face([67, 25, 46, 86])
Face([41, 56, 65, 76])
Face([92, 20, 58, 31])
Face([91, 17, 78, 83])
Face([94, 66, 11])
Face([17, 40, 62])
Face([87, 73, 1])
Face([0, 34, 88, 79])
Face([4, 10, 69])
Face([36, 30, 50, 55])
Face([43, 13, 70])
Face([34, 90, 20, 88])
Face([15, 25, 92])
Face([37, 18, 95, 44])
Face([36, 74, 86])
Face([79, 88, 21])
Face([93, 43, 13])
Face([17, 62, 21, 78])
Face([57, 56, 28, 29])
Face([64, 89, 11, 82])
Face([4, 80, 26, 51])
Face([53, 35, 68])
Face([87, 12, 38])
Face([85, 75, 19])
Face([94, 6, 27, 22])
Face([85, 33, 19])
Face([62, 76, 41, 21])
Face([83, 92, 20, 78])
Face([3, 81, 23, 39])
Face([5, 2, 17, 91])
Face([7, 67, 68])
Face([37, 44, 86])
Face([23, 57, 29, 95])
Face([84, 27, 6, 87])
Face([87, 1, 12])
Face([26, 40, 62])
Face([26, 40, 61])
Face([17, 40, 61])
Face([88, 58, 21])
Face([60, 83, 31])
Face([14, 65, 76])
Face([53, 19, 43, 47])
Face([81, 9, 23])
Face([12, 48, 38])
Face([52, 11, 82])
Face([3, 50, 39])
Face([55, 74, 37])
Face([64, 16, 38, 82])
Face([2, 62, 76, 22])
Face([63, 61, 17, 91])
Face([18, 28, 95])
Face([6, 52, 12, 87])
Face([8, 43, 70])
Face([8, 85, 75, 70])
Face([0, 34, 45])
Face([37, 74, 86])
Face([68, 90, 20, 92])
Face([79, 88, 20])
Face([10, 24, 77])
Face([4, 51, 27, 84])
Face([87, 73, 38])
Face([0, 93, 40, 79])
