Face([86, 66, 5, 61])
Face([2, 40, 3, 52, 84, 81])
Face([54, 38, 6])
Face([23, 45, 42, 70])
Face([35, 72, 45, 42, 34, 89])
Face([17, 57, 64, 79])
Face([7, 12, 29, 46])
Face([30, 88, 79, 17, 71, 55])
Face([11, 15, 55, 71])
Face([40, 3, 43, 38, 54, 59])
Face([9, 24, 44, 56, 48, 28])
Face([81, 33, 41, 92, 93, 84])
Face([86, 66, 8, 69, 25, 91])
Face([1, 36, 95])
Face([40, 3, 53, 60])
Face([4, 82, 7, 12, 66, 86])
Face([9, 28, 58, 50])
Face([9, 10, 39, 23, 70, 50])
Face([53, 34, 42])
Face([13, 61, 5, 37, 16, 14])
Face([20, 35, 72, 75])
Face([2, 59, 82, 18, 48, 85])
Face([79, 88, 78])
Face([2, 40, 60, 58, 28, 85])
Face([46, 58, 60])
Face([29, 74, 76])
Face([8, 90, 68, 69])
Face([40, 59, 82, 7, 46, 60])
Face([53, 42, 70, 50, 58, 60])
Face([10, 24, 44, 64, 57, 41])
Face([3, 43, 27, 89, 34, 53])
Face([35, 89, 27])
Face([69, 25, 62])
Face([1, 36, 91, 86, 61, 13])
Face([11, 93, 63, 72, 75, 15])
Face([59, 82, 4, 54])
Face([18, 48, 56, 62])
Face([81, 33, 57, 17, 80, 77])
Face([50, 70, 31])
Face([0, 67, 87])
Face([71, 80, 17])
Face([67, 16, 20, 75, 73, 87])
Face([39, 92, 93, 63, 45, 23])
Face([5, 66, 12, 29, 76, 83])
Face([67, 19, 65, 21, 22, 87])
Face([2, 81, 77, 6, 54, 59])
Face([85, 48, 56, 64, 57, 33])
Face([15, 73, 75])
Face([1, 13, 14, 94])
Face([2, 81, 33, 85])
Face([9, 24, 10])
Face([79, 64, 56, 62, 25, 78])
Face([4, 91, 86])
Face([1, 94, 55, 71, 80, 95])
Face([43, 27, 35, 72, 63, 52])
Face([77, 80, 71, 11, 93, 84])
Face([4, 54, 38, 47, 61, 86])
Face([95, 80, 77, 6])
Face([51, 26, 68])
Face([0, 51, 68, 90, 19, 67])
Face([85, 48, 28])
Face([0, 67, 16, 14, 94, 30])
Face([53, 34, 76, 29, 46, 60])
Face([11, 92, 93])
Face([14, 16, 20])
Face([85, 33, 41, 10, 9, 28])
Face([39, 49, 23])
Face([3, 52, 63, 45, 42, 53])
Face([9, 24, 32, 21, 31, 50])
Face([69, 68, 26, 44, 56, 62])
Face([51, 88, 78, 25, 69, 68])
Face([43, 52, 84, 77, 6, 38])
Face([5, 66, 8, 90, 19, 37])
Face([90, 65, 21, 32, 26, 68])
Face([1, 13, 47, 38, 6, 95])
Face([65, 21, 31, 74])
Face([21, 22, 49, 23, 70, 31])
Face([36, 91, 4, 54, 6, 95])
Face([73, 49, 23, 45, 72, 75])
Face([7, 18, 48, 28, 58, 46])
Face([37, 19, 65, 74, 76, 83])
Face([41, 33, 57])
Face([37, 16, 20, 35, 89, 83])
Face([12, 8, 90, 65, 74, 29])
Face([13, 61, 47])
Face([82, 18, 7])
Face([51, 88, 79, 64, 44, 26])
Face([41, 92, 11, 71, 17, 57])
Face([39, 49, 73, 15, 11, 92])
Face([87, 73, 49, 22])
Face([81, 84, 77])
Face([44, 64, 56])
Face([52, 84, 93, 63])
Face([94, 14, 20, 75, 15, 55])
Face([10, 41, 92, 39])
Face([30, 94, 55])
Face([5, 83, 89, 27, 47, 61])
Face([10, 24, 32, 22, 49, 39])
Face([46, 58, 50, 31, 74, 29])
Face([24, 32, 26, 44])
Face([7, 18, 62, 69, 8, 12])
Face([0, 51, 88, 30])
Face([13, 14, 20, 35, 27, 47])
Face([4, 82, 18, 62, 25, 91])
Face([45, 72, 63])
Face([30, 88, 78, 36, 1, 94])
Face([0, 51, 26, 32, 22, 87])
Face([21, 32, 22])
Face([3, 43, 52])
Face([66, 8, 12])
Face([36, 78, 79, 17, 80, 95])
Face([67, 16, 37, 19])
Face([36, 91, 25, 78])
Face([0, 30, 55, 15, 73, 87])
Face([2, 40, 59])
Face([43, 27, 47, 38])
Face([31, 74, 76, 34, 42, 70])
Face([83, 89, 34, 76])
Face([5, 37, 83])
Face([90, 65, 19])
