(0, 136, 9, 11, 142, 145, 19, 21, 151, 26, 32, 167, 40, 169, 48, 51, 64, 70, 79, 81, 82, 85, 105, 110)->[-4, 0, 4, 0]
(0, 133, 145, 19, 150, 27, 28, 158, 32, 167, 45, 180, 185, 58, 66, 67, 71, 77, 80, 88, 94, 95, 103, 105)->[0, 4, 4, 0]
(0, 32, 67, 134, 169, 110, 117, 185)->[-4, 4, 4, -4]
(0, 6, 10, 138, 13, 15, 147, 150, 151, 157, 174, 183, 186, 190, 67, 79, 85, 95, 103, 105, 106, 110, 117, 125)->[0, 0, 4, -4]
(5, 22, 156, 29, 165, 44, 179, 52, 57, 61, 76, 83, 90, 92, 93, 98, 101, 102, 108, 114, 115, 118, 119, 121)->[0, -4, 0, 4]
(1, 129, 8, 143, 149, 23, 152, 30, 33, 168, 172, 47, 176, 49, 177, 182, 59, 187, 189, 62, 63, 68, 123, 127)->[4, 0, -4, 0]
(128, 130, 16, 146, 24, 155, 27, 158, 161, 38, 166, 173, 180, 181, 56, 58, 191, 71, 72, 78, 84, 87, 94, 100)->[0, 4, 0, 4]
(133, 10, 13, 14, 141, 150, 31, 35, 36, 37, 39, 45, 46, 175, 184, 190, 66, 74, 88, 103, 106, 107, 113, 124)->[4, 0, 4, 0]
(2, 131, 4, 132, 137, 139, 12, 140, 20, 148, 154, 159, 34, 162, 164, 41, 170, 171, 86, 96, 97, 109, 111, 122)->[-4, 0, -4, 0]
(3, 6, 7, 135, 138, 15, 144, 18, 25, 163, 43, 174, 178, 53, 186, 60, 188, 73, 91, 112, 116, 120, 125, 126)->[0, -4, 0, -4]
(134, 17, 147, 153, 28, 157, 160, 42, 50, 54, 55, 183, 185, 65, 67, 69, 75, 77, 80, 89, 95, 99, 104, 117)->[0, 4, 0, -4]
(1, 4, 5, 132, 139, 144, 148, 149, 25, 29, 168, 170, 43, 176, 178, 182, 187, 188, 93, 96, 98, 102, 116, 121)->[0, -4, -4, 0]
(135, 136, 9, 10, 13, 18, 21, 151, 156, 31, 35, 46, 174, 48, 53, 184, 57, 186, 79, 83, 92, 101, 119, 126)->[0, -4, 4, 0]
(130, 137, 140, 143, 146, 20, 24, 152, 160, 34, 162, 166, 49, 50, 181, 54, 56, 65, 68, 75, 97, 99, 123, 127)->[0, 4, -4, 0]
(131, 134, 138, 15, 157, 163, 164, 169, 42, 171, 51, 69, 73, 81, 82, 85, 86, 89, 110, 111, 112, 117, 120, 122)->[-4, 0, 0, -4]
(2, 11, 12, 142, 16, 154, 26, 155, 159, 40, 41, 44, 173, 179, 52, 191, 64, 70, 72, 76, 84, 90, 109, 118)->[-4, 0, 0, 4]
(129, 3, 6, 7, 141, 14, 17, 147, 23, 153, 39, 47, 55, 183, 59, 60, 189, 62, 190, 91, 104, 106, 113, 125)->[4, 0, 0, -4]
(128, 8, 22, 30, 33, 161, 36, 37, 38, 165, 172, 175, 177, 61, 63, 74, 78, 87, 100, 107, 108, 114, 115, 124)->[4, 0, 0, 4]
(2, 102, 170, 139, 12, 44, 121, 90)->[-4, -4, -4, 4]
(101, 9, 11, 76, 48, 52, 26, 156)->[-4, -4, 4, 4]
(1, 97, 132, 140, 143, 148, 182, 127)->[0, 0, -8, 0]
(130, 41, 137, 16, 20, 181, 155, 159)->[-4, 4, -4, 4]
(66, 103, 106, 14, 80, 17, 183, 95)->[4, 4, 4, -4]
(65, 34, 99, 131, 162, 42, 111, 89)->[-4, 4, -4, -4]
(161, 165, 108, 173, 78, 179, 84, 118)->[0, 0, 0, 8]
(96, 163, 4, 164, 144, 112, 86, 188)->[-4, -4, -4, -4]
(129, 3, 59, 187, 176, 178, 25, 91)->[4, -4, -4, -4]
(35, 74, 107, 83, 115, 92, 61, 31)->[4, -4, 4, 4]
(39, 7, 13, 46, 174, 53, 125, 190)->[4, -4, 4, -4]
(98, 135, 43, 18, 116, 119, 57, 29)->[0, -8, 0, 0]
(69, 6, 73, 15, 147, 55, 60, 157)->[0, 0, 0, -8]
(138, 79, 51, 85, 21, 120, 186, 126)->[-4, -4, 4, -4]
(128, 36, 37, 100, 45, 88, 27, 94)->[4, 4, 4, 4]
(68, 104, 50, 54, 23, 153, 123, 62)->[4, 4, -4, -4]
(133, 136, 105, 10, 145, 150, 151, 184)->[0, 0, 8, 0]
(64, 70, 154, 171, 109, 81, 82, 122)->[-8, 0, 0, 0]
(160, 71, 75, 77, 146, 56, 58, 28)->[0, 8, 0, 0]
(33, 172, 141, 47, 175, 113, 124, 189)->[8, 0, 0, 0]
(167, 40, 72, 142, 19, 180, 158, 191)->[-4, 4, 4, 4]
(5, 168, 114, 149, 22, 93, 30, 63)->[4, -4, -4, 4]
(38, 166, 8, 49, 177, 87, 24, 152)->[4, 4, -4, 4]
(2, 135, 9, 139, 144, 21, 26, 154, 156, 29, 163, 164, 43, 171, 51, 52, 70, 82, 90, 96, 119, 120, 121, 126)->[-4, -4, 0, 0]
(1, 129, 4, 143, 148, 153, 162, 176, 178, 54, 55, 60, 188, 62, 65, 69, 73, 86, 89, 91, 97, 111, 112, 123)->[0, 0, -4, -4]
(130, 131, 134, 142, 19, 20, 155, 28, 158, 159, 32, 34, 169, 42, 56, 185, 64, 71, 72, 75, 81, 99, 109, 122)->[-4, 4, 0, 0]
(128, 8, 141, 14, 17, 146, 23, 24, 160, 33, 36, 38, 45, 47, 49, 50, 58, 66, 68, 77, 80, 94, 104, 124)->[4, 4, 0, 0]
(133, 136, 11, 145, 27, 35, 37, 167, 40, 48, 180, 184, 61, 191, 76, 78, 84, 88, 92, 100, 101, 107, 108, 118)->[0, 0, 4, 4]
(132, 137, 12, 140, 16, 149, 22, 152, 161, 165, 166, 41, 170, 44, 173, 177, 179, 181, 182, 63, 87, 93, 102, 127)->[0, 0, -4, 4]
(3, 5, 7, 18, 25, 30, 31, 39, 168, 172, 46, 175, 53, 57, 59, 187, 189, 74, 83, 98, 113, 114, 115, 116)->[4, -4, 0, 0]
