Face([5, 93, 22, 114])
Face([184, 35, 107, 37, 88, 133])
Face([86, 164, 171, 122, 131, 111])
Face([150, 133, 88, 45, 66, 103])
Face([93, 102, 44, 179, 165, 22])
Face([25, 178, 188, 144, 43, 116])
Face([165, 179, 118, 108])
Face([4, 188, 112, 86])
Face([8, 33, 124, 36, 128, 38])
Face([1, 182, 127, 143])
Face([10, 184, 136, 151])
Face([154, 171, 122, 109])
Face([155, 72, 158, 71, 56, 130])
Face([98, 57, 18, 116])
Face([100, 37, 107, 61, 108, 78])
Face([7, 53, 174, 125])
Face([104, 153, 62, 23])
Face([146, 56, 75, 160])
Face([8, 38, 24, 49])
Face([21, 126, 186, 79])
Face([26, 11, 40, 142, 64, 70])
Face([5, 98, 29, 121, 102, 93])
Face([154, 171, 82, 70])
Face([3, 91, 60, 6, 125, 7])
Face([59, 129, 62, 23, 47, 189])
Face([27, 88, 37, 100])
Face([14, 66, 45, 36, 124, 141])
Face([0, 32, 19, 167, 145, 105])
Face([154, 109, 64, 70])
Face([39, 113, 141, 14, 106, 190])
Face([156, 52, 76, 101])
Face([147, 157, 69, 55])
Face([90, 121, 102, 44])
Face([182, 149, 63, 177, 152, 127])
Face([39, 46, 31, 74, 175, 113])
Face([5, 168, 149, 93])
Face([38, 24, 166, 87])
Face([41, 137, 20, 159])
Face([23, 68, 123, 62])
Face([0, 105, 150, 103, 95, 67])
Face([91, 178, 188, 112, 73, 60])
Face([125, 190, 13, 174])
Face([96, 144, 163, 164])
Face([146, 56, 71, 58])
Face([3, 25, 178, 91])
Face([138, 120, 126, 186])
Face([28, 77, 58, 71])
Face([27, 100, 78, 84, 191, 180])
Face([59, 187, 168, 30, 172, 189])
Face([31, 35, 92, 83])
Face([41, 16, 181, 137])
Face([14, 17, 183, 106])
Face([173, 179, 118, 84])
Face([9, 48, 101, 156])
Face([104, 50, 68, 23])
Face([176, 129, 59, 187])
Face([67, 185, 28, 77, 80, 95])
Face([146, 58, 77, 160])
Face([7, 53, 46, 39])
Face([1, 148, 132, 182])
Face([188, 112, 163, 144])
Face([4, 96, 144, 188])
Face([98, 57, 119, 29])
Face([176, 129, 91, 178])
Face([110, 117, 157, 15, 138, 85])
Face([25, 187, 168, 5, 98, 116])
Face([21, 51, 85, 79])
Face([173, 161, 78, 84])
Face([33, 124, 175, 172])
Face([177, 63, 22, 165, 161, 87])
Face([17, 80, 95, 183])
Face([6, 125, 174, 186, 138, 15])
Face([155, 72, 142, 64, 109, 159])
Face([49, 24, 146, 160, 50, 68])
Face([76, 101, 92, 61, 108, 118])
Face([105, 145, 133, 150])
Face([182, 132, 140, 127])
Face([181, 130, 56, 146, 24, 166])
Face([156, 101, 92, 83, 57, 119])
Face([139, 96, 144, 43, 29, 121])
Face([82, 81, 122, 171])
Face([0, 32, 185, 67])
Face([33, 124, 141, 47])
Face([9, 26, 52, 156])
Face([28, 185, 134, 42, 99, 75])
Face([10, 184, 133, 150])
Face([34, 162, 111, 131])
Face([168, 30, 63, 149])
Face([1, 176, 187, 168, 149, 182])
Face([74, 107, 37, 36, 124, 175])
Face([62, 153, 54, 123])
Face([3, 25, 116, 18, 53, 7])
Face([53, 18, 135, 126, 186, 174])
Face([74, 107, 61, 115])
Face([48, 136, 145, 167, 40, 11])
Face([16, 155, 72, 191, 84, 173])
Face([49, 24, 166, 152])
Face([6, 147, 55, 60])
Face([18, 57, 119, 135])
Face([2, 90, 52, 26, 70, 154])
Face([20, 34, 99, 75, 56, 130])
Face([66, 80, 95, 103])
Face([5, 168, 30, 114])
Face([28, 75, 160, 77])
Face([31, 74, 115, 83])
Face([8, 177, 152, 49])
Face([158, 180, 27, 94, 58, 71])
Face([177, 152, 166, 87])
Face([6, 60, 73, 15])
Face([14, 17, 104, 23, 47, 141])
Face([169, 81, 122, 131, 42, 134])
Face([0, 105, 151, 79, 85, 110])
Face([48, 136, 184, 35, 92, 101])
Face([0, 32, 169, 110])
Face([27, 88, 45, 94])
Face([10, 13, 174, 186, 79, 151])
Face([12, 170, 102, 44])
Face([93, 22, 63, 149])
Face([181, 137, 140, 127, 152, 166])
Face([34, 162, 65, 99])
Face([176, 178, 25, 187])
Face([28, 75, 56, 71])
Face([114, 115, 61, 108, 165, 22])
Face([88, 37, 36, 45])
Face([38, 24, 146, 58, 94, 128])
Face([16, 173, 161, 87, 166, 181])
Face([10, 184, 35, 31, 46, 13])
Face([26, 11, 76, 52])
Face([38, 128, 100, 78, 161, 87])
Face([6, 147, 183, 106, 190, 125])
Face([21, 51, 120, 126])
Face([8, 177, 87, 38])
Face([157, 69, 89, 42, 134, 117])
Face([15, 73, 69, 157])
Face([138, 120, 51, 85])
Face([90, 52, 76, 118, 179, 44])
Face([114, 115, 74, 175, 172, 30])
Face([32, 169, 81, 64, 142, 19])
Face([40, 142, 72, 191])
Face([39, 46, 13, 190])
Face([27, 100, 128, 94])
Face([2, 154, 171, 164, 96, 139])
Face([90, 121, 29, 119, 156, 52])
Face([75, 99, 65, 54, 50, 160])
Face([12, 41, 16, 173, 179, 44])
Face([67, 117, 157, 147, 183, 95])
Face([158, 72, 191, 180])
Face([40, 167, 180, 191])
Face([2, 139, 170, 12])
Face([165, 161, 78, 108])
Face([67, 185, 134, 117])
Face([8, 33, 47, 23, 68, 49])
Face([60, 73, 69, 55])
Face([19, 158, 180, 167])
Face([10, 13, 190, 106, 103, 150])
Face([8, 33, 172, 30, 63, 177])
Face([138, 186, 79, 85])
Face([16, 155, 130, 181])
Face([5, 98, 57, 83, 115, 114])
Face([141, 113, 175, 124])
Face([3, 59, 129, 91])
Face([20, 34, 131, 122, 109, 159])
Face([51, 120, 163, 164, 171, 82])
Face([86, 112, 163, 164])
Face([110, 169, 134, 117])
Face([19, 142, 72, 158])
Face([143, 123, 54, 65, 162, 97])
Face([9, 48, 136, 151, 79, 21])
Face([135, 43, 29, 119])
Face([0, 67, 117, 110])
Face([147, 55, 153, 104, 17, 183])
Face([131, 42, 89, 111])
Face([167, 145, 133, 88, 27, 180])
Face([35, 107, 61, 92])
Face([20, 137, 140, 97, 162, 34])
Face([14, 17, 80, 66])
Face([100, 128, 36, 37])
Face([17, 80, 77, 160, 50, 104])
Face([83, 115, 61, 92])
Face([9, 48, 11, 26])
Face([108, 78, 84, 118])
Face([68, 50, 54, 123])
Face([94, 128, 36, 45])
Face([18, 116, 43, 135])
Face([53, 174, 13, 46])
Face([2, 12, 41, 159, 109, 154])
Face([1, 176, 178, 188, 4, 148])
Face([2, 90, 44, 12])
Face([48, 11, 76, 101])
Face([148, 132, 140, 97])
Face([148, 4, 96, 139, 170, 132])
Face([9, 156, 119, 135, 126, 21])
Face([172, 189, 113, 175])
Face([141, 113, 189, 47])
Face([4, 96, 164, 86])
Face([162, 65, 89, 111])
Face([11, 40, 191, 84, 118, 76])
Face([181, 137, 20, 130])
Face([70, 64, 81, 82])
Face([109, 64, 81, 122])
Face([14, 66, 103, 106])
Face([110, 169, 81, 82, 51, 85])
Face([155, 130, 20, 159])
Face([33, 172, 189, 47])
Face([86, 112, 73, 69, 89, 111])
Face([34, 99, 42, 131])
Face([105, 150, 10, 151])
Face([143, 123, 68, 49, 152, 127])
Face([106, 103, 95, 183])
Face([6, 147, 157, 15])
Face([99, 65, 89, 42])
Face([135, 43, 144, 163, 120, 126])
Face([182, 132, 170, 102, 93, 149])
Face([143, 97, 140, 127])
Face([114, 22, 63, 30])
Face([41, 16, 155, 159])
Face([12, 41, 137, 140, 132, 170])
Face([104, 153, 54, 50])
Face([3, 59, 189, 113, 39, 7])
Face([184, 136, 145, 133])
Face([98, 116, 43, 29])
Face([139, 170, 102, 121])
Face([148, 97, 162, 111, 86, 4])
Face([54, 65, 89, 69, 55, 153])
Face([1, 176, 129, 62, 123, 143])
Face([3, 25, 187, 59])
Face([66, 80, 77, 58, 94, 45])
Face([9, 26, 70, 82, 51, 21])
Face([32, 185, 134, 169])
Face([91, 129, 62, 153, 55, 60])
Face([105, 145, 136, 151])
Face([53, 18, 57, 83, 31, 46])
Face([31, 35, 107, 74])
Face([15, 73, 112, 163, 120, 138])
Face([40, 167, 19, 142])
Face([2, 90, 121, 139])
Face([32, 185, 28, 71, 158, 19])
Face([1, 148, 97, 143])
Face([7, 125, 190, 39])
Face([173, 161, 165, 179])
