Face([54, 282, 242])
Face([1, 153, 47, 187, 7, 218, 202, 14])
Face([8, 9, 274, 177, 124, 131, 58, 141])
Face([100, 227, 203, 71, 276, 232, 51, 213])
Face([12, 88, 248])
Face([220, 82, 188])
Face([29, 59, 133, 127, 215, 138, 258, 255])
Face([49, 222, 175])
Face([24, 216, 49])
Face([94, 17, 37])
Face([67, 195, 259, 283, 114, 272, 260, 192])
Face([125, 193, 221])
Face([284, 82, 151])
Face([88, 248, 258, 138, 79, 204, 145, 78])
Face([15, 161, 119])
Face([88, 248, 255, 29, 284, 82, 220, 31])
Face([91, 86, 111])
Face([196, 224, 252, 183, 235, 60, 46, 279])
Face([77, 153, 47, 176, 86, 91, 18, 250])
Face([279, 125, 46])
Face([138, 79, 215])
Face([5, 93, 149])
Face([180, 156, 87])
Face([241, 86, 176])
Face([33, 42, 83, 232, 242, 54, 163, 228])
Face([228, 163, 118])
Face([170, 150, 254])
Face([278, 110, 39])
Face([69, 188, 244])
Face([198, 236, 204, 79, 215, 127, 162, 230])
Face([267, 276, 71])
Face([162, 133, 127])
Face([21, 190, 172, 126, 69, 188, 220, 199])
Face([64, 166, 254])
Face([34, 256, 145, 204, 53, 247, 76, 235])
Face([14, 233, 237, 179, 134, 263, 126, 165])
Face([18, 91, 111, 142, 229, 190, 97, 122])
Face([117, 264, 161, 119, 109, 25, 278, 110])
Face([11, 212, 85])
Face([7, 218, 108, 173, 16, 214, 41, 206])
Face([15, 147, 157, 135, 287, 139, 109, 119])
Face([116, 56, 22])
Face([40, 50, 262])
Face([6, 55, 56, 22, 237, 179, 185, 95])
Face([10, 98, 3])
Face([63, 238, 159])
Face([29, 268, 255])
Face([146, 280, 281, 215, 138, 45, 33, 42])
Face([14, 202, 165])
Face([141, 121, 58])
Face([6, 43, 230, 198, 38, 173, 201, 55])
Face([144, 74, 124, 243, 103, 73, 84, 234])
Face([37, 160, 154])
Face([7, 187, 206])
Face([2, 129, 150, 170, 33, 228, 118, 164])
Face([151, 157, 135])
Face([213, 51, 253])
Face([43, 95, 185, 134, 263, 69, 244, 230])
Face([36, 48, 52])
Face([153, 225, 47])
Face([24, 171, 245])
Face([8, 136, 59, 284, 151, 135, 121, 141])
Face([274, 177, 166])
Face([217, 227, 209, 186, 158, 207, 272, 260])
Face([21, 197, 199])
Face([2, 164, 23])
Face([0, 224, 196])
Face([49, 222, 253, 213, 100, 217, 192, 216])
Face([23, 68, 261])
Face([106, 275, 115, 11, 85, 286, 58, 141])
Face([208, 73, 103])
Face([130, 72, 180])
Face([91, 154, 160, 285, 182, 193, 221, 111])
Face([167, 80, 184])
Face([216, 67, 192])
Face([10, 241, 86, 91, 154, 37, 94, 3])
Face([264, 161, 26])
Face([53, 62, 247])
Face([119, 161, 26, 160, 154, 18, 122, 231])
Face([77, 153, 225, 223, 283, 75, 238, 159])
Face([88, 78, 31])
Face([13, 264, 26, 285, 72, 180, 87, 234])
Face([245, 249, 52])
Face([57, 103, 243])
Face([20, 104, 219])
Face([6, 43, 95])
Face([129, 35, 150])
Face([174, 178, 271, 41, 65, 252, 251, 194])
Face([190, 97, 172])
Face([78, 145, 256])
Face([77, 250, 159])
Face([107, 81, 189])
Face([13, 144, 152, 191, 147, 15, 161, 264])
Face([173, 108, 38])
Face([147, 273, 197, 199, 220, 82, 151, 157])
Face([137, 208, 103, 57, 50, 40, 213, 253])
Face([2, 89, 257, 101, 90, 92, 168, 164])
Face([132, 30, 270])
Face([23, 164, 118, 163, 54, 282, 70, 68])
Face([119, 109, 231])
Face([234, 84, 87])
Face([181, 193, 182])
Face([1, 233, 14])
Face([6, 43, 162, 127, 281, 219, 104, 246])
Face([106, 99, 275])
Face([90, 19, 101])
Face([132, 274, 166, 254, 170, 42, 146, 30])
Face([229, 184, 142])
Face([113, 116, 22, 237, 28, 143, 239, 158])
Face([113, 186, 265, 240, 246, 55, 56, 116])
Face([18, 250, 122])
Face([109, 139, 120, 263, 126, 172, 97, 231])
Face([5, 265, 186, 158, 239, 105, 115, 93])
Face([58, 121, 135, 157, 191, 152, 74, 131])
Face([144, 152, 74])
Face([89, 156, 257])
Face([23, 164, 168, 128, 46, 279, 44, 261])
Face([60, 128, 168, 118, 163, 148, 76, 235])
Face([212, 66, 155])
Face([4, 113, 116])
Face([0, 224, 251, 194, 32, 195, 98, 10])
Face([31, 220, 188, 244, 198, 236, 145, 78])
Face([7, 218, 167])
Face([214, 41, 271])
Face([122, 250, 159, 63, 140, 25, 109, 231])
Face([144, 152, 189, 81, 257, 156, 87, 234])
Face([32, 67, 195])
Face([174, 178, 211])
Face([0, 241, 10])
Face([24, 216, 192, 260, 266, 36, 52, 245])
Face([89, 129, 35, 208, 73, 84, 87, 156])
Face([61, 102, 178, 174, 32, 195, 259, 223])
Face([282, 112, 70])
Face([286, 58, 131])
Face([96, 210, 48, 36, 266, 272, 114, 75])
Face([19, 277, 181])
Face([9, 136, 59, 29, 268, 64, 166, 274])
Face([147, 157, 191])
Face([12, 88, 31, 199, 197, 277, 19, 90])
Face([18, 91, 154])
Face([54, 163, 148])
Face([247, 148, 76])
Face([1, 77, 250, 122, 97, 172, 165, 14])
Face([8, 136, 9])
Face([15, 161, 26, 285, 182, 181, 277, 273])
Face([5, 240, 104, 219, 280, 30, 270, 149])
Face([174, 194, 112, 282, 242, 276, 71, 211])
Face([2, 89, 156, 180, 130, 123, 261, 23])
Face([61, 225, 223])
Face([16, 201, 173])
Face([68, 261, 123, 27, 171, 24, 49, 175])
Face([75, 114, 283])
Face([9, 132, 30, 280, 281, 127, 133, 136])
Face([203, 209, 227])
Face([196, 44, 279])
Face([113, 186, 158])
Face([85, 212, 155, 57, 243, 124, 131, 286])
Face([0, 241, 86, 111, 221, 125, 279, 196])
Face([11, 105, 143, 169, 140, 278, 39, 85])
Face([35, 208, 103, 243, 177, 166, 254, 150])
Face([237, 179, 28])
Face([240, 104, 20, 267, 71, 203, 209, 265])
Face([26, 160, 285])
Face([25, 139, 109])
Face([200, 27, 171])
Face([17, 96, 238, 159, 250, 18, 154, 37])
Face([3, 200, 94])
Face([50, 57, 155])
Face([219, 280, 281])
Face([93, 275, 106, 8, 9, 132, 270, 149])
Face([21, 229, 184, 80, 256, 78, 31, 199])
Face([61, 225, 47, 187, 206, 41, 271, 102])
Face([4, 113, 158, 207, 114, 283, 223, 61])
Face([35, 208, 137])
Face([11, 105, 115])
Face([218, 202, 108])
Face([60, 128, 46])
Face([4, 116, 56, 201, 16, 214, 271, 102])
Face([69, 126, 263])
Face([94, 200, 27, 130, 72, 285, 160, 37])
Face([106, 99, 185, 134, 120, 287, 121, 141])
Face([235, 76, 183])
Face([132, 274, 177, 243, 57, 50, 262, 270])
Face([95, 185, 99])
Face([28, 169, 143])
Face([20, 267, 276, 232, 83, 146, 280, 219])
Face([243, 177, 124])
Face([226, 269, 62])
Face([196, 224, 251, 112, 70, 68, 261, 44])
Face([93, 115, 275])
Face([206, 65, 41])
Face([25, 140, 278])
Face([33, 228, 45])
Face([11, 105, 239, 207, 272, 266, 66, 212])
Face([53, 204, 79])
Face([69, 188, 82, 151, 135, 287, 120, 263])
Face([13, 264, 117])
Face([268, 64, 107])
Face([17, 96, 210])
Face([25, 139, 120, 134, 179, 28, 169, 140])
Face([233, 237, 22])
Face([12, 88, 78, 256, 34, 60, 128, 92])
Face([27, 130, 123])
Face([232, 242, 276])
Face([49, 175, 70, 112, 194, 32, 67, 216])
Face([43, 162, 133, 136, 8, 106, 99, 95])
Face([100, 217, 227])
Face([66, 266, 260, 217, 100, 40, 50, 155])
Face([152, 189, 191])
Face([13, 144, 234])
Face([265, 209, 186])
Face([194, 251, 112])
Face([0, 224, 252, 65, 206, 187, 176, 241])
Face([45, 138, 258])
Face([40, 100, 213])
Face([93, 115, 11, 212, 155, 50, 262, 149])
Face([139, 120, 287])
Face([114, 272, 207])
Face([117, 205, 110])
Face([239, 158, 207])
Face([181, 193, 221, 142, 229, 21, 197, 277])
Face([98, 259, 195])
Face([32, 194, 174])
Face([167, 80, 256, 145, 236, 38, 108, 218])
Face([19, 101, 257, 156, 180, 72, 182, 181])
Face([15, 147, 273])
Face([42, 170, 150, 35, 137, 253, 51, 83])
Face([101, 81, 257])
Face([12, 90, 92])
Face([137, 253, 222])
Face([30, 146, 83, 51, 213, 40, 262, 270])
Face([249, 73, 84])
Face([64, 107, 189, 152, 74, 124, 177, 166])
Face([10, 241, 176, 47, 225, 223, 259, 98])
Face([261, 123, 44])
Face([71, 203, 211])
Face([273, 197, 277])
Face([25, 139, 287, 121, 58, 286, 39, 278])
Face([24, 49, 222, 137, 208, 73, 249, 245])
Face([223, 259, 283])
Face([15, 273, 197, 21, 190, 97, 231, 119])
Face([175, 70, 282, 242, 232, 51, 253, 222])
Face([20, 219, 281, 215, 79, 53, 62, 269])
Face([34, 80, 184, 142, 221, 125, 46, 60])
Face([140, 169, 63])
Face([192, 217, 260])
Face([90, 19, 181, 193, 125, 46, 128, 92])
Face([8, 106, 141])
Face([224, 251, 252])
Face([167, 184, 229, 190, 172, 165, 202, 218])
Face([54, 282, 112, 251, 252, 183, 76, 148])
Face([34, 80, 256])
Face([12, 248, 258, 45, 228, 118, 168, 92])
Face([1, 233, 237, 28, 169, 63, 159, 77])
Face([263, 120, 134])
Face([248, 258, 255])
Face([32, 67, 192, 217, 227, 203, 211, 174])
Face([13, 234, 84, 249, 52, 48, 205, 117])
Face([7, 187, 176, 86, 111, 142, 184, 167])
Face([165, 172, 126])
Face([29, 268, 107, 189, 191, 157, 151, 284])
Face([147, 273, 277, 19, 101, 81, 189, 191])
Face([1, 153, 77])
Face([85, 212, 66, 36, 48, 205, 110, 39])
Face([131, 74, 124])
Face([65, 252, 183])
Face([240, 104, 246])
Face([55, 201, 16, 226, 269, 20, 104, 246])
Face([4, 113, 186, 209, 203, 211, 178, 102])
Face([21, 229, 190])
Face([2, 129, 35, 137, 222, 175, 68, 23])
Face([236, 145, 204])
Face([9, 274, 132])
Face([1, 153, 225, 61, 4, 116, 22, 233])
Face([94, 200, 171, 245, 52, 48, 210, 17])
Face([5, 240, 265])
Face([198, 244, 230])
Face([6, 246, 55])
Face([0, 10, 3, 200, 27, 123, 44, 196])
Face([3, 200, 171, 24, 216, 67, 195, 98])
Face([7, 206, 65, 183, 235, 34, 80, 167])
Face([267, 269, 62, 247, 148, 54, 242, 276])
Face([214, 41, 65, 183, 76, 247, 62, 226])
Face([210, 48, 205])
Face([2, 89, 129])
Face([143, 169, 63, 238, 75, 114, 207, 239])
Face([122, 97, 231])
Face([36, 66, 155, 57, 103, 73, 249, 52])
Face([45, 138, 79, 53, 247, 148, 163, 228])
Face([199, 220, 31])
Face([266, 272, 260])
Face([92, 128, 168])
Face([16, 226, 214])
Face([121, 135, 287])
Face([12, 248, 255, 268, 107, 81, 101, 90])
Face([179, 185, 134])
Face([105, 143, 28, 179, 185, 99, 275, 115])
Face([55, 56, 201])
Face([5, 240, 246, 6, 95, 99, 275, 93])
Face([96, 75, 238])
Face([123, 130, 72, 182, 193, 125, 279, 44])
Face([136, 59, 133])
Face([102, 178, 271])
Face([164, 168, 118])
Face([215, 281, 127])
Face([20, 267, 269])
Face([285, 72, 182])
Face([3, 94, 17, 96, 75, 283, 259, 98])
Face([14, 233, 22, 56, 201, 173, 108, 202])
Face([146, 42, 83])
Face([16, 226, 62, 53, 204, 236, 38, 173])
Face([255, 258, 45, 33, 170, 254, 64, 268])
Face([29, 59, 284])
Face([149, 262, 270])
Face([5, 265, 209, 227, 100, 40, 262, 149])
Face([111, 221, 142])
Face([187, 176, 47])
Face([96, 210, 205, 110, 278, 140, 63, 238])
Face([85, 286, 39])
Face([33, 170, 42])
Face([38, 236, 198])
Face([89, 129, 150, 254, 64, 107, 81, 257])
Face([36, 66, 266])
Face([68, 70, 175])
Face([165, 202, 108, 38, 198, 244, 69, 126])
Face([4, 61, 102])
Face([13, 144, 74, 131, 286, 39, 110, 117])
Face([105, 143, 239])
Face([59, 284, 82, 188, 244, 230, 162, 133])
Face([30, 280, 146])
Face([171, 27, 130, 180, 87, 84, 249, 245])
Face([34, 235, 60])
Face([214, 226, 269, 267, 71, 211, 178, 271])
Face([117, 264, 26, 160, 37, 17, 210, 205])
Face([83, 232, 51])
Face([43, 162, 230])
