Face([361, 393, 298, 266, 173, 5, 457, 311])
Face([482, 430, 406])
Face([148, 11, 428, 519])
Face([191, 282, 199])
Face([531, 105, 309, 542])
Face([246, 345, 507])
Face([328, 514, 363, 112, 487, 204])
Face([86, 169, 520, 233, 543, 196])
Face([131, 109, 377, 360, 148, 479, 527, 447])
Face([267, 490, 330, 452, 183, 193])
Face([560, 120, 262, 113])
Face([492, 341, 18, 135])
Face([72, 0, 532, 301, 87, 449, 459, 489])
Face([266, 298, 127, 15, 357, 171])
Face([8, 561, 385, 276, 503, 401, 237, 228])
Face([11, 428, 565])
Face([285, 227, 369, 414])
Face([330, 496, 210])
Face([71, 317, 452, 183])
Face([37, 329, 189, 386])
Face([472, 440, 435, 291, 389, 446, 456, 568])
Face([58, 459, 449, 190, 285, 227, 424, 94])
Face([441, 304, 115, 272])
Face([546, 426, 324])
Face([124, 274, 187, 384])
Face([382, 376, 180])
Face([55, 61, 97, 286])
Face([255, 17, 487, 204])
Face([178, 331, 523, 385, 561, 23])
Face([454, 249, 551, 569])
Face([167, 568, 566, 405])
Face([557, 10, 15])
Face([321, 332, 536, 62])
Face([72, 193, 183, 71, 461, 94, 58, 489])
Face([46, 57, 355, 392])
Face([56, 8, 561, 23])
Face([202, 289, 374, 404])
Face([68, 162, 129, 538])
Face([96, 498, 399, 518])
Face([245, 364, 493, 492, 165, 36, 55, 61])
Face([179, 315, 353, 226])
Face([67, 340, 418, 159])
Face([343, 123, 454, 334, 315, 434, 110, 93])
Face([431, 248, 130])
Face([60, 170, 143])
Face([169, 520, 109, 106])
Face([136, 0, 532, 559, 483, 44])
Face([438, 506, 414, 285])
Face([153, 272, 115, 26])
Face([28, 42, 239, 394])
Face([151, 134, 233, 543])
Face([101, 312, 339, 235])
Face([136, 267, 490, 349, 411, 106, 486, 44])
Face([76, 560, 177, 333, 527, 447, 515, 405])
Face([386, 126, 189])
Face([524, 291, 389])
Face([309, 310, 156, 542])
Face([28, 42, 427])
Face([83, 562, 281, 356])
Face([145, 280, 534, 433])
Face([98, 456, 446])
Face([153, 441, 304, 26])
Face([83, 562, 219])
Face([90, 131, 447, 21])
Face([36, 82, 338, 323, 181, 88, 422, 55])
Face([39, 530, 276, 503, 205, 261])
Face([78, 548, 334, 315, 353, 271])
Face([37, 386, 126, 91])
Face([236, 502, 335])
Face([65, 11, 148, 479, 175, 445])
Face([29, 232, 225, 20])
Face([100, 192, 75, 415])
Face([92, 1, 186, 476, 254, 208, 215, 443])
Face([394, 365, 233, 520, 377, 360, 519, 239])
Face([73, 89, 481, 467])
Face([174, 3, 408, 182])
Face([139, 20, 225, 38])
Face([422, 88, 140, 274, 187, 306])
Face([387, 208, 376, 180])
Face([47, 379, 488, 103, 244, 510, 59, 359])
Face([66, 497, 184, 181, 323, 460, 16, 24])
Face([151, 241, 365, 134])
Face([169, 106, 411])
Face([66, 497, 248, 431])
Face([39, 197, 398])
Face([112, 504, 101, 229, 429, 423, 17, 487])
Face([29, 139, 20])
Face([397, 408, 3])
Face([42, 314, 563, 97, 306, 187, 391, 427])
Face([160, 364, 320, 300])
Face([158, 201, 390])
Face([203, 273, 154, 351, 312, 421, 572, 155])
Face([127, 121, 393, 298])
Face([427, 132, 113, 262, 522, 391])
Face([240, 325, 573])
Face([32, 371, 114, 269, 213, 500])
Face([301, 284, 532])
Face([42, 427, 132, 239])
Face([218, 121, 127])
Face([402, 545, 302])
Face([34, 300, 320, 245])
Face([82, 165, 244, 103])
Face([486, 106, 109, 131, 90, 342])
Face([152, 12, 335, 502])
Face([547, 409, 564])
Face([403, 515, 447, 21])
Face([483, 342, 90, 21, 125, 247, 463, 559])
Face([240, 217, 287, 325])
Face([545, 533, 503, 276, 133, 240, 325, 302])
Face([119, 104, 137])
Face([146, 18, 341, 493])
Face([431, 248, 509, 436, 108, 266, 298, 380])
Face([159, 418, 147, 323, 181, 508])
Face([102, 107, 209, 299])
Face([232, 225, 63, 529, 376, 382, 152, 270])
Face([94, 176, 466, 461])
Face([343, 123, 372])
Face([442, 138, 1, 118])
Face([458, 465, 138, 1, 92, 222])
Face([32, 458, 222, 86, 169, 106, 486, 500])
Face([308, 362, 205])
Face([58, 489, 459])
Face([482, 406, 110, 535])
Face([396, 440, 435])
Face([80, 352, 509, 436])
Face([33, 72, 489, 206, 332, 536])
Face([252, 432, 355, 219, 83, 161, 368, 27])
Face([275, 217, 287])
Face([78, 485, 279, 271])
Face([243, 498, 549, 264, 216, 525, 59, 359])
Face([434, 315, 179])
Face([70, 572, 155, 256, 288, 463, 247, 494])
Face([56, 124, 522, 262, 120, 425, 420, 501])
Face([186, 1, 138, 326])
Face([48, 192, 75, 381])
Face([50, 361, 393, 121, 506, 438])
Face([94, 461, 424])
Face([133, 385, 523, 407])
Face([31, 160, 34, 158, 201, 198, 322, 43])
Face([305, 209, 107, 495])
Face([86, 169, 411, 349, 224, 335, 502, 25])
Face([116, 117, 476, 254])
Face([54, 346, 480, 281, 179, 434, 110, 535])
Face([83, 219, 480, 356])
Face([46, 73, 467, 546, 426, 60, 143, 57])
Face([37, 96, 518, 6, 471, 283, 417, 329])
Face([141, 538, 185, 294, 166, 161, 83, 562])
Face([31, 259, 570, 462])
Face([50, 361, 311, 366])
Face([80, 202, 289, 14, 108, 436])
Face([261, 379, 47, 243, 498, 399, 362, 205])
Face([197, 379, 488, 398])
Face([63, 529, 388])
Face([245, 320, 552, 497, 184, 88, 422, 61])
Face([48, 100, 415, 381])
Face([109, 520, 377])
Face([250, 458, 465, 22])
Face([275, 573, 325, 287])
Face([196, 443, 92])
Face([292, 363, 514, 481, 564, 409, 455, 374])
Face([33, 72, 193, 267])
Face([77, 112, 363, 292])
Face([65, 188, 439])
Face([34, 245, 61, 97, 563, 158])
Face([171, 212, 14])
Face([94, 176, 172, 424])
Face([246, 345, 297, 157])
Face([58, 553, 214, 575, 176, 94])
Face([225, 20, 309, 542, 128, 63])
Face([73, 328, 467])
Face([496, 224, 349, 210])
Face([147, 337, 516])
Face([43, 322, 316, 272, 115, 475])
Face([203, 256, 288, 559, 483, 213, 269, 273])
Face([35, 260, 27, 368, 166, 294, 437, 567])
Face([96, 277, 518])
Face([37, 329, 91])
Face([68, 538, 141])
Face([194, 202, 404])
Face([65, 188, 7, 445])
Face([359, 59, 358, 249, 454, 123])
Face([50, 366, 319])
Face([47, 243, 372, 343])
Face([45, 265, 268, 511, 287, 275, 149, 255])
Face([177, 113, 262, 258])
Face([445, 175, 231, 348, 457, 311, 251, 7])
Face([108, 266, 171, 14])
Face([402, 221, 471, 302])
Face([357, 350, 10, 15])
Face([164, 547, 350, 10, 505, 191])
Face([168, 2, 409, 564])
Face([159, 178, 331, 418])
Face([232, 38, 153, 272, 316, 318, 12, 270])
Face([53, 513, 324, 426])
Face([52, 168, 2, 340, 331, 523, 407, 513])
Face([47, 243, 359])
Face([536, 64, 491, 332])
Face([574, 345, 297, 104, 572, 155])
Face([305, 209, 299])
Face([317, 448, 452])
Face([485, 172, 424, 227, 369, 279])
Face([201, 198, 444, 496, 210, 565, 428, 390])
Face([358, 293, 278])
Face([139, 378, 69, 26, 153, 38])
Face([41, 252, 432, 296, 354, 477])
Face([411, 349, 210, 565, 360, 377])
Face([312, 339, 351])
Face([310, 3, 174, 416, 150, 156])
Face([79, 264, 216, 111])
Face([51, 556, 373])
Face([277, 549, 399, 518])
Face([190, 185, 294, 449])
Face([352, 400, 499, 509])
Face([505, 10, 15, 127, 218, 195, 383, 13])
Face([31, 160, 300, 439, 188, 448, 317, 259])
Face([336, 234, 526])
Face([531, 105, 310, 156])
Face([111, 441, 272, 316, 163, 413, 410, 540])
Face([548, 249, 454, 334])
Face([63, 128, 142, 388])
Face([517, 161, 368, 74])
Face([28, 305, 209, 451, 303, 19, 314, 42])
Face([162, 129, 414, 506, 121, 127, 15, 557])
Face([5, 457, 348])
Face([80, 202, 404, 473, 425, 120, 258, 400])
Face([366, 284, 463, 247, 457, 311])
Face([498, 549, 399])
Face([336, 234, 102, 107, 387, 208, 254, 550])
Face([250, 458, 222, 25, 502, 236, 62, 64])
Face([228, 237, 469])
Face([274, 522, 391, 187])
Face([273, 154, 269])
Face([167, 405, 515, 131, 109, 520, 233, 134])
Face([88, 184, 181])
Face([181, 508, 344, 184])
Face([95, 273, 154, 554])
Face([425, 440, 435, 420])
Face([48, 192, 100])
Face([255, 204, 149])
Face([482, 430, 93, 535])
Face([119, 104, 297, 157, 242, 357, 171, 212])
Face([437, 185, 294])
Face([34, 300, 439, 65, 11, 428, 390, 158])
Face([50, 438, 227, 424, 461, 71, 544, 319])
Face([228, 469, 419, 238])
Face([41, 477, 474, 145, 416, 174, 327, 537])
Face([74, 368, 166, 528])
Face([52, 168, 564, 481, 467, 546])
Face([397, 408, 182, 327])
Face([532, 284, 463, 559])
Face([567, 256, 155, 574])
Face([322, 444, 198])
Face([445, 175, 478, 499, 509, 248, 130, 347])
Face([87, 449, 294, 437])
Face([231, 348, 125, 21, 447, 527])
Face([434, 307, 353, 315])
Face([413, 303, 470, 410])
Face([501, 464, 558, 291, 435, 420])
Face([90, 403, 339, 351, 154, 269, 213, 342])
Face([436, 499, 509])
Face([188, 439, 347, 7])
Face([141, 562, 281, 179, 226, 122])
Face([239, 132, 113, 177, 333, 479, 148, 519])
Face([472, 568, 566])
Face([246, 507, 295, 157])
Face([160, 34, 245, 364])
Face([513, 324, 217, 240, 133, 407])
Face([373, 556, 313, 541])
Face([500, 44, 483, 213])
Face([63, 128, 9, 529])
Face([46, 296, 57])
Face([243, 372, 123, 359])
Face([191, 505, 484, 199])
Face([117, 476, 186, 326, 280, 534])
Face([387, 208, 215])
Face([197, 398, 516, 337, 282, 199, 406, 430])
Face([35, 574, 567])
Face([245, 320, 364])
Face([50, 361, 251, 319])
Face([158, 563, 314, 390])
Face([76, 472, 566, 405])
Face([89, 481, 564, 547, 350, 242, 157, 295])
Face([46, 73, 89, 295, 507, 392])
Face([152, 12, 318, 163, 413, 290, 180, 382])
Face([112, 504, 370, 363])
Face([265, 354, 296, 57, 143, 170, 84, 268])
Face([84, 417, 555, 268])
Face([45, 354, 296, 46, 73, 328, 204, 255])
Face([301, 288, 559, 532])
Face([461, 424, 172, 466])
Face([42, 314, 390, 428, 519, 239])
Face([413, 290, 410])
Face([106, 411, 377, 109])
Face([32, 371, 465, 458])
Face([29, 321, 332, 206, 553, 214, 378, 139])
Face([477, 354, 45, 375])
Face([506, 369, 414])
Face([340, 418, 331])
Face([86, 196, 92, 222])
Face([512, 48, 100, 99, 216, 525, 510, 244])
Face([72, 0, 193])
Face([265, 474, 145, 433, 555, 268])
Face([36, 512, 103, 82])
Face([517, 528, 74])
Face([417, 283, 555])
Face([336, 526, 211, 468, 118, 186, 476, 550])
Face([501, 420, 473, 404, 194, 67, 178, 23])
Face([39, 261, 488, 398])
Face([40, 485, 78])
Face([71, 544, 448, 317])
Face([51, 373, 395, 214, 553, 257, 528, 517])
Face([199, 282, 13, 484])
Face([195, 24, 539, 450])
Face([90, 131, 515, 403])
Face([446, 456, 220, 211])
Face([236, 270, 12, 335])
Face([61, 97, 306, 422])
Face([77, 112, 487, 4, 524, 291, 435, 396])
Face([30, 402, 545, 533, 401, 237, 469, 263])
Face([81, 117, 476, 550])
Face([292, 370, 363])
Face([39, 197, 379, 261])
Face([438, 506, 369, 227])
Face([40, 521, 271, 78])
Face([54, 144, 170, 60])
Face([65, 445, 347, 439])
Face([47, 343, 123, 359])
Face([258, 120, 262])
Face([203, 256, 155])
Face([548, 334, 569, 551])
Face([530, 523, 407])
Face([321, 491, 64, 62])
Face([518, 6, 545, 533, 362, 399])
Face([136, 0, 193, 267])
Face([84, 417, 283, 511])
Face([386, 372, 123, 454, 569, 541, 313, 126])
Face([505, 484, 13])
Face([358, 249, 551, 571, 69, 26, 304, 293])
Face([160, 34, 300])
Face([78, 548, 551, 571, 575, 176, 172, 485])
Face([88, 140, 508, 181])
Face([553, 257, 206])
Face([79, 540, 111])
Face([547, 409, 455, 289, 14, 171, 357, 350])
Face([337, 282, 13, 383, 16, 460])
Face([500, 213, 342, 486])
Face([360, 565, 428, 519])
Face([91, 329, 189, 126])
Face([70, 572, 421])
Face([174, 182, 327])
Face([525, 216, 111, 441, 304, 293])
Face([75, 412, 419, 299, 209, 451, 470, 415])
Face([76, 472, 568, 167])
Face([52, 168, 164, 191, 199, 406, 482, 53])
Face([67, 194, 455, 409, 2, 340])
Face([108, 173, 212, 14])
Face([321, 491, 332])
Face([362, 533, 503, 205])
Face([89, 514, 363, 370, 137, 104, 297, 295])
Face([77, 112, 504])
Face([231, 478, 333, 527])
Face([194, 202, 289, 455])
Face([33, 72, 0, 136])
Face([375, 200, 85, 442, 326, 280, 145, 474])
Face([271, 353, 226, 122, 129, 414, 369, 279])
Face([56, 124, 274, 140, 508, 159, 178, 23])
Face([32, 371, 22, 250])
Face([195, 450, 383])
Face([66, 552, 497])
Face([550, 476, 254])
Face([259, 570, 466, 461, 71, 317])
Face([463, 288, 559])
Face([443, 25, 502, 152, 382, 215])
Face([90, 403, 21])
Face([70, 421, 137, 119])
Face([338, 323, 147, 516])
Face([79, 264, 99, 540])
Face([260, 49, 41, 252])
Face([330, 496, 224, 490])
Face([164, 2, 409, 547])
Face([39, 530, 523, 331, 418, 147, 516, 398])
Face([378, 395, 214])
Face([44, 483, 342, 486])
Face([356, 480, 281])
Face([479, 333, 527])
Face([300, 320, 552, 130, 347, 439])
Face([124, 522, 391, 384])
Face([102, 107, 495])
Face([510, 525, 293, 278])
Face([322, 198, 163, 316])
Face([338, 323, 460])
Face([168, 164, 547, 564])
Face([529, 376, 208, 254, 116, 9])
Face([348, 457, 247, 125])
Face([382, 376, 208, 215])
Face([58, 489, 206, 553])
Face([80, 436, 499, 400])
Face([69, 571, 575])
Face([260, 49, 537, 27])
Face([81, 116, 9, 142, 277, 518, 6, 221])
Face([361, 393, 380, 431, 130, 347, 7, 251])
Face([218, 380, 298, 127])
Face([36, 82, 165])
Face([77, 504, 370, 292])
Face([56, 8, 464, 501])
Face([512, 48, 192, 308, 205, 261, 488, 103])
Face([98, 468, 211, 446])
Face([425, 473, 420])
Face([236, 270, 152, 502])
Face([96, 498, 549, 277])
Face([30, 336, 550, 81, 221, 402])
Face([100, 192, 308, 362, 399, 549, 264, 99])
Face([183, 544, 448, 452])
Face([571, 395, 214, 575])
Face([497, 248, 130, 552])
Face([197, 379, 47, 343, 93, 430])
Face([512, 244, 103])
Face([280, 416, 174, 182, 22, 465, 138, 326])
Face([101, 235, 229])
Face([54, 346, 143, 60])
Face([455, 289, 374])
Face([31, 43, 475, 462])
Face([51, 517, 161, 83, 356, 367])
Face([275, 217, 240, 573])
Face([261, 488, 379])
Face([31, 43, 259])
Face([147, 337, 460, 323])
Face([207, 554, 154, 351, 229, 429])
Face([65, 11, 565, 210, 330, 452, 448, 188])
Face([200, 207, 429, 423])
Face([55, 61, 422])
Face([58, 553, 257, 459])
Face([318, 444, 496, 224, 335, 12])
Face([229, 235, 339, 351])
Face([152, 12, 270])
Face([144, 170, 143, 346])
Face([490, 224, 349])
Face([434, 307, 226, 179])
Face([128, 9, 142])
Face([81, 116, 254, 550])
Face([53, 426, 60, 54, 535, 482])
Face([394, 365, 134, 167, 76, 560, 113, 132])
Face([477, 474, 375])
Face([453, 98, 446, 389, 524, 4, 17, 423])
Face([319, 251, 311, 366])
Face([401, 533, 503])
Face([52, 513, 53])
Face([230, 263, 234, 526])
Face([459, 257, 528, 166, 294, 449])
Face([462, 146, 18, 40, 485, 172, 466, 570])
Face([340, 418, 147, 337, 282, 191, 164, 2])
Face([454, 334, 569])
Face([32, 250, 64, 536, 33, 136, 44, 500])
Face([462, 146, 135, 278, 293, 304, 115, 475])
Face([128, 9, 116, 117, 534, 150, 156, 542])
Face([28, 394, 132, 427])
Face([338, 460, 337, 516])
Face([45, 265, 474, 375])
Face([196, 92, 1, 118, 468, 220, 151, 543])
Face([88, 184, 344, 140])
Face([445, 347, 7])
Face([68, 162, 122, 141])
Face([162, 129, 122])
Face([114, 554, 154, 269])
Face([30, 402, 302, 325, 573, 223, 253, 230])
Face([102, 234, 526, 211, 220, 151, 241, 495])
Face([59, 358, 293, 525])
Face([30, 336, 526, 230])
Face([163, 198, 444, 318])
Face([175, 231, 478])
Face([149, 275, 573, 223, 524, 4])
Face([371, 465, 138, 442, 85, 207, 554, 114])
Face([530, 276, 133, 407])
Face([494, 5, 457, 247])
Face([468, 211, 220])
Face([328, 514, 481, 467])
Face([45, 265, 354])
Face([493, 492, 341])
Face([295, 297, 157])
Face([35, 203, 256, 567])
Face([291, 389, 253, 558])
Face([119, 137, 370, 292, 374, 289, 14, 212])
Face([412, 419, 469, 237])
Face([87, 449, 190])
Face([110, 434, 307, 484, 199, 406])
Face([453, 429, 423])
Face([367, 356, 281, 179, 315, 334, 569, 541])
Face([397, 3, 174, 327])
Face([29, 232, 270, 236, 62, 321])
Face([521, 450, 195, 218, 121, 506, 369, 279])
Face([81, 117, 534, 433, 555, 283, 471, 221])
Face([98, 456, 220, 468])
Face([124, 274, 522])
Face([371, 465, 22])
Face([192, 75, 412, 237, 401, 308])
Face([35, 203, 155, 574])
Face([263, 234, 102, 299, 419, 469])
Face([69, 378, 395, 571])
Face([35, 260, 252, 432, 392, 507, 345, 574])
Face([28, 305, 495, 241, 365, 394])
Face([69, 378, 214, 575])
Face([329, 417, 84, 170, 144, 189])
Face([472, 440, 396, 77, 504, 101, 235, 566])
Face([37, 96, 498, 243, 372, 386])
Face([230, 253, 558, 464, 8, 228, 469, 263])
Face([66, 552, 320, 364, 493, 341, 539, 24])
Face([371, 114, 95, 49, 537, 327, 182, 22])
Face([41, 252, 27, 537])
Face([30, 230, 263])
Face([153, 272, 441])
Face([388, 529, 9, 142])
Face([29, 232, 38, 139])
Face([105, 309, 310])
Face([37, 96, 277, 142, 128, 542, 531, 91])
Face([52, 513, 324, 546])
Face([479, 175, 231, 527])
Face([91, 329, 417, 555, 433, 150, 156, 531])
Face([392, 355, 219, 562, 141, 68, 246, 507])
Face([77, 396, 473, 404, 374, 292])
Face([308, 401, 503, 205])
Face([194, 404, 374, 455])
Face([165, 492, 135, 278, 510, 244])
Face([402, 545, 6, 221])
Face([330, 210, 349, 490])
Face([71, 544, 183])
Face([381, 75, 412, 238, 384, 187, 306, 286])
Face([81, 116, 117])
Face([290, 410, 470, 451])
Face([567, 437, 185, 538, 68, 246, 345, 574])
Face([80, 352, 400])
Face([388, 142, 277, 549, 264, 79])
Face([146, 18, 135])
Face([70, 494, 5, 173, 212, 119])
Face([73, 328, 514, 89])
Face([464, 561, 385, 133, 240, 573, 223, 558])
Face([45, 255, 17, 423, 200, 375])
Face([352, 344, 140, 274, 522, 262, 258, 400])
Face([301, 288, 463, 284])
Face([6, 545, 302, 471])
Face([381, 75, 415])
Face([173, 266, 171, 212])
Face([111, 216, 99, 540])
Face([146, 493, 492, 135])
Face([31, 160, 364, 493, 146, 462])
Face([453, 98, 456, 568, 566, 235, 229, 429])
Face([43, 322, 444, 496, 330, 452, 317, 259])
Face([242, 557, 15, 357])
Face([169, 520, 377, 411])
Face([501, 23, 561, 464])
Face([40, 521, 279, 485])
Face([479, 175, 478, 333])
Face([548, 249, 551])
Face([85, 442, 118, 468, 98, 453])
Face([462, 475, 570])
Face([57, 296, 432, 355])
Face([400, 258, 177, 333, 478, 499])
Face([381, 286, 97, 563, 19, 303, 470, 415])
Face([221, 6, 471])
Face([305, 299, 102, 495])
Face([388, 529, 376, 180, 290, 410, 540, 79])
Face([8, 561, 464])
Face([264, 216, 99])
Face([303, 451, 470])
Face([82, 338, 460, 16, 539, 341, 492, 165])
Face([368, 161, 166])
Face([433, 150, 534])
Face([59, 358, 278, 510])
Face([567, 256, 288, 301, 87, 437])
Face([46, 296, 432, 392])
Face([26, 304, 115])
Face([68, 162, 557, 242, 157, 246])
Face([367, 313, 541])
Face([250, 64, 491, 408, 182, 22])
Face([195, 24, 16, 383])
Face([393, 298, 380])
Face([108, 266, 173])
Face([168, 2, 164])
Face([308, 401, 533, 362])
Face([133, 385, 276])
Face([163, 316, 318])
Face([41, 49, 537])
Face([41, 49, 95, 554, 207, 200, 375, 477])
Face([85, 200, 423, 453])
Face([141, 538, 129, 122])
Face([76, 472, 440, 425, 120, 560])
Face([140, 344, 508])
Face([148, 360, 519])
Face([511, 283, 471, 302, 325, 287])
Face([39, 530, 407, 513, 53, 482, 430, 197])
Face([95, 273, 269, 114])
Face([442, 118, 186, 326])
Face([394, 132, 239])
Face([531, 156, 542])
Face([85, 453, 429, 207])
Face([230, 253, 389, 446, 211, 526])
Face([361, 251, 311])
Face([149, 204, 487, 4])
Face([412, 419, 238])
Face([517, 528, 166, 161])
Face([162, 122, 226, 307, 484, 505, 10, 557])
Face([54, 144, 346])
Face([145, 416, 150, 433])
Face([38, 153, 441, 111, 79, 388, 63, 225])
Face([36, 512, 244, 165])
Face([82, 338, 516, 398, 488, 103])
Face([70, 421, 312, 339, 403, 21, 125, 494])
Face([66, 552, 130, 431])
Face([560, 177, 113])
Face([32, 458, 250])
Face([16, 24, 539])
Face([51, 556, 313, 367])
Face([494, 5, 348, 125])
Face([33, 267, 136])
Face([521, 450, 383, 13, 484, 307, 353, 271])
Face([218, 121, 393, 380])
Face([319, 544, 183, 193, 0, 532, 284, 366])
Face([295, 297, 345, 507])
Face([242, 357, 350])
Face([85, 200, 207])
Face([491, 408, 397, 74, 528, 257, 206, 332])
Face([158, 201, 19, 563])
Face([67, 178, 331, 340])
Face([67, 178, 159])
Face([226, 353, 307])
Face([383, 16, 539, 450])
Face([438, 227, 285])
Face([392, 432, 355])
Face([537, 27, 368, 74, 397, 327])
Face([268, 555, 283, 511])
Face([4, 17, 487])
Face([436, 499, 478, 231, 348, 5, 173, 108])
Face([286, 97, 306])
Face([530, 523, 385, 276])
Face([558, 253, 223])
Face([232, 225, 38])
Face([176, 466, 172])
Face([421, 312, 101, 504, 370, 137])
Face([314, 19, 201, 390])
Face([50, 366, 284, 301, 87, 190, 285, 438])
Face([51, 373, 541, 367])
Face([59, 525, 510])
Face([187, 384, 391])
Face([535, 93, 110])
Face([52, 546, 426, 53])
Face([100, 99, 540, 410, 470, 415])
Face([55, 422, 306, 286])
Face([167, 568, 456, 220, 151, 134])
Face([497, 184, 344, 352, 509, 248])
Face([260, 27, 252])
Face([196, 443, 215, 387, 107, 495, 241, 543])
Face([242, 557, 10, 350])
Face([396, 473, 420, 435])
Face([40, 521, 450, 539, 341, 18])
Face([67, 194, 202, 80, 352, 344, 508, 159])
Face([314, 19, 563])
Face([475, 570, 466, 176, 575, 69, 26, 115])
Face([186, 1, 118])
Face([145, 280, 416])
Face([134, 233, 365])
Face([536, 64, 62])
Face([30, 336, 234, 263])
Face([139, 378, 395, 373, 556, 105, 309, 20])
Face([107, 209, 451, 290, 180, 387])
Face([412, 237, 228, 238])
Face([421, 137, 104, 572])
Face([76, 405, 167])
Face([387, 180, 382, 215])
Face([70, 572, 104, 119])
Face([57, 355, 219, 480, 346, 143])
Face([538, 185, 190, 285, 414, 129])
Face([201, 19, 303, 413, 163, 198])
Face([396, 440, 425, 473])
Face([222, 25, 443, 92])
Face([367, 313, 126, 189, 144, 346, 480, 356])
Face([43, 259, 570, 475])
Face([89, 514, 481])
Face([191, 505, 13, 282])
Face([386, 372, 343, 93, 535, 54, 144, 189])
Face([86, 25, 443, 196])
Face([66, 24, 195, 218, 380, 431])
Face([560, 120, 258, 177])
Face([29, 321, 491, 408, 3, 310, 309, 20])
Face([131, 515, 447])
Face([524, 291, 558, 223])
Face([524, 389, 253, 223])
Face([477, 474, 265, 354])
Face([40, 18, 135, 278, 358, 249, 548, 78])
Face([319, 544, 448, 188, 7, 251])
Face([35, 203, 273, 95, 49, 260])
Face([373, 395, 571, 551, 569, 541])
Face([241, 365, 233, 543])
Face([87, 437, 185, 190])
Face([28, 305, 299, 419, 238, 384, 391, 427])
Face([322, 444, 318, 316])
Face([91, 531, 105, 556, 313, 126])
Face([95, 114, 554])
Face([86, 25, 222])
Face([84, 268, 511])
Face([56, 501, 23])
Face([426, 60, 170, 84, 511, 287, 217, 324])
Face([151, 241, 543])
Face([255, 17, 4, 149])
Face([280, 416, 150, 534])
Face([483, 213, 342])
Face([33, 536, 62, 236, 335, 224, 490, 267])
Face([494, 125, 247])
Face([148, 360, 565, 11])
Face([459, 257, 206, 489])
Face([442, 138, 326])
Face([101, 312, 351, 229])
Face([56, 8, 228, 238, 384, 124])
Face([93, 110, 406, 430])
Face([405, 515, 403, 339, 235, 566])
Face([521, 271, 279])
Face([500, 44, 486])
Face([219, 480, 281, 562])
Face([413, 290, 451, 303])
Face([36, 512, 48, 381, 286, 55])
Face([546, 467, 328, 204, 149, 275, 217, 324])
Face([51, 556, 105, 310, 3, 397, 74, 517])
