[1093, 1138]
[1113, 1139]
[1115, 1136]
[1029, 1132]
[1031, 1101]
[1040, 1052]
[1043, 1085]
[1045, 1129]
[1049, 1102]
[1050, 1108]
[1062, 1116]
[1063, 1089]
[1068, 1085]
[1069, 1145]
[1073, 1100]
[977, 994]
[978, 1119]
[980, 1099]
[987, 1034]
[989, 1044]
[997, 1032]
[1000, 1016]
[1010, 1047]
[1014, 1056]
[1017, 1149]
[1018, 1087]
[1020, 1075]
[915, 1040]
[918, 1144]
[920, 1080]
[922, 963]
[925, 1100]
[927, 1086]
[928, 1076]
[929, 1054]
[929, 1110]
[934, 955]
[934, 1134]
[946, 1072]
[947, 959]
[952, 1105]
[953, 955]
[953, 1134]
[957, 1090]
[961, 1064]
[966, 1119]
[967, 1077]
[856, 891]
[856, 956]
[860, 979]
[861, 1144]
[862, 1013]
[864, 1012]
[866, 984]
[868, 1070]
[870, 994]
[872, 897]
[872, 965]
[874, 997]
[876, 941]
[877, 1021]
[878, 1026]
[878, 1117]
[879, 964]
[880, 1012]
[881, 1061]
[883, 1006]
[884, 1077]
[885, 985]
[887, 1096]
[888, 996]
[889, 935]
[889, 1053]
[898, 960]
[899, 1008]
[900, 962]
[900, 1125]
[901, 1095]
[903, 1066]
[904, 1038]
[905, 1039]
[906, 985]
[908, 919]
[909, 986]
[911, 950]
[456, 781]
[456, 1087]
[458, 543]
[458, 707]
[459, 592]
[459, 942]
[460, 633]
[460, 947]
[461, 500]
[462, 559]
[463, 488]
[464, 926]
[464, 1030]
[465, 744]
[465, 899]
[466, 560]
[467, 648]
[468, 1009]
[469, 951]
[470, 694]
[470, 903]
[472, 792]
[473, 802]
[474, 804]
[474, 1044]
[475, 561]
[477, 688]
[478, 975]
[479, 901]
[480, 542]
[480, 1041]
[481, 926]
[481, 1030]
[482, 602]
[482, 623]
[484, 1148]
[485, 1004]
[485, 1106]
[486, 1048]
[487, 688]
[488, 851]
[489, 725]
[491, 511]
[491, 1060]
[492, 495]
[492, 520]
[493, 598]
[493, 894]
[494, 811]
[494, 1136]
[497, 574]
[497, 764]
[498, 793]
[498, 1098]
[501, 646]
[502, 1031]
[503, 971]
[503, 976]
[504, 542]
[504, 1041]
[505, 1070]
[506, 1061]
[507, 547]
[507, 562]
[508, 874]
[508, 1032]
[509, 1042]
[510, 696]
[512, 1109]
[799, 1105]
[800, 864]
[800, 880]
[801, 822]
[804, 989]
[805, 1037]
[806, 894]
[807, 1022]
[808, 1111]
[809, 1133]
[810, 1104]
[811, 1115]
[815, 1102]
[817, 1079]
[818, 946]
[819, 1048]
[821, 1098]
[823, 981]
[824, 863]
[824, 1122]
[825, 933]
[828, 1024]
[831, 835]
[832, 961]
[833, 896]
[836, 857]
[836, 958]
[837, 935]
[837, 1053]
[841, 1058]
[842, 1021]
[844, 966]
[844, 978]
[849, 1094]
[853, 870]
[853, 977]
[742, 845]
[744, 1008]
[745, 852]
[747, 1074]
[748, 846]
[749, 987]
[752, 1011]
[753, 786]
[755, 914]
[757, 1043]
[757, 1068]
[758, 787]
[758, 1045]
[760, 831]
[761, 1025]
[762, 919]
[765, 839]
[765, 969]
[767, 858]
[768, 1011]
[769, 892]
[769, 1118]
[770, 858]
[771, 1035]
[775, 869]
[776, 1137]
[777, 923]
[780, 973]
[781, 1018]
[784, 1001]
[785, 1089]
[787, 1129]
[788, 855]
[789, 1006]
[790, 848]
[793, 821]
[794, 814]
[794, 940]
[796, 1029]
[797, 1141]
[285, 897]
[285, 965]
[286, 330]
[288, 502]
[288, 1101]
[289, 312]
[289, 865]
[290, 378]
[290, 1078]
[291, 577]
[291, 840]
[292, 326]
[292, 951]
[293, 436]
[294, 308]
[294, 829]
[295, 736]
[295, 750]
[296, 496]
[296, 639]
[298, 499]
[298, 676]
[299, 344]
[299, 540]
[300, 772]
[303, 609]
[303, 1000]
[304, 500]
[305, 767]
[305, 770]
[306, 547]
[306, 562]
[307, 389]
[307, 625]
[308, 586]
[309, 665]
[310, 948]
[311, 583]
[312, 368]
[313, 867]
[315, 998]
[316, 845]
[319, 430]
[319, 798]
[320, 357]
[320, 801]
[321, 792]
[322, 452]
[322, 862]
[323, 1042]
[324, 641]
[324, 972]
[325, 536]
[326, 469]
[327, 645]
[327, 784]
[328, 403]
[329, 524]
[329, 589]
[330, 457]
[331, 566]
[331, 684]
[332, 1037]
[333, 376]
[333, 531]
[334, 373]
[334, 847]
[335, 975]
[337, 971]
[337, 976]
[338, 515]
[338, 920]
[339, 565]
[339, 755]
[340, 815]
[340, 1049]
[341, 671]
[342, 627]
[342, 1010]
[343, 891]
[343, 956]
[344, 778]
[345, 630]
[345, 1140]
[346, 358]
[346, 782]
[347, 843]
[347, 1127]
[348, 490]
[348, 924]
[349, 607]
[350, 1126]
[351, 799]
[351, 952]
[352, 749]
[352, 1034]
[353, 587]
[353, 613]
[354, 638]
[357, 822]
[358, 575]
[359, 468]
[359, 538]
[361, 432]
[362, 496]
[362, 639]
[363, 922]
[364, 661]
[364, 938]
[365, 1083]
[366, 907]
[366, 968]
[367, 876]
[368, 865]
[369, 537]
[369, 923]
[370, 813]
[370, 917]
[371, 605]
[371, 1093]
[372, 696]
[373, 642]
[374, 760]
[374, 835]
[375, 1017]
[376, 571]
[377, 1076]
[379, 595]
[379, 1113]
[381, 391]
[382, 602]
[382, 623]
[383, 930]
[384, 937]
[385, 399]
[385, 773]
[386, 406]
[386, 759]
[387, 455]
[388, 807]
[389, 554]
[390, 1116]
[391, 1005]
[392, 549]
[392, 631]
[393, 466]
[394, 532]
[394, 780]
[395, 1056]
[397, 999]
[397, 1046]
[398, 614]
[398, 939]
[627, 1047]
[629, 1035]
[630, 668]
[632, 1123]
[633, 959]
[634, 1121]
[635, 944]
[637, 910]
[638, 983]
[640, 734]
[642, 847]
[644, 1114]
[645, 1001]
[647, 871]
[648, 886]
[649, 1051]
[653, 943]
[657, 1002]
[659, 960]
[660, 1090]
[661, 685]
[662, 752]
[662, 768]
[664, 698]
[666, 730]
[666, 846]
[667, 981]
[668, 1140]
[670, 1057]
[673, 931]
[673, 1092]
[675, 775]
[677, 789]
[677, 883]
[679, 1135]
[680, 706]
[680, 879]
[681, 833]
[683, 802]
[685, 938]
[686, 708]
[687, 832]
[687, 1064]
[689, 716]
[690, 1141]
[691, 826]
[694, 1066]
[695, 909]
[697, 732]
[700, 949]
[702, 1091]
[704, 842]
[704, 877]
[705, 1019]
[706, 964]
[707, 779]
[709, 1051]
[712, 970]
[712, 993]
[713, 885]
[713, 906]
[714, 850]
[716, 1107]
[719, 902]
[721, 937]
[724, 979]
[726, 902]
[727, 764]
[728, 1079]
[729, 1146]
[730, 748]
[731, 912]
[731, 1055]
[732, 1065]
[733, 850]
[734, 945]
[735, 1038]
[737, 942]
[738, 1088]
[740, 867]
[513, 962]
[513, 1125]
[514, 1084]
[515, 1080]
[517, 907]
[517, 968]
[518, 558]
[518, 980]
[519, 1142]
[521, 849]
[522, 715]
[523, 943]
[524, 1150]
[525, 636]
[525, 882]
[526, 1033]
[527, 629]
[527, 771]
[528, 1097]
[528, 1120]
[529, 984]
[530, 816]
[531, 571]
[532, 973]
[533, 988]
[533, 1103]
[534, 643]
[535, 1039]
[536, 1151]
[537, 777]
[538, 1009]
[539, 735]
[539, 904]
[540, 778]
[541, 636]
[541, 882]
[543, 779]
[544, 1082]
[545, 927]
[546, 759]
[548, 669]
[548, 859]
[550, 603]
[551, 671]
[553, 988]
[553, 1103]
[554, 625]
[556, 803]
[556, 1112]
[557, 1131]
[558, 1099]
[561, 710]
[564, 949]
[565, 914]
[566, 590]
[567, 830]
[568, 1015]
[568, 1124]
[569, 852]
[570, 607]
[572, 1145]
[573, 594]
[573, 875]
[574, 727]
[575, 782]
[576, 915]
[576, 1052]
[578, 672]
[580, 728]
[580, 817]
[581, 808]
[582, 827]
[582, 1007]
[583, 890]
[584, 1131]
[585, 871]
[586, 829]
[588, 665]
[589, 1150]
[590, 684]
[591, 818]
[591, 1072]
[592, 737]
[593, 930]
[595, 1139]
[596, 916]
[597, 785]
[597, 1063]
[598, 806]
[599, 910]
[600, 663]
[600, 921]
[601, 990]
[603, 722]
[604, 827]
[604, 1007]
[605, 1138]
[608, 925]
[608, 1073]
[609, 1016]
[610, 1081]
[610, 1130]
[611, 1025]
[615, 1083]
[616, 1075]
[618, 999]
[618, 1046]
[619, 913]
[621, 825]
[624, 723]
[624, 783]
[626, 795]
[400, 1114]
[401, 514]
[402, 725]
[403, 954]
[404, 1137]
[405, 462]
[406, 546]
[407, 555]
[407, 893]
[408, 475]
[408, 710]
[409, 641]
[409, 972]
[410, 739]
[411, 557]
[411, 584]
[412, 606]
[412, 995]
[413, 490]
[413, 924]
[414, 790]
[415, 756]
[416, 763]
[416, 1143]
[417, 634]
[419, 828]
[420, 612]
[421, 622]
[422, 982]
[422, 1128]
[423, 519]
[424, 431]
[424, 672]
[425, 649]
[425, 709]
[426, 549]
[426, 631]
[428, 1071]
[429, 1004]
[429, 1106]
[431, 578]
[432, 932]
[433, 587]
[433, 613]
[434, 708]
[435, 667]
[435, 823]
[437, 763]
[437, 1143]
[438, 501]
[439, 1002]
[440, 754]
[441, 1088]
[442, 522]
[443, 788]
[444, 887]
[445, 705]
[446, 1054]
[446, 1110]
[447, 555]
[447, 893]
[448, 916]
[449, 552]
[450, 454]
[450, 652]
[451, 892]
[451, 1118]
[452, 1013]
[453, 701]
[453, 1023]
[455, 654]
[172, 736]
[172, 750]
[173, 659]
[173, 898]
[174, 669]
[174, 859]
[175, 193]
[176, 430]
[176, 798]
[177, 311]
[177, 890]
[178, 723]
[178, 783]
[179, 227]
[179, 913]
[180, 495]
[180, 520]
[181, 262]
[181, 888]
[182, 861]
[182, 918]
[183, 479]
[183, 1095]
[184, 621]
[184, 933]
[185, 240]
[185, 471]
[187, 1057]
[188, 247]
[188, 1126]
[189, 393]
[189, 560]
[190, 743]
[190, 774]
[191, 237]
[191, 1082]
[192, 611]
[192, 761]
[193, 620]
[194, 204]
[195, 1123]
[196, 396]
[196, 628]
[197, 354]
[197, 983]
[198, 743]
[198, 774]
[199, 249]
[199, 816]
[200, 660]
[200, 957]
[201, 751]
[201, 1067]
[202, 205]
[202, 626]
[203, 523]
[203, 653]
[204, 483]
[205, 795]
[206, 814]
[206, 940]
[207, 404]
[207, 776]
[208, 243]
[208, 664]
[209, 335]
[209, 478]
[210, 401]
[210, 1084]
[211, 251]
[211, 820]
[212, 690]
[212, 797]
[213, 912]
[213, 1055]
[214, 484]
[215, 414]
[215, 848]
[216, 751]
[216, 1067]
[217, 442]
[217, 715]
[218, 703]
[219, 264]
[219, 786]
[220, 372]
[220, 510]
[221, 233]
[221, 754]
[222, 772]
[223, 1033]
[224, 857]
[224, 958]
[225, 682]
[225, 766]
[226, 240]
[226, 471]
[227, 619]
[0, 119]
[0, 449]
[1, 171]
[1, 674]
[2, 332]
[2, 805]
[3, 521]
[3, 1094]
[4, 232]
[4, 990]
[5, 282]
[5, 729]
[6, 717]
[6, 854]
[7, 64]
[7, 428]
[8, 87]
[8, 148]
[9, 301]
[9, 336]
[10, 109]
[10, 115]
[11, 149]
[11, 948]
[12, 235]
[12, 950]
[13, 585]
[13, 647]
[14, 48]
[14, 1091]
[15, 377]
[15, 928]
[16, 103]
[16, 810]
[17, 261]
[17, 421]
[18, 158]
[18, 534]
[19, 383]
[19, 593]
[20, 127]
[20, 360]
[21, 171]
[21, 674]
[22, 399]
[22, 773]
[23, 297]
[23, 380]
[24, 445]
[24, 1019]
[25, 89]
[25, 302]
[26, 388]
[26, 1022]
[27, 650]
[27, 1036]
[28, 260]
[28, 1133]
[29, 251]
[29, 820]
[30, 577]
[30, 840]
[31, 263]
[31, 747]
[32, 476]
[32, 617]
[33, 843]
[33, 1127]
[34, 378]
[34, 1078]
[35, 222]
[35, 300]
[36, 405]
[36, 559]
[37, 663]
[37, 921]
[38, 658]
[38, 791]
[39, 165]
[39, 265]
[40, 57]
[40, 1108]
[41, 349]
[41, 570]
[42, 675]
[42, 869]
[43, 467]
[43, 886]
[44, 448]
[44, 596]
[45, 762]
[45, 908]
[46, 417]
[46, 1121]
[47, 328]
[47, 954]
[48, 702]
[49, 529]
[49, 866]
[50, 476]
[50, 617]
[51, 695]
[51, 986]
[52, 569]
[52, 745]
[53, 463]
[53, 851]
[54, 113]
[54, 415]
[55, 287]
[55, 812]
[56, 98]
[56, 420]
[114, 145]
[114, 512]
[115, 991]
[116, 651]
[116, 718]
[117, 169]
[117, 410]
[118, 830]
[119, 552]
[120, 717]
[120, 854]
[121, 873]
[121, 936]
[122, 301]
[122, 336]
[123, 535]
[123, 905]
[124, 564]
[124, 700]
[125, 309]
[125, 588]
[126, 982]
[126, 1128]
[127, 160]
[128, 423]
[128, 1142]
[129, 682]
[129, 766]
[130, 1135]
[131, 252]
[131, 838]
[132, 516]
[132, 692]
[133, 375]
[133, 1149]
[134, 454]
[134, 652]
[135, 438]
[135, 646]
[136, 341]
[136, 551]
[137, 1058]
[138, 314]
[138, 579]
[139, 863]
[139, 1122]
[140, 194]
[140, 483]
[141, 367]
[141, 941]
[142, 678]
[142, 974]
[143, 316]
[143, 742]
[144, 477]
[144, 487]
[145, 1109]
[146, 651]
[146, 718]
[147, 259]
[147, 293]
[148, 693]
[149, 310]
[150, 443]
[150, 855]
[151, 505]
[151, 868]
[152, 387]
[152, 654]
[153, 175]
[153, 620]
[154, 689]
[154, 1107]
[155, 701]
[155, 1023]
[156, 1097]
[156, 1120]
[157, 365]
[157, 615]
[158, 643]
[159, 931]
[159, 1092]
[160, 360]
[161, 563]
[161, 1003]
[162, 944]
[163, 545]
[163, 1086]
[164, 363]
[164, 963]
[165, 1059]
[166, 720]
[166, 1028]
[167, 223]
[167, 526]
[168, 317]
[168, 746]
[169, 739]
[170, 594]
[170, 875]
[228, 396]
[228, 628]
[229, 506]
[229, 881]
[230, 252]
[230, 838]
[231, 1027]
[231, 1147]
[232, 601]
[233, 440]
[234, 297]
[234, 380]
[235, 911]
[236, 486]
[236, 819]
[237, 544]
[238, 581]
[238, 1111]
[239, 826]
[241, 402]
[241, 489]
[242, 400]
[242, 644]
[243, 698]
[244, 703]
[245, 656]
[245, 834]
[246, 441]
[246, 738]
[247, 350]
[248, 658]
[248, 791]
[249, 530]
[250, 390]
[250, 1062]
[253, 714]
[253, 733]
[254, 286]
[254, 457]
[255, 323]
[255, 509]
[256, 650]
[256, 1036]
[257, 614]
[257, 939]
[258, 616]
[258, 1020]
[259, 436]
[260, 809]
[261, 622]
[262, 996]
[263, 1074]
[264, 753]
[265, 1059]
[266, 563]
[266, 1003]
[267, 724]
[267, 860]
[268, 304]
[268, 461]
[269, 356]
[269, 418]
[270, 884]
[270, 967]
[271, 796]
[271, 1132]
[272, 427]
[272, 992]
[273, 813]
[273, 917]
[274, 318]
[274, 895]
[275, 355]
[275, 741]
[276, 656]
[276, 834]
[277, 678]
[277, 974]
[278, 697]
[278, 1065]
[279, 550]
[279, 722]
[280, 384]
[280, 721]
[281, 473]
[281, 683]
[282, 1146]
[283, 803]
[283, 1112]
[284, 1081]
[284, 1130]
[57, 1050]
[58, 970]
[58, 993]
[59, 162]
[59, 635]
[60, 195]
[60, 632]
[61, 118]
[61, 567]
[62, 314]
[62, 579]
[63, 606]
[63, 995]
[64, 1071]
[65, 655]
[65, 699]
[66, 511]
[66, 1060]
[67, 130]
[67, 679]
[68, 355]
[68, 741]
[69, 839]
[69, 969]
[70, 640]
[70, 945]
[71, 720]
[71, 1028]
[72, 186]
[72, 711]
[73, 214]
[73, 1148]
[74, 434]
[74, 686]
[75, 499]
[75, 676]
[76, 361]
[76, 932]
[77, 1015]
[77, 1124]
[78, 1027]
[78, 1147]
[79, 325]
[79, 1151]
[80, 239]
[80, 691]
[81, 395]
[81, 1014]
[82, 599]
[82, 637]
[83, 681]
[83, 896]
[84, 287]
[84, 812]
[85, 102]
[85, 315]
[86, 516]
[86, 692]
[87, 693]
[88, 313]
[88, 740]
[89, 95]
[90, 186]
[90, 711]
[91, 137]
[91, 841]
[92, 218]
[92, 244]
[93, 439]
[93, 657]
[94, 655]
[94, 699]
[95, 302]
[96, 873]
[96, 936]
[97, 187]
[97, 670]
[98, 612]
[99, 381]
[99, 1005]
[100, 719]
[100, 726]
[101, 317]
[101, 746]
[102, 998]
[103, 1104]
[104, 427]
[104, 992]
[105, 444]
[105, 1096]
[106, 356]
[106, 418]
[107, 318]
[107, 895]
[108, 572]
[108, 1069]
[109, 991]
[110, 419]
[110, 1024]
[111, 321]
[111, 472]
[112, 1026]
[112, 1117]
[113, 756]
