[0, 5]
[0, 19]
[0, 38]
[0, 74]
[0, 81]
[0, 108]
[0, 130]
[0, 135]
[1, 53]
[1, 69]
[1, 72]
[1, 117]
[1, 118]
[1, 125]
[1, 133]
[1, 141]
[2, 8]
[2, 24]
[2, 36]
[2, 43]
[2, 90]
[2, 91]
[2, 93]
[2, 122]
[3, 16]
[3, 20]
[3, 30]
[3, 35]
[3, 67]
[3, 69]
[3, 124]
[3, 135]
[4, 64]
[4, 67]
[4, 71]
[4, 76]
[4, 85]
[4, 87]
[4, 114]
[4, 120]
[5, 7]
[5, 38]
[5, 49]
[5, 71]
[5, 76]
[5, 81]
[5, 137]
[6, 16]
[6, 41]
[6, 56]
[6, 77]
[6, 103]
[6, 114]
[6, 119]
[6, 126]
[7, 18]
[7, 19]
[7, 26]
[7, 49]
[7, 58]
[7, 78]
[7, 137]
[8, 93]
[8, 94]
[8, 95]
[8, 122]
[8, 132]
[8, 136]
[8, 142]
[9, 10]
[9, 17]
[9, 52]
[9, 89]
[9, 107]
[9, 109]
[9, 128]
[9, 132]
[10, 19]
[10, 26]
[10, 27]
[10, 58]
[10, 78]
[10, 107]
[10, 128]
[11, 44]
[11, 62]
[11, 78]
[11, 99]
[11, 121]
[11, 130]
[11, 137]
[11, 142]
[12, 14]
[12, 23]
[12, 28]
[12, 42]
[12, 90]
[12, 94]
[12, 125]
[12, 127]
[13, 29]
[13, 35]
[13, 50]
[13, 57]
[13, 79]
[13, 80]
[13, 101]
[13, 102]
[14, 70]
[14, 90]
[14, 104]
[14, 119]
[14, 127]
[14, 139]
[14, 141]
[15, 37]
[15, 39]
[15, 66]
[15, 86]
[15, 87]
[15, 116]
[15, 120]
[15, 131]
[16, 20]
[16, 38]
[16, 67]
[16, 97]
[16, 103]
[16, 114]
[17, 78]
[17, 99]
[17, 109]
[17, 121]
[17, 132]
[17, 138]
[17, 142]
[18, 45]
[18, 49]
[18, 71]
[18, 83]
[18, 96]
[18, 99]
[18, 137]
[19, 58]
[19, 59]
[19, 74]
[19, 78]
[19, 130]
[20, 69]
[20, 70]
[20, 97]
[20, 104]
[20, 119]
[20, 141]
[21, 44]
[21, 71]
[21, 77]
[21, 85]
[21, 96]
[21, 113]
[21, 114]
[21, 120]
[22, 28]
[22, 40]
[22, 52]
[22, 55]
[22, 89]
[22, 106]
[22, 123]
[22, 140]
[23, 28]
[23, 32]
[23, 70]
[23, 72]
[23, 79]
[23, 105]
[23, 125]
[24, 42]
[24, 60]
[24, 65]
[24, 90]
[24, 91]
[24, 115]
[24, 136]
[25, 51]
[25, 59]
[25, 75]
[25, 92]
[25, 95]
[25, 111]
[25, 127]
[25, 128]
[26, 45]
[26, 58]
[26, 73]
[26, 78]
[26, 109]
[26, 143]
[27, 52]
[27, 74]
[27, 75]
[27, 80]
[27, 107]
[27, 110]
[27, 128]
[28, 42]
[28, 51]
[28, 55]
[28, 105]
[28, 106]
[29, 47]
[29, 50]
[29, 57]
[29, 63]
[29, 82]
[29, 116]
[29, 134]
[30, 32]
[30, 35]
[30, 54]
[30, 70]
[30, 72]
[30, 79]
[30, 124]
[31, 46]
[31, 48]
[31, 60]
[31, 86]
[31, 88]
[31, 98]
[31, 112]
[31, 138]
[32, 51]
[32, 70]
[32, 75]
[32, 79]
[32, 111]
[32, 127]
[33, 82]
[33, 88]
[33, 105]
[33, 115]
[33, 118]
[33, 131]
[33, 133]
[33, 140]
[34, 66]
[34, 84]
[34, 88]
[34, 91]
[34, 98]
[34, 115]
[34, 118]
[34, 131]
[35, 47]
[35, 50]
[35, 54]
[35, 57]
[35, 135]
[36, 44]
[36, 77]
[36, 93]
[36, 96]
[36, 113]
[36, 122]
[36, 142]
[37, 49]
[37, 64]
[37, 83]
[37, 86]
[37, 120]
[37, 134]
[37, 143]
[38, 76]
[38, 103]
[38, 114]
[38, 126]
[38, 135]
[39, 53]
[39, 84]
[39, 85]
[39, 87]
[39, 97]
[39, 117]
[39, 131]
[40, 48]
[40, 63]
[40, 73]
[40, 89]
[40, 101]
[40, 107]
[40, 140]
[41, 43]
[41, 61]
[41, 62]
[41, 77]
[41, 119]
[41, 122]
[41, 139]
[42, 105]
[42, 115]
[42, 123]
[42, 125]
[42, 136]
[43, 56]
[43, 65]
[43, 77]
[43, 90]
[43, 91]
[43, 119]
[44, 62]
[44, 77]
[44, 96]
[44, 126]
[44, 137]
[45, 46]
[45, 83]
[45, 99]
[45, 109]
[45, 112]
[45, 143]
[46, 48]
[46, 73]
[46, 86]
[46, 100]
[46, 109]
[46, 143]
[47, 50]
[47, 57]
[47, 64]
[47, 67]
[47, 76]
[47, 87]
[48, 88]
[48, 89]
[48, 100]
[48, 123]
[48, 140]
[49, 64]
[49, 68]
[49, 71]
[49, 143]
[50, 53]
[50, 69]
[50, 72]
[50, 133]
[51, 52]
[51, 55]
[51, 75]
[51, 106]
[51, 127]
[52, 55]
[52, 106]
[52, 107]
[52, 128]
[53, 69]
[53, 87]
[53, 116]
[53, 131]
[53, 133]
[54, 74]
[54, 75]
[54, 80]
[54, 110]
[54, 124]
[54, 135]
[55, 79]
[55, 80]
[55, 101]
[55, 102]
[56, 77]
[56, 84]
[56, 85]
[56, 97]
[56, 117]
[56, 119]
[57, 68]
[57, 81]
[57, 110]
[57, 129]
[58, 68]
[58, 81]
[58, 110]
[58, 129]
[59, 74]
[59, 92]
[59, 108]
[59, 121]
[59, 128]
[59, 130]
[60, 93]
[60, 98]
[60, 115]
[60, 123]
[60, 136]
[60, 138]
[61, 62]
[61, 92]
[61, 103]
[61, 104]
[61, 108]
[61, 111]
[61, 139]
[62, 92]
[62, 122]
[62, 126]
[62, 130]
[63, 73]
[63, 82]
[63, 100]
[63, 101]
[63, 129]
[63, 134]
[64, 68]
[64, 76]
[64, 87]
[64, 134]
[65, 90]
[65, 91]
[65, 117]
[65, 118]
[65, 125]
[65, 141]
[66, 83]
[66, 84]
[66, 86]
[66, 98]
[66, 113]
[66, 120]
[67, 69]
[67, 76]
[67, 87]
[67, 97]
[68, 81]
[68, 129]
[68, 134]
[68, 143]
[69, 72]
[69, 97]
[70, 72]
[70, 104]
[70, 141]
[71, 114]
[71, 120]
[71, 137]
[72, 79]
[72, 133]
[73, 107]
[73, 109]
[73, 129]
[73, 143]
[74, 75]
[74, 108]
[74, 110]
[75, 80]
[75, 111]
[76, 81]
[76, 135]
[77, 113]
[78, 99]
[78, 121]
[79, 80]
[79, 102]
[80, 101]
[80, 110]
[81, 110]
[81, 135]
[82, 100]
[82, 102]
[82, 116]
[82, 133]
[82, 140]
[83, 86]
[83, 96]
[83, 112]
[83, 120]
[84, 85]
[84, 91]
[84, 113]
[84, 117]
[85, 97]
[85, 114]
[85, 120]
[86, 88]
[86, 100]
[87, 116]
[88, 100]
[88, 115]
[88, 131]
[89, 109]
[89, 123]
[89, 132]
[89, 138]
[90, 94]
[90, 139]
[91, 98]
[91, 113]
[92, 95]
[92, 121]
[92, 122]
[92, 139]
[93, 98]
[93, 112]
[93, 138]
[93, 142]
[94, 95]
[94, 106]
[94, 127]
[94, 136]
[94, 139]
[95, 106]
[95, 121]
[95, 128]
[95, 132]
[96, 99]
[96, 112]
[96, 113]
[97, 117]
[98, 112]
[98, 113]
[99, 112]
[99, 142]
[100, 116]
[100, 134]
[101, 102]
[101, 107]
[101, 129]
[102, 105]
[102, 133]
[102, 140]
[103, 104]
[103, 108]
[103, 124]
[103, 126]
[104, 111]
[104, 119]
[104, 124]
[105, 125]
[105, 133]
[105, 140]
[106, 132]
[106, 136]
[107, 129]
[108, 111]
[108, 124]
[108, 130]
[109, 138]
[110, 129]
[111, 124]
[111, 127]
[112, 138]
[114, 126]
[115, 118]
[115, 123]
[116, 131]
[116, 134]
[117, 118]
[117, 141]
[118, 125]
[118, 131]
[119, 141]
[121, 128]
[121, 142]
[122, 139]
[122, 142]
[123, 136]
[123, 140]
[124, 135]
[125, 141]
[126, 130]
[126, 137]
[127, 139]
[130, 137]
[132, 136]
[132, 138]
[134, 143]
