Face([2, 128, 86, 103])
Face([59, 145, 31, 93])
Face([129, 240, 74, 241])
Face([176, 193, 177, 37])
Face([4, 108, 104, 217])
Face([150, 118, 261, 101])
Face([11, 278, 262])
Face([169, 153, 218, 284])
Face([97, 155, 43, 87])
Face([245, 186, 135, 31])
Face([223, 160, 105])
Face([247, 233, 281])
Face([243, 68, 38])
Face([179, 114, 236, 206])
Face([76, 99, 167, 189])
Face([65, 123, 208, 173])
Face([278, 64, 69, 230])
Face([143, 186, 137, 171])
Face([103, 168, 220])
Face([58, 130, 109])
Face([209, 88, 226])
Face([21, 138, 147, 242])
Face([15, 122, 55, 111])
Face([234, 177, 96, 188])
Face([216, 209, 249])
Face([12, 181, 102, 183])
Face([162, 249, 163])
Face([4, 217, 52])
Face([23, 224, 150])
Face([52, 60, 54, 156])
Face([212, 273, 66])
Face([206, 236, 154, 79])
Face([223, 105, 47, 196])
Face([136, 153, 109])
Face([169, 153, 172])
Face([27, 276, 82, 287])
Face([169, 112, 187, 153])
Face([287, 82, 238])
Face([204, 131, 244])
Face([5, 225, 7, 76])
Face([13, 53, 79, 206])
Face([5, 225, 247])
Face([101, 273, 261])
Face([215, 280, 231, 263])
Face([29, 155, 41, 92])
Face([59, 113, 145])
Face([20, 280, 161, 110])
Face([53, 154, 79])
Face([255, 34, 94])
Face([71, 211, 117])
Face([23, 67, 202, 150])
Face([17, 159, 220, 146])
Face([198, 160, 130, 256])
Face([99, 168, 126, 265])
Face([53, 57, 73, 61])
Face([0, 11, 262, 253])
Face([165, 282, 58, 109])
Face([2, 128, 50])
Face([76, 99, 265])
Face([48, 176, 91, 51])
Face([139, 167, 99])
Face([17, 148, 81, 221])
Face([122, 283, 228])
Face([25, 208, 178, 284])
Face([89, 193, 151])
Face([13, 44, 88, 236])
Face([53, 57, 261])
Face([3, 125, 268, 179])
Face([11, 106, 271, 246])
Face([218, 153, 109, 130])
Face([191, 38, 238])
Face([7, 27, 276, 39])
Face([54, 60, 201, 28])
Face([18, 96, 164, 216])
Face([90, 272, 221, 195])
Face([27, 276, 86])
Face([65, 123, 100, 132])
Face([223, 160, 130, 58])
Face([29, 171, 97, 155])
Face([125, 282, 204, 131])
Face([218, 187, 112, 284])
Face([259, 232, 264, 78])
Face([51, 32, 104, 108])
Face([71, 117, 124, 14])
Face([134, 163, 254])
Face([17, 162, 148])
Face([83, 33, 85])
Face([265, 285, 126])
Face([225, 116, 95])
Face([252, 118, 261])
Face([40, 181, 238, 191])
Face([76, 99, 27, 7])
Face([183, 178, 173, 222])
Face([264, 136, 109, 78])
Face([18, 216, 267])
Face([12, 234, 188, 183])
Face([262, 170, 142, 55])
Face([23, 59, 70])
Face([259, 164, 96, 270])
Face([287, 140, 199])
Face([33, 129, 184, 85])
Face([192, 246, 271])
Face([127, 269, 265, 126])
Face([175, 96, 18])
Face([229, 98, 275, 157])
Face([17, 162, 18, 175])
Face([39, 82, 276])
Face([57, 56, 73])
Face([3, 179, 206, 190])
Face([148, 81, 250])
Face([217, 36, 63])
Face([26, 44, 258, 158])
Face([233, 281, 151, 285])
Face([124, 30, 263])
Face([180, 144, 286])
Face([253, 128, 111, 55])
Face([149, 214, 113])
Face([194, 136, 47, 279])
Face([1, 8, 274])
Face([139, 99, 168, 103])
Face([31, 283, 228, 135])
Face([213, 285, 265, 269])
Face([4, 217, 63, 22])
Face([76, 233, 285, 265])
Face([67, 120, 100, 42])
Face([50, 128, 257, 205])
Face([149, 24, 45, 113])
Face([90, 42, 195])
Face([232, 164, 177, 37])
Face([87, 184, 241, 286])
Face([83, 41, 43, 85])
Face([3, 90, 195, 190])
Face([190, 206, 79])
Face([39, 156, 28, 82])
Face([85, 34, 43])
Face([4, 108, 260])
Face([146, 235, 140, 126])
Face([76, 233, 7])
Face([5, 192, 83])
Face([274, 200, 80, 229])
Face([45, 101, 273, 212])
Face([40, 181, 121, 239])
Face([85, 184, 147])
Face([253, 86, 276, 55])
Face([143, 64, 135, 186])
Face([53, 261, 118, 79])
Face([215, 280, 20])
Face([40, 112, 191])
Face([59, 145, 230, 70])
Face([49, 57, 261, 252])
Face([229, 157, 166])
Face([119, 112, 187])
Face([125, 282, 227])
Face([14, 124, 245])
Face([16, 29, 171, 143])
Face([232, 264, 37])
Face([124, 152, 117])
Face([166, 161, 280])
Face([218, 153, 187])
Face([46, 248, 250, 49])
Face([210, 98, 131])
Face([62, 258, 286, 87])
Face([234, 172, 264, 37])
Face([266, 50, 251])
Face([46, 139, 167, 77])
Face([183, 222, 235, 102])
Face([274, 35, 200])
Face([65, 132, 221, 159])
Face([208, 100, 132, 173])
Face([216, 267, 177, 164])
Face([256, 185, 130])
Face([69, 66, 273, 101])
Face([179, 268, 206])
Face([182, 97, 155])
Face([46, 49, 252, 251])
Face([16, 186, 228, 170])
Face([214, 93, 31])
Face([124, 152, 60, 30])
Face([224, 227, 244])
Face([32, 104, 231])
Face([221, 81, 195])
Face([27, 168, 99])
Face([146, 127, 126])
Face([128, 257, 111])
Face([125, 131, 268])
Face([107, 115, 93, 141])
Face([19, 277, 104, 30])
Face([71, 211, 93, 214])
Face([45, 113, 145, 69])
Face([90, 42, 185, 165])
Face([62, 184, 87])
Face([11, 133, 246])
Face([45, 69, 101])
Face([78, 172, 188, 270])
Face([92, 116, 95, 63])
Face([139, 99, 27, 86])
Face([180, 158, 258, 286])
Face([169, 284, 178, 183])
Face([0, 266, 253])
Face([47, 136, 196])
Face([16, 92, 29])
Face([242, 34, 85, 147])
Face([190, 195, 81, 79])
Face([96, 177, 164])
Face([92, 41, 63])
Face([115, 152, 117, 211])
Face([53, 61, 273, 261])
Face([208, 178, 173])
Face([246, 16, 170])
Face([8, 203, 182])
Face([237, 161, 280, 215])
Face([1, 274, 35, 84])
Face([33, 75, 147, 85])
Face([27, 168, 140, 287])
Face([135, 64, 69, 145])
Face([0, 106, 167, 139])
Face([275, 196, 157])
Face([51, 32, 279])
Face([102, 235, 140])
Face([15, 115, 152, 54])
Face([20, 97, 286, 180])
Face([2, 248, 103])
Face([3, 179, 259])
Face([9, 275, 196, 223])
Face([168, 140, 126])
Face([110, 24, 212, 180])
Face([23, 59, 141, 120])
Face([258, 241, 286])
Face([122, 228, 170, 142])
Face([52, 201, 28, 156])
Face([21, 209, 226, 242])
Face([49, 77, 254, 134])
Face([251, 252, 174])
Face([278, 64, 135])
Face([107, 115, 211, 198])
Face([106, 240, 56, 77])
Face([22, 247, 94])
Face([25, 218, 160, 198])
Face([106, 271, 189, 167])
Face([69, 101, 174, 230])
Face([19, 277, 119])
Face([236, 249, 154])
Face([24, 212, 45])
Face([150, 118, 252, 174])
Face([107, 257, 68])
Face([169, 112, 284])
Face([16, 186, 137, 29])
Face([7, 233, 199, 287])
Face([94, 41, 43, 34])
Face([5, 192, 271, 189])
Face([20, 171, 144, 180])
Face([39, 156, 142])
Face([89, 193, 267, 21])
Face([9, 223, 71])
Face([162, 163, 269, 127])
Face([146, 235, 222, 175])
Face([179, 72, 114])
Face([13, 44, 258, 61])
Face([204, 275, 98, 131])
Face([119, 112, 191, 201])
Face([1, 48, 6, 274])
Face([48, 176, 37])
Face([45, 212, 66, 69])
Face([260, 40, 239])
Face([105, 160, 211, 117])
Face([115, 283, 31, 93])
Face([48, 194, 279, 51])
Face([148, 162, 249, 154])
Face([168, 220, 235, 140])
Face([33, 129, 240, 271])
Face([176, 37, 234, 197])
Face([26, 80, 268])
Face([189, 33, 75, 219])
Face([49, 250, 252])
Face([13, 236, 154, 53])
Face([140, 126, 285, 199])
Face([217, 104, 231, 36])
Face([175, 96, 188, 222])
Face([123, 257, 205])
Face([33, 129, 75])
Face([13, 26, 158, 61])
Face([204, 58, 196, 275])
Face([17, 159, 221])
Face([8, 182, 280, 166])
Face([16, 170, 116, 92])
Face([262, 170, 228])
Face([72, 200, 88, 114])
Face([182, 203, 43, 155])
Face([52, 201, 60])
Face([106, 77, 167])
Face([71, 211, 160, 223])
Face([139, 86, 103])
Face([186, 228, 135])
Face([14, 215, 263, 124])
Face([279, 157, 196, 47])
Face([1, 8, 32, 51])
Face([17, 221, 272, 175])
Face([12, 169, 172, 234])
Face([105, 187, 47])
Face([150, 101, 174])
Face([8, 32, 231, 182])
Face([182, 155, 36, 231])
Face([54, 152, 283, 122])
Face([12, 234, 197])
Face([25, 256, 100, 208])
Face([245, 186, 228, 283])
Face([221, 272, 132])
Face([89, 255, 281, 151])
Face([65, 132, 173])
Face([9, 204, 58, 223])
Face([217, 104, 30])
Face([197, 193, 151, 121])
Face([7, 287, 82, 39])
Face([120, 256, 100])
Face([50, 205, 70])
Face([32, 166, 280, 231])
Face([123, 208, 100])
Face([134, 154, 249, 163])
Face([233, 285, 199])
Face([125, 190, 202, 227])
Face([194, 157, 279])
Face([26, 210, 131, 268])
Face([264, 172, 78])
Face([133, 64, 143])
Face([51, 108, 277, 279])
Face([165, 185, 282])
Face([133, 64, 66, 74])
Face([245, 137, 186])
Face([237, 215, 14])
Face([32, 104, 277, 279])
Face([278, 230, 145, 135])
Face([97, 171, 144, 286])
Face([124, 152, 283, 245])
Face([148, 162, 163, 134])
Face([236, 249, 216, 114])
Face([14, 245, 137, 215])
Face([75, 129, 184, 147])
Face([270, 272, 222, 188])
Face([150, 224, 45, 101])
Face([204, 282, 58])
Face([225, 7, 39])
Face([3, 125, 190])
Face([38, 178, 102, 238])
Face([110, 210, 158, 180])
Face([254, 163, 269, 219])
Face([71, 214, 14])
Face([198, 141, 93, 211])
Face([1, 8, 203, 84])
Face([77, 254, 219, 167])
Face([5, 83, 33, 189])
Face([22, 95, 63])
Face([185, 282, 58, 130])
Face([214, 113, 145, 31])
Face([51, 91, 108])
Face([46, 248, 251])
Face([183, 178, 102])
Face([119, 187, 47, 277])
Face([243, 82, 238, 38])
Face([13, 236, 206])
Face([12, 197, 121, 181])
Face([15, 243, 28, 54])
Face([23, 150, 174, 70])
Face([123, 208, 68, 257])
Face([5, 76, 233, 247])
Face([3, 90, 270, 259])
Face([181, 102, 140, 199])
Face([15, 243, 111])
Face([267, 213, 151, 193])
Face([0, 139, 46])
Face([180, 144, 66, 212])
Face([179, 114, 164, 259])
Face([190, 202, 195])
Face([194, 264, 136])
Face([267, 193, 177])
Face([149, 24, 244])
Face([123, 100, 120, 205])
Face([26, 80, 98, 210])
Face([46, 49, 77])
Face([1, 10, 84])
Face([12, 169, 183])
Face([146, 235, 220])
Face([89, 242, 34, 255])
Face([1, 48, 51])
Face([122, 55, 142])
Face([9, 275, 204])
Face([260, 40, 191, 201])
Face([22, 247, 281, 207])
Face([233, 281, 121, 199])
Face([223, 58, 196])
Face([243, 28, 191, 38])
Face([61, 258, 158])
Face([48, 194, 6])
Face([107, 257, 205, 141])
Face([221, 195, 42, 132])
Face([274, 229, 6])
Face([11, 262, 170, 246])
Face([96, 188, 270])
Face([229, 80, 98])
Face([0, 139, 86, 253])
Face([89, 242, 21])
Face([243, 82, 28])
Face([15, 107, 68, 243])
Face([67, 185, 42])
Face([0, 266, 278, 11])
Face([84, 242, 34])
Face([129, 240, 56])
Face([182, 280, 20, 97])
Face([149, 237, 14, 214])
Face([23, 224, 113, 59])
Face([110, 161, 98, 210])
Face([194, 136, 196, 157])
Face([224, 113, 45])
Face([63, 41, 155, 36])
Face([234, 177, 37])
Face([207, 91, 239])
Face([35, 226, 62])
Face([25, 218, 284])
Face([129, 241, 73, 56])
Face([133, 240, 271, 246])
Face([236, 88, 209, 249])
Face([148, 134, 154])
Face([9, 204, 244, 149])
Face([2, 65, 220, 103])
Face([48, 37, 232, 6])
Face([31, 145, 135])
Face([111, 276, 55])
Face([62, 184, 147, 226])
Face([90, 272, 270])
Face([8, 32, 166])
Face([216, 164, 114])
Face([214, 113, 59, 93])
Face([44, 200, 35, 62])
Face([6, 194, 157, 229])
Face([127, 213, 269])
Face([54, 156, 28])
Face([54, 122, 142, 156])
Face([25, 256, 130, 218])
Face([111, 257, 68, 243])
Face([9, 149, 214, 71])
Face([84, 242, 226, 35])
Face([253, 128, 50, 266])
Face([80, 98, 131, 268])
Face([124, 117, 19, 30])
Face([17, 148, 250, 159])
Face([72, 232, 164, 114])
Face([129, 241, 184])
Face([84, 34, 43, 203])
Face([73, 74, 66, 273])
Face([83, 41, 94])
Face([25, 68, 38, 284])
Face([192, 116, 92])
Face([53, 57, 134, 154])
Face([224, 244, 24, 45])
Face([23, 120, 205, 70])
Face([17, 146, 175])
Face([165, 185, 130, 109])
Face([10, 176, 193, 89])
Face([275, 161, 98])
Face([189, 219, 167])
Face([14, 245, 31, 214])
Face([15, 122, 54])
Face([67, 120, 256, 185])
Face([204, 282, 227, 244])
Face([107, 141, 198])
Face([12, 40, 181])
Face([216, 209, 21, 267])
Face([19, 105, 117])
Face([149, 113, 224, 244])
Face([9, 237, 149])
Face([8, 274, 229, 166])
Face([28, 201, 191])
Face([24, 210, 158, 212])
Face([108, 260, 119, 277])
Face([76, 265, 219, 189])
Face([108, 91, 239, 260])
Face([115, 93, 211])
Face([189, 33, 271])
Face([97, 286, 87])
Face([23, 224, 227, 67])
Face([287, 238, 181, 199])
Face([18, 96, 177, 267])
Face([248, 159, 250])
Face([179, 72, 80, 268])
Face([217, 36, 263, 30])
Face([1, 48, 176, 10])
Face([133, 246, 16, 143])
Face([29, 137, 263, 36])
Face([13, 26, 268, 206])
Face([21, 138, 269, 213])
Face([266, 230, 278])
Face([247, 281, 255, 94])
Face([127, 213, 285, 126])
Face([262, 228, 122, 55])
Face([12, 40, 112, 169])
Face([44, 88, 226, 62])
Face([229, 98, 161, 166])
Face([4, 52, 95, 22])
Face([192, 116, 170, 246])
Face([103, 168, 27, 86])
Face([9, 275, 161, 237])
Face([17, 162, 127, 146])
Face([136, 196, 58, 109])
Face([183, 188, 222])
Face([69, 64, 66])
Face([11, 106, 240, 133])
Face([245, 283, 31])
Face([234, 188, 172])
Face([138, 209, 226, 147])
Face([15, 107, 257, 111])
Face([151, 285, 199, 121])
Face([192, 246, 16, 92])
Face([145, 69, 230])
Face([103, 248, 159, 220])
Face([259, 232, 164])
Face([3, 125, 282, 165])
Face([107, 68, 25, 198])
Face([75, 129, 56, 254])
Face([52, 217, 30, 60])
Face([218, 160, 130])
Face([42, 100, 132])
Face([138, 75, 219, 269])
Face([75, 219, 254])
Face([70, 174, 230])
Face([133, 74, 144, 143])
Face([67, 202, 195, 42])
Face([22, 94, 255, 207])
Face([16, 186, 143])
Face([262, 228, 135, 278])
Face([175, 272, 222])
Face([173, 235, 222])
Face([11, 278, 64, 133])
Face([128, 86, 276, 111])
Face([61, 73, 273])
Face([170, 116, 142])
Face([91, 176, 197, 239])
Face([4, 260, 239, 207])
Face([28, 82, 238, 191])
Face([149, 24, 110, 237])
Face([267, 21, 213])
Face([59, 93, 141])
Face([138, 75, 147])
Face([150, 224, 227, 202])
Face([0, 266, 251, 46])
Face([169, 172, 188, 183])
Face([18, 267, 213, 127])
Face([138, 163, 269])
Face([19, 105, 187, 119])
Face([284, 112, 191, 38])
Face([175, 96, 270, 272])
Face([10, 89, 242, 84])
Face([67, 202, 227])
Face([111, 243, 82, 276])
Face([287, 140, 102, 238])
Face([253, 266, 278, 262])
Face([23, 67, 120])
Face([13, 61, 53])
Face([9, 237, 14, 71])
Face([85, 184, 87, 43])
Face([143, 171, 144])
Face([143, 64, 66, 144])
Face([25, 256, 198])
Face([181, 121, 199])
Face([198, 160, 211])
Face([29, 155, 36])
Face([216, 209, 88, 114])
Face([52, 217, 63, 95])
Face([95, 116, 142, 156])
Face([10, 89, 255])
Face([1, 10, 91, 51])
Face([256, 185, 42, 100])
Face([165, 109, 78])
Face([213, 285, 151])
Face([237, 110, 20, 215])
Face([182, 280, 231])
Face([105, 160, 218, 187])
Face([225, 95, 156, 39])
Face([237, 161, 110])
Face([47, 136, 153, 187])
Face([106, 240, 271])
Face([62, 184, 241, 258])
Face([2, 248, 159, 65])
Face([274, 200, 72, 6])
Face([67, 185, 282, 227])
Face([25, 208, 68])
Face([266, 50, 70, 230])
Face([20, 180, 110])
Face([125, 131, 244, 227])
Face([49, 57, 56, 77])
Face([15, 122, 283, 115])
Face([26, 210, 158])
Face([110, 24, 210])
Face([197, 193, 177, 234])
Face([15, 115, 107])
Face([59, 141, 205, 70])
Face([259, 78, 270])
Face([148, 81, 79, 154])
Face([124, 245, 137, 263])
Face([32, 279, 157, 166])
Face([12, 40, 239, 197])
Face([5, 83, 94, 247])
Face([29, 36, 63, 92])
Face([83, 192, 92, 41])
Face([215, 137, 171, 20])
Face([65, 220, 159])
Face([181, 238, 102])
Face([2, 50, 205, 123])
Face([46, 248, 103, 139])
Face([61, 158, 212, 273])
Face([203, 43, 87])
Face([195, 81, 118, 202])
Face([178, 173, 235, 102])
Face([225, 247, 233, 7])
Face([6, 72, 80, 229])
Face([4, 108, 91, 207])
Face([66, 74, 144])
Face([2, 128, 257, 123])
Face([148, 250, 49, 134])
Face([3, 90, 165])
Face([101, 261, 252, 174])
Face([8, 274, 35, 203])
Face([215, 137, 263])
Face([83, 192, 271, 33])
Face([19, 105, 47, 277])
Face([162, 249, 216, 18])
Face([5, 192, 116, 225])
Face([13, 26, 44])
Face([73, 241, 74])
Face([115, 152, 283])
Face([48, 194, 264, 37])
Face([120, 205, 141])
Face([132, 272, 222, 173])
Face([253, 262, 55])
Face([49, 57, 134])
Face([125, 268, 206, 190])
Face([225, 116, 142, 39])
Face([24, 210, 131, 244])
Face([203, 35, 62, 87])
Face([207, 281, 121, 239])
Face([151, 121, 281])
Face([260, 40, 112, 119])
Face([83, 85, 34, 94])
Face([248, 250, 252, 251])
Face([77, 56, 254])
Face([56, 73, 74, 240])
Face([84, 35, 203])
Face([74, 144, 286, 241])
Face([0, 106, 77, 46])
Face([146, 220, 168, 126])
Face([236, 88, 114])
Face([3, 259, 78, 165])
Face([90, 165, 78, 270])
Face([89, 21, 213, 151])
Face([72, 200, 80])
Face([253, 128, 86])
Face([36, 231, 263])
Face([7, 27, 287])
Face([65, 220, 235, 173])
Face([90, 272, 132, 42])
Face([26, 80, 200, 44])
Face([61, 73, 241, 258])
Face([57, 73, 273, 261])
Face([159, 250, 81, 221])
Face([207, 281, 255])
Face([30, 104, 231, 263])
Face([180, 158, 212])
Face([71, 117, 105, 223])
Face([166, 161, 275, 157])
Face([155, 43, 41])
Face([22, 95, 225, 247])
Face([44, 200, 88])
Face([19, 60, 201, 119])
Face([35, 200, 88, 226])
Face([44, 258, 62])
Face([190, 202, 118, 79])
Face([99, 265, 219, 167])
Face([176, 193, 197])
Face([0, 106, 11])
Face([197, 121, 239])
Face([242, 226, 147])
Face([260, 201, 119])
Face([54, 152, 60])
Face([150, 202, 118])
Face([138, 209, 249, 163])
Face([5, 76, 189])
Face([108, 104, 277])
Face([21, 209, 138])
Face([10, 84, 34, 255])
Face([284, 178, 38])
Face([6, 232, 264, 194])
Face([68, 208, 178, 38])
Face([19, 60, 152, 117])
Face([10, 91, 207, 255])
Face([52, 156, 95])
Face([264, 136, 153, 172])
Face([109, 153, 172, 78])
Face([2, 65, 123])
Face([277, 279, 47])
Face([50, 251, 174, 70])
Face([20, 97, 171])
Face([162, 18, 127])
Face([182, 97, 87, 203])
Face([39, 276, 55, 142])
Face([133, 240, 74])
Face([120, 256, 198, 141])
Face([29, 137, 171])
Face([219, 265, 269])
Face([10, 176, 91])
Face([138, 75, 254, 163])
Face([6, 232, 72])
Face([79, 81, 118])
Face([146, 127, 18, 175])
Face([266, 251, 174, 230])
Face([2, 248, 251, 50])
Face([250, 81, 118, 252])
Face([57, 56, 254, 134])
Face([19, 60, 30])
Face([22, 63, 41, 94])
Face([4, 260, 201, 52])
Face([4, 22, 207])
Face([179, 72, 232, 259])
