Face([114, 345, 119, 101, 483, 281, 350, 286])
Face([574, 9, 556, 480, 525, 173, 225, 529])
Face([63, 223, 375])
Face([44, 82, 499, 522, 365, 283, 172, 151])
Face([31, 1, 95, 443, 114, 345, 26, 388])
Face([415, 416, 458])
Face([71, 143, 326])
Face([92, 309, 257, 12, 285, 98, 293, 559])
Face([77, 146, 571, 361, 303, 533, 226, 284])
Face([28, 97, 138, 128, 88, 19, 29, 42])
Face([400, 509, 268, 230, 183, 525, 480, 573])
Face([151, 464, 69, 79, 99, 356, 167, 172])
Face([56, 96, 27])
Face([53, 177, 17, 130, 372, 78, 203, 327])
Face([459, 242, 290])
Face([21, 313, 274, 448, 434, 472, 306, 385])
Face([200, 520, 215])
Face([265, 396, 484])
Face([44, 464, 151])
Face([285, 264, 12])
Face([98, 293, 141])
Face([50, 249, 271, 447, 355, 139, 127, 550])
Face([190, 156, 270])
Face([43, 390, 519, 493, 555, 229, 529, 574])
Face([12, 264, 256, 358, 195, 251, 292, 257])
Face([8, 169, 245])
Face([317, 344, 228])
Face([338, 547, 351])
Face([46, 194, 366])
Face([172, 283, 167])
Face([538, 481, 569])
Face([282, 224, 465])
Face([53, 177, 319])
Face([246, 369, 549])
Face([249, 332, 271])
Face([46, 158, 565, 62, 504, 360, 425, 366])
Face([42, 29, 566])
Face([277, 544, 259])
Face([33, 403, 402, 244, 339, 437, 466, 367])
Face([96, 122, 75, 190, 156, 543, 406, 27])
Face([46, 194, 401, 134, 84, 58, 449, 158])
Face([86, 491, 196])
Face([61, 506, 430])
Face([315, 203, 327])
Face([68, 234, 227])
Face([243, 258, 381])
Face([22, 360, 425])
Face([132, 533, 303])
Face([50, 249, 332, 118, 248, 67, 393, 93])
Face([237, 164, 334])
Face([47, 347, 357, 516, 359, 59, 129, 572])
Face([71, 326, 164, 237, 72, 279, 299, 207])
Face([176, 501, 454])
Face([5, 395, 445, 380, 402, 244, 198, 20])
Face([389, 371, 179])
Face([340, 406, 543])
Face([15, 232, 325])
Face([58, 368, 84])
Face([124, 474, 187, 169, 8, 133, 266, 421])
Face([36, 540, 433, 3, 353, 439, 129, 572])
Face([185, 89, 239, 287, 254, 409, 487, 364])
Face([296, 316, 479])
Face([92, 163, 444, 429, 346, 251, 292, 309])
Face([38, 18, 272, 536, 362, 379, 544, 277])
Face([403, 402, 380])
Face([66, 24, 124, 474, 100, 518, 76, 413])
Face([395, 408, 445])
Face([218, 188, 414])
Face([109, 426, 404])
Face([560, 414, 188, 260, 374, 530, 280, 7])
Face([40, 241, 255])
Face([280, 168, 530])
Face([40, 462, 448, 274, 148, 527, 240, 255])
Face([390, 412, 519])
Face([350, 281, 370])
Face([515, 410, 405])
Face([453, 363, 557])
Face([72, 279, 181])
Face([5, 20, 263])
Face([430, 506, 212, 106, 524, 442, 2, 116])
Face([68, 312, 226, 533, 132, 468, 551, 227])
Face([471, 145, 482])
Face([474, 187, 100])
Face([82, 235, 499])
Face([67, 248, 269, 471, 482, 507, 492, 478])
Face([104, 384, 0])
Face([31, 1, 110, 242, 459, 108, 34, 411])
Face([73, 570, 555, 229, 225, 173, 183, 230])
Face([118, 332, 271, 447, 438, 145, 471, 269])
Face([104, 0, 155, 330, 308, 199, 419, 213])
Face([50, 93, 550])
Face([552, 456, 295])
Face([202, 217, 420, 208, 389, 371, 405, 410])
Face([205, 288, 500])
Face([90, 436, 259, 544, 379, 568, 479, 316])
Face([135, 331, 197])
Face([3, 433, 457, 490, 450, 216, 302, 262])
Face([540, 433, 457])
Face([347, 253, 357])
Face([91, 523, 542])
Face([462, 434, 448])
Face([133, 266, 354])
Face([286, 443, 95, 110, 242, 290, 370, 350])
Face([35, 446, 558])
Face([388, 26, 119, 101, 115, 526, 34, 411])
Face([32, 105, 486])
Face([85, 521, 539])
Face([70, 192, 261, 456, 295, 154, 81, 247])
Face([155, 330, 171])
Face([251, 346, 195])
Face([38, 113, 87, 485, 49, 436, 259, 277])
Face([28, 42, 566, 520, 215, 209, 236, 278])
Face([247, 81, 4, 531, 233, 514, 435, 470])
Face([213, 419, 318])
Face([147, 376, 382])
Face([209, 236, 294])
Face([485, 475, 87])
Face([67, 393, 478])
Face([161, 328, 219])
Face([20, 198, 339, 437, 14, 351, 547, 263])
Face([5, 395, 408, 494, 13, 338, 547, 263])
Face([30, 452, 192, 70, 470, 435, 252, 463])
Face([76, 561, 518])
Face([361, 571, 564])
Face([10, 460, 476, 451, 567, 16, 206, 159])
Face([120, 89, 239, 201, 126, 304, 23, 238])
Face([248, 269, 118])
Face([105, 528, 548, 111, 488, 166, 152, 486])
Face([72, 237, 334, 170, 298, 458, 415, 181])
Face([165, 473, 276, 221, 314, 25, 267, 534])
Face([297, 210, 140])
Face([25, 267, 511])
Face([107, 373, 238, 120, 185, 364, 498, 174])
Face([359, 275, 516])
Face([201, 239, 287])
Face([199, 308, 214])
Face([431, 301, 305])
Face([58, 368, 74, 424, 211, 62, 565, 449])
Face([455, 563, 508])
Face([521, 553, 377, 103, 524, 106, 102, 539])
Face([124, 24, 421])
Face([227, 234, 423, 125, 11, 6, 310, 551])
Face([450, 490, 503])
Face([80, 546, 557, 453, 189, 116, 430, 61])
Face([365, 352, 522])
Face([498, 364, 487])
Face([132, 468, 310, 6, 497, 564, 361, 303])
Face([154, 4, 531, 418, 562, 83, 552, 295])
Face([134, 401, 510])
Face([103, 442, 524])
Face([123, 136, 184])
Face([38, 113, 18])
Face([117, 441, 508, 455, 270, 156, 543, 340])
Face([41, 315, 327, 53, 319, 168, 280, 7])
Face([60, 160, 79, 99, 505, 378, 537, 512])
Face([63, 265, 396, 341, 10, 460, 554, 375])
Face([194, 401, 510, 382, 147, 22, 425, 366])
Face([139, 355, 438, 145, 482, 507, 383, 204])
Face([16, 289, 206])
Face([531, 233, 418])
Face([126, 201, 287, 254, 428, 569, 481, 291])
Face([37, 397, 563, 508, 441, 489, 320, 422])
Face([349, 461, 13, 338, 351, 14, 466, 367])
Face([102, 106, 212])
Face([59, 129, 439])
Face([272, 536, 333])
Face([51, 546, 557, 363, 469, 553, 521, 85])
Face([36, 540, 457, 490, 503, 253, 347, 47])
Face([231, 324, 467, 473, 165, 94, 305, 301])
Face([276, 473, 467])
Face([422, 320, 307])
Face([55, 392, 386])
Face([73, 268, 230])
Face([57, 324, 231])
Face([55, 161, 219, 214, 308, 330, 171, 386])
Face([432, 387, 562, 418, 233, 514, 252, 463])
Face([35, 515, 410, 202, 220, 184, 123, 446])
Face([48, 412, 519, 493, 570, 73, 268, 509])
Face([28, 97, 278])
Face([92, 163, 559])
Face([570, 555, 493])
Face([309, 257, 292])
Face([43, 9, 574])
Face([83, 562, 387])
Face([51, 80, 61, 506, 212, 102, 539, 85])
Face([99, 505, 356])
Face([39, 64, 128, 88, 541, 500, 288, 321])
Face([115, 483, 101])
Face([181, 279, 299, 575, 224, 465, 416, 415])
Face([93, 393, 478, 492, 383, 204, 127, 550])
Face([202, 217, 220])
Face([488, 545, 176, 454, 258, 381, 407, 166])
Face([95, 1, 110])
Face([198, 339, 244])
Face([238, 373, 23])
Face([127, 139, 204])
Face([180, 260, 374])
Face([108, 459, 290, 370, 281, 483, 115, 526])
Face([65, 317, 344, 245, 8, 133, 354, 535])
Face([75, 122, 191])
Face([216, 450, 503, 253, 357, 516, 275, 322])
Face([109, 426, 336, 527, 148, 313, 21, 502])
Face([117, 441, 489])
Face([178, 142, 342])
Face([394, 417, 477])
Face([6, 497, 11])
Face([113, 18, 272, 333, 491, 196, 475, 87])
Face([37, 186, 397])
Face([84, 368, 74, 323, 376, 382, 510, 134])
Face([52, 107, 174])
Face([189, 2, 442, 103, 377, 469, 363, 453])
Face([40, 241, 232, 15, 399, 472, 434, 462])
Face([62, 504, 211])
Face([182, 337, 348])
Face([556, 480, 573])
Face([207, 299, 575])
Face([208, 250, 549, 369, 348, 182, 179, 389])
Face([45, 112, 300])
Face([59, 359, 275, 322, 302, 262, 353, 439])
Face([163, 444, 157, 477, 417, 141, 293, 559])
Face([193, 391, 140, 210, 513, 314, 25, 511])
Face([136, 184, 220, 217, 420, 250, 549, 246])
Face([173, 525, 183])
Face([37, 186, 191, 122, 96, 56, 307, 422])
Face([111, 545, 176, 501, 342, 178, 222, 548])
Face([254, 409, 428])
Face([502, 385, 21])
Face([114, 443, 286])
Face([10, 341, 159])
Face([97, 138, 64, 39, 343, 294, 236, 278])
Face([377, 553, 469])
Face([446, 123, 136, 246, 369, 348, 337, 558])
Face([51, 80, 546])
Face([335, 162, 150])
Face([57, 297, 140, 391, 121, 431, 301, 231])
Face([452, 192, 261])
Face([440, 54, 495])
Face([240, 336, 527])
Face([216, 322, 302])
Face([135, 282, 465, 416, 458, 298, 329, 197])
Face([398, 512, 537, 144, 352, 522, 499, 235])
Face([199, 419, 318, 150, 162, 328, 219, 214])
Face([14, 466, 437])
Face([71, 143, 331, 135, 282, 224, 575, 207])
Face([49, 90, 316, 296, 86, 196, 475, 485])
Face([55, 392, 542, 91, 335, 162, 328, 161])
Face([528, 548, 222])
Face([468, 310, 551])
Face([518, 561, 228, 344, 245, 169, 187, 100])
Face([121, 193, 511, 267, 534, 94, 305, 431])
Face([121, 391, 193])
Face([35, 515, 405, 371, 179, 182, 337, 558])
Face([186, 397, 563, 455, 270, 190, 75, 191])
Face([211, 424, 323, 376, 147, 22, 360, 504])
Face([45, 112, 223, 375, 554, 476, 451, 532])
Face([125, 131, 423])
Face([273, 496, 517])
Face([321, 288, 205, 200, 215, 209, 294, 343])
Face([91, 523, 384, 104, 213, 318, 150, 335])
Face([81, 154, 4])
Face([88, 19, 541])
Face([346, 429, 157, 477, 394, 311, 358, 195])
Face([33, 403, 380, 445, 408, 494, 461, 349])
Face([312, 226, 284])
Face([146, 571, 564, 497, 11, 125, 131, 427])
Face([378, 144, 537])
Face([314, 221, 513])
Face([98, 285, 264, 256, 311, 394, 417, 141])
Face([36, 572, 47])
Face([159, 341, 396, 484, 496, 273, 289, 206])
Face([112, 300, 517, 496, 484, 265, 63, 223])
Face([41, 560, 7])
Face([13, 461, 494])
Face([345, 26, 119])
Face([429, 444, 157])
Face([32, 440, 495, 142, 178, 222, 528, 105])
Face([45, 300, 517, 273, 289, 16, 567, 532])
Face([74, 323, 424])
Face([111, 488, 545])
Face([70, 470, 247])
Face([49, 90, 436])
Face([33, 349, 367])
Face([407, 152, 166])
Face([313, 274, 148])
Face([86, 296, 479, 568, 362, 536, 333, 491])
Face([399, 472, 306])
Face([52, 538, 569, 428, 409, 487, 498, 174])
Face([383, 507, 492])
Face([175, 218, 188, 260, 180, 153, 130, 372])
Face([43, 9, 556, 573, 400, 48, 412, 390])
Face([77, 146, 427])
Face([41, 560, 414, 218, 175, 78, 203, 315])
Face([31, 411, 388])
Face([143, 331, 197, 329, 170, 334, 164, 326])
Face([358, 256, 311])
Face([34, 108, 526])
Face([130, 153, 17])
Face([44, 464, 69, 160, 60, 398, 235, 82])
Face([60, 512, 398])
Face([356, 505, 378, 144, 352, 365, 283, 167])
Face([386, 392, 542, 523, 384, 0, 155, 171])
Face([32, 440, 54, 243, 381, 407, 152, 486])
Face([379, 568, 362])
Face([158, 449, 565])
Face([355, 438, 447])
Face([66, 137, 413])
Face([126, 304, 291])
Face([56, 307, 320, 489, 117, 340, 406, 27])
Face([329, 170, 298])
Face([30, 432, 387, 83, 552, 456, 261, 452])
Face([532, 451, 567])
Face([29, 19, 541, 500, 205, 200, 520, 566])
Face([225, 529, 229])
Face([78, 372, 175])
Face([160, 69, 79])
Face([3, 353, 262])
Face([64, 128, 138])
Face([54, 243, 258, 454, 501, 342, 142, 495])
Face([48, 400, 509])
Face([57, 297, 210, 513, 221, 276, 467, 324])
Face([94, 165, 534])
Face([52, 538, 481, 291, 304, 23, 373, 107])
Face([208, 250, 420])
Face([30, 432, 463])
Face([149, 137, 66, 24, 421, 266, 354, 535])
Face([514, 435, 252])
Face([120, 89, 185])
Face([109, 404, 325, 15, 399, 306, 385, 502])
Face([39, 321, 343])
Face([116, 2, 189])
Face([65, 317, 228, 561, 76, 413, 137, 149])
Face([65, 149, 535])
Face([460, 476, 554])
Face([241, 232, 325, 404, 426, 336, 240, 255])
Face([68, 312, 284, 77, 427, 131, 423, 234])
Face([177, 17, 153, 180, 374, 530, 168, 319])
