Face([61, 18, 96, 21])
Face([71, 132, 21])
Face([78, 53, 30, 21])
Face([6, 95, 31, 111])
Face([106, 11, 12])
Face([126, 41, 40, 139])
Face([15, 137, 38, 94])
Face([31, 53, 30])
Face([71, 124, 86, 78])
Face([62, 63, 33])
Face([6, 89, 105, 20])
Face([117, 138, 56])
Face([29, 41, 142])
Face([122, 65, 86])
Face([0, 140, 41, 29])
Face([88, 16, 37])
Face([35, 17, 130, 139])
Face([64, 109, 110, 102])
Face([7, 14, 31])
Face([131, 99, 140])
Face([93, 40, 41])
Face([5, 13, 103, 67])
Face([4, 126, 127])
Face([60, 49, 50])
Face([116, 47, 143])
Face([73, 42, 95])
Face([14, 94, 38])
Face([122, 138, 124])
Face([120, 65, 138])
Face([132, 74, 69])
Face([115, 58, 52])
Face([22, 107, 85])
Face([89, 68, 86])
Face([59, 121, 68])
Face([118, 56, 138])
Face([32, 82, 117])
Face([38, 125, 54, 102])
Face([95, 31, 7])
Face([4, 123, 84])
Face([0, 81, 74, 131])
Face([90, 108, 121, 102])
Face([62, 84, 77, 79])
Face([45, 112, 27])
Face([20, 97, 23, 111])
Face([25, 32, 85, 60])
Face([100, 115, 43, 94])
Face([100, 63, 15])
Face([9, 90, 38, 94])
Face([2, 122, 124, 71])
Face([103, 10, 129])
Face([7, 52, 101])
Face([36, 56, 109])
Face([90, 137, 143, 116])
Face([92, 50, 142])
Face([140, 41, 133])
Face([98, 84, 77, 119])
Face([9, 90, 116])
Face([2, 61, 78])
Face([36, 64, 109])
Face([140, 40, 104])
Face([71, 44, 110])
Face([7, 72, 9, 101])
Face([93, 40, 104])
Face([58, 75, 57])
Face([29, 50, 142])
Face([22, 32, 85])
Face([130, 17, 57, 135])
Face([48, 32, 55])
Face([69, 18, 11])
Face([127, 97, 135, 139])
Face([132, 69, 5])
Face([25, 32, 92])
Face([48, 128, 133])
Face([9, 116, 143, 15])
Face([111, 91, 58, 75])
Face([115, 43, 52])
Face([90, 116, 108])
Face([48, 32, 92])
Face([78, 53, 68])
Face([37, 16, 130, 139])
Face([61, 132, 21])
Face([132, 21, 96, 69])
Face([85, 65, 50])
Face([131, 74, 132])
Face([14, 72, 90, 38])
Face([12, 91, 43])
Face([6, 20, 49, 87])
Face([87, 42, 107, 85])
Face([100, 8, 45, 15])
Face([76, 49, 127])
Face([62, 98, 84])
Face([64, 80, 121, 102])
Face([19, 8, 100])
Face([54, 110, 102])
Face([89, 42, 121, 68])
Face([25, 4, 60])
Face([56, 138, 124, 109])
Face([116, 82, 39])
Face([136, 34, 99])
Face([140, 104, 133])
Face([0, 131, 140])
Face([89, 53, 31, 95])
Face([37, 16, 93])
Face([143, 112, 113, 51])
Face([45, 112, 137])
Face([60, 77, 73, 87])
Face([24, 75, 123, 84])
Face([44, 114, 83])
Face([49, 65, 50])
Face([66, 52, 7])
Face([61, 97, 105, 78])
Face([32, 117, 85])
Face([6, 89, 53, 111])
Face([95, 59, 31])
Face([1, 24, 58, 115])
Face([44, 114, 64, 109])
Face([63, 33, 39])
Face([81, 76, 97, 135])
Face([49, 65, 86, 105])
Face([13, 83, 125, 46])
Face([83, 114, 38, 125])
Face([70, 124, 109])
Face([6, 73, 87])
Face([92, 41, 126])
Face([136, 112, 137, 114])
Face([2, 81, 76])
Face([67, 34, 103])
Face([35, 57, 97, 127])
Face([142, 138, 117])
Face([26, 116, 39, 79])
Face([104, 34, 113, 133])
Face([19, 100, 63, 33])
Face([45, 137, 38, 46])
Face([0, 118, 138, 122])
Face([14, 59, 31])
Face([100, 94, 15])
Face([111, 75, 57, 23])
Face([26, 108, 107, 22])
Face([29, 50, 65, 122])
Face([3, 92, 126, 37])
Face([24, 88, 37, 35])
Face([61, 78, 53, 23])
Face([107, 80, 108])
Face([11, 130, 135, 18])
Face([62, 63, 79])
Face([134, 16, 10, 129])
Face([83, 125, 54])
Face([69, 96, 18])
Face([5, 83, 44])
Face([48, 51, 128])
Face([122, 124, 86])
Face([1, 88, 16, 141])
Face([15, 63, 39, 143])
Face([29, 50, 126])
Face([50, 65, 138, 142])
Face([115, 8, 46, 43])
Face([102, 121, 110])
Face([1, 19, 141])
Face([108, 121, 42])
Face([127, 20, 49])
Face([13, 106, 96, 83])
Face([0, 131, 70])
Face([2, 76, 105, 78])
Face([20, 97, 57, 75])
Face([9, 116, 39, 63])
Face([27, 33, 39, 143])
Face([88, 3, 25, 84])
Face([14, 59, 102, 38])
Face([36, 56, 47])
Face([93, 40, 130, 16])
Face([55, 79, 39])
Face([37, 35, 139])
Face([25, 32, 55])
Face([0, 2, 122])
Face([118, 99, 140])
Face([88, 3, 134])
Face([37, 93, 41, 126])
Face([20, 97, 105])
Face([25, 60, 50, 92])
Face([5, 136, 34, 67])
Face([2, 78, 71])
Face([2, 132, 61])
Face([96, 21, 30])
Face([54, 68, 110])
Face([11, 18, 12])
Face([67, 104, 40, 74])
Face([83, 21, 54])
Face([129, 34, 112, 27])
Face([8, 45, 46])
Face([25, 32, 22, 77])
Face([9, 63, 15])
Face([62, 98, 119, 79])
Face([73, 77, 22])
Face([89, 105, 86])
Face([120, 121, 110, 124])
Face([30, 53, 68, 54])
Face([95, 72, 7])
Face([47, 80, 56])
Face([37, 139, 126])
Face([45, 112, 34, 103])
Face([143, 112, 36, 47])
Face([19, 8, 103, 129])
Face([29, 41, 40, 81])
Face([10, 16, 130])
Face([87, 89, 105, 49])
Face([61, 18, 135])
Face([116, 82, 107, 108])
Face([24, 98, 84])
Face([81, 40, 139])
Face([62, 33, 55])
Face([14, 125, 38])
Face([45, 27, 15])
Face([101, 9, 26, 119])
Face([12, 96, 125, 43])
Face([73, 77, 119])
Face([9, 94, 15])
Face([44, 114, 102, 110])
Face([4, 60, 49, 127])
Face([81, 139, 127, 76])
Face([59, 121, 102])
Face([15, 27, 143])
Face([115, 58, 12])
Face([37, 139, 40, 93])
Face([131, 74, 40, 140])
Face([4, 35, 127])
Face([84, 123, 77])
Face([90, 137, 38])
Face([78, 68, 86])
Face([46, 106, 96, 125])
Face([1, 100, 63, 62])
Face([95, 72, 59])
Face([58, 57, 23, 91])
Face([37, 16, 17, 35])
Face([33, 28, 51, 39])
Face([29, 50, 49, 76])
Face([107, 120, 42])
Face([19, 129, 10, 141])
Face([48, 51, 28])
Face([52, 43, 94, 101])
Face([85, 65, 138, 117])
Face([8, 106, 46])
Face([101, 9, 94])
Face([89, 105, 53])
Face([85, 50, 142, 117])
Face([92, 41, 142])
Face([131, 99, 34, 67])
Face([1, 98, 52, 115])
Face([13, 114, 83])
Face([48, 51, 39, 55])
Face([27, 112, 113, 28])
Face([118, 128, 113, 99])
Face([14, 72, 9, 94])
Face([83, 114, 102, 54])
Face([110, 124, 86, 68])
Face([25, 77, 79, 55])
Face([123, 20, 6])
Face([18, 57, 23])
Face([91, 30, 23])
Face([103, 129, 34])
Face([129, 34, 113, 28])
Face([24, 75, 58])
Face([107, 120, 138, 117])
Face([98, 101, 119])
Face([126, 139, 127])
Face([107, 80, 56, 117])
Face([98, 52, 101])
Face([26, 116, 82, 22])
Face([57, 97, 135])
Face([62, 88, 134, 33])
Face([29, 76, 122])
Face([35, 75, 57])
Face([48, 32, 117, 128])
Face([103, 10, 11, 106])
Face([46, 43, 125])
Face([69, 18, 135, 74])
Face([9, 90, 137, 15])
Face([73, 42, 108, 26])
Face([1, 24, 88])
Face([137, 112, 143])
Face([37, 35, 4])
Face([114, 137, 38])
Face([3, 93, 37])
Face([56, 80, 120, 138])
Face([95, 42, 121, 59])
Face([46, 106, 12, 43])
Face([2, 81, 135, 61])
Face([13, 106, 103])
Face([14, 59, 54, 125])
Face([83, 96, 125])
Face([1, 88, 62])
Face([62, 84, 25, 55])
Face([22, 32, 82])
Face([72, 26, 108])
Face([29, 41, 126])
Face([7, 72, 14])
Face([22, 82, 39, 79])
Face([100, 8, 46, 94])
Face([31, 59, 68, 53])
Face([120, 65, 86])
Face([31, 91, 30])
Face([90, 64, 102])
Face([28, 113, 51])
Face([62, 98, 101, 63])
Face([6, 66, 7, 95])
Face([70, 124, 138, 118])
Face([73, 42, 107, 22])
Face([114, 64, 137])
Face([47, 64, 80])
Face([72, 90, 102, 59])
Face([111, 53, 31])
Face([120, 138, 124])
Face([71, 78, 68, 110])
Face([126, 50, 49, 127])
Face([14, 43, 91, 31])
Face([24, 17, 58])
Face([70, 44, 71])
Face([88, 16, 134])
Face([26, 22, 79])
Face([10, 104, 40, 130])
Face([67, 69, 106, 103])
Face([62, 88, 3, 55])
Face([27, 33, 28])
Face([123, 75, 20])
Face([59, 54, 102])
Face([7, 72, 26, 119])
Face([19, 27, 15, 100])
Face([71, 132, 5, 44])
Face([116, 82, 47])
Face([82, 117, 56, 47])
Face([125, 54, 30])
Face([89, 42, 95])
Face([70, 124, 71])
Face([78, 105, 53])
Face([66, 111, 91, 52])
Face([109, 80, 121, 110])
Face([143, 51, 47])
Face([129, 27, 28])
Face([20, 105, 53, 111])
Face([7, 101, 94, 14])
Face([1, 115, 100])
Face([44, 83, 54, 110])
Face([120, 121, 68, 86])
Face([136, 99, 36])
Face([2, 81, 74, 132])
Face([71, 21, 54, 110])
Face([51, 128, 113])
Face([70, 99, 36, 109])
Face([111, 91, 31])
Face([70, 99, 118])
Face([87, 89, 86, 65])
Face([45, 137, 15])
Face([14, 43, 94])
Face([136, 112, 34])
Face([100, 101, 94])
Face([8, 106, 103])
Face([16, 17, 130])
Face([0, 81, 2])
Face([93, 133, 28, 134])
Face([107, 80, 120])
Face([4, 123, 20, 127])
Face([118, 128, 56])
Face([67, 104, 34])
Face([6, 73, 95])
Face([87, 65, 120, 42])
Face([118, 140, 41, 142])
Face([67, 104, 10])
Face([70, 131, 132, 71])
Face([55, 32, 22, 79])
Face([57, 97, 23])
Face([12, 18, 57, 58])
Face([106, 96, 12])
Face([28, 113, 133])
Face([108, 80, 121])
Face([19, 8, 45, 27])
Face([25, 60, 77])
Face([44, 136, 114])
Face([130, 40, 139])
Face([48, 92, 142, 128])
Face([82, 51, 128, 117])
Face([66, 75, 111])
Face([0, 118, 70])
Face([44, 136, 36, 109])
Face([67, 74, 69])
Face([0, 2, 132, 131])
Face([36, 64, 47])
Face([127, 97, 20])
Face([101, 9, 63])
Face([140, 99, 113, 133])
Face([60, 123, 6, 87])
Face([143, 51, 39])
Face([52, 91, 43])
Face([70, 44, 109])
Face([5, 136, 44])
Face([23, 97, 105, 53])
Face([116, 143, 39])
Face([131, 132, 5])
Face([115, 8, 141])
Face([29, 81, 76])
Face([70, 131, 5, 44])
Face([115, 8, 106, 12])
Face([120, 80, 121])
Face([27, 28, 51, 143])
Face([61, 132, 74, 135])
Face([76, 97, 127])
Face([24, 98, 52, 58])
Face([72, 90, 108])
Face([60, 85, 22, 77])
Face([60, 50, 85])
Face([72, 59, 121, 108])
Face([19, 129, 134])
Face([122, 76, 105, 86])
Face([113, 34, 99])
Face([24, 88, 84])
Face([141, 16, 10])
Face([64, 80, 109])
Face([76, 105, 49])
Face([0, 81, 29])
Face([123, 66, 75])
Face([6, 66, 111])
Face([131, 74, 67])
Face([123, 66, 119, 77])
Face([109, 124, 110])
Face([115, 43, 12])
Face([3, 134, 33, 55])
Face([61, 18, 23])
Face([3, 25, 55])
Face([73, 26, 72, 95])
Face([22, 77, 79])
Face([24, 75, 35])
Face([3, 93, 134])
Face([11, 17, 57, 18])
Face([62, 55, 79])
Face([5, 67, 69])
Face([24, 98, 66, 75])
Face([12, 96, 18])
Face([1, 24, 98])
Face([15, 27, 33, 63])
Face([83, 96, 21])
Face([118, 138, 142])
Face([61, 21, 30, 23])
Face([19, 33, 27])
Face([29, 76, 127, 126])
Face([35, 75, 20, 127])
Face([2, 132, 71])
Face([17, 57, 58])
Face([13, 136, 34, 103])
Face([29, 81, 139, 126])
Face([13, 114, 38, 46])
Face([45, 46, 94, 15])
Face([14, 43, 125])
Face([71, 110, 124])
Face([6, 73, 119, 66])
Face([13, 136, 112, 45])
Face([37, 4, 126])
Face([26, 108, 116])
Face([10, 104, 129])
Face([69, 96, 106])
Face([1, 115, 141])
Face([131, 67, 5])
Face([12, 91, 58])
Face([19, 129, 27])
Face([52, 91, 58])
Face([66, 119, 7])
Face([2, 122, 76])
Face([14, 72, 59])
Face([3, 48, 133, 93])
Face([81, 74, 135])
Face([13, 106, 46])
Face([100, 8, 115])
Face([67, 10, 130, 74])
Face([13, 45, 103])
Face([118, 56, 36, 99])
Face([87, 65, 49])
Face([1, 24, 17, 141])
Face([6, 89, 95])
Face([7, 52, 43, 14])
Face([123, 66, 6])
Face([111, 53, 23])
Face([25, 84, 77])
Face([7, 52, 91, 31])
Face([67, 10, 103])
Face([0, 81, 40, 140])
Face([24, 17, 35])
Face([3, 25, 92])
Face([70, 109, 56, 118])
Face([122, 65, 138])
Face([131, 99, 136, 5])
Face([43, 91, 30, 125])
Face([46, 43, 94])
Face([11, 17, 130])
Face([2, 76, 97, 61])
Face([112, 113, 34])
Face([136, 112, 36])
Face([61, 97, 23])
Face([60, 85, 87])
Face([142, 128, 117])
Face([137, 64, 36, 112])
Face([60, 123, 77])
Face([48, 28, 133])
Face([141, 10, 11])
Face([61, 97, 135])
Face([25, 4, 84])
Face([3, 25, 4, 37])
Face([130, 139, 135])
Face([55, 33, 39])
Face([104, 129, 28, 133])
Face([35, 17, 57])
Face([25, 4, 126, 92])
Face([87, 89, 42])
Face([82, 51, 39])
Face([35, 57, 135, 139])
Face([19, 134, 33])
Face([132, 21, 83, 5])
Face([89, 68, 53])
Face([78, 68, 54, 21])
Face([104, 129, 34])
Face([90, 64, 80, 108])
Face([1, 19, 33, 62])
Face([45, 27, 129, 103])
Face([71, 44, 83, 21])
Face([31, 59, 54, 30])
Face([13, 45, 46])
Face([88, 3, 37])
Face([93, 16, 134])
Face([10, 130, 11])
Face([137, 64, 47, 143])
Face([123, 77, 73, 6])
Face([98, 66, 52])
Face([113, 128, 133])
Face([118, 128, 133, 140])
Face([5, 13, 106, 69])
Face([82, 107, 117])
Face([112, 113, 36])
Face([44, 110, 109])
Face([100, 63, 101])
Face([93, 104, 10, 16])
Face([95, 72, 108, 42])
Face([141, 8, 106, 11])
Face([29, 142, 138, 122])
Face([0, 2, 71, 70])
Face([73, 22, 85, 87])
Face([61, 21, 78])
Face([85, 107, 117])
Face([66, 75, 58, 52])
Face([119, 26, 79])
Face([115, 58, 17, 141])
Face([109, 80, 120, 124])
Face([8, 45, 103])
Face([134, 33, 28])
Face([15, 137, 143])
Face([73, 42, 87])
Face([107, 42, 108])
Face([70, 99, 136, 44])
Face([59, 68, 54])
Face([62, 88, 84])
Face([85, 65, 120, 107])
Face([73, 26, 119])
Face([1, 98, 101, 100])
Face([92, 32, 117, 142])
Face([48, 28, 33, 55])
Face([1, 19, 100])
Face([88, 84, 4, 37])
Face([12, 18, 23, 91])
Face([69, 106, 11])
Face([134, 129, 28])
Face([51, 128, 56, 47])
Face([122, 65, 49, 76])
Face([141, 16, 17])
Face([13, 136, 114])
Face([130, 40, 74])
Face([69, 11, 130, 74])
Face([113, 128, 56, 36])
Face([93, 104, 133])
Face([66, 111, 31, 7])
Face([81, 40, 74])
Face([92, 32, 85, 50])
Face([12, 96, 30, 91])
Face([2, 122, 86, 78])
Face([98, 66, 123, 84])
Face([4, 60, 50, 126])
Face([21, 54, 30])
Face([121, 110, 68])
Face([90, 64, 137])
Face([22, 82, 107])
Face([118, 128, 142])
Face([24, 88, 16, 17])
Face([3, 48, 55])
Face([14, 125, 30, 31])
Face([13, 114, 137, 45])
Face([82, 51, 47])
Face([0, 29, 142, 118])
Face([101, 63, 79, 119])
Face([140, 104, 34, 99])
Face([35, 139, 127])
Face([133, 128, 142, 41])
Face([114, 102, 38])
Face([7, 101, 119])
Face([67, 10, 11, 69])
Face([89, 42, 120, 86])
Face([72, 9, 90])
Face([70, 99, 131])
Face([87, 65, 85])
Face([42, 120, 121])
Face([78, 105, 86])
Face([93, 104, 129, 134])
Face([71, 21, 78])
Face([24, 35, 4, 84])
Face([120, 124, 86])
Face([19, 8, 141])
Face([140, 41, 40])
Face([1, 98, 62])
Face([60, 49, 87])
Face([119, 77, 79])
Face([9, 26, 116])
Face([90, 64, 47, 116])
Face([73, 95, 7, 119])
Face([3, 48, 28, 134])
Face([27, 112, 143])
Face([48, 92, 41, 133])
Face([18, 57, 135])
Face([111, 91, 23])
Face([46, 94, 38])
Face([113, 99, 36])
Face([116, 108, 80, 47])
Face([56, 80, 109])
Face([93, 41, 133])
Face([61, 18, 69, 132])
Face([63, 79, 39])
Face([1, 88, 134, 19])
Face([117, 128, 56])
Face([6, 89, 87])
Face([5, 13, 83])
Face([20, 105, 49])
Face([76, 97, 105])
Face([100, 115, 52, 101])
Face([3, 93, 41, 92])
Face([81, 139, 135])
Face([0, 29, 122])
Face([130, 74, 135])
Face([46, 125, 38])
Face([55, 32, 82, 39])
Face([141, 17, 11])
Face([0, 140, 118])
Face([20, 75, 111])
Face([73, 26, 22])
Face([4, 123, 60])
Face([98, 66, 119])
Face([0, 70, 124, 122])
Face([89, 68, 59, 95])
Face([92, 50, 126])
Face([5, 83, 96, 69])
Face([136, 114, 64, 36])
Face([141, 8, 103, 10])
Face([72, 9, 26])
Face([4, 123, 75, 35])
Face([60, 49, 20, 123])
Face([48, 32, 82, 51])
Face([114, 64, 102])
Face([131, 67, 104, 140])
Face([115, 12, 11, 141])
Face([11, 17, 58, 12])
Face([6, 20, 111])
Face([51, 113, 36, 47])
Face([9, 26, 79, 63])
Face([19, 141, 16, 134])
Face([23, 53, 30])
Face([5, 136, 13])
Face([82, 107, 80, 47])
Face([90, 38, 102])
Face([96, 125, 30])
Face([18, 96, 30, 23])
Face([3, 48, 92])
