(0, 128, 2, 12, 14, 18, 28, 158, 39, 44, 47, 52, 182, 59, 65, 67, 68, 78, 95, 103, 109, 112, 114, 118)->[2*r2, 2*r2, 0, -4]
(0, 2, 7, 9, 145, 146, 20, 158, 34, 162, 168, 169, 43, 47, 50, 178, 181, 65, 70, 75, 80, 95, 98, 127)->[2*r2, -2*r2, 0, -4]
(0, 2, 10, 14, 18, 146, 21, 27, 34, 162, 165, 167, 172, 173, 52, 180, 188, 62, 67, 69, 96, 98, 122, 125)->[4*r2, 0, 0, 0]
(0, 128, 69, 8, 9, 18, 146, 158)->[4*r2, 0, 4, -4]
(13, 143, 22, 151, 155, 157, 159, 161, 36, 170, 45, 174, 57, 187, 71, 76, 100, 101, 107, 111, 116, 121, 123, 124)->[-2*r2, 2*r2, 0, 4]
(129, 6, 149, 151, 24, 160, 33, 163, 166, 170, 46, 174, 48, 55, 57, 58, 63, 87, 97, 99, 106, 116, 120, 123)->[-2*r2, -2*r2, 0, 4]
(131, 7, 136, 140, 15, 28, 35, 43, 44, 171, 47, 176, 49, 53, 182, 184, 190, 65, 75, 81, 105, 112, 126, 127)->[0, 0, -4, -4]
(5, 136, 14, 142, 21, 150, 28, 29, 32, 35, 165, 41, 49, 59, 62, 66, 67, 72, 73, 77, 96, 109, 112, 126)->[2*r2, 2*r2, -4, 0]
(5, 6, 142, 150, 152, 25, 29, 30, 160, 41, 174, 48, 56, 191, 76, 77, 79, 93, 101, 110, 120, 121, 123, 124)->[0, 0, -4, 4]
(148, 21, 154, 156, 29, 30, 34, 35, 41, 169, 43, 49, 179, 180, 53, 181, 56, 62, 75, 79, 81, 93, 98, 125)->[2*r2, -2*r2, -4, 0]
(1, 3, 4, 132, 135, 137, 22, 151, 155, 157, 159, 33, 164, 42, 61, 82, 83, 85, 86, 87, 94, 97, 99, 116)->[-4*r2, 0, 0, 0]
(129, 145, 147, 148, 153, 154, 156, 163, 168, 169, 177, 178, 179, 181, 55, 58, 63, 70, 84, 90, 102, 106, 113, 119)->[0, -4*r2, 0, 0]
(3, 137, 139, 143, 16, 17, 23, 26, 155, 157, 31, 36, 37, 51, 185, 189, 71, 74, 82, 91, 94, 108, 111, 117)->[-2*r2, 2*r2, 4, 0]
(1, 132, 134, 7, 140, 145, 147, 20, 164, 40, 171, 175, 176, 50, 178, 183, 184, 61, 84, 85, 86, 90, 113, 127)->[-2*r2, -2*r2, 0, -4]
(3, 4, 132, 134, 137, 139, 12, 141, 164, 42, 44, 175, 176, 51, 182, 184, 190, 68, 74, 78, 91, 92, 103, 105)->[-2*r2, 2*r2, 0, -4]
(5, 10, 11, 13, 144, 165, 172, 45, 173, 54, 187, 188, 191, 66, 72, 77, 88, 89, 96, 100, 101, 110, 115, 121)->[2*r2, 2*r2, 0, 4]
(129, 6, 144, 149, 156, 30, 163, 167, 172, 173, 46, 48, 177, 179, 180, 56, 186, 191, 64, 89, 102, 110, 122, 125)->[2*r2, -2*r2, 0, 4]
(128, 8, 10, 11, 16, 17, 18, 19, 26, 27, 31, 37, 38, 39, 52, 54, 185, 60, 188, 69, 88, 114, 115, 118)->[2*r2, 2*r2, 4, 0]
(131, 4, 135, 136, 141, 142, 15, 22, 150, 152, 25, 159, 32, 161, 42, 190, 73, 76, 83, 92, 105, 107, 124, 126)->[-2*r2, 2*r2, -4, 0]
(138, 13, 144, 17, 19, 149, 23, 24, 26, 36, 38, 166, 170, 46, 57, 186, 64, 71, 88, 89, 100, 104, 115, 117)->[0, 0, 4, 4]
(128, 130, 133, 134, 8, 9, 16, 20, 158, 40, 175, 50, 51, 183, 185, 60, 189, 78, 80, 91, 95, 103, 108, 118)->[0, 0, 4, -4]
(131, 135, 140, 15, 148, 152, 25, 154, 160, 171, 53, 55, 61, 63, 79, 81, 83, 86, 87, 90, 93, 99, 113, 120)->[-2*r2, -2*r2, -4, 0]
(1, 130, 133, 138, 147, 23, 24, 153, 33, 166, 40, 183, 58, 189, 82, 84, 85, 94, 97, 104, 106, 108, 117, 119)->[-2*r2, -2*r2, 4, 0]
(11, 12, 139, 141, 143, 31, 32, 161, 37, 39, 45, 54, 59, 187, 66, 68, 72, 73, 74, 92, 107, 109, 111, 114)->[0, 4*r2, 0, 0]
(130, 133, 8, 9, 138, 146, 19, 153, 27, 162, 38, 167, 168, 177, 186, 60, 64, 69, 70, 80, 102, 104, 119, 122)->[2*r2, -2*r2, 4, 0]
(36, 37, 11, 13, 111, 17, 88, 187)->[0, 4*r2, 4, 4]
(96, 5, 173, 21, 125, 29, 30, 191)->[4*r2, 0, -4, 4]
(66, 165, 10, 14, 114, 52, 54, 59)->[4*r2, 4*r2, 0, 0]
(64, 163, 102, 166, 104, 149, 119, 58)->[0, -4*r2, 4, 4]
(65, 2, 67, 98, 43, 49, 28, 62)->[4*r2, 0, -4, -4]
(35, 136, 41, 142, 15, 81, 25, 93)->[0, 0, -8, 0]
(100, 101, 6, 170, 46, 110, 144, 174)->[0, 0, 0, 8]
(68, 73, 105, 109, 141, 112, 182, 126)->[0, 4*r2, -4, -4]
(130, 70, 80, 178, 20, 84, 183, 153)->[0, -4*r2, 4, -4]
(3, 4, 107, 139, 143, 92, 157, 159)->[-4*r2, 4*r2, 0, 0]
(97, 99, 106, 113, 147, 85, 86, 55)->[-4*r2, -4*r2, 0, 0]
(1, 164, 134, 40, 137, 82, 91, 189)->[-4*r2, 0, 4, -4]
(38, 186, 172, 115, 89, 122, 27, 188)->[4*r2, 0, 4, 4]
(131, 132, 135, 42, 140, 184, 61, 190)->[-4*r2, 0, -4, -4]
(7, 103, 44, 47, 175, 176, 50, 95)->[0, 0, 0, -8]
(160, 129, 79, 48, 56, 154, 156, 63)->[0, -4*r2, -4, 4]
(39, 74, 12, 78, 51, 118, 185, 31)->[0, 4*r2, 4, -4]
(133, 138, 108, 16, 19, 117, 26, 60)->[0, 0, 8, 0]
(32, 161, 72, 76, 77, 45, 150, 121)->[0, 4*r2, -4, 4]
(75, 171, 145, 148, 53, 181, 90, 127)->[0, -4*r2, -4, -4]
(33, 71, 151, 23, 24, 57, 155, 94)->[-4*r2, 0, 4, 4]
(162, 34, 167, 168, 169, 177, 179, 180)->[4*r2, -4*r2, 0, 0]
(83, 116, 22, 87, 120, 123, 124, 152)->[-4*r2, 0, -4, 4]
