[0, 190]
[0, 196]
[0, 206]
[0, 293]
[0, 472]
[1, 260]
[1, 371]
[1, 431]
[1, 475]
[1, 498]
[2, 128]
[2, 191]
[2, 345]
[2, 377]
[2, 574]
[3, 182]
[3, 263]
[3, 316]
[3, 434]
[3, 546]
[4, 25]
[4, 31]
[4, 208]
[4, 458]
[4, 496]
[5, 48]
[5, 322]
[5, 335]
[5, 413]
[5, 470]
[6, 93]
[6, 311]
[6, 390]
[6, 435]
[6, 463]
[7, 28]
[7, 288]
[7, 354]
[7, 396]
[7, 471]
[8, 32]
[8, 181]
[8, 224]
[8, 303]
[8, 491]
[9, 166]
[9, 186]
[9, 298]
[9, 489]
[9, 499]
[10, 37]
[10, 438]
[10, 454]
[10, 501]
[10, 548]
[11, 82]
[11, 460]
[11, 551]
[11, 556]
[11, 563]
[12, 219]
[12, 288]
[12, 402]
[12, 467]
[12, 487]
[13, 170]
[13, 321]
[13, 393]
[13, 417]
[13, 522]
[14, 136]
[14, 161]
[14, 162]
[14, 265]
[14, 573]
[15, 55]
[15, 130]
[15, 131]
[15, 186]
[15, 421]
[16, 200]
[16, 302]
[16, 320]
[16, 538]
[16, 545]
[17, 28]
[17, 36]
[17, 149]
[17, 216]
[17, 396]
[18, 86]
[18, 225]
[18, 253]
[18, 281]
[18, 535]
[19, 62]
[19, 156]
[19, 227]
[19, 259]
[19, 564]
[20, 177]
[20, 179]
[20, 237]
[20, 481]
[20, 552]
[21, 25]
[21, 442]
[21, 449]
[21, 458]
[21, 539]
[22, 26]
[22, 46]
[22, 47]
[22, 267]
[22, 299]
[23, 91]
[23, 159]
[23, 224]
[23, 229]
[23, 400]
[24, 171]
[24, 236]
[24, 305]
[24, 364]
[24, 478]
[25, 104]
[25, 367]
[25, 539]
[26, 275]
[26, 379]
[26, 422]
[26, 452]
[27, 50]
[27, 106]
[27, 198]
[27, 370]
[27, 501]
[84, 118]
[84, 191]
[84, 419]
[84, 423]
[84, 571]
[85, 139]
[85, 248]
[85, 391]
[85, 534]
[86, 145]
[86, 154]
[86, 404]
[86, 422]
[87, 97]
[87, 314]
[87, 356]
[88, 98]
[88, 128]
[88, 341]
[88, 533]
[88, 574]
[89, 204]
[89, 234]
[89, 431]
[89, 475]
[90, 100]
[90, 161]
[90, 359]
[90, 506]
[91, 92]
[91, 120]
[91, 418]
[91, 471]
[92, 120]
[92, 365]
[92, 420]
[92, 542]
[93, 428]
[93, 510]
[93, 517]
[94, 195]
[94, 264]
[94, 287]
[94, 439]
[95, 103]
[95, 176]
[95, 212]
[95, 235]
[95, 270]
[96, 121]
[96, 209]
[96, 320]
[96, 331]
[96, 537]
[97, 130]
[97, 379]
[97, 447]
[97, 543]
[98, 183]
[98, 257]
[98, 349]
[98, 540]
[99, 190]
[99, 206]
[99, 225]
[99, 231]
[99, 279]
[100, 302]
[100, 330]
[100, 545]
[101, 440]
[101, 469]
[101, 472]
[101, 476]
[101, 554]
[102, 119]
[102, 148]
[102, 306]
[102, 461]
[103, 278]
[103, 318]
[103, 427]
[104, 106]
[104, 126]
[104, 208]
[104, 433]
[105, 106]
[105, 180]
[105, 323]
[105, 433]
[106, 126]
[106, 539]
[107, 164]
[107, 167]
[107, 488]
[107, 516]
[107, 548]
[108, 218]
[108, 485]
[108, 509]
[108, 547]
[109, 127]
[109, 148]
[109, 286]
[109, 306]
[109, 513]
[110, 164]
[110, 173]
[110, 215]
[110, 516]
[111, 205]
[111, 286]
[111, 370]
[111, 503]
[56, 169]
[56, 243]
[56, 323]
[56, 433]
[57, 134]
[57, 168]
[57, 292]
[57, 304]
[57, 371]
[58, 274]
[58, 292]
[58, 304]
[58, 537]
[59, 122]
[59, 289]
[59, 385]
[59, 462]
[60, 141]
[60, 207]
[60, 317]
[60, 334]
[60, 466]
[61, 66]
[61, 78]
[61, 240]
[61, 348]
[61, 436]
[62, 245]
[62, 259]
[62, 468]
[63, 72]
[63, 128]
[63, 201]
[63, 313]
[63, 457]
[64, 301]
[64, 309]
[64, 425]
[64, 547]
[65, 71]
[65, 134]
[65, 168]
[65, 353]
[65, 526]
[66, 441]
[66, 490]
[66, 535]
[66, 557]
[67, 115]
[67, 134]
[67, 193]
[67, 292]
[67, 328]
[68, 76]
[68, 77]
[68, 90]
[68, 359]
[68, 518]
[69, 102]
[69, 148]
[69, 250]
[69, 308]
[69, 353]
[70, 204]
[70, 322]
[70, 440]
[70, 453]
[70, 484]
[71, 134]
[71, 142]
[71, 193]
[71, 374]
[72, 129]
[72, 257]
[72, 343]
[72, 464]
[73, 284]
[73, 300]
[73, 482]
[73, 550]
[74, 301]
[74, 307]
[74, 504]
[74, 511]
[74, 519]
[75, 218]
[75, 294]
[75, 366]
[75, 485]
[75, 569]
[76, 161]
[76, 387]
[77, 100]
[77, 200]
[77, 522]
[77, 545]
[78, 255]
[78, 348]
[78, 430]
[78, 490]
[79, 183]
[79, 220]
[79, 357]
[79, 514]
[80, 188]
[80, 284]
[80, 285]
[80, 338]
[81, 82]
[81, 376]
[81, 445]
[81, 460]
[81, 510]
[82, 93]
[82, 388]
[82, 551]
[83, 111]
[83, 241]
[83, 250]
[83, 350]
[83, 515]
[28, 36]
[28, 232]
[28, 500]
[29, 45]
[29, 184]
[29, 279]
[29, 411]
[29, 563]
[30, 79]
[30, 207]
[30, 220]
[30, 462]
[30, 466]
[31, 317]
[31, 480]
[31, 533]
[31, 574]
[32, 224]
[32, 229]
[32, 346]
[32, 540]
[33, 103]
[33, 112]
[33, 174]
[33, 212]
[33, 427]
[34, 58]
[34, 192]
[34, 292]
[34, 328]
[34, 473]
[35, 89]
[35, 120]
[35, 354]
[35, 471]
[35, 542]
[36, 246]
[36, 432]
[36, 478]
[37, 105]
[37, 244]
[37, 394]
[37, 426]
[38, 56]
[38, 182]
[38, 211]
[38, 323]
[38, 434]
[39, 64]
[39, 199]
[39, 301]
[39, 434]
[39, 519]
[40, 62]
[40, 355]
[40, 397]
[40, 492]
[40, 564]
[41, 76]
[41, 108]
[41, 144]
[41, 489]
[41, 509]
[42, 73]
[42, 80]
[42, 87]
[42, 300]
[42, 447]
[43, 136]
[43, 252]
[43, 372]
[43, 407]
[43, 573]
[44, 120]
[44, 264]
[44, 351]
[44, 420]
[44, 479]
[45, 221]
[45, 226]
[45, 348]
[45, 436]
[46, 87]
[46, 144]
[46, 485]
[46, 569]
[47, 76]
[47, 144]
[47, 267]
[47, 452]
[48, 147]
[48, 291]
[48, 324]
[48, 401]
[49, 94]
[49, 135]
[49, 194]
[49, 278]
[49, 427]
[50, 116]
[50, 126]
[50, 198]
[50, 273]
[51, 201]
[51, 310]
[51, 333]
[51, 457]
[51, 567]
[52, 59]
[52, 282]
[52, 352]
[52, 382]
[52, 429]
[53, 110]
[53, 163]
[53, 164]
[53, 187]
[53, 550]
[54, 85]
[54, 150]
[54, 172]
[54, 391]
[54, 549]
[55, 239]
[55, 421]
[55, 494]
[55, 561]
[140, 334]
[140, 466]
[140, 491]
[140, 514]
[141, 405]
[141, 505]
[141, 531]
[141, 558]
[142, 321]
[142, 337]
[142, 393]
[142, 526]
[143, 169]
[143, 297]
[143, 433]
[143, 495]
[143, 544]
[144, 314]
[144, 485]
[145, 151]
[145, 269]
[145, 469]
[145, 476]
[146, 205]
[146, 307]
[146, 336]
[146, 344]
[146, 553]
[147, 237]
[147, 277]
[147, 324]
[148, 295]
[148, 350]
[149, 151]
[149, 384]
[149, 399]
[149, 432]
[150, 248]
[150, 329]
[150, 355]
[150, 375]
[151, 154]
[151, 209]
[151, 258]
[152, 167]
[152, 241]
[152, 339]
[152, 350]
[152, 444]
[153, 308]
[153, 347]
[153, 361]
[153, 493]
[153, 570]
[154, 203]
[154, 296]
[154, 538]
[155, 280]
[155, 364]
[155, 478]
[155, 500]
[155, 542]
[156, 359]
[156, 372]
[156, 410]
[156, 506]
[157, 169]
[157, 182]
[157, 223]
[157, 316]
[157, 544]
[158, 221]
[158, 226]
[158, 333]
[158, 457]
[159, 219]
[159, 288]
[159, 363]
[159, 512]
[160, 162]
[160, 218]
[160, 263]
[160, 316]
[160, 366]
[161, 267]
[161, 387]
[162, 407]
[162, 446]
[163, 325]
[163, 339]
[163, 361]
[163, 570]
[164, 361]
[164, 559]
[165, 181]
[165, 303]
[165, 513]
[165, 566]
[166, 239]
[166, 298]
[166, 488]
[166, 520]
[167, 241]
[167, 250]
[167, 361]
[168, 304]
[168, 389]
[168, 494]
[169, 182]
[169, 423]
[170, 192]
[170, 331]
[170, 537]
[171, 197]
[171, 214]
[171, 262]
[171, 332]
[172, 193]
[172, 305]
[172, 375]
[173, 222]
[173, 300]
[173, 550]
[173, 559]
[174, 343]
[174, 378]
[174, 403]
[174, 572]
[175, 181]
[175, 442]
[175, 458]
[175, 521]
[175, 530]
[176, 198]
[176, 530]
[176, 565]
[177, 343]
[177, 464]
[177, 532]
[177, 572]
[178, 340]
[178, 381]
[178, 470]
[178, 493]
[178, 570]
[179, 319]
[179, 484]
[179, 532]
[179, 552]
[180, 244]
[180, 433]
[180, 495]
[181, 346]
[181, 358]
[182, 252]
[183, 219]
[183, 228]
[183, 349]
[184, 190]
[184, 279]
[184, 451]
[184, 456]
[185, 262]
[185, 276]
[185, 360]
[185, 514]
[186, 222]
[186, 239]
[186, 314]
[187, 215]
[187, 315]
[187, 325]
[187, 398]
[188, 294]
[188, 451]
[188, 483]
[188, 569]
[189, 199]
[189, 227]
[189, 256]
[189, 290]
[189, 519]
[190, 225]
[190, 281]
[191, 297]
[191, 474]
[192, 320]
[192, 417]
[192, 537]
[193, 328]
[193, 393]
[194, 291]
[194, 324]
[194, 403]
[195, 210]
[195, 322]
[195, 431]
[195, 470]
[196, 206]
[196, 225]
[196, 408]
[196, 476]
[197, 213]
[197, 305]
[197, 375]
[197, 525]
[198, 409]
[198, 444]
[199, 489]
[199, 509]
[199, 547]
[200, 302]
[200, 331]
[200, 452]
[201, 251]
[201, 310]
[201, 378]
[202, 293]
[202, 413]
[202, 447]
[202, 472]
[202, 554]
[203, 216]
[203, 272]
[203, 437]
[204, 354]
[204, 369]
[204, 384]
[205, 515]
[206, 237]
[206, 277]
[207, 217]
[207, 352]
[207, 465]
[208, 377]
[208, 406]
[208, 541]
[209, 258]
[209, 399]
[209, 469]
[210, 260]
[210, 335]
[210, 340]
[210, 470]
[211, 243]
[211, 312]
[211, 373]
[211, 383]
[212, 235]
[212, 378]
[212, 565]
[213, 261]
[213, 380]
[213, 424]
[213, 468]
[214, 262]
[214, 276]
[214, 342]
[214, 525]
[215, 398]
[215, 454]
[215, 528]
[216, 232]
[216, 233]
[216, 246]
[217, 220]
[217, 266]
[217, 341]
[217, 465]
[218, 263]
[218, 546]
[219, 257]
[219, 459]
[220, 349]
[220, 575]
[221, 231]
[221, 279]
[221, 436]
[222, 239]
[222, 298]
[222, 356]
[223, 252]
[223, 407]
[223, 419]
[223, 423]
[112, 229]
[112, 318]
[112, 346]
[112, 351]
[113, 251]
[113, 310]
[113, 326]
[113, 377]
[113, 406]
[114, 137]
[114, 191]
[114, 345]
[114, 474]
[114, 571]
[115, 172]
[115, 305]
[115, 364]
[115, 391]
[116, 176]
[116, 235]
[116, 406]
[116, 565]
[117, 203]
[117, 233]
[117, 392]
[117, 535]
[117, 557]
[118, 266]
[118, 352]
[118, 416]
[118, 465]
[119, 134]
[119, 353]
[119, 374]
[119, 412]
[120, 400]
[121, 283]
[121, 379]
[121, 469]
[121, 543]
[122, 230]
[122, 342]
[122, 414]
[122, 568]
[123, 139]
[123, 140]
[123, 185]
[123, 248]
[123, 276]
[124, 132]
[124, 205]
[124, 503]
[124, 534]
[124, 553]
[125, 147]
[125, 194]
[125, 291]
[125, 311]
[125, 572]
[126, 180]
[126, 406]
[127, 165]
[127, 358]
[127, 479]
[127, 566]
[128, 251]
[128, 345]
[129, 313]
[129, 448]
[129, 459]
[129, 464]
[130, 283]
[130, 314]
[130, 543]
[131, 170]
[131, 321]
[131, 494]
[131, 523]
[132, 205]
[132, 344]
[132, 536]
[132, 549]
[133, 139]
[133, 360]
[133, 364]
[133, 365]
[133, 391]
[135, 278]
[135, 291]
[135, 327]
[135, 439]
[136, 162]
[136, 263]
[136, 387]
[137, 158]
[137, 226]
[137, 313]
[137, 436]
[138, 264]
[138, 287]
[138, 295]
[138, 479]
[138, 498]
[139, 303]
[139, 360]
[252, 423]
[252, 524]
[253, 281]
[253, 404]
[253, 430]
[253, 490]
[254, 301]
[254, 309]
[254, 488]
[254, 504]
[254, 548]
[255, 282]
[255, 477]
[255, 573]
[256, 290]
[256, 337]
[256, 511]
[257, 363]
[257, 459]
[258, 320]
[258, 432]
[258, 538]
[259, 261]
[259, 397]
[259, 410]
[260, 431]
[260, 507]
[261, 414]
[261, 468]
[261, 525]
[262, 415]
[263, 509]
[264, 431]
[264, 498]
[265, 267]
[265, 299]
[265, 430]
[265, 446]
[266, 352]
[266, 382]
[266, 571]
[267, 275]
[268, 383]
[268, 416]
[268, 531]
[268, 558]
[269, 379]
[269, 422]
[269, 469]
[269, 472]
[270, 278]
[270, 327]
[270, 435]
[270, 560]
[271, 402]
[271, 487]
[271, 557]
[271, 575]
[272, 296]
[272, 392]
[272, 437]
[273, 438]
[273, 444]
[273, 455]
[273, 501]
[274, 280]
[274, 399]
[274, 473]
[275, 302]
[275, 404]
[275, 452]
[276, 329]
[276, 466]
[277, 293]
[277, 401]
[277, 450]
[278, 287]
[279, 486]
[224, 228]
[224, 418]
[225, 247]
[226, 474]
[226, 556]
[227, 245]
[227, 359]
[227, 518]
[228, 491]
[228, 514]
[228, 540]
[229, 363]
[229, 400]
[230, 272]
[230, 289]
[230, 330]
[230, 568]
[231, 247]
[231, 441]
[231, 481]
[232, 246]
[232, 415]
[232, 487]
[233, 271]
[233, 467]
[233, 487]
[234, 260]
[234, 274]
[234, 369]
[234, 475]
[235, 390]
[235, 435]
[236, 262]
[236, 360]
[236, 364]
[236, 500]
[237, 408]
[237, 484]
[238, 352]
[238, 416]
[238, 429]
[238, 524]
[238, 531]
[239, 559]
[240, 255]
[240, 382]
[240, 477]
[240, 571]
[241, 501]
[241, 548]
[242, 248]
[242, 355]
[242, 405]
[242, 505]
[242, 553]
[243, 268]
[243, 367]
[243, 373]
[244, 376]
[244, 394]
[244, 438]
[245, 249]
[245, 256]
[245, 518]
[246, 332]
[246, 437]
[247, 441]
[247, 443]
[247, 535]
[248, 329]
[249, 393]
[249, 424]
[249, 468]
[249, 522]
[250, 350]
[250, 527]
[251, 377]
[251, 541]
[280, 292]
[280, 473]
[280, 475]
[281, 422]
[281, 456]
[282, 289]
[282, 382]
[282, 508]
[283, 331]
[283, 379]
[283, 452]
[284, 315]
[284, 338]
[284, 395]
[285, 293]
[285, 395]
[285, 450]
[285, 451]
[286, 350]
[286, 409]
[286, 503]
[287, 347]
[287, 439]
[288, 319]
[288, 555]
[289, 385]
[289, 392]
[290, 489]
[290, 499]
[290, 518]
[291, 463]
[293, 401]
[294, 338]
[294, 445]
[294, 483]
[295, 308]
[295, 347]
[295, 461]
[296, 302]
[296, 404]
[296, 538]
[297, 326]
[297, 377]
[297, 562]
[298, 309]
[298, 547]
[299, 446]
[299, 456]
[299, 569]
[300, 338]
[300, 356]
[301, 426]
[303, 365]
[303, 418]
[304, 507]
[304, 523]
[305, 328]
[306, 412]
[306, 513]
[306, 566]
[307, 312]
[307, 373]
[307, 492]
[336, 367]
[336, 373]
[336, 449]
[336, 539]
[337, 368]
[337, 499]
[337, 520]
[338, 528]
[339, 347]
[339, 361]
[339, 560]
[340, 386]
[340, 493]
[340, 507]
[341, 345]
[341, 349]
[341, 574]
[342, 415]
[342, 462]
[343, 363]
[343, 532]
[344, 355]
[344, 492]
[344, 553]
[346, 358]
[346, 521]
[347, 570]
[348, 411]
[348, 477]
[349, 459]
[351, 400]
[351, 427]
[353, 374]
[353, 527]
[354, 396]
[355, 505]
[356, 485]
[357, 415]
[357, 462]
[357, 487]
[357, 575]
[358, 530]
[359, 387]
[360, 418]
[362, 368]
[362, 488]
[362, 504]
[362, 520]
[362, 527]
[363, 512]
[365, 418]
[365, 566]
[366, 446]
[366, 483]
[366, 569]
[367, 449]
[367, 558]
[368, 504]
[368, 511]
[368, 536]
[369, 384]
[369, 399]
[369, 440]
[370, 409]
[370, 442]
[370, 539]
[371, 389]
[371, 461]
[371, 507]
[372, 429]
[372, 508]
[372, 524]
[374, 536]
[374, 549]
[375, 468]
[375, 525]
[376, 495]
[376, 502]
[376, 529]
[378, 390]
[378, 567]
[380, 414]
[380, 545]
[380, 568]
[381, 386]
[381, 482]
[381, 550]
[381, 561]
[382, 385]
[383, 524]
[383, 531]
[383, 564]
[384, 396]
[384, 453]
[385, 557]
[385, 575]
[386, 421]
[386, 497]
[386, 561]
[387, 509]
[388, 556]
[389, 493]
[389, 507]
[390, 567]
[391, 412]
[392, 490]
[392, 557]
[393, 417]
[394, 425]
[394, 454]
[394, 502]
[395, 401]
[395, 450]
[395, 517]
[396, 555]
[397, 505]
[397, 531]
[397, 564]
[398, 438]
[398, 455]
[398, 510]
[399, 432]
[400, 512]
[401, 413]
[402, 448]
[402, 459]
[402, 467]
[403, 427]
[403, 532]
[403, 572]
[404, 422]
[405, 449]
[405, 558]
[406, 541]
[407, 477]
[407, 573]
[408, 453]
[408, 484]
[408, 552]
[409, 442]
[409, 530]
[410, 414]
[410, 429]
[410, 506]
[411, 430]
[411, 446]
[411, 456]
[412, 534]
[412, 549]
[413, 482]
[413, 554]
[416, 423]
[416, 524]
[417, 424]
[419, 474]
[419, 477]
[419, 571]
[448, 481]
[449, 553]
[450, 486]
[451, 486]
[451, 563]
[453, 476]
[454, 516]
[455, 560]
[457, 464]
[458, 480]
[458, 496]
[460, 483]
[460, 529]
[461, 498]
[462, 575]
[463, 517]
[464, 481]
[465, 574]
[466, 514]
[467, 555]
[471, 500]
[471, 542]
[472, 476]
[473, 478]
[474, 562]
[475, 542]
[420, 479]
[420, 498]
[420, 566]
[421, 523]
[421, 543]
[424, 522]
[424, 545]
[425, 426]
[425, 434]
[425, 546]
[426, 434]
[428, 450]
[428, 517]
[428, 551]
[429, 508]
[430, 456]
[432, 473]
[435, 455]
[436, 441]
[437, 538]
[437, 568]
[438, 454]
[439, 470]
[439, 570]
[440, 453]
[441, 448]
[442, 503]
[443, 448]
[443, 467]
[443, 481]
[443, 552]
[444, 501]
[444, 560]
[445, 460]
[445, 502]
[445, 528]
[447, 482]
[447, 497]
[478, 500]
[480, 491]
[480, 533]
[482, 497]
[483, 563]
[486, 551]
[486, 563]
[489, 547]
[490, 535]
[491, 540]
[492, 511]
[493, 561]
[494, 523]
[494, 526]
[495, 544]
[496, 521]
[496, 533]
[496, 541]
[497, 543]
[497, 554]
[499, 520]
[502, 529]
[502, 546]
[503, 513]
[308, 389]
[308, 461]
[309, 488]
[309, 516]
[310, 388]
[310, 390]
[311, 428]
[311, 463]
[311, 567]
[312, 492]
[312, 519]
[312, 564]
[313, 345]
[313, 457]
[314, 356]
[315, 510]
[315, 517]
[315, 528]
[316, 529]
[316, 546]
[317, 334]
[317, 465]
[317, 558]
[318, 351]
[318, 358]
[318, 479]
[319, 354]
[319, 512]
[319, 555]
[320, 331]
[321, 499]
[321, 526]
[322, 324]
[322, 335]
[323, 373]
[323, 426]
[324, 484]
[325, 327]
[325, 455]
[325, 560]
[326, 388]
[326, 495]
[326, 562]
[327, 435]
[327, 463]
[328, 417]
[329, 505]
[329, 525]
[330, 380]
[330, 414]
[330, 506]
[332, 342]
[332, 415]
[332, 568]
[333, 388]
[333, 551]
[333, 556]
[334, 405]
[334, 480]
[335, 440]
[335, 554]
[504, 515]
[506, 508]
[508, 573]
[510, 528]
[511, 519]
[512, 532]
[513, 534]
[515, 527]
[515, 536]
[516, 548]
[518, 522]
[520, 526]
[521, 530]
[521, 565]
[523, 537]
[527, 536]
[529, 544]
[533, 540]
[534, 549]
[541, 565]
[544, 562]
[550, 559]
[552, 555]
[556, 562]
[559, 561]
[567, 572]
