(0, 1, 130, 13, 150, 153, 156, 37, 39, 168, 169, 47, 179, 53, 181, 58, 188, 67, 79, 110, 112, 115, 122, 126)->[4, 0, -2*r2, -2*r2]
(0, 130, 4, 12, 13, 140, 142, 144, 18, 19, 149, 153, 171, 46, 47, 177, 66, 76, 100, 104, 106, 115, 124, 127)->[0, 0, -4*r2, 0]
(0, 5, 134, 136, 142, 145, 28, 160, 161, 35, 163, 37, 40, 47, 185, 188, 61, 66, 75, 79, 81, 100, 126, 127)->[0, 4, -2*r2, -2*r2]
(0, 171, 142, 115, 147, 181, 61, 126)->[0, 0, -4*r2, -4*r2]
(5, 8, 136, 143, 17, 26, 155, 160, 35, 164, 165, 167, 49, 182, 185, 59, 73, 78, 81, 82, 96, 105, 108, 117)->[-4, 4, 0, 0]
(1, 134, 11, 141, 15, 16, 23, 24, 33, 161, 40, 41, 50, 179, 180, 57, 188, 67, 75, 79, 109, 120, 122, 125)->[4, 4, 0, 0]
(128, 132, 7, 135, 137, 10, 138, 146, 21, 157, 30, 48, 176, 51, 52, 184, 68, 71, 74, 83, 87, 93, 99, 123)->[0, 0, 0, 4*r2]
(129, 133, 140, 147, 149, 150, 153, 31, 34, 168, 43, 171, 178, 181, 56, 186, 189, 191, 76, 89, 102, 112, 114, 115)->[0, -4, -2*r2, -2*r2]
(1, 130, 10, 138, 13, 141, 18, 22, 151, 39, 41, 46, 177, 53, 67, 69, 74, 83, 87, 95, 99, 106, 109, 125)->[4, 0, -2*r2, 2*r2]
(4, 6, 7, 9, 12, 143, 144, 17, 146, 19, 26, 157, 30, 159, 32, 165, 173, 48, 52, 78, 94, 104, 108, 124)->[-4, 0, -2*r2, 2*r2]
(129, 145, 147, 148, 28, 31, 162, 163, 36, 37, 166, 169, 170, 45, 181, 58, 186, 61, 65, 80, 86, 103, 112, 126)->[0, 0, 0, -4*r2]
(129, 6, 12, 140, 142, 144, 145, 147, 26, 27, 160, 35, 43, 171, 45, 182, 61, 63, 82, 94, 100, 102, 103, 108)->[-4, 0, -2*r2, -2*r2]
(4, 135, 18, 149, 151, 154, 30, 159, 32, 34, 46, 178, 52, 189, 62, 191, 69, 76, 87, 93, 98, 99, 104, 116)->[0, -4, -2*r2, 2*r2]
(134, 11, 14, 23, 28, 158, 33, 162, 163, 36, 164, 166, 40, 170, 172, 49, 185, 59, 190, 73, 81, 84, 107, 120)->[0, 4, 2*r2, -2*r2]
(132, 5, 8, 136, 138, 141, 17, 19, 24, 157, 161, 48, 177, 50, 66, 71, 75, 78, 83, 105, 106, 124, 125, 127)->[0, 4, -2*r2, 2*r2]
(128, 131, 10, 15, 16, 22, 25, 38, 41, 42, 176, 180, 184, 57, 70, 74, 91, 92, 95, 97, 101, 109, 121, 123)->[4, 0, 2*r2, 2*r2]
(131, 14, 20, 25, 158, 42, 172, 175, 55, 183, 187, 60, 190, 64, 77, 84, 88, 92, 101, 107, 111, 118, 119, 121)->[0, 0, 4*r2, 0]
(2, 6, 9, 139, 152, 154, 27, 29, 159, 32, 34, 43, 173, 174, 178, 54, 63, 72, 85, 89, 94, 98, 102, 114)->[-4, -4, 0, 0]
(139, 14, 148, 152, 155, 27, 162, 36, 164, 167, 45, 54, 55, 182, 59, 60, 190, 63, 65, 82, 85, 88, 103, 119)->[-4, 0, 2*r2, -2*r2]
(2, 131, 135, 20, 21, 154, 29, 44, 174, 176, 51, 183, 184, 187, 62, 70, 72, 90, 93, 97, 98, 101, 111, 116)->[0, -4, 2*r2, 2*r2]
(3, 15, 156, 158, 33, 38, 166, 169, 42, 170, 179, 57, 58, 64, 80, 86, 91, 107, 110, 113, 118, 120, 121, 122)->[4, 0, 2*r2, -2*r2]
(3, 133, 148, 29, 31, 44, 54, 55, 56, 183, 186, 187, 64, 65, 72, 80, 85, 86, 88, 89, 90, 113, 114, 118)->[0, -4, 2*r2, -2*r2]
(3, 133, 22, 150, 151, 156, 38, 39, 168, 44, 53, 56, 189, 62, 191, 69, 70, 90, 91, 95, 97, 110, 113, 116)->[4, -4, 0, 0]
(128, 132, 8, 137, 11, 16, 23, 24, 25, 172, 175, 49, 50, 180, 68, 71, 73, 77, 84, 92, 96, 105, 117, 123)->[0, 4, 2*r2, 2*r2]
(2, 7, 9, 137, 139, 143, 146, 20, 21, 152, 155, 165, 167, 173, 174, 175, 51, 60, 68, 77, 96, 111, 117, 119)->[-4, 0, 2*r2, 2*r2]
(6, 167, 173, 143, 82, 152, 26, 63)->[-8, 0, 0, 0]
(33, 163, 37, 40, 170, 179, 58, 188)->[4, 4, 0, -4*r2]
(35, 36, 164, 45, 81, 145, 182, 28)->[-4, 4, 0, -4*r2]
(96, 132, 165, 8, 137, 48, 17, 146)->[-4, 4, 0, 4*r2]
(128, 71, 10, 138, 109, 16, 24, 125)->[4, 4, 0, 4*r2]
(65, 129, 102, 103, 114, 54, 27, 31)->[-4, -4, 0, -4*r2]
(4, 43, 12, 76, 140, 178, 94, 159)->[-4, -4, -4*r2, 0]
(97, 99, 74, 176, 151, 93, 62, 95)->[4, -4, 0, 4*r2]
(67, 38, 41, 15, 53, 22, 122, 156)->[8, 0, 0, 0]
(155, 77, 14, 49, 84, 117, 59, 60)->[-4, 4, 4*r2, 0]
(1, 66, 161, 106, 13, 141, 79, 47)->[4, 4, -4*r2, 0]
(134, 136, 73, 105, 75, 50, 23, 185)->[0, 8, 0, 0]
(104, 46, 177, 83, 52, 87, 124, 157)->[0, 0, -4*r2, 4*r2]
(121, 11, 172, 180, 120, 25, 158, 57)->[4, 4, 4*r2, 0]
(2, 139, 111, 119, 85, 55, 183, 29)->[-4, -4, 4*r2, 0]
(160, 100, 5, 108, 78, 144, 19, 127)->[-4, 4, -4*r2, 0]
(133, 168, 169, 110, 80, 113, 112, 186)->[4, -4, 0, -4*r2]
(68, 101, 175, 51, 20, 184, 123, 92)->[0, 0, 4*r2, 4*r2]
(34, 154, 72, 116, 56, 89, 90, 189)->[0, -8, 0, 0]
(162, 166, 107, 148, 118, 86, 88, 190)->[0, 0, 4*r2, -4*r2]
(64, 3, 131, 70, 42, 44, 187, 91)->[4, -4, 4*r2, 0]
(32, 98, 7, 135, 9, 174, 21, 30)->[-4, -4, 0, 4*r2]
(130, 69, 39, 18, 149, 150, 153, 191)->[4, -4, -4*r2, 0]
