Face([366, 221, 370])
Face([238, 77, 482, 499, 76, 120, 380, 439])
Face([44, 312, 131, 343, 101, 569, 525, 271])
Face([285, 506, 168, 158])
Face([29, 210, 165, 440, 414, 169, 540, 413])
Face([36, 10, 440, 414, 67, 191])
Face([120, 380, 475])
Face([552, 161, 64, 562])
Face([516, 58, 186, 542, 136, 164, 4, 19])
Face([467, 324, 468, 338, 459, 484])
Face([474, 189, 255])
Face([245, 330, 361, 163])
Face([366, 98, 136, 370])
Face([559, 192, 88, 437])
Face([125, 349, 388, 410, 351, 337, 99, 5])
Face([91, 329, 94, 572])
Face([135, 204, 70])
Face([35, 350, 206, 294])
Face([95, 181, 300, 103])
Face([557, 56, 64, 562])
Face([452, 315, 421, 174, 321, 142, 224, 352])
Face([42, 335, 353, 214])
Face([371, 169, 414])
Face([25, 305, 564])
Face([256, 336, 79])
Face([30, 400, 257])
Face([364, 90, 394, 510])
Face([392, 458, 110, 313, 50, 462])
Face([213, 236, 301])
Face([193, 156, 478, 61])
Face([14, 545, 233, 82])
Face([232, 301, 240, 526, 503, 190])
Face([511, 419, 374, 399, 187, 189, 255, 519])
Face([29, 210, 427, 125])
Face([7, 107, 23, 323])
Face([428, 458, 195])
Face([93, 433, 448, 227])
Face([308, 547, 385, 347])
Face([25, 305, 199, 457])
Face([40, 425, 532, 218, 476, 536, 567, 251])
Face([556, 490, 539])
Face([132, 317, 522, 303])
Face([344, 211, 19, 516, 52, 195])
Face([198, 178, 340, 85, 333, 342])
Face([52, 195, 458, 110, 250, 405, 363, 182])
Face([116, 511, 519])
Face([517, 337, 351, 531])
Face([290, 289, 233, 545, 460, 159])
Face([135, 528, 541, 410, 351, 531])
Face([31, 49, 538])
Face([220, 144, 207])
Face([480, 16, 9, 83])
Face([483, 208, 282, 138])
Face([124, 297, 522, 317])
Face([418, 336, 256, 254])
Face([471, 77, 74, 470])
Face([89, 96, 230, 108])
Face([129, 537, 60, 63, 423, 283, 2, 226])
Face([386, 229, 474, 189])
Face([569, 101, 80, 228, 500, 347, 201, 205])
Face([99, 337, 517, 114, 130, 146])
Face([85, 333, 459, 338])
Face([160, 491, 355, 260])
Face([439, 48, 239, 224, 352, 380])
Face([133, 40, 251])
Face([451, 512, 573])
Face([395, 409, 553, 222])
Face([549, 21, 115, 570, 517, 114, 241, 558])
Face([305, 564, 417, 199])
Face([356, 432, 497, 479, 150, 45])
Face([3, 372, 495, 187, 189, 474, 547, 270])
Face([112, 122, 487, 563])
Face([138, 282, 274, 291])
Face([25, 457, 417, 564])
Face([218, 476, 71])
Face([343, 101, 218, 71])
Face([7, 25, 305, 548, 202, 367, 328, 323])
Face([415, 184, 204, 434, 508, 515])
Face([31, 538, 17, 412, 398, 331, 362, 319])
Face([13, 320, 405, 363])
Face([381, 488, 376, 339])
Face([122, 475, 456, 285, 158, 487])
Face([306, 338, 459, 68])
Face([434, 464, 461])
Face([107, 72, 23])
Face([32, 217, 455, 485])
Face([47, 219, 126, 62])
Face([37, 356, 45, 215])
Face([162, 152, 326, 340, 85, 338, 468, 572])
Face([469, 172, 143, 502])
Face([87, 354, 236, 213])
Face([469, 240, 172])
Face([108, 465, 230])
Face([408, 431, 421, 309])
Face([293, 242, 429])
Face([137, 146, 507])
Face([396, 466, 149])
Face([9, 83, 296, 89, 322, 492, 192, 559])
Face([138, 282, 451, 551, 56, 557])
Face([82, 233, 342])
Face([28, 133, 251, 223])
Face([557, 56, 161, 552])
Face([41, 314, 355, 491])
Face([528, 184, 265])
Face([196, 496, 546])
Face([267, 275, 422, 124, 297, 286])
Face([44, 438, 271])
Face([502, 526, 143])
Face([5, 137, 146, 99])
Face([457, 417, 199])
Face([32, 217, 488, 253, 244, 206, 575, 86])
Face([104, 176, 311])
Face([30, 400, 391, 26])
Face([457, 332, 285, 456, 452, 315, 309, 199])
Face([384, 59, 358])
Face([537, 60, 463])
Face([318, 398, 331, 566])
Face([559, 401, 100, 437])
Face([31, 505, 116, 59, 183, 319])
Face([125, 427, 349])
Face([128, 565, 111, 534])
Face([486, 482, 77, 471])
Face([388, 410, 541, 535])
Face([341, 72, 235, 362, 331, 566])
Face([381, 488, 253, 404])
Face([191, 154, 543])
Face([360, 448, 227])
Face([30, 26, 247, 243, 252, 371])
Face([564, 417, 360, 27, 128, 565])
Face([413, 540, 503])
Face([137, 507, 406, 521, 402, 553, 194, 493])
Face([33, 266, 271, 44])
Face([223, 411, 90, 552, 562, 361, 155, 262])
Face([55, 569, 101, 218, 532, 396])
Face([390, 144, 145, 131, 343, 71])
Face([62, 126, 515, 415])
Face([320, 88, 192, 492, 250, 405])
Face([568, 176, 530, 66, 401, 100])
Face([43, 404, 339, 258, 532, 218, 71, 390])
Face([451, 512, 374, 551])
Face([135, 528, 184, 204])
Face([47, 62, 415])
Face([514, 461, 464, 454])
Face([47, 62, 196, 546, 245, 330, 450, 382])
Face([419, 374, 551])
Face([46, 344, 392])
Face([294, 244, 206])
Face([9, 24, 83])
Face([488, 376, 253])
Face([262, 40, 425, 466, 365, 155])
Face([45, 379, 127, 54, 480, 416, 501, 150])
Face([75, 273, 117, 130, 146, 507, 406, 302])
Face([47, 382, 8, 20, 171, 265, 184, 415])
Face([6, 378, 387, 300, 181, 175])
Face([42, 81, 66, 401, 559, 9, 24, 335])
Face([177, 368, 61, 193])
Face([314, 355, 368, 61, 234, 272, 403, 455])
Face([443, 523, 316, 92])
Face([319, 346, 362])
Face([112, 563, 307, 477])
Face([55, 171, 20])
Face([309, 315, 421])
Face([217, 574, 403, 455])
Face([52, 516, 58, 182])
Face([31, 538, 407, 505])
Face([368, 61, 478])
Face([34, 113, 430, 238])
Face([268, 498, 293, 429])
Face([317, 449, 278, 269, 304, 522])
Face([174, 321, 369])
Face([34, 113, 79, 284, 98, 366])
Face([238, 430, 48, 439])
Face([177, 368, 478, 156])
Face([295, 53, 119])
Face([86, 69, 575])
Face([273, 53, 18, 558, 241, 117])
Face([164, 136, 370, 221])
Face([82, 233, 289, 446, 489, 509, 105, 95])
Face([29, 1, 225, 299, 502, 526, 503, 413])
Face([54, 480, 83, 296, 465, 473])
Face([42, 214, 261, 527])
Face([147, 320, 405, 134])
Face([219, 212, 529, 256, 336, 172, 469, 126])
Face([161, 64, 56])
Face([15, 483, 291, 298, 92, 193, 156, 148])
Face([28, 177, 193, 92, 316, 163, 155, 262])
Face([51, 75, 119, 295])
Face([413, 540, 194, 493])
Face([505, 472, 407])
Face([509, 489, 490, 539])
Face([473, 289, 233, 342, 333, 68, 108, 465])
Face([214, 353, 261])
Face([505, 472, 161, 56, 551, 419, 511, 116])
Face([9, 16, 277, 447, 437, 559])
Face([140, 168, 506, 332])
Face([39, 129, 69, 575])
Face([50, 313, 492, 192, 401, 66, 263, 109])
Face([321, 369, 377, 325])
Face([42, 81, 513, 420, 520, 214])
Face([219, 515, 126])
Face([371, 169, 78, 252])
Face([382, 8, 3, 372])
Face([363, 134, 405])
Face([505, 116, 519, 255, 474, 547, 385, 407])
Face([179, 241, 117, 373])
Face([114, 241, 179])
Face([247, 186, 542])
Face([174, 180, 377, 369])
Face([232, 354, 471, 470, 409, 553, 194, 190])
Face([318, 393, 197, 398])
Face([322, 73, 250, 492])
Face([6, 281, 467])
Face([364, 544, 510])
Face([400, 143, 172, 336, 418, 391])
Face([560, 209, 389])
Face([38, 18, 53, 119, 426, 479, 497, 310])
Face([50, 109, 436, 462])
Face([462, 345, 436])
Face([41, 160, 491])
Face([113, 48, 239, 288, 292, 529, 256, 79])
Face([14, 545, 198])
Face([81, 66, 263])
Face([298, 92, 316])
Face([223, 251, 40, 262])
Face([49, 472, 161, 552, 90, 364])
Face([222, 553, 194, 540, 169, 78])
Face([485, 403, 272, 10, 36, 65, 84, 327])
Face([337, 153, 351])
Face([378, 561, 567, 387])
Face([185, 490, 556, 132, 124, 422, 432, 356])
Face([231, 388, 535, 141])
Face([121, 348, 200, 449, 317, 124, 422, 173])
Face([91, 468, 572])
Face([86, 226, 39, 575])
Face([518, 563, 487, 158, 168, 384, 358, 167])
Face([132, 556, 106, 268, 429, 303])
Face([444, 243, 453])
Face([239, 288, 203, 224])
Face([269, 304, 111, 534])
Face([380, 475, 456, 352])
Face([33, 216, 21, 549, 554, 180, 377, 571])
Face([148, 152, 326, 334, 478, 156])
Face([217, 488, 376, 231, 388, 349, 427, 574])
Face([140, 168, 158])
Face([130, 117, 373])
Face([375, 220, 43, 404, 253, 244])
Face([30, 400, 143, 526, 503, 540, 169, 371])
Face([333, 459, 68])
Face([7, 107, 72, 341])
Face([500, 228, 166])
Face([33, 216, 348, 200, 312, 44])
Face([42, 335, 527])
Face([4, 19, 211, 518])
Face([62, 196, 496, 535, 541, 528, 184, 415])
Face([511, 358, 384, 519])
Face([151, 228, 80, 476, 536, 118])
Face([310, 275, 422, 173])
Face([175, 484, 459, 333, 342, 82, 95, 181])
Face([44, 312, 278, 269, 128, 27, 433, 438])
Face([198, 545, 233, 342])
Face([247, 243, 453, 542])
Face([175, 504, 498, 268, 106, 509, 105, 181])
Face([538, 17, 500, 347, 385, 407])
Face([210, 427, 574, 403, 272, 165])
Face([486, 470, 471])
Face([293, 498, 276, 242])
Face([350, 37, 185, 490, 539, 207, 220, 375])
Face([536, 387, 567])
Face([553, 409, 402])
Face([51, 75, 302, 521, 402, 409, 470, 486])
Face([267, 286, 202, 279])
Face([50, 12, 109])
Face([120, 452, 315, 383, 424, 76])
Face([395, 170, 222])
Face([26, 247, 542, 136, 98, 284, 418, 391])
Face([473, 289, 446])
Face([298, 291, 138, 557, 562, 361, 163, 316])
Face([495, 187, 399])
Face([327, 460, 84])
Face([17, 412, 151])
Face([139, 340, 178, 550])
Face([93, 308, 547, 474, 229, 227])
Face([350, 206, 244, 375])
Face([227, 448, 369, 321, 142, 203, 386, 229])
Face([473, 465, 230, 276, 268, 106, 489, 446])
Face([22, 523, 443])
Face([2, 283, 84, 327])
Face([225, 496, 546, 445])
Face([426, 359, 501, 237])
Face([182, 58, 186, 444, 13, 363])
Face([215, 45, 150, 237, 463, 537, 129, 39])
Face([520, 424, 494])
Face([238, 77, 471, 354, 236, 430])
Face([54, 473, 446, 127])
Face([386, 481, 229])
Face([32, 86, 226, 2, 327, 485])
Face([468, 324, 94, 572])
Face([282, 208, 274])
Face([11, 57, 568])
Face([33, 216, 115, 570, 531, 135, 70, 266])
Face([65, 248, 550, 178, 198, 545, 460, 84])
Face([34, 238, 439])
Face([43, 188, 390])
Face([46, 264, 346, 329, 91, 428])
Face([46, 428, 458, 392])
Face([203, 224, 352, 456, 285, 506, 481, 386])
Face([91, 329, 324, 468])
Face([114, 179, 464, 434, 204, 135, 531, 517])
Face([412, 166, 534, 111, 318, 398])
Face([313, 322, 73, 110])
Face([112, 221, 370, 311, 176, 530, 157, 477])
Face([240, 172, 143, 526])
Face([162, 152, 397])
Face([215, 379, 127, 290, 159, 2, 226, 39])
Face([185, 490, 489, 446, 127, 379])
Face([51, 273, 75])
Face([483, 138, 291])
Face([140, 332, 285, 158])
Face([335, 353, 261, 527])
Face([529, 256, 254, 512, 374, 399])
Face([245, 163, 155, 365])
Face([46, 264, 183, 59, 358, 167, 211, 344])
Face([109, 436, 307, 477, 157, 263])
Face([26, 246, 391])
Face([135, 528, 265, 70])
Face([231, 410, 541, 141])
Face([396, 532, 258, 149])
Face([34, 439, 380, 475, 122, 112, 221, 366])
Face([113, 48, 430])
Face([74, 482, 77])
Face([55, 171, 265, 528, 541, 141, 149, 396])
Face([35, 249, 121, 173, 432, 356, 37, 350])
Face([137, 146, 130, 373, 87, 232, 190, 493])
Face([496, 546, 245, 365, 466, 149, 141, 535])
Face([323, 341, 72, 23])
Face([54, 290, 127])
Face([519, 384, 168, 506, 481, 255])
Face([569, 525, 205])
Face([142, 224, 203])
Face([109, 436, 345, 12])
Face([188, 390, 144, 207])
Face([159, 283, 84, 460])
Face([287, 170, 402, 521, 60, 63])
Face([129, 537, 406, 507, 533, 69])
Face([257, 246, 274, 291, 298, 22])
Face([62, 196, 299, 502, 469, 126])
Face([549, 554, 558])
Face([124, 297, 303, 132])
Face([36, 65, 543, 191])
Face([57, 453, 542, 136, 370, 311])
Face([13, 320, 147])
Face([169, 414, 67, 78])
Face([308, 201, 347])
Face([268, 276, 242, 429])
Face([314, 355, 260])
Face([10, 272, 234])
Face([123, 267, 286, 548])
Face([225, 299, 445])
Face([294, 153, 351, 410, 231, 376, 253, 244])
Face([41, 160, 260, 314])
Face([210, 1, 225, 445, 523, 443, 102, 165])
Face([277, 423, 63])
Face([520, 420, 499, 494])
Face([33, 571, 438, 44])
Face([85, 306, 68, 333])
Face([239, 97, 142, 224])
Face([191, 67, 78, 222, 170, 287, 259, 543])
Face([36, 248, 65])
Face([305, 548, 286, 297, 522, 304, 565, 564])
Face([22, 298, 316, 523])
Face([457, 417, 360, 227, 229, 481, 506, 332])
Face([267, 275, 497, 479, 359, 353, 261, 279])
Face([319, 346, 264, 183])
Face([239, 288, 97])
Face([97, 514, 461, 325, 321, 142])
Face([408, 309, 315, 383])
Face([302, 521, 406])
Face([565, 304, 111])
Face([89, 296, 465, 108])
Face([0, 148, 15])
Face([17, 500, 228, 151])
Face([6, 467, 484, 175])
Face([39, 129, 226])
Face([232, 354, 236, 301])
Face([116, 511, 358, 59])
Face([38, 18, 558, 549])
Face([19, 555, 167, 211])
Face([171, 20, 205, 525])
Face([103, 300, 524])
Face([47, 219, 515, 415])
Face([219, 515, 508, 514, 97, 288, 292, 212])
Face([76, 499, 420])
Face([423, 259, 287, 63])
Face([36, 248, 550, 334, 478, 61, 234, 10])
Face([335, 24, 83, 296, 96, 389, 209, 527])
Face([215, 379, 45])
Face([523, 316, 163, 245, 546, 445])
Face([344, 392, 458, 195])
Face([537, 406, 302, 463])
Face([252, 67, 78])
Face([500, 347, 308, 93, 27, 128, 534, 166])
Face([292, 529, 399, 187])
Face([343, 80, 101])
Face([285, 506, 332])
Face([113, 430, 236, 301, 240, 172, 336, 79])
Face([4, 19, 555])
Face([214, 520, 424, 383, 408, 123, 279, 261])
Face([216, 115, 249, 348])
Face([3, 441, 372])
Face([2, 159, 283])
Face([86, 226, 129, 69])
Face([180, 377, 325])
Face([386, 481, 255, 189])
Face([35, 350, 375])
Face([408, 431, 383])
Face([277, 63, 287, 447])
Face([188, 524, 105, 509, 539, 207])
Face([472, 161, 64, 441, 3, 270, 385, 407])
Face([49, 472, 407, 538])
Face([87, 232, 301, 213])
Face([302, 521, 60, 463])
Face([133, 40, 425, 258, 339, 381, 41, 491])
Face([216, 115, 21])
Face([381, 339, 404])
Face([485, 403, 455])
Face([127, 290, 289, 446])
Face([57, 568, 176, 311])
Face([558, 241, 179, 464, 461, 325, 180, 554])
Face([264, 235, 183])
Face([413, 493, 190, 503])
Face([14, 82, 342, 198])
Face([425, 466, 396, 532])
Face([425, 258, 532])
Face([150, 501, 237])
Face([560, 328, 357, 389])
Face([46, 264, 235, 72, 23, 345, 462, 392])
Face([234, 61, 193, 92, 443, 102])
Face([264, 346, 362, 235])
Face([1, 225, 496, 535, 388, 349])
Face([150, 237, 426, 479])
Face([33, 266, 571])
Face([29, 125, 5, 137, 493, 413])
Face([428, 91, 572, 162, 397, 442, 52, 195])
Face([122, 475, 120, 76, 420, 513, 157, 477])
Face([188, 524, 300, 387, 536, 476, 71, 390])
Face([114, 241, 117, 130])
Face([486, 482, 74, 470])
Face([234, 272, 165, 102])
Face([270, 201, 308, 547])
Face([112, 122, 477])
Face([305, 548, 123, 408, 309, 199])
Face([123, 548, 202, 279])
Face([3, 8, 450, 441])
Face([27, 433, 93])
Face([36, 248, 154, 191])
Face([81, 513, 157, 263])
Face([372, 441, 64, 56, 551, 374, 399, 495])
Face([5, 99, 533])
Face([319, 362, 235, 183])
Face([323, 328, 560, 12, 345, 23])
Face([55, 569, 205, 20])
Face([435, 554, 180, 174, 421, 431])
Face([382, 8, 450])
Face([173, 432, 422])
Face([118, 536, 567, 561])
Face([13, 363, 134, 147])
Face([394, 411, 544, 510])
Face([269, 278, 131, 343, 80, 228, 166, 534])
Face([435, 18, 53, 295, 494, 424, 383, 431])
Face([132, 556, 539, 207, 144, 145, 449, 317])
Face([124, 132, 317])
Face([97, 288, 203, 142])
Face([287, 259, 447])
Face([55, 569, 525, 171])
Face([469, 240, 526, 502])
Face([114, 130, 373, 179])
Face([35, 249, 115, 570, 153, 294])
Face([514, 508, 454])
Face([559, 192, 401])
Face([517, 531, 570])
Face([51, 273, 53, 295])
Face([518, 211, 167])
Face([257, 400, 143, 502, 299, 445, 523, 22])
Face([54, 473, 289, 290])
Face([312, 200, 449, 278])
Face([512, 573, 419, 374])
Face([122, 477, 307, 487])
Face([570, 153, 351, 531])
Face([35, 249, 348, 200, 145, 144, 220, 375])
Face([35, 294, 244, 375])
Face([378, 561, 118])
Face([43, 220, 144, 390])
Face([11, 568, 100, 437, 447, 287, 170, 395])
Face([197, 393, 566, 331])
Face([222, 553, 402, 170])
Face([422, 432, 497, 275])
Face([364, 544, 411, 90])
Face([85, 306, 338])
Face([268, 498, 276])
Face([7, 323, 341])
Face([30, 257, 246, 26])
Face([126, 515, 508, 454, 213, 301, 240, 469])
Face([435, 18, 558, 554])
Face([123, 267, 279])
Face([9, 16, 416, 24])
Face([133, 251, 567, 387, 300, 103, 160, 491])
Face([249, 121, 348])
Face([335, 24, 416, 501, 359, 353])
Face([248, 154, 147, 134, 139, 550])
Face([182, 442, 397, 152, 326, 139, 134, 363])
Face([326, 340, 178, 334])
Face([191, 154, 147, 13, 444, 243, 252, 67])
Face([134, 139, 340, 85, 306, 73, 250, 405])
Face([49, 538, 17, 151, 118, 561, 544, 364])
Face([145, 200, 449])
Face([108, 68, 459, 484, 504, 498, 276, 230])
Face([563, 307, 487])
Face([50, 12, 345, 462])
Face([29, 1, 210])
Face([150, 501, 359, 479])
Face([281, 504, 498, 293, 393, 197])
Face([557, 552, 562])
Face([294, 153, 337, 99, 533, 69, 575, 206])
Face([29, 1, 349, 125])
Face([104, 176, 530, 513, 420, 499, 482, 74])
Face([313, 492, 250, 110])
Face([270, 385, 547])
Face([81, 513, 530, 66])
Face([105, 524, 300, 181])
Face([34, 113, 48, 439])
Face([480, 83, 24, 416])
Face([560, 328, 367, 209])
Face([514, 508, 434, 461])
Face([382, 450, 441, 372])
Face([371, 252, 67, 414])
Face([434, 464, 454, 508])
Face([95, 105, 524, 103])
Face([52, 442, 182])
Face([88, 100, 437])
Face([197, 331, 398])
Face([493, 194, 190])
Face([128, 269, 304, 565])
Face([42, 81, 263, 109, 12, 560, 209, 527])
Face([212, 529, 292])
Face([41, 160, 103, 524, 188, 43, 404, 381])
Face([31, 49, 364, 510, 94, 329, 346, 319])
Face([229, 481, 255, 474])
Face([485, 327, 460, 545, 14, 260, 314, 455])
Face([214, 520, 494, 295, 119, 426, 359, 353])
Face([366, 98, 164, 221])
Face([31, 49, 472, 505])
Face([550, 178, 334])
Face([516, 280, 58])
Face([212, 529, 399, 495])
Face([266, 571, 438, 271])
Face([231, 376, 339, 258, 149, 141])
Face([4, 555, 167, 518])
Face([313, 322, 492])
Face([344, 392, 462, 436, 307, 563, 518, 211])
Face([120, 475, 456, 452])
Face([530, 513, 157])
Face([15, 148, 152, 397])
Face([147, 320, 88, 437, 447, 259, 543, 154])
Face([425, 466, 149, 258])
Face([318, 393, 566])
Face([107, 72, 235, 183, 59, 384, 168, 140])
Face([47, 219, 212, 495, 372, 382])
Face([440, 165, 102])
Face([185, 379, 45, 356])
Face([11, 104, 176, 568])
Face([87, 232, 354])
Face([116, 59, 384, 519])
Face([110, 73, 250])
Face([6, 281, 197, 398, 412, 151, 118, 378])
Face([284, 418, 254])
Face([0, 162, 152, 148])
Face([48, 239, 97, 514, 454, 213, 236, 430])
Face([395, 409, 402, 170])
Face([281, 467, 324, 329, 346, 362, 331, 197])
Face([38, 435, 431, 408, 123, 267, 275, 310])
Face([57, 568, 100, 88, 320, 13, 444, 453])
Face([271, 525, 205, 201, 308, 93, 433, 438])
Face([2, 159, 460, 327])
Face([404, 253, 376, 339])
Face([312, 131, 278])
Face([527, 209, 367, 202, 279, 261])
Face([37, 185, 379, 215])
Face([139, 326, 334, 550])
Face([43, 188, 207, 220])
Face([125, 427, 574, 32, 86, 69, 533, 5])
Face([394, 90, 411])
Face([11, 104, 74, 470, 409, 395])
Face([65, 248, 154, 543])
Face([263, 66, 530, 157])
Face([444, 186, 247, 243])
Face([483, 208, 274, 291])
Face([249, 121, 21, 115])
Face([99, 146, 507, 533])
Face([38, 435, 554, 549])
Face([571, 377, 369, 448, 433, 438])
Face([4, 555, 573, 512, 254, 284, 98, 164])
Face([54, 480, 16, 277, 423, 283, 159, 290])
Face([480, 16, 416])
Face([65, 84, 283, 423, 259, 543])
Face([6, 281, 504, 175])
Face([509, 489, 106])
Face([177, 193, 156])
Face([14, 260, 355, 368, 478, 334, 178, 198])
Face([131, 145, 449, 278])
Face([28, 177, 368, 355, 491, 133])
Face([266, 571, 377, 325, 461, 434, 204, 70])
Face([281, 504, 484, 467])
Face([223, 251, 567, 561, 544, 411])
Face([350, 37, 215, 39, 575, 206])
Face([38, 18, 435])
Face([389, 209, 367, 357])
Face([160, 260, 14, 82, 95, 103])
Face([231, 410, 388])
Face([182, 442, 280, 58])
Face([217, 488, 381, 41, 314, 455])
Face([22, 298, 92, 443])
Face([27, 360, 448, 433])
Face([451, 573, 419, 551])
Face([312, 200, 145, 131])
Face([323, 328, 357, 242, 293, 393, 566, 341])
Face([175, 504, 484])
Face([306, 73, 322, 89, 108, 68])
Face([28, 177, 156, 148, 0, 394, 411, 223])
Face([246, 274, 282, 451, 512, 254, 418, 391])
Face([30, 257, 22, 443, 102, 440, 414, 371])
Face([303, 522, 304, 111, 318, 393, 293, 429])
Face([426, 359, 479])
Face([343, 80, 476, 71])
Face([428, 458, 110, 73, 306, 338, 468, 91])
Face([277, 423, 259, 447])
Face([75, 273, 53, 119])
Face([548, 202, 286])
Face([26, 247, 186, 58, 280, 208, 274, 246])
Face([5, 137, 507, 533])
Face([441, 64, 562, 361, 330, 450])
Face([128, 269, 534])
Face([196, 546, 445, 299])
Face([361, 163, 155])
Face([28, 262, 223])
Face([216, 348, 121, 21])
Face([367, 328, 357])
Face([556, 106, 509, 539])
Face([55, 396, 466, 365, 330, 450, 8, 20])
Face([444, 186, 542, 453])
Face([284, 254, 256, 79])
Face([164, 136, 98])
Face([421, 315, 383, 431])
Face([141, 541, 535])
Face([11, 57, 453, 243, 252, 78, 222, 395])
Face([516, 280, 208, 282, 451, 573, 555, 19])
Face([297, 286, 202, 367, 357, 242, 429, 303])
Face([0, 162, 572, 94, 510, 394])
Face([120, 380, 352, 452])
Face([520, 424, 76, 420])
Face([32, 485, 403, 574])
Face([7, 25, 457, 332, 140, 107])
Face([210, 1, 349, 427])
Face([51, 273, 117, 373, 87, 354, 471, 486])
Face([494, 424, 76, 499])
Face([310, 497, 275])
Face([517, 337, 153, 570])
Face([4, 164, 221, 112, 563, 518])
Face([204, 184, 265, 70])
Face([17, 412, 166, 500])
Face([310, 497, 432, 173])
Face([11, 104, 311, 57])
Face([10, 234, 102, 440])
Face([107, 140, 158, 487, 307, 436, 345, 23])
Face([89, 96, 296])
Face([37, 185, 356])
Face([174, 321, 325, 180])
Face([28, 133, 40, 262])
Face([330, 361, 155, 365])
Face([38, 549, 21, 121, 173, 310])
Face([288, 203, 386, 189, 187, 292])
Face([151, 228, 166, 412])
Face([0, 162, 397, 15])
Face([537, 60, 521, 406])
Face([96, 389, 357, 242, 276, 230])
Face([329, 324, 94])
Face([540, 194, 190, 503])
Face([284, 418, 336, 79])
Face([3, 8, 20, 205, 201, 270])
Face([34, 366, 370, 311, 104, 74, 77, 238])
Face([245, 330, 365])
Face([360, 448, 369, 174, 421, 309, 199, 417])
Face([32, 217, 574])
Face([88, 192, 401, 100])
Face([555, 573, 419, 511, 358, 167])
Face([442, 280, 208, 483, 15, 397])
Face([0, 394, 90, 552, 557, 138, 483, 15])
Face([378, 387, 536, 118])
Face([257, 400, 391, 246])
Face([179, 464, 454, 213, 87, 373])
Face([50, 313, 322, 89, 96, 389, 560, 12])
Face([7, 25, 564, 565, 111, 318, 566, 341])
Face([297, 522, 303])
Face([452, 352, 456])
Face([51, 486, 482, 499, 494, 295])
Face([96, 296, 465, 230])
Face([225, 496, 196, 299])
Face([556, 490, 489, 106])
Face([52, 442, 280, 516])
Face([46, 344, 195, 428])
Face([270, 201, 347, 385])
Face([6, 378, 561, 544, 510, 94, 324, 467])
Face([16, 416, 501, 237, 463, 60, 63, 277])
Face([95, 105, 181])
Face([75, 302, 463, 237, 426, 119])
Face([212, 292, 187, 495])
Face([266, 70, 265, 171, 525, 271])
Face([10, 272, 165, 440])
Face([139, 326, 340])
Face([27, 360, 227, 93])
Face([101, 80, 476, 218])
