(0, 386, 259, 255, 899, 519, 1041, 915, 23, 151, 666, 412, 924, 30, 926, 32, 36, 551, 425, 48, 179, 1075, 958, 575, 959, 193, 580, 462, 1104, 344, 729, 347, 220, 477, 479, 864, 226, 1122, 358, 747, 1131, 749, 877, 1007, 625, 886, 1018, 383)->[0, 2*r2, 2, 2]
(0, 32, 226, 451, 1004, 1135, 379, 1079, 858, 347, 220, 30)->[2*r2, 2*r2, 4, 4]
(0, 641, 134, 390, 902, 911, 1045, 24, 152, 665, 666, 792, 30, 799, 426, 684, 431, 179, 436, 695, 572, 958, 322, 451, 1096, 460, 588, 206, 334, 210, 86, 343, 599, 858, 348, 605, 479, 607, 999, 874, 236, 366, 373, 630, 886, 765, 1022, 383)->[2, 2, 0, 2*r2]
(0, 226, 1004, 749, 911, 858, 757, 666, 283, 605, 446, 799)->[4, 4, 2*r2, 2*r2]
(513, 132, 774, 392, 138, 14, 271, 400, 274, 531, 916, 918, 541, 670, 543, 291, 1062, 1066, 683, 558, 1072, 49, 1073, 693, 315, 187, 956, 320, 324, 713, 458, 77, 589, 975, 465, 721, 849, 341, 1113, 476, 738, 361, 109, 880, 1138, 500, 249, 634)->[-2*r2, 0, 2, 2]
(642, 131, 647, 1032, 394, 396, 909, 1036, 528, 659, 921, 411, 287, 672, 161, 418, 38, 935, 936, 41, 300, 46, 430, 433, 434, 821, 55, 57, 59, 447, 448, 832, 70, 842, 593, 850, 467, 470, 727, 227, 868, 997, 743, 237, 242, 890, 251, 1023)->[0, 0, -4, 0]
(518, 906, 267, 1039, 912, 529, 786, 403, 894, 406, 538, 794, 795, 674, 676, 1064, 44, 428, 694, 824, 185, 952, 60, 965, 583, 75, 332, 843, 469, 471, 474, 92, 100, 614, 231, 104, 1002, 363, 620, 878, 367, 879, 1009, 116, 117, 1141, 893, 510)->[0, -2*r2, 2, -2]
(128, 261, 134, 777, 1035, 398, 1045, 22, 665, 539, 923, 159, 31, 804, 435, 53, 183, 312, 951, 572, 573, 1088, 322, 196, 199, 714, 459, 204, 845, 210, 211, 600, 601, 96, 996, 615, 744, 1130, 366, 881, 1012, 630, 1015, 632, 761, 122, 1020, 638)->[2*r2, 0, -2, 2]
(3, 900, 780, 657, 785, 532, 405, 661, 153, 28, 413, 290, 805, 45, 429, 303, 559, 687, 1071, 51, 820, 1076, 310, 439, 1082, 831, 195, 69, 71, 1106, 1110, 472, 345, 89, 94, 735, 991, 354, 482, 866, 101, 1126, 619, 110, 239, 113, 754, 375)->[0, -2*r2, -2, 2]
(4, 1019, 778, 141, 525, 782, 401, 276, 150, 668, 1055, 673, 930, 165, 293, 1061, 685, 432, 178, 54, 697, 698, 444, 1086, 65, 455, 970, 716, 78, 463, 208, 1107, 597, 983, 475, 863, 1120, 993, 1121, 230, 875, 111, 499, 502, 506, 763, 253, 382)->[0, 0, 0, -4]
(514, 651, 397, 658, 798, 35, 677, 40, 937, 554, 688, 561, 562, 307, 689, 181, 692, 311, 947, 441, 443, 316, 700, 574, 960, 194, 67, 464, 592, 468, 854, 728, 856, 732, 95, 739, 484, 229, 871, 492, 623, 752, 244, 120, 762, 635, 637, 511)->[0, 2*r2, 2, -2]
(772, 517, 262, 646, 775, 393, 11, 781, 1038, 279, 408, 919, 26, 667, 29, 420, 678, 295, 43, 427, 812, 304, 822, 58, 962, 839, 1100, 333, 336, 723, 724, 851, 342, 346, 222, 352, 480, 867, 742, 233, 618, 745, 1001, 368, 114, 1140, 125, 126)->[0, -2*r2, -2, -2]
(1024, 898, 891, 390, 7, 892, 903, 10, 13, 653, 911, 784, 407, 791, 282, 34, 169, 684, 174, 1079, 953, 64, 450, 451, 578, 325, 327, 968, 1098, 588, 982, 858, 988, 606, 870, 872, 236, 1004, 495, 624, 751, 1135, 884, 373, 757, 119, 379, 764)->[2*r2, 0, 2, 2]
(256, 1025, 9, 523, 140, 142, 527, 1040, 275, 280, 27, 797, 286, 414, 288, 39, 807, 553, 810, 171, 299, 173, 944, 563, 52, 442, 955, 829, 192, 963, 72, 456, 840, 844, 847, 473, 1114, 97, 1124, 357, 362, 621, 241, 1137, 372, 1142, 1144, 1148)->[2*r2, -2*r2, 0, 0]
(512, 257, 258, 1026, 1027, 524, 654, 399, 783, 664, 549, 297, 682, 1067, 942, 1074, 567, 313, 314, 833, 834, 1091, 836, 200, 841, 205, 848, 976, 722, 978, 212, 855, 481, 609, 994, 740, 1123, 486, 488, 1132, 1005, 497, 755, 118, 631, 376, 377, 378)->[2*r2, 0, 2, -2]
(384, 1, 515, 263, 391, 650, 395, 143, 149, 922, 1051, 925, 800, 417, 37, 166, 168, 1069, 302, 948, 566, 950, 696, 61, 452, 709, 711, 1095, 457, 585, 719, 981, 214, 726, 990, 992, 353, 355, 869, 1125, 360, 490, 1133, 240, 629, 1013, 507, 1150)->[-2*r2, 0, -2, -2]
(640, 896, 5, 266, 908, 526, 910, 145, 660, 533, 1044, 1048, 409, 154, 1050, 157, 669, 671, 1058, 931, 806, 680, 943, 440, 569, 827, 957, 1085, 321, 577, 706, 453, 73, 81, 466, 340, 984, 349, 865, 1129, 106, 107, 491, 753, 1011, 245, 250, 381)->[-2*r2, 0, 2, -2]
(516, 1028, 902, 776, 522, 530, 152, 537, 1049, 1056, 801, 929, 550, 1065, 811, 172, 939, 175, 817, 690, 436, 1078, 695, 699, 828, 576, 1090, 584, 1097, 334, 846, 82, 852, 853, 599, 730, 1118, 224, 356, 999, 235, 364, 1006, 1136, 759, 124, 765, 1151)->[0, 0, 0, 4]
(771, 644, 389, 1031, 136, 265, 904, 16, 272, 656, 1042, 278, 285, 1053, 292, 557, 941, 305, 571, 189, 62, 830, 1087, 323, 197, 838, 329, 203, 1102, 720, 85, 1109, 217, 857, 985, 734, 736, 98, 611, 612, 616, 873, 748, 622, 247, 504, 1145, 509)->[0, 0, 4, 0]
(133, 139, 12, 652, 18, 788, 917, 663, 24, 792, 410, 283, 1047, 1054, 799, 416, 33, 1057, 423, 424, 1063, 686, 431, 177, 188, 701, 446, 319, 191, 703, 967, 74, 971, 590, 974, 338, 594, 343, 602, 986, 605, 989, 998, 874, 370, 887, 121, 1022)->[2*r2, 2*r2, 0, 0]
(641, 773, 521, 270, 15, 913, 1043, 148, 158, 548, 167, 552, 808, 170, 426, 1068, 301, 176, 945, 691, 819, 317, 318, 326, 582, 1094, 1096, 586, 460, 206, 80, 209, 977, 84, 596, 86, 215, 348, 1117, 478, 607, 225, 610, 102, 359, 1134, 501, 380)->[0, 2*r2, -2, 2]
(129, 2, 130, 387, 901, 1029, 1030, 648, 20, 534, 535, 662, 281, 421, 814, 47, 560, 816, 946, 180, 437, 565, 949, 1077, 704, 68, 581, 966, 330, 331, 79, 1103, 213, 219, 987, 861, 608, 737, 483, 228, 741, 1003, 112, 882, 756, 758, 888, 254)->[0, 2*r2, -2, -2]
(1034, 655, 147, 767, 787, 790, 895, 25, 284, 415, 162, 163, 546, 422, 679, 809, 938, 815, 50, 184, 568, 825, 826, 579, 708, 587, 717, 595, 980, 87, 218, 91, 603, 93, 731, 733, 487, 232, 1128, 365, 498, 243, 628, 1016, 1146, 123, 1021, 127)->[0, -2*r2, 2, 2]
(770, 135, 649, 905, 1037, 273, 404, 277, 156, 542, 419, 547, 675, 1060, 296, 298, 813, 954, 1083, 702, 705, 1089, 1093, 454, 969, 202, 1099, 973, 1101, 83, 598, 90, 1115, 1116, 350, 99, 485, 1127, 746, 1010, 115, 371, 627, 246, 374, 885, 633, 636)->[-2*r2, 2*r2, 0, 0]
(385, 897, 260, 388, 907, 269, 17, 146, 19, 914, 21, 796, 160, 544, 545, 928, 42, 940, 306, 564, 309, 186, 63, 449, 961, 707, 1092, 837, 76, 591, 337, 1111, 88, 859, 860, 221, 103, 234, 108, 494, 1008, 626, 883, 1139, 503, 1017, 508, 1149)->[2*r2, 0, -2, -2]
(6, 8, 137, 520, 779, 268, 1033, 793, 155, 540, 927, 289, 802, 294, 934, 681, 555, 556, 818, 308, 182, 438, 56, 823, 445, 190, 710, 712, 715, 972, 461, 718, 335, 339, 725, 216, 223, 351, 1119, 995, 613, 617, 876, 496, 760, 889, 1147, 639)->[-2*r2, 0, -2, 2]
(768, 769, 643, 645, 264, 144, 402, 789, 1046, 536, 920, 1052, 803, 164, 932, 933, 1059, 1070, 1080, 1081, 570, 1084, 66, 835, 964, 198, 328, 201, 207, 1105, 979, 1108, 1112, 604, 862, 1000, 105, 489, 493, 238, 750, 369, 1014, 1143, 248, 505, 252, 766)->[-2*r2, -2*r2, 0, 0]
(259, 324, 392, 425, 1131, 462, 975, 1138, 1075, 341, 344, 956)->[-2*r2, 2*r2, 4, 4]
(928, 897, 103, 76, 909, 433, 146, 467, 470, 57, 59, 1149)->[2*r2, 0, -6, -2]
(70, 295, 233, 393, 1100, 346, 430, 821, 727, 58, 1023, 287)->[0, -2*r2, -6, -2]
(577, 738, 865, 774, 1062, 458, 589, 880, 753, 250, 827, 1085)->[-4*r2, 0, 4, 0]
(835, 645, 198, 583, 489, 363, 428, 332, 367, 1046, 471, 920)->[-2*r2, -4*r2, 2, -2]
(322, 261, 615, 424, 874, 139, 211, 630, 24, 1020, 701, 191)->[4*r2, 2*r2, -2, 2]
(128, 196, 101, 805, 1035, 113, 657, 881, 1012, 312, 94, 991)->[2*r2, -2*r2, -4, 4]
(1089, 99, 713, 1066, 683, 813, 273, 721, 404, 916, 633, 543)->[-4*r2, 2*r2, 2, 2]
(962, 867, 293, 165, 678, 745, 778, 11, 685, 111, 983, 919)->[0, -2*r2, -2, -6]
(35, 739, 423, 967, 887, 177, 561, 594, 658, 311, 120, 1054)->[2*r2, 4*r2, 2, -2]
(352, 742, 775, 44, 781, 538, 117, 1141, 279, 408, 474, 510)->[0, -4*r2, 0, -4]
(192, 1024, 891, 1124, 807, 456, 872, 968, 299, 174, 407, 27)->[4*r2, -2*r2, 2, 2]
(641, 386, 1094, 167, 551, 586, 877, 80, 86, 729, 958, 383)->[0, 4*r2, 0, 4]
(97, 965, 518, 840, 553, 362, 267, 810, 843, 1039, 52, 60)->[2*r2, -4*r2, 2, -2]
(833, 486, 1132, 205, 141, 525, 208, 848, 755, 597, 502, 475)->[2*r2, 0, 2, -6]
(132, 1097, 522, 109, 14, 465, 82, 690, 1073, 853, 1049, 187)->[-2*r2, 0, 2, 6]
(515, 995, 168, 617, 1051, 715, 1069, 182, 507, 155, 540, 990)->[-4*r2, 0, -4, 0]
(162, 587, 1071, 754, 787, 532, 1106, 1016, 89, 826, 123, 413)->[0, -4*r2, 0, 4]
(1, 706, 931, 37, 391, 491, 908, 1133, 943, 948, 726, 157)->[-4*r2, 0, 0, -4]
(898, 356, 390, 870, 776, 588, 334, 846, 436, 852, 884, 791)->[2*r2, 0, 2, 6]
(896, 230, 73, 1129, 463, 81, 54, 1048, 1019, 1055, 957, 863)->[-2*r2, 0, 2, -6]
(96, 1065, 811, 398, 1136, 210, 665, 53, 599, 152, 537, 539)->[2*r2, 0, -2, 6]
(384, 448, 647, 743, 457, 490, 842, 935, 302, 1013, 411, 925)->[-2*r2, 0, -6, -2]
(960, 197, 871, 616, 728, 464, 1042, 504, 217, 762, 635, 1087)->[0, 2*r2, 6, -2]
(1088, 582, 359, 199, 808, 206, 366, 1015, 1045, 951, 348, 158)->[2*r2, 2*r2, -4, 4]
(225, 2, 228, 773, 521, 270, 15, 1043, 756, 213, 888, 254)->[0, 4*r2, -4, 0]
(224, 801, 326, 902, 759, 460, 1134, 977, 84, 695, 699, 607)->[0, 2*r2, -2, 6]
(130, 387, 642, 1029, 41, 394, 46, 593, 882, 180, 1077, 890)->[0, 2*r2, -6, -2]
(608, 33, 483, 133, 421, 330, 12, 560, 20, 788, 989, 319)->[2*r2, 4*r2, -2, -2]
(129, 353, 355, 452, 68, 711, 648, 814, 566, 662, 696, 861)->[-2*r2, 2*r2, -4, -4]
(546, 163, 644, 838, 873, 203, 365, 1102, 16, 147, 1146, 93)->[0, -2*r2, 6, 2]
(636, 485, 709, 1125, 719, 627, 149, 374, 214, 981, 954, 156)->[-4*r2, 2*r2, -2, -2]
(321, 1145, 557, 622, 830, 145, 305, 1011, 1044, 409, 349, 734)->[-2*r2, 0, 6, -2]
(291, 292, 389, 612, 771, 361, 670, 941, 400, 849, 500, 62)->[-2*r2, 0, 6, 2]
(160, 545, 704, 707, 1003, 112, 816, 309, 565, 535, 860, 221)->[2*r2, 2*r2, -4, -4]
(705, 419, 202, 107, 106, 266, 466, 83, 1010, 533, 440, 90)->[-4*r2, 2*r2, 2, -2]
(450, 578, 996, 325, 134, 169, 777, 684, 373, 632, 761, 572)->[4*r2, 0, 0, 4]
(640, 100, 806, 526, 569, 912, 403, 660, 824, 185, 92, 671)->[-2*r2, -2*r2, 4, -4]
(354, 866, 420, 646, 1001, 619, 429, 336, 851, 661, 342, 345)->[0, -4*r2, -4, 0]
(1093, 649, 170, 176, 209, 371, 596, 691, 246, 215, 1115, 350)->[-2*r2, 4*r2, -2, 2]
(385, 388, 1092, 744, 108, 914, 22, 1017, 122, 923, 638, 31)->[4*r2, 0, -4, 0]
(480, 494, 591, 304, 337, 114, 1038, 822, 88, 859, 508, 125)->[2*r2, -2*r2, -4, -4]
(258, 1027, 549, 74, 524, 590, 974, 497, 1047, 663, 313, 703)->[4*r2, 2*r2, 2, -2]
(800, 417, 166, 263, 395, 716, 401, 276, 698, 697, 506, 61)->[-2*r2, 0, -2, -6]
(576, 516, 938, 939, 1034, 717, 655, 1078, 184, 825, 828, 1118)->[0, -2*r2, 2, 6]
(804, 9, 714, 523, 844, 173, 845, 241, 183, 600, 473, 159)->[4*r2, -2*r2, -2, 2]
(256, 963, 772, 357, 262, 1114, 140, 333, 442, 667, 29, 126)->[2*r2, -4*r2, -2, -2]
(673, 674, 993, 614, 1002, 529, 499, 1107, 952, 795, 444, 1086)->[0, -2*r2, 2, -6]
(36, 749, 625, 666, 23, 792, 121, 602, 283, 188, 605, 479)->[2*r2, 4*r2, 2, 2]
(1028, 550, 137, 172, 364, 556, 175, 308, 438, 793, 124, 445)->[-2*r2, 0, -2, 6]
(64, 34, 98, 1098, 748, 751, 656, 1109, 278, 282, 988, 509)->[2*r2, 0, 6, 2]
(603, 422, 327, 7, 679, 903, 119, 218, 91, 764, 733, 606)->[2*r2, -2*r2, 4, 4]
(740, 229, 677, 836, 297, 651, 397, 592, 212, 692, 631, 376)->[2*r2, 2*r2, 4, -4]
(320, 513, 232, 138, 815, 1072, 274, 980, 568, 25, 315, 895)->[-2*r2, -2*r2, 4, 4]
(708, 487, 1064, 75, 620, 1009, 469, 406, 87, 284, 1021, 415)->[0, -4*r2, 4, 0]
(6, 328, 681, 712, 1000, 1070, 760, 1143, 216, 1081, 766, 639)->[-4*r2, -2*r2, -2, 2]
(512, 257, 488, 829, 399, 944, 1074, 1142, 567, 797, 414, 286)->[4*r2, -2*r2, 2, -2]
(992, 869, 839, 1095, 585, 650, 43, 427, 724, 1140, 26, 1150)->[-2*r2, -2*r2, -4, -4]
(481, 609, 994, 231, 104, 906, 654, 118, 694, 664, 794, 893)->[2*r2, -2*r2, 4, -4]
(611, 676, 265, 878, 879, 720, 786, 116, 857, 985, 189, 894)->[0, -2*r2, 6, -2]
(289, 290, 482, 69, 613, 71, 1033, 335, 496, 820, 725, 439)->[-2*r2, -2*r2, -4, 4]
(416, 971, 652, 269, 686, 940, 306, 19, 564, 21, 917, 986)->[4*r2, 2*r2, -2, -2]
(961, 834, 260, 200, 841, 682, 42, 1008, 722, 978, 1111, 796)->[4*r2, 0, 0, -4]
(102, 998, 1096, 426, 1068, 945, 18, 338, 819, 343, 410, 1022)->[2*r2, 4*r2, -2, 2]
(672, 610, 227, 548, 997, 38, 237, 528, 1117, 501, 380, 317)->[0, 2*r2, -6, 2]
(1056, 1090, 519, 584, 765, 999, 1006, 179, 886, 477, 926, 575)->[0, 2*r2, 2, 6]
(544, 449, 1025, 837, 234, 907, 621, 142, 527, 883, 280, 1148)->[4*r2, -2*r2, -2, -2]
(1113, 932, 933, 77, 271, 207, 979, 693, 918, 248, 249, 862)->[-4*r2, -2*r2, 2, 2]
(770, 1060, 554, 492, 1101, 689, 562, 277, 885, 856, 542, 511)->[-2*r2, 4*r2, 2, -2]
(1061, 782, 432, 17, 178, 626, 1139, 150, 503, 186, 668, 63)->[2*r2, 0, -2, -6]
(1026, 1123, 10, 653, 1005, 495, 624, 784, 976, 982, 855, 378)->[4*r2, 0, 4, 0]
(478, 552, 555, 972, 301, 913, 339, 148, 56, 1119, 318, 351)->[-2*r2, 2*r2, -4, 4]
(1058, 643, 5, 201, 238, 910, 245, 984, 536, 570, 1084, 669)->[-4*r2, -2*r2, 2, -2]
(193, 580, 358, 40, 48, 688, 1104, 244, 181, 316, 574, 255)->[0, 4*r2, 4, 0]
(964, 517, 618, 812, 750, 368, 723, 1108, 1112, 252, 222, 604)->[-2*r2, -4*r2, -2, -2]
(1057, 1063, 236, 13, 431, 911, 370, 757, 953, 892, 446, 799)->[4*r2, 2*r2, 2, 2]
(768, 3, 164, 1126, 264, 369, 1076, 789, 1014, 375, 472, 28)->[-2*r2, -4*r2, -2, 2]
(769, 803, 1059, 360, 105, 143, 240, 1105, 629, 950, 1080, 922)->[-4*r2, -2*r2, -2, -2]
(581, 454, 135, 901, 966, 1099, 437, 598, 758, 949, 1083, 1116)->[-2*r2, 4*r2, -2, -2]
(1122, 1031, 136, 904, 924, 1041, 915, 85, 151, 571, 412, 285)->[0, 2*r2, 6, 2]
(288, 39, 72, 1128, 1040, 1137, 50, 243, 498, 563, 628, 127)->[2*r2, -4*r2, 2, 2]
(736, 323, 1091, 329, 1067, 942, 783, 272, 247, 377, 314, 1053)->[2*r2, 0, 6, -2]
(675, 1127, 8, 520, 298, 746, 969, 461, 1037, 1147, 190, 223)->[-4*r2, 2*r2, -2, 2]
(832, 131, 1130, 459, 204, 434, 242, 435, 659, 601, 921, 573)->[2*r2, 0, -6, 2]
(864, 547, 899, 296, 905, 747, 973, 1007, 115, 1018, 702, 959)->[-2*r2, 4*r2, 2, 2]
(1050, 453, 637, 680, 937, 623, 340, 854, 154, 700, 381, 798)->[-2*r2, 2*r2, 4, -4]
(66, 579, 809, 493, 144, 402, 595, 790, 505, 731, 1052, 767)->[-2*r2, -4*r2, 2, 2]
(161, 418, 868, 294, 934, 396, 876, 718, 1036, 818, 850, 927)->[-2*r2, 0, -6, 2]
(737, 67, 741, 987, 1030, 331, 752, 307, 534, 443, 732, 95)->[0, 4*r2, 0, -4]
(930, 970, 875, 78, 79, 47, 1103, 946, 281, 219, 253, 763)->[0, 2*r2, -2, -6]
(802, 710, 779, 268, 558, 49, 531, 823, 889, 634, 476, 541)->[-4*r2, 0, 0, 4]
(929, 195, 1082, 235, 45, 110, 785, 530, 817, 153, 730, 1151)->[0, -2*r2, -2, 6]
(1120, 65, 194, 514, 4, 484, 1121, 455, 947, 468, 441, 382)->[0, 2*r2, 2, -6]
(936, 1032, 300, 780, 239, 303, 559, 831, 310, 55, 251, 447)->[0, -2*r2, -6, 2]
(900, 171, 687, 847, 275, 51, 372, 405, 1110, 1144, 955, 735)->[2*r2, -4*r2, -2, 2]
(898, 771, 132, 7, 136, 392, 519, 522, 655, 16, 1041, 282, 670, 926, 32, 1056, 941, 1072, 690, 1075, 1078, 1079, 568, 315, 576, 838, 327, 1098, 717, 852, 85, 341, 218, 347, 603, 93, 98, 1122, 356, 870, 361, 1131, 109, 1006, 1135, 1146, 509, 895)->[0, 0, 2*r2, 2*r2]
(260, 11, 267, 141, 781, 399, 1038, 1039, 280, 794, 795, 29, 165, 678, 1061, 685, 432, 944, 52, 952, 1086, 63, 834, 963, 837, 841, 333, 208, 848, 1111, 88, 474, 480, 97, 609, 993, 994, 357, 742, 231, 488, 234, 621, 755, 1142, 503, 508, 510)->[2, -2, 0, -2*r2]
(1033, 1035, 1036, 398, 659, 793, 801, 548, 805, 934, 552, 936, 811, 301, 175, 303, 435, 53, 438, 439, 699, 1088, 195, 196, 582, 71, 199, 459, 972, 84, 730, 94, 351, 227, 868, 613, 359, 235, 364, 237, 110, 239, 876, 1134, 242, 1136, 501, 251)->[0, 0, -2*r2, 2*r2]
(640, 513, 526, 144, 274, 147, 403, 1044, 1046, 920, 409, 25, 1052, 669, 163, 292, 676, 1064, 815, 824, 570, 1085, 62, 830, 577, 579, 708, 332, 77, 589, 1102, 720, 849, 979, 984, 857, 1113, 738, 873, 238, 367, 622, 879, 1009, 500, 248, 1021, 767)->[-2, -2, 2*r2, 0]
(1145, 1018, 389, 774, 400, 145, 915, 277, 924, 285, 543, 291, 1062, 296, 1066, 305, 562, 181, 440, 571, 316, 700, 702, 193, 705, 1089, 324, 197, 1101, 462, 464, 1104, 340, 854, 344, 612, 616, 106, 747, 492, 753, 1010, 1011, 1138, 633, 250, 635, 381)->[-2, 2, 2*r2, 0]
(130, 647, 648, 778, 395, 17, 150, 26, 925, 417, 295, 41, 46, 47, 304, 178, 180, 309, 822, 696, 57, 698, 704, 962, 68, 452, 70, 585, 842, 970, 76, 591, 1103, 467, 724, 727, 859, 860, 867, 103, 233, 490, 875, 111, 112, 1139, 506, 1150)->[0, 0, -2*r2, -2*r2]
(776, 777, 1040, 657, 530, 405, 407, 791, 537, 539, 413, 288, 422, 169, 1065, 171, 939, 45, 687, 184, 825, 1082, 828, 192, 450, 844, 845, 846, 600, 473, 89, 733, 606, 991, 96, 1124, 872, 1144, 881, 243, 628, 884, 1012, 1016, 761, 123, 764, 1151)->[2, -2, 0, 2*r2]
(256, 3, 772, 900, 262, 518, 264, 646, 775, 275, 661, 790, 538, 162, 553, 44, 51, 563, 826, 66, 835, 72, 840, 75, 843, 336, 1106, 723, 1108, 469, 87, 471, 345, 472, 731, 1114, 222, 352, 487, 1128, 489, 363, 369, 754, 372, 505, 252, 127)->[0, -4, 0, 0]
(1024, 644, 903, 265, 783, 272, 656, 784, 406, 284, 286, 414, 415, 34, 546, 39, 679, 807, 810, 299, 174, 942, 50, 1074, 694, 567, 60, 189, 64, 965, 329, 203, 1109, 91, 481, 1123, 104, 362, 620, 365, 1005, 624, 1137, 498, 116, 118, 119, 894)->[2, -2, 2*r2, 0]
(259, 899, 520, 137, 649, 905, 14, 273, 531, 148, 404, 916, 1049, 675, 550, 167, 551, 425, 170, 683, 1073, 823, 56, 956, 445, 318, 190, 575, 1090, 326, 584, 973, 975, 80, 977, 596, 853, 729, 1115, 477, 1119, 224, 864, 1127, 759, 889, 634, 124)->[-2, 2, 0, 2*r2]
(386, 521, 12, 20, 23, 410, 542, 547, 36, 40, 554, 48, 561, 688, 689, 691, 437, 945, 949, 319, 959, 1094, 330, 331, 586, 1099, 338, 594, 213, 598, 215, 602, 987, 350, 95, 225, 739, 102, 358, 877, 1007, 752, 115, 885, 246, 887, 888, 121)->[0, 4, 0, 0]
(1027, 133, 1030, 651, 524, 269, 397, 652, 782, 658, 668, 796, 33, 545, 421, 423, 306, 947, 565, 186, 443, 961, 707, 836, 967, 200, 205, 78, 79, 590, 974, 722, 468, 597, 986, 219, 120, 475, 732, 1120, 483, 741, 1003, 1132, 626, 376, 253, 382)->[2, 2, 0, -2*r2]
(384, 129, 636, 642, 773, 901, 8, 528, 913, 1043, 411, 927, 672, 418, 168, 298, 555, 302, 176, 818, 1077, 182, 566, 1083, 448, 1093, 719, 209, 850, 339, 1116, 861, 478, 223, 990, 1117, 355, 228, 995, 1125, 746, 882, 371, 756, 374, 758, 890, 380)->[-2, 2, -2*r2, 0]
(385, 2, 387, 388, 261, 897, 1029, 394, 909, 270, 15, 18, 788, 21, 22, 535, 921, 158, 31, 160, 928, 38, 808, 940, 1068, 686, 560, 816, 434, 819, 951, 59, 317, 701, 191, 971, 204, 593, 211, 221, 989, 608, 610, 997, 998, 1130, 1015, 254)->[2, 2, -2*r2, 0]
(512, 257, 258, 1025, 1026, 139, 1020, 653, 527, 914, 19, 917, 663, 27, 923, 797, 159, 416, 1063, 424, 42, 682, 173, 564, 953, 829, 703, 449, 578, 1092, 325, 456, 968, 714, 978, 855, 996, 615, 744, 495, 1008, 241, 370, 497, 883, 632, 891, 892)->[4, 0, 0, 0]
(128, 131, 9, 638, 523, 140, 780, 142, 907, 146, 1149, 667, 287, 544, 804, 300, 430, 559, 433, 183, 312, 442, 955, 573, 447, 832, 1100, 847, 337, 851, 342, 470, 1110, 601, 346, 735, 354, 866, 101, 108, 494, 113, 114, 1017, 122, 1148, 125, 126)->[2, -2, -2*r2, 0]
(770, 135, 391, 1019, 908, 276, 149, 533, 534, 662, 281, 154, 1048, 157, 798, 800, 930, 1060, 37, 937, 814, 946, 307, 54, 441, 954, 61, 194, 67, 453, 454, 455, 581, 711, 202, 966, 716, 83, 981, 856, 353, 737, 1121, 485, 1129, 107, 763, 511)->[-2, 2, 0, -2*r2]
(1031, 904, 10, 13, 278, 151, 1047, 283, 412, 1053, 1054, 1057, 35, 549, 177, 311, 313, 314, 188, 446, 574, 960, 580, 74, 592, 976, 212, 982, 217, 220, 988, 736, 226, 740, 229, 871, 748, 749, 1004, 751, 625, 244, 757, 504, 377, 378, 379, 255)->[2, 2, 2*r2, 0]
(896, 514, 4, 906, 525, 654, 893, 786, 1042, 660, 664, 1050, 1055, 674, 677, 680, 297, 1067, 557, 692, 569, 444, 1087, 65, 321, 323, 833, 1091, 73, 1107, 728, 985, 92, 349, 734, 863, 611, 100, 484, 486, 614, 631, 878, 623, 502, 247, 762, 637)->[0, 0, 2*r2, -2*r2]
(768, 515, 517, 1032, 393, 650, 396, 143, 155, 540, 161, 289, 290, 420, 294, 935, 43, 429, 820, 821, 310, 55, 950, 1076, 58, 1080, 831, 839, 328, 457, 1095, 718, 1105, 725, 216, 604, 1126, 743, 1001, 618, 619, 750, 1013, 1014, 760, 507, 766, 1023)->[-2, -2, -2*r2, 0]
(769, 5, 6, 266, 779, 1037, 536, 922, 1051, 156, 541, 419, 931, 932, 1059, 681, 813, 1069, 1070, 693, 827, 709, 710, 201, 458, 713, 715, 461, 969, 207, 721, 466, 214, 726, 90, 476, 865, 99, 617, 491, 1133, 240, 880, 627, 245, 1143, 249, 1147)->[-4, 0, 0, 0]
(516, 1028, 138, 1034, 268, 271, 785, 402, 787, 532, 789, 918, 153, 28, 929, 802, 164, 933, 809, 938, 172, 556, 558, 1071, 49, 817, 308, 1081, 187, 320, 69, 712, 1097, 587, 335, 465, 82, 595, 980, 862, 1118, 482, 232, 1000, 493, 496, 375, 639)->[-2, -2, 0, 2*r2]
(1, 643, 645, 263, 910, 912, 401, 529, 279, 408, 919, 671, 673, 1058, 803, 293, 166, 806, 427, 428, 812, 943, 948, 185, 697, 1084, 957, 706, 964, 198, 583, 463, 81, 983, 1112, 992, 869, 230, 360, 105, 745, 1002, 368, 499, 1140, 117, 629, 1141)->[-2, -2, 0, -2*r2]
(426, 874, 1068, 18, 211, 1015, 1045, 630, 343, 348, 158, 191)->[4, 4, -2*r2, 2*r2]
(356, 422, 327, 776, 870, 655, 1078, 791, 184, 603, 828, 606)->[2, -2, 2*r2, 4*r2]
(544, 449, 804, 9, 714, 173, 527, 914, 1017, 923, 1148, 638)->[6, -2, -2*r2, 0]
(256, 354, 900, 262, 646, 140, 275, 661, 342, 955, 126, 735)->[2, -6, -2*r2, 0]
(833, 993, 994, 614, 906, 141, 755, 502, 952, 664, 794, 444)->[2, -2, 2*r2, -4*r2]
(997, 582, 199, 808, 459, 204, 237, 242, 434, 501, 951, 317)->[2, 2, -4*r2, 2*r2]
(962, 1061, 678, 685, 1038, 591, 111, 1139, 150, 503, 88, 822)->[2, -2, -2*r2, -4*r2]
(386, 102, 1096, 586, 86, 23, 792, 121, 410, 1022, 958, 479)->[2, 6, 0, 2*r2]
(326, 550, 137, 301, 1134, 175, 438, 759, 1119, 699, 318, 351)->[-2, 2, -2*r2, 4*r2]
(736, 34, 1123, 329, 748, 942, 784, 976, 1109, 982, 377, 988)->[4, 0, 4*r2, 0]
(288, 1024, 1124, 39, 807, 872, 498, 628, 119, 91, 764, 733)->[4, -4, 2*r2, 2*r2]
(700, 197, 557, 623, 464, 1011, 728, 1145, 1050, 349, 381, 1087)->[-2, 2, 4*r2, -2*r2]
(867, 293, 869, 263, 585, 745, 395, 427, 778, 401, 506, 26)->[-2, -2, -2*r2, -4*r2]
(64, 509, 546, 644, 7, 679, 903, 282, 16, 656, 218, 93)->[2, -2, 4*r2, 2*r2]
(514, 4, 836, 486, 297, 1132, 397, 525, 468, 597, 692, 382)->[2, 2, 2*r2, -4*r2]
(1, 37, 166, 1129, 908, 463, 943, 957, 276, 54, 697, 61)->[-4, 0, 0, -4*r2]
(320, 576, 1034, 109, 717, 465, 82, 690, 980, 315, 1118, 895)->[-2, -2, 2*r2, 4*r2]
(772, 357, 742, 775, 840, 1114, 843, 333, 1039, 52, 538, 510)->[2, -6, 0, -2*r2]
(676, 873, 203, 620, 365, 1009, 1021, 147, 857, 284, 189, 894)->[0, -4, 4*r2, 0]
(960, 193, 580, 1031, 616, 915, 181, 217, 635, 412, 285, 574)->[0, 4, 4*r2, 0]
(673, 165, 11, 781, 919, 529, 983, 1141, 279, 474, 795, 1086)->[0, -4, 0, -4*r2]
(866, 420, 1032, 300, 429, 1100, 559, 851, 310, 58, 1023, 287)->[0, -4, -4*r2, 0]
(932, 712, 681, 779, 268, 271, 49, 693, 1143, 1081, 541, 862)->[-6, -2, 0, 2*r2]
(738, 292, 612, 774, 622, 400, 145, 305, 753, 500, 1044, 1085)->[-4, 0, 4*r2, 0]
(70, 233, 76, 430, 304, 337, 146, 433, 467, 346, 859, 125)->[2, -2, -4*r2, -2*r2]
(97, 481, 609, 231, 104, 488, 810, 267, 944, 567, 60, 414)->[4, -4, 2*r2, -2*r2]
(512, 1025, 260, 837, 841, 682, 399, 1008, 883, 1142, 280, 797)->[6, -2, 0, -2*r2]
(992, 803, 839, 618, 650, 368, 1140, 629, 950, 1080, 1112, 604)->[-4, -4, -2*r2, -2*r2]
(321, 611, 526, 569, 720, 830, 786, 403, 879, 409, 92, 734)->[-2, -2, 4*r2, -2*r2]
(162, 72, 171, 687, 1040, 754, 51, 243, 372, 1016, 89, 127)->[2, -6, 0, 2*r2]
(99, 90, 1062, 458, 1066, 721, 466, 1010, 440, 633, 250, 827)->[-6, 2, 2*r2, 0]
(961, 834, 205, 782, 208, 432, 626, 722, 848, 1111, 475, 63)->[4, 0, 0, -4*r2]
(161, 290, 613, 294, 71, 934, 936, 1036, 303, 725, 55, 831)->[-2, -2, -4*r2, 2*r2]
(608, 545, 133, 421, 971, 652, 269, 940, 1003, 788, 535, 221)->[4, 4, -2*r2, -2*r2]
(289, 482, 164, 328, 1000, 335, 820, 1076, 1014, 375, 216, 639)->[-4, -4, -2*r2, 2*r2]
(295, 935, 393, 842, 43, 1095, 724, 821, 1013, 727, 925, 1150)->[-2, -2, -4*r2, -2*r2]
(579, 708, 1064, 489, 75, 367, 87, 471, 1046, 505, 731, 1052)->[-2, -6, 2*r2, 0]
(769, 706, 643, 931, 1058, 360, 105, 1133, 240, 948, 245, 536)->[-6, -2, 0, -2*r2]
(898, 451, 390, 999, 1006, 926, 436, 852, 886, 1079, 347, 30)->[2, 2, 2*r2, 4*r2]
(480, 963, 234, 907, 621, 142, 494, 114, 442, 667, 508, 29)->[4, -4, -2*r2, -2*r2]
(577, 865, 5, 201, 77, 238, 207, 589, 880, 984, 248, 249)->[-6, -2, 2*r2, 0]
(672, 227, 548, 868, 552, 555, 876, 972, 913, 818, 850, 380)->[-2, 2, -4*r2, 2*r2]
(423, 74, 651, 524, 974, 592, 658, 212, 311, 376, 313, 1054)->[4, 4, 2*r2, -2*r2]
(291, 771, 389, 136, 361, 392, 1131, 1041, 1138, 344, 571, 924)->[-2, 2, 4*r2, 2*r2]
(160, 928, 130, 1029, 103, 46, 112, 593, 816, 57, 59, 860)->[2, 2, -4*r2, -2*r2]
(352, 835, 964, 645, 363, 44, 428, 812, 723, 1108, 117, 408)->[-2, -6, 0, -2*r2]
(322, 578, 134, 1063, 139, 236, 632, 684, 431, 24, 953, 1020)->[6, 2, 0, 2*r2]
(832, 196, 805, 780, 239, 113, 435, 659, 312, 251, 573, 447)->[2, -2, -4*r2, 2*r2]
(864, 1089, 259, 324, 683, 973, 462, 975, 273, 1018, 702, 543)->[-4, 4, 2*r2, 2*r2]
(35, 36, 358, 688, 177, 561, 594, 244, 625, 602, 188, 255)->[2, 6, 2*r2, 0]
(224, 641, 1090, 902, 167, 460, 575, 977, 179, 729, 765, 383)->[0, 4, 0, 4*r2]
(802, 1097, 172, 556, 14, 558, 531, 823, 1049, 187, 124, 445)->[-4, 0, 0, 4*r2]
(416, 385, 1092, 261, 615, 424, 744, 686, 19, 21, 22, 701)->[6, 2, -2*r2, 0]
(515, 1059, 6, 617, 1070, 143, 1105, 760, 922, 1051, 540, 766)->[-6, -2, -2*r2, 0]
(66, 3, 809, 587, 493, 369, 1106, 532, 789, 790, 826, 28)->[-2, -6, 0, 2*r2]
(419, 485, 709, 391, 202, 266, 491, 627, 533, 726, 981, 157)->[-6, 2, 0, -2*r2]
(896, 65, 1121, 484, 680, 1048, 441, 154, 1019, 637, 798, 1055)->[-2, 2, 2*r2, -4*r2]
(96, 450, 1065, 588, 334, 846, 884, 373, 761, 599, 665, 572)->[4, 0, 0, 4*r2]
(762, 740, 229, 677, 871, 1091, 1042, 631, 504, 314, 247, 1053)->[2, 2, 4*r2, -2*r2]
(2, 387, 610, 773, 38, 394, 15, 528, 882, 756, 890, 1117)->[0, 4, -4*r2, 0]
(33, 483, 739, 741, 987, 967, 12, 752, 20, 887, 120, 443)->[2, 6, 0, -2*r2]
(384, 129, 448, 642, 68, 452, 647, 41, 490, 180, 1077, 566)->[-2, 2, -4*r2, -2*r2]
(897, 131, 388, 921, 1130, 108, 909, 470, 601, 122, 1149, 31)->[4, 0, -4*r2, 0]
(800, 417, 353, 930, 648, 875, 716, 1103, 662, 696, 281, 698)->[-2, 2, -2*r2, -4*r2]
(513, 163, 838, 670, 941, 1102, 1072, 849, 568, 25, 1146, 62)->[-2, -2, 4*r2, 2*r2]
(636, 995, 1125, 969, 298, 715, 461, 1069, 214, 156, 990, 223)->[-6, 2, -2*r2, 0]
(640, 198, 583, 806, 332, 910, 912, 920, 824, 570, 1084, 669)->[-4, -4, 2*r2, -2*r2]
(225, 228, 1093, 209, 691, 1043, 213, 246, 437, 598, 758, 1083)->[-2, 6, -2*r2, 0]
(1027, 200, 42, 590, 497, 306, 978, 564, 917, 663, 986, 796)->[6, 2, 0, -2*r2]
(195, 1082, 1035, 398, 1136, 657, 530, 881, 537, 730, 539, 94)->[2, -2, -2*r2, 4*r2]
(705, 770, 453, 937, 106, 107, 1101, 562, 83, 340, 854, 856)->[-4, 4, 2*r2, -2*r2]
(192, 996, 325, 968, 169, 777, 845, 241, 407, 473, 27, 159)->[6, -2, 0, 2*r2]
(965, 518, 487, 1128, 553, 362, 1137, 50, 563, 469, 406, 415)->[2, -6, 2*r2, 0]
(899, 1094, 551, 905, 170, 877, 1007, 80, 115, 215, 1115, 350)->[-2, 6, 0, 2*r2]
(1088, 801, 359, 811, 206, 366, 210, 84, 53, 695, 152, 607)->[2, 2, -2*r2, 4*r2]
(1120, 194, 1030, 455, 79, 946, 307, 947, 534, 763, 732, 253)->[0, 4, 0, -4*r2]
(929, 1028, 69, 1033, 235, 364, 110, 496, 785, 308, 439, 793)->[-2, -2, -2*r2, 4*r2]
(1057, 258, 549, 10, 13, 495, 370, 1047, 855, 378, 892, 703)->[6, 2, 2*r2, 0]
(257, 1026, 456, 299, 653, 174, 1005, 624, 1074, 891, 829, 286)->[6, -2, 2*r2, 0]
(674, 100, 230, 73, 1002, 81, 499, 660, 1107, 863, 185, 671)->[-2, -2, 2*r2, -4*r2]
(128, 101, 523, 844, 847, 1012, 405, 1110, 183, 600, 1144, 991)->[4, -4, -2*r2, 2*r2]
(323, 265, 1067, 654, 783, 272, 878, 116, 118, 694, 985, 893)->[2, -2, 4*r2, -2*r2]
(32, 98, 1122, 904, 1098, 751, 1135, 85, 278, 151, 379, 220)->[2, 2, 4*r2, 2*r2]
(1127, 8, 520, 649, 746, 176, 339, 148, 371, 596, 56, 478)->[-4, 4, -2*r2, 2*r2]
(516, 938, 939, 45, 1071, 817, 787, 825, 153, 123, 413, 1151)->[0, -4, 0, 4*r2]
(418, 743, 168, 457, 396, 302, 718, 411, 182, 507, 155, 927)->[-4, 0, -4*r2, 0]
(1056, 132, 519, 584, 425, 522, 1073, 1075, 341, 853, 956, 477)->[-2, 2, 2*r2, 4*r2]
(704, 707, 970, 78, 47, 17, 178, 309, 565, 186, 219, 668)->[2, 2, -2*r2, -4*r2]
(675, 710, 713, 813, 1037, 404, 916, 889, 634, 1147, 476, 190)->[-6, 2, 0, 2*r2]
(737, 67, 1060, 966, 135, 554, 331, 1099, 885, 949, 95, 511)->[-2, 6, 0, -2*r2]
(998, 521, 330, 270, 560, 945, 338, 819, 888, 989, 254, 319)->[2, 6, -2*r2, 0]
(933, 232, 138, 815, 144, 274, 402, 595, 979, 918, 1113, 767)->[-4, -4, 2*r2, 2*r2]
(768, 517, 1126, 264, 1001, 619, 750, 336, 472, 345, 252, 222)->[-2, -6, -2*r2, 0]
(355, 581, 454, 711, 901, 814, 719, 149, 374, 954, 1116, 861)->[-4, 4, -2*r2, -2*r2]
(547, 40, 296, 747, 492, 48, 689, 1104, 277, 316, 542, 959)->[-2, 6, 2*r2, 0]
