Face([141, 65, 43, 119])
Face([2, 122, 139, 90])
Face([0, 130, 126, 38])
Face([24, 65, 91])
Face([99, 96, 112])
Face([56, 84, 113, 77])
Face([3, 67, 47, 35])
Face([141, 65, 90, 14])
Face([16, 114, 4, 67])
Face([133, 102, 105])
Face([20, 104, 70])
Face([117, 56, 119, 141])
Face([4, 64, 37, 120])
Face([85, 120, 21])
Face([6, 126, 103])
Face([69, 72, 30, 3])
Face([8, 132, 138, 93])
Face([36, 96, 112, 93])
Face([5, 76, 4, 71])
Face([133, 82, 102])
Face([40, 48, 140])
Face([13, 29, 82, 102])
Face([133, 33, 82])
Face([90, 12, 94])
Face([67, 97, 39, 87])
Face([52, 107, 40, 22])
Face([123, 48, 31, 60])
Face([35, 50, 47])
Face([0, 108, 103, 38])
Face([30, 32, 75, 54])
Face([5, 81, 76])
Face([6, 77, 44, 126])
Face([37, 134, 143])
Face([5, 81, 68, 49])
Face([16, 97, 67])
Face([5, 38, 114, 71])
Face([70, 32, 111, 104])
Face([12, 28, 51, 127])
Face([8, 136, 94])
Face([52, 22, 55])
Face([64, 68, 134])
Face([132, 89, 9])
Face([93, 112, 99, 142])
Face([136, 123, 22, 106])
Face([40, 48, 46, 73])
Face([58, 10, 27, 110])
Face([78, 17, 9, 10])
Face([1, 72, 133])
Face([28, 105, 102, 55])
Face([53, 50, 69])
Face([2, 24, 90])
Face([140, 33, 105])
Face([3, 16, 67])
Face([1, 125, 141])
Face([32, 75, 111])
Face([95, 121, 17, 132])
Face([0, 130, 19])
Face([109, 138, 112, 45])
Face([1, 117, 141])
Face([38, 16, 3, 135])
Face([86, 83, 45, 46])
Face([89, 40, 22])
Face([40, 140, 82, 63])
Face([7, 49, 68, 58])
Face([89, 40, 73, 109])
Face([26, 143, 68, 58])
Face([2, 36, 93])
Face([0, 81, 135])
Face([8, 122, 142])
Face([43, 90, 14, 119])
Face([142, 121, 11])
Face([26, 73, 129, 58])
Face([85, 84, 39])
Face([45, 46, 143])
Face([143, 46, 100, 134])
Face([9, 128, 121, 17])
Face([117, 56, 43, 65])
Face([1, 72, 70, 141])
Face([24, 136, 94, 90])
Face([38, 76, 135])
Face([38, 103, 124, 135])
Face([125, 105, 42])
Face([18, 83, 45])
Face([4, 120, 85])
Face([52, 106, 51])
Face([2, 122, 36])
Face([86, 83, 112, 31])
Face([66, 86, 88, 34])
Face([26, 45, 109])
Face([37, 83, 86])
Face([53, 50, 29, 116])
Face([4, 64, 49, 71])
Face([94, 95, 25, 127])
Face([120, 37, 15])
Face([43, 65, 91])
Face([9, 128, 52])
Face([37, 83, 45, 143])
Face([0, 81, 5])
Face([80, 101, 129, 110])
Face([16, 20, 104, 103])
Face([4, 64, 76])
Face([45, 112, 31, 46])
Face([13, 102, 79])
Face([107, 129, 110, 27])
Face([116, 100, 134])
Face([104, 111, 61])
Face([132, 9, 52, 106])
Face([4, 120, 15, 87])
Face([119, 104, 14])
Face([52, 128, 25, 51])
Face([115, 88, 34])
Face([57, 129, 110])
Face([96, 112, 98, 113])
Face([36, 93, 142])
Face([117, 84, 34, 118])
Face([69, 3, 35, 50])
Face([79, 80, 55])
Face([107, 40, 73])
Face([31, 112, 98])
Face([0, 108, 124, 135])
Face([143, 68, 134])
Face([36, 96, 99, 142])
Face([117, 65, 141])
Face([39, 131, 34, 84])
Face([6, 41, 119])
Face([23, 28, 55, 79])
Face([95, 128, 9, 132])
Face([36, 77, 41, 122])
Face([30, 54, 80, 79])
Face([95, 128, 121])
Face([71, 18, 96, 21])
Face([53, 69, 97, 39])
Face([117, 118, 131, 39])
Face([101, 129, 63])
Face([93, 112, 98])
Face([15, 66, 84, 39])
Face([20, 97, 56, 119])
Face([117, 84, 39])
Face([25, 51, 75])
Face([72, 133, 102, 79])
Face([135, 3, 67, 76])
Face([89, 48, 31, 138])
Face([66, 98, 112, 83])
Face([89, 40, 48])
Face([118, 65, 24, 115])
Face([19, 59, 121, 78])
Face([30, 35, 54])
Face([133, 105, 33])
Face([24, 91, 98, 60])
Face([81, 57, 110])
Face([99, 112, 45])
Face([108, 59, 25, 111])
Face([114, 21, 77, 6])
Face([141, 14, 119])
Face([25, 75, 111])
Face([26, 10, 78])
Face([24, 91, 34, 115])
Face([78, 17, 121])
Face([37, 86, 100, 134])
Face([128, 25, 59])
Face([66, 34, 84])
Face([8, 132, 95])
Face([102, 82, 140])
Face([49, 143, 68])
Face([137, 18, 96, 44])
Face([116, 82, 100])
Face([16, 97, 56, 6])
Face([0, 74, 54, 135])
Face([0, 81, 110, 74])
Face([58, 129, 107, 10])
Face([19, 10, 27, 74])
Face([58, 129, 110])
Face([141, 20, 70])
Face([23, 32, 51, 28])
Face([10, 128, 27])
Face([2, 91, 43])
Face([30, 124, 54])
Face([69, 20, 97])
Face([118, 65, 125])
Face([43, 41, 139, 90])
Face([5, 137, 7])
Face([43, 56, 77])
Face([36, 113, 98, 93])
Face([74, 75, 111, 108])
Face([63, 82, 100])
Face([133, 82, 29, 50])
Face([17, 138, 109])
Face([53, 50, 47, 87])
Face([85, 56, 77, 21])
Face([64, 68, 57, 47])
Face([16, 97, 85, 114])
Face([0, 81, 58, 19])
Face([41, 62, 44, 77])
Face([89, 138, 60, 123])
Face([5, 49, 64, 76])
Face([73, 129, 68, 143])
Face([64, 37, 134])
Face([85, 120, 15, 39])
Face([87, 116, 15])
Face([36, 113, 77])
Face([108, 130, 126, 103])
Face([30, 32, 111, 124])
Face([95, 128, 52, 106])
Face([9, 107, 73, 109])
Face([9, 17, 109])
Face([115, 88, 33])
Face([35, 57, 13])
Face([15, 131, 39])
Face([2, 8, 93])
Face([7, 137, 18])
Face([140, 33, 82])
Face([11, 62, 92, 121])
Face([127, 139, 61, 111])
Face([71, 120, 37, 49])
Face([52, 51, 55])
Face([117, 97, 39])
Face([36, 96, 44])
Face([94, 136, 42, 12])
Face([80, 75, 54])
Face([11, 62, 44])
Face([2, 24, 60, 93])
Face([128, 121, 59])
Face([78, 121, 128, 10])
Face([12, 127, 32, 23])
Face([29, 116, 134])
Face([125, 141, 70, 23])
Face([114, 126, 6])
Face([29, 82, 116])
Face([135, 35, 47, 76])
Face([26, 10, 58])
Face([53, 87, 39])
Face([81, 57, 35, 135])
Face([10, 27, 107])
Face([125, 65, 24, 42])
Face([35, 50, 13])
Face([36, 96, 113])
Face([38, 16, 103])
Face([28, 106, 22])
Face([60, 98, 31])
Face([3, 20, 70, 30])
Face([71, 120, 21])
Face([8, 142, 121, 95])
Face([66, 98, 31, 86])
Face([85, 56, 97])
Face([71, 120, 83, 18])
Face([132, 17, 138])
Face([9, 89, 22, 52])
Face([6, 41, 61, 103])
Face([120, 66, 15])
Face([118, 34, 115])
Face([16, 97, 20])
Face([117, 141, 20, 97])
Face([74, 75, 27])
Face([49, 143, 45, 18])
Face([15, 66, 86])
Face([41, 61, 104, 119])
Face([66, 113, 98])
Face([132, 89, 138])
Face([72, 50, 133])
Face([38, 126, 103])
Face([1, 53, 69])
Face([120, 66, 83])
Face([9, 89, 40, 107])
Face([4, 114, 71])
Face([8, 136, 60, 93])
Face([135, 124, 54])
Face([108, 124, 103])
Face([53, 131, 116])
Face([9, 107, 52])
Face([87, 15, 39])
Face([130, 59, 92, 62])
Face([71, 137, 44, 21])
Face([9, 10, 107])
Face([2, 8, 136, 24])
Face([14, 139, 127])
Face([135, 35, 54])
Face([1, 69, 20, 141])
Face([93, 60, 138])
Face([19, 78, 7])
Face([29, 134, 63])
Face([125, 12, 23])
Face([69, 67, 3])
Face([118, 115, 42, 125])
Face([101, 102, 55])
Face([2, 43, 41, 122])
Face([69, 72, 50])
Face([19, 59, 74])
Face([14, 70, 32, 127])
Face([40, 73, 63])
Face([29, 82, 63])
Face([137, 11, 44])
Face([40, 48, 100, 63])
Face([19, 130, 59])
Face([107, 40, 101])
Face([14, 104, 61, 139])
Face([14, 104, 111, 127])
Face([95, 92, 25])
Face([86, 88, 31])
Face([5, 49, 7])
Face([138, 112, 31])
Face([131, 88, 33])
Face([85, 56, 6, 114])
Face([26, 45, 99, 78])
Face([7, 137, 11, 78])
Face([86, 46, 31])
Face([108, 59, 92, 61])
Face([5, 137, 71])
Face([74, 59, 25, 75])
Face([12, 14, 70, 23])
Face([28, 105, 42])
Face([85, 120, 66, 84])
Face([107, 27, 80, 101])
Face([114, 126, 44, 21])
Face([135, 3, 124])
Face([12, 42, 28])
Face([64, 49, 68])
Face([19, 10, 78])
Face([83, 96, 112])
Face([94, 106, 28, 12])
Face([26, 73, 109])
Face([72, 133, 105, 23])
Face([137, 44, 126])
Face([60, 98, 34, 115])
Face([31, 48, 46])
Face([16, 20, 119, 6])
Face([28, 22, 55])
Face([79, 32, 75, 80])
Face([23, 32, 79])
Face([120, 83, 37])
Face([127, 32, 111])
Face([82, 33, 88, 100])
Face([19, 10, 128, 59])
Face([133, 50, 13, 102])
Face([15, 66, 34, 131])
Face([38, 16, 67, 76])
Face([125, 42, 12])
Face([8, 132, 17, 142])
Face([52, 107, 101, 55])
Face([64, 134, 116, 87])
Face([12, 28, 23])
Face([45, 112, 83])
Face([121, 59, 92])
Face([27, 80, 110])
Face([2, 8, 122])
Face([130, 137, 11])
Face([86, 88, 100])
Face([63, 100, 134])
Face([15, 116, 134, 37])
Face([48, 88, 100])
Face([132, 9, 17])
Face([120, 83, 96, 21])
Face([29, 57, 47])
Face([16, 114, 6])
Face([3, 124, 30])
Face([122, 41, 62])
Face([9, 128, 10])
Face([53, 69, 67, 87])
Face([58, 129, 68])
Face([77, 113, 21])
Face([91, 113, 98])
Face([17, 99, 45, 109])
Face([67, 76, 47])
Face([141, 20, 119])
Face([18, 96, 99])
Face([49, 18, 83, 37])
Face([43, 41, 119])
Face([1, 125, 105, 133])
Face([53, 131, 33, 133])
Face([42, 123, 140, 105])
Face([19, 58, 7])
Face([101, 102, 82, 63])
Face([19, 130, 137, 7])
Face([64, 49, 37])
Face([43, 65, 90])
Face([96, 113, 21])
Face([19, 74, 110, 58])
Face([67, 4, 87])
Face([28, 105, 140, 22])
Face([49, 37, 143])
Face([4, 114, 85])
Face([86, 100, 46])
Face([81, 58, 110])
Face([69, 72, 70, 20])
Face([53, 116, 87])
Face([94, 106, 95])
Face([1, 117, 97, 69])
Face([69, 67, 47, 50])
Face([36, 44, 77])
Face([71, 137, 126, 114])
Face([93, 138, 17, 142])
Face([91, 34, 98])
Face([81, 68, 64, 76])
Face([136, 123, 60])
Face([22, 40, 140])
Face([81, 76, 135])
Face([69, 97, 67])
Face([6, 56, 119])
Face([118, 115, 33])
Face([74, 108, 124, 54])
Face([17, 138, 112, 99])
Face([127, 32, 51])
Face([42, 105, 33, 115])
Face([30, 124, 104, 70])
Face([2, 90, 43])
Face([103, 126, 62, 61])
Face([23, 32, 70])
Face([23, 105, 102, 79])
Face([109, 45, 46])
Face([36, 142, 122])
Face([7, 26, 78])
Face([118, 125, 105, 33])
Face([123, 115, 60])
Face([29, 57, 68, 134])
Face([117, 56, 84])
Face([42, 123, 115])
Face([66, 113, 96, 83])
Face([69, 3, 20])
Face([41, 139, 14, 119])
Face([1, 53, 133])
Face([30, 32, 70])
Face([89, 138, 109])
Face([125, 12, 14, 141])
Face([126, 62, 44])
Face([116, 82, 33, 131])
Face([90, 139, 94])
Face([20, 104, 119])
Face([8, 93, 142])
Face([4, 64, 87])
Face([41, 62, 61])
Face([89, 48, 46, 109])
Face([0, 38, 135])
Face([71, 18, 49])
Face([64, 47, 87])
Face([118, 65, 91, 34])
Face([43, 41, 77])
Face([13, 80, 79])
Face([38, 16, 114])
Face([94, 136, 106])
Face([72, 23, 79])
Face([85, 97, 39])
Face([1, 72, 69])
Face([8, 94, 95])
Face([101, 40, 140, 102])
Face([28, 51, 55])
Face([2, 8, 94, 90])
Face([15, 37, 86])
Face([3, 35, 30])
Face([6, 41, 62, 126])
Face([64, 47, 76])
Face([11, 99, 96, 44])
Face([52, 27, 80, 55])
Face([26, 73, 143])
Face([89, 123, 22])
Face([95, 128, 25])
Face([9, 89, 109])
Face([52, 106, 22])
Face([25, 92, 61, 111])
Face([2, 24, 91])
Face([135, 35, 3])
Face([108, 61, 103])
Face([109, 73, 46])
Face([108, 111, 61])
Face([3, 16, 103, 124])
Face([71, 114, 21])
Face([29, 57, 129, 63])
Face([7, 18, 99, 78])
Face([125, 105, 23])
Face([78, 17, 99])
Face([81, 57, 47, 76])
Face([0, 19, 7, 5])
Face([16, 6, 103])
Face([60, 115, 88, 31])
Face([67, 4, 76])
Face([36, 122, 62, 44])
Face([132, 106, 136])
Face([130, 137, 126])
Face([124, 104, 111])
Face([13, 29, 63, 101])
Face([64, 37, 15, 87])
Face([52, 27, 107])
Face([74, 27, 110])
Face([63, 129, 68, 134])
Face([36, 44, 11, 142])
Face([28, 42, 123, 22])
Face([1, 117, 39, 53])
Face([107, 73, 129])
Face([59, 92, 25])
Face([80, 54, 110])
Face([128, 25, 75, 27])
Face([38, 114, 126])
Face([142, 17, 99])
Face([118, 34, 131])
Face([31, 88, 34, 98])
Face([1, 53, 131, 118])
Face([117, 65, 91, 84])
Face([95, 25, 51, 106])
Face([124, 54, 75, 111])
Face([103, 104, 61])
Face([30, 35, 13, 79])
Face([43, 91, 113, 77])
Face([90, 139, 14])
Face([19, 130, 11, 78])
Face([73, 46, 100, 63])
Face([2, 91, 113, 36])
Face([95, 121, 92])
Face([0, 130, 108])
Face([52, 27, 75, 51])
Face([7, 26, 58])
Face([66, 113, 84])
Face([74, 59, 128, 27])
Face([24, 42, 115])
Face([85, 84, 113, 21])
Face([19, 10, 58])
Face([4, 120, 71])
Face([43, 56, 84, 91])
Face([24, 115, 60])
Face([0, 108, 74])
Face([91, 113, 84])
Face([2, 91, 98, 93])
Face([35, 13, 80, 54])
Face([132, 138, 60, 136])
Face([24, 42, 12, 90])
Face([8, 136, 132])
Face([7, 18, 45, 26])
Face([13, 101, 102])
Face([1, 125, 118])
Face([93, 60, 98])
Face([108, 130, 62, 61])
Face([22, 123, 140])
Face([79, 102, 55])
Face([132, 136, 123, 89])
Face([6, 119, 104, 103])
Face([74, 54, 110])
Face([29, 50, 47])
Face([7, 18, 49])
Face([90, 12, 14])
Face([136, 42, 123])
Face([108, 124, 111])
Face([43, 56, 119])
Face([14, 104, 70])
Face([123, 48, 140])
Face([7, 49, 143, 26])
Face([74, 75, 54])
Face([122, 92, 121, 142])
Face([3, 124, 104, 20])
Face([23, 105, 28])
Face([32, 51, 75])
Face([57, 129, 68])
Face([53, 116, 82, 133])
Face([130, 59, 121, 11])
Face([37, 86, 46, 143])
Face([81, 57, 68])
Face([107, 129, 101])
Face([28, 106, 51])
Face([15, 131, 116])
Face([72, 70, 23])
Face([12, 127, 14])
Face([79, 32, 51, 55])
Face([101, 40, 63])
Face([74, 59, 108])
Face([67, 97, 85, 4])
Face([94, 106, 51, 127])
Face([5, 49, 71])
Face([71, 137, 18])
Face([35, 57, 47])
Face([8, 94, 139, 122])
Face([35, 57, 110, 54])
Face([78, 11, 121])
Face([64, 134, 29, 47])
Face([127, 25, 51])
Face([13, 50, 29])
Face([85, 114, 21])
Face([52, 128, 27])
Face([73, 129, 63])
Face([94, 139, 127])
Face([130, 62, 126])
Face([1, 117, 118])
Face([127, 25, 111])
Face([95, 106, 132])
Face([80, 55, 101])
Face([139, 92, 61])
Face([81, 110, 54, 135])
Face([120, 66, 113, 21])
Face([78, 11, 99])
Face([26, 73, 107, 10])
Face([66, 83, 86])
Face([140, 48, 88, 33])
Face([53, 50, 133])
Face([24, 136, 60])
Face([53, 131, 39])
Face([77, 44, 21])
Face([72, 30, 79])
Face([89, 48, 123])
Face([66, 34, 98])
Face([5, 137, 126, 38])
Face([102, 105, 140])
Face([46, 48, 100])
Face([116, 131, 88, 100])
Face([1, 133, 33, 118])
Face([140, 48, 100, 82])
Face([117, 65, 118])
Face([41, 139, 61])
Face([91, 34, 84])
Face([118, 131, 33])
Face([132, 89, 22, 106])
Face([101, 40, 22, 55])
Face([72, 70, 30])
Face([15, 116, 100, 86])
Face([127, 25, 92, 139])
Face([123, 48, 88, 115])
Face([122, 62, 11, 142])
Face([62, 92, 61])
Face([81, 58, 68])
Face([142, 11, 99])
Face([87, 116, 29, 47])
Face([30, 32, 79])
Face([2, 43, 77, 36])
Face([80, 75, 51, 55])
Face([26, 10, 9, 109])
Face([130, 11, 62])
Face([93, 112, 138])
Face([3, 16, 20])
Face([24, 136, 42])
Face([26, 143, 45])
Face([123, 115, 33, 140])
Face([0, 130, 137, 5])
Face([13, 57, 29])
Face([13, 80, 101])
Face([67, 87, 47])
Face([18, 96, 83])
Face([73, 46, 143])
Face([4, 85, 39, 87])
Face([6, 56, 77])
Face([8, 122, 92, 95])
Face([117, 56, 97])
Face([0, 74, 19])
Face([122, 139, 92])
Face([102, 140, 22, 55])
Face([38, 114, 4, 76])
Face([24, 65, 90])
Face([13, 57, 129, 101])
Face([27, 80, 75])
Face([1, 72, 23, 125])
Face([124, 104, 103])
Face([122, 41, 139])
Face([108, 130, 59])
Face([141, 70, 14])
Face([142, 17, 121])
Face([125, 65, 141])
Face([44, 96, 21])
Face([26, 109, 17, 78])
Face([72, 50, 13, 79])
Face([18, 99, 45])
Face([15, 131, 88, 86])
Face([131, 88, 34])
Face([137, 18, 99, 11])
Face([5, 76, 38])
Face([94, 12, 127])
Face([5, 81, 58, 7])
Face([0, 5, 38])
Face([6, 41, 77])
Face([13, 80, 110, 57])
Face([73, 63, 134, 143])
Face([138, 60, 31])
Face([136, 42, 28, 106])
Face([72, 50, 35, 30])
Face([85, 56, 84])
Face([94, 139, 92, 95])
Face([122, 62, 92])
Face([31, 48, 88])
Face([125, 65, 90, 12])
Face([109, 138, 31, 46])
