Face([385, 388, 31, 22])
Face([926, 519, 477, 575, 179, 886])
Face([965, 362, 1137, 50, 415, 406])
Face([808, 317, 501, 582])
Face([1002, 674, 100, 185])
Face([207, 248, 77, 249])
Face([836, 376, 212, 740, 631, 297])
Face([801, 811, 152, 695])
Face([1093, 209, 176, 371])
Face([904, 85, 98, 278])
Face([885, 554, 689, 542])
Face([1005, 1026, 257, 1074])
Face([779, 681, 712, 268])
Face([855, 378, 10, 495])
Face([815, 232, 138, 274])
Face([1095, 650, 950, 143, 515, 507, 457, 1013])
Face([873, 147, 163, 1102])
Face([1049, 124, 445, 823, 531, 14])
Face([861, 129, 1077, 882, 756, 228, 758, 901])
Face([964, 1112, 368, 812])
Face([934, 876, 868, 1036])
Face([1017, 544, 1148, 9, 804, 638])
Face([1015, 1045, 366, 1088, 199, 951])
Face([438, 137, 1119, 351])
Face([1044, 409, 526, 640, 669, 984, 577, 1085])
Face([962, 678, 685, 111])
Face([1095, 650, 839, 43])
Face([786, 92, 403, 879])
Face([964, 645, 428, 117, 408, 812])
Face([1019, 1121, 65, 1055])
Face([818, 850, 418, 927])
Face([953, 578, 632, 1020, 139, 1063])
Face([319, 330, 20, 12])
Face([1045, 630, 322, 134, 572, 665, 210, 366])
Face([514, 468, 382, 4])
Face([546, 644, 656, 64, 903, 679])
Face([989, 998, 338, 319])
Face([525, 597, 475, 208, 141, 502])
Face([1047, 549, 258, 703])
Face([254, 2, 15, 270])
Face([903, 64, 282, 7])
Face([970, 178, 17, 309, 704, 47])
Face([928, 160, 816, 1029, 593, 59])
Face([952, 794, 906, 614])
Face([1042, 504, 217, 616, 197, 1087])
Face([1076, 1126, 472, 3, 28, 375])
Face([872, 1124, 288, 628, 733, 764])
Face([878, 985, 265, 116])
Face([1071, 153, 45, 413])
Face([861, 355, 711, 814])
Face([940, 221, 535, 608, 788, 971])
Face([858, 1004, 757, 911])
Face([883, 1008, 260, 837])
Face([531, 558, 49, 541, 476, 634])
Face([889, 634, 476, 710])
Face([1033, 613, 71, 439])
Face([753, 145, 305, 612, 400, 774])
Face([630, 322, 24, 874])
Face([1062, 458, 721, 1066])
Face([912, 824, 403, 92, 100, 185])
Face([1066, 721, 99, 633])
Face([1090, 584, 477, 575])
Face([755, 833, 502, 141])
Face([1124, 807, 299, 456, 27, 192])
Face([527, 1148, 9, 173])
Face([1116, 374, 719, 355, 861, 901])
Face([1041, 1122, 151, 412, 915, 924])
Face([1083, 598, 437, 758])
Face([899, 905, 1115, 170, 80, 551])
Face([918, 138, 232, 595, 402, 933])
Face([930, 281, 946, 763])
Face([591, 88, 503, 1139])
Face([133, 33, 483, 421])
Face([669, 984, 238, 570])
Face([955, 140, 126, 342, 354, 735])
Face([882, 890, 642, 1077])
Face([665, 210, 152, 599])
Face([531, 558, 187, 14])
Face([1110, 405, 687, 51, 900, 735])
Face([871, 960, 574, 244, 35, 311, 592, 229])
Face([865, 880, 589, 577])
Face([472, 264, 369, 3])
Face([854, 562, 492, 316, 181, 635, 464, 700])
Face([1140, 427, 26, 724, 43, 839])
Face([789, 369, 3, 28])
Face([1072, 315, 109, 132, 341, 392, 361, 670])
Face([975, 259, 462, 324])
Face([891, 456, 299, 174])
Face([811, 1136, 537, 1065, 599, 152])
Face([1034, 938, 787, 587, 809, 595, 232, 980])
Face([1099, 885, 542, 547, 115, 350, 246, 598])
Face([802, 268, 779, 710, 889, 823])
Face([729, 383, 179, 575])
Face([845, 600, 183, 804, 714, 159])
Face([514, 692, 677, 762, 728, 623, 637, 484])
Face([1135, 32, 220, 379])
Face([714, 804, 9, 173])
Face([1001, 619, 429, 420])
Face([999, 765, 179, 886])
Face([1129, 908, 37, 61, 276, 54])
Face([1081, 862, 271, 49, 268, 712])
Face([1070, 1143, 1081, 1000, 328, 766])
Face([993, 952, 794, 994, 755, 141])
Face([863, 73, 660, 100, 674, 1107])
Face([1021, 147, 365, 284])
Face([635, 616, 197, 464])
Face([895, 568, 1072, 315])
Face([1007, 115, 350, 215, 1094, 877])
Face([1123, 784, 34, 1109, 329, 942])
Face([701, 261, 211, 191])
Face([995, 715, 461, 223])
Face([1105, 766, 760, 540, 515, 143])
Face([701, 424, 139, 24, 874, 191])
Face([1100, 346, 430, 287])
Face([900, 275, 256, 262, 646, 661])
Face([1116, 901, 581, 454])
Face([902, 224, 977, 460])
Face([816, 1029, 387, 2, 254, 560, 608, 535])
Face([914, 1017, 108, 388, 385, 1092])
Face([1055, 896, 73, 863])
Face([836, 376, 651, 397])
Face([983, 293, 778, 111, 685, 165])
Face([979, 144, 402, 933])
Face([927, 418, 396, 718])
Face([823, 889, 634, 531])
Face([820, 290, 71, 439, 69, 482])
Face([919, 11, 165, 983])
Face([1009, 676, 894, 620])
Face([1035, 196, 435, 459, 199, 1088, 53, 398])
Face([1046, 920, 198, 645, 835, 489])
Face([514, 692, 397, 468])
Face([1106, 754, 51, 900, 661, 345, 472, 3])
Face([976, 377, 314, 740, 212, 313, 549, 378])
Face([550, 137, 445, 124])
Face([602, 188, 625, 36])
Face([1049, 1097, 172, 124])
Face([596, 176, 478, 148])
Face([998, 18, 1068, 819])
Face([730, 195, 110, 235])
Face([919, 11, 781, 279])
Face([1057, 13, 757, 446])
Face([685, 678, 11, 165])
Face([1052, 144, 402, 493, 66, 505])
Face([992, 1140, 427, 869])
Face([647, 41, 180, 68, 452, 490])
Face([937, 854, 700, 623, 637, 798])
Face([804, 638, 122, 601, 573, 312, 128, 183])
Face([1127, 649, 371, 746])
Face([1136, 537, 539, 398])
Face([934, 613, 725, 294])
Face([793, 364, 175, 438])
Face([764, 606, 327, 7, 903, 119])
Face([857, 873, 203, 189])
Face([955, 275, 256, 140])
Face([734, 611, 720, 830])
Face([819, 945, 521, 270])
Face([667, 442, 140, 126])
Face([520, 8, 746, 1127])
Face([793, 1033, 439, 110, 235, 364])
Face([802, 558, 531, 823])
Face([1098, 282, 7, 327, 870, 898, 1079, 1135])
Face([925, 842, 647, 490])
Face([840, 553, 563, 72, 372, 275, 256, 1114])
Face([699, 1134, 301, 351, 438, 175])
Face([911, 757, 446, 799])
Face([1031, 217, 616, 285])
Face([1029, 593, 46, 130])
Face([574, 181, 193, 580])
Face([1125, 636, 374, 719])
Face([1095, 650, 992, 869, 585, 1150])
Face([908, 37, 391, 157])
Face([1059, 1105, 143, 922])
Face([780, 239, 251, 447])
Face([1110, 101, 113, 780, 559, 866, 354, 735])
Face([1087, 557, 1145, 197])
Face([898, 852, 436, 390])
Face([840, 1114, 772, 775, 538, 843])
Face([709, 726, 391, 981])
Face([811, 1136, 398, 53])
Face([959, 547, 296, 747])
Face([518, 965, 406, 469])
Face([1030, 732, 443, 741])
Face([459, 242, 434, 204])
Face([384, 490, 452, 566])
Face([556, 172, 124, 445])
Face([929, 817, 153, 785])
Face([692, 677, 229, 592, 651, 397])
Face([1078, 576, 717, 655])
Face([668, 186, 626, 782])
Face([739, 752, 443, 120])
Face([961, 722, 200, 796])
Face([963, 442, 667, 29])
Face([989, 560, 608, 788])
Face([848, 208, 141, 755])
Face([869, 427, 745, 293, 401, 263])
Face([915, 193, 580, 412])
Face([856, 937, 798, 441, 194, 307, 67, 511])
Face([1011, 1145, 197, 464, 700, 381])
Face([1059, 1070, 1143, 932, 207, 201, 536, 769])
Face([851, 866, 429, 420])
Face([777, 996, 159, 845])
Face([857, 676, 894, 189])
Face([947, 194, 307, 732])
Face([1034, 980, 895, 717])
Face([1108, 835, 363, 44, 352, 723])
Face([883, 1025, 280, 837])
Face([639, 216, 289, 335])
Face([1039, 267, 97, 52])
Face([166, 697, 276, 61])
Face([1065, 96, 539, 537])
Face([1022, 792, 121, 410])
Face([888, 330, 560, 254])
Face([777, 169, 407, 192, 473, 845])
Face([993, 952, 795, 1086])
Face([856, 770, 1060, 511])
Face([989, 560, 254, 270, 819, 998])
Face([565, 704, 47, 219])
Face([832, 131, 470, 433, 430, 287, 300, 447])
Face([932, 693, 271, 862])
Face([572, 373, 684, 134])
Face([932, 693, 249, 207])
Face([854, 562, 1101, 705, 106, 340])
Face([622, 305, 612, 292])
Face([1058, 643, 536, 245])
Face([1037, 969, 461, 1147])
Face([968, 27, 192, 407])
Face([546, 365, 284, 415, 50, 498, 91, 679])
Face([786, 611, 720, 879])
Face([1043, 225, 213, 228])
Face([849, 500, 400, 291, 361, 670])
Face([828, 776, 356, 1078])
Face([1139, 17, 186, 626, 63, 503])
Face([1068, 426, 343, 18])
Face([518, 553, 563, 1128, 487, 469])
Face([992, 869, 263, 166, 1, 948, 360, 629])
Face([694, 104, 481, 118])
Face([1015, 211, 191, 18, 1068, 158])
Face([875, 930, 763, 253, 78, 970])
Face([960, 217, 616, 635])
Face([934, 613, 1033, 793, 438, 351, 972, 876])
Face([1082, 657, 94, 195])
Face([1123, 784, 624, 1005])
Face([1146, 568, 25, 163])
Face([1096, 426, 348, 206, 607, 460, 641, 86])
Face([709, 627, 156, 214])
Face([573, 312, 196, 435])
Face([1051, 617, 540, 515])
Face([1062, 250, 753, 774])
Face([586, 386, 958, 86])
Face([559, 780, 447, 300])
Face([865, 880, 458, 827])
Face([994, 664, 654, 118, 481, 609])
Face([1067, 323, 985, 878, 893, 654])
Face([967, 120, 658, 423])
Face([1017, 108, 122, 638])
Face([726, 491, 157, 391])
Face([1041, 1122, 32, 347, 926, 519, 1075, 1131])
Face([1042, 762, 728, 1087])
Face([772, 333, 29, 667, 126, 262])
Face([340, 106, 107, 453])
Face([972, 552, 913, 555])
Face([1128, 50, 498, 628, 243, 127])
Face([515, 540, 155, 507])
Face([1079, 898, 390, 451])
Face([809, 595, 402, 493])
Face([836, 297, 692, 397])
Face([856, 937, 854, 562])
Face([1129, 908, 943, 957])
Face([891, 653, 624, 174])
Face([941, 62, 849, 670])
Face([621, 963, 442, 142])
Face([707, 186, 668, 78, 219, 565])
Face([1094, 586, 102, 945, 521, 225, 691, 215])
Face([927, 718, 155, 182])
Face([893, 906, 664, 654])
Face([995, 715, 617, 540, 155, 182])
Face([951, 204, 459, 199])
Face([660, 671, 81, 73])
Face([927, 418, 411, 302, 168, 182])
Face([798, 154, 680, 637])
Face([598, 437, 213, 225, 691, 246])
Face([920, 332, 583, 198])
Face([1002, 185, 671, 81, 230, 499])
Face([904, 1031, 217, 504, 1053, 736, 748, 278])
Face([1108, 252, 222, 723])
Face([750, 768, 264, 252])
Face([854, 700, 381, 340])
Face([1047, 74, 974, 590, 663, 703])
Face([1049, 1097, 82, 690, 522, 853])
Face([582, 501, 237, 242, 459, 199])
Face([884, 450, 373, 588])
Face([959, 48, 40, 689, 542, 547])
Face([1011, 349, 1050, 381])
Face([1122, 32, 220, 151])
Face([688, 40, 48, 358])
Face([785, 69, 439, 110])
Face([912, 185, 1002, 529, 1141, 117, 428, 583])
Face([1137, 50, 498, 39])
Face([949, 331, 987, 20, 330, 888, 213, 437])
Face([917, 986, 590, 663])
Face([986, 306, 269, 652])
Face([743, 411, 418, 396])
Face([999, 436, 390, 451, 30, 886])
Face([656, 64, 282, 509])
Face([685, 1061, 150, 111])
Face([1037, 969, 156, 627, 419, 90, 99, 813])
Face([467, 57, 103, 76])
Face([939, 828, 776, 846, 1065, 537, 530, 1151])
Face([524, 376, 212, 313])
Face([812, 368, 618, 517, 222, 723])
Face([1124, 288, 39, 807])
Face([947, 1120, 382, 468])
Face([919, 745, 293, 983])
Face([842, 727, 70, 467, 57, 46, 41, 647])
Face([1059, 769, 240, 922])
Face([846, 1065, 96, 761, 450, 884])
Face([1114, 256, 140, 442, 963, 357])
Face([800, 353, 696, 417])
Face([1150, 724, 295, 727, 842, 925])
Face([943, 706, 1058, 910, 806, 671, 81, 957])
Face([1098, 98, 278, 751])
Face([686, 416, 19, 21])
Face([780, 113, 312, 573, 832, 447])
Face([733, 91, 498, 628])
Face([1118, 576, 1078, 828, 939, 516])
Face([743, 457, 507, 155, 718, 396])
Face([897, 928, 103, 76, 146, 1149])
Face([1035, 398, 1136, 730, 195, 94])
Face([796, 200, 978, 42])
Face([621, 234, 508, 480, 29, 963])
Face([860, 112, 130, 46, 57, 103])
Face([801, 811, 53, 1088, 359, 84])
Face([630, 874, 191, 211])
Face([838, 1146, 568, 1072, 670, 941])
Face([177, 35, 311, 1054])
Face([1046, 920, 570, 238, 248, 979, 144, 1052])
Face([956, 1073, 132, 341])
Face([851, 866, 559, 300, 287, 1100])
Face([792, 121, 23, 479])
Face([1085, 753, 774, 738])
Face([1079, 898, 852, 1006, 926, 347])
Face([1131, 344, 1138, 392])
Face([872, 1024, 807, 1124])
Face([513, 1072, 670, 849])
Face([921, 1130, 601, 131])
Face([1034, 938, 516, 1118])
Face([892, 13, 10, 495])
Face([1037, 675, 404, 813])
Face([947, 1120, 455, 194])
Face([1019, 54, 463, 230, 863, 1055])
Face([672, 227, 548, 380])
Face([887, 594, 602, 121, 410, 338, 319, 12])
Face([1133, 240, 360, 948])
Face([540, 760, 216, 289, 725, 294, 718, 155])
Face([430, 433, 467, 70])
Face([719, 149, 954, 374])
Face([1049, 1097, 187, 14])
Face([887, 739, 752, 987, 20, 12])
Face([976, 378, 10, 982])
Face([520, 8, 339, 56])
Face([637, 680, 1050, 623])
Face([976, 1123, 784, 982])
Face([961, 626, 63, 1111])
Face([868, 850, 818, 876])
Face([921, 434, 204, 1130])
Face([1141, 474, 781, 279])
Face([836, 1132, 597, 382, 468, 397])
Face([1041, 136, 85, 1122])
Face([1093, 209, 691, 246])
Face([755, 833, 664, 994])
Face([966, 135, 454, 581])
Face([734, 321, 409, 830])
Face([870, 791, 606, 327])
Face([949, 331, 737, 966])
Face([1059, 1105, 766, 1070])
Face([603, 422, 606, 327])
Face([646, 342, 126, 262])
Face([689, 40, 316, 492])
Face([799, 605, 283, 446])
Face([1086, 673, 983, 165])
Face([513, 1072, 568, 25])
Face([877, 1094, 80, 551])
Face([1074, 257, 829, 286])
Face([914, 923, 744, 1092])
Face([744, 22, 261, 615])
Face([902, 460, 607, 695])
Face([821, 393, 295, 727])
Face([961, 796, 42, 1008, 260, 1111])
Face([839, 618, 517, 1001, 420, 58, 393, 43])
Face([620, 284, 415, 406])
Face([692, 297, 631, 677])
Face([180, 41, 46, 130])
Face([602, 121, 23, 36])
Face([871, 960, 217, 504])
Face([915, 193, 1104, 747, 1018, 462, 344, 924])
Face([563, 72, 1040, 288, 39, 1137])
Face([1022, 1096, 102, 410])
Face([967, 120, 443, 741, 483, 33])
Face([548, 552, 913, 380])
Face([164, 789, 28, 375])
Face([1003, 545, 707, 565])
Face([1022, 1096, 86, 958, 479, 792])
Face([129, 68, 452, 566])
Face([1144, 405, 1110, 847])
Face([574, 244, 255, 580])
Face([1150, 585, 395, 417, 696, 452, 490, 925])
Face([1147, 710, 779, 681, 6, 617, 715, 461])
Face([969, 298, 223, 461])
Face([827, 250, 440, 466])
Face([943, 1, 37, 908])
Face([851, 420, 1001, 336, 646, 342])
Face([931, 706, 943, 908, 157, 491])
Face([1104, 48, 358, 255, 580, 193])
Face([535, 608, 421, 1003])
Face([935, 842, 647, 448, 411, 743])
Face([1146, 163, 147, 365, 546, 93])
Face([1099, 135, 1060, 885])
Face([873, 203, 644, 16, 838, 1102])
Face([841, 682, 512, 399])
Face([1125, 214, 709, 981, 149, 719])
Face([1023, 58, 393, 821])
Face([182, 168, 507, 155])
Face([1052, 144, 767, 579])
Face([1010, 633, 99, 90])
Face([874, 191, 18, 343])
Face([1030, 741, 483, 421, 1003, 565, 219, 79])
Face([1061, 150, 1139, 503])
Face([1000, 328, 216, 639])
Face([686, 21, 385, 22, 261, 701])
Face([1051, 515, 507, 168, 990, 1069])
Face([1032, 300, 559, 310])
Face([870, 356, 1078, 655, 603, 327])
Face([1118, 576, 690, 82])
Face([1086, 673, 529, 795])
Face([1141, 117, 408, 279])
Face([914, 1017, 638, 923])
Face([882, 890, 528, 1117, 773, 756])
Face([1006, 1056, 519, 926])
Face([813, 713, 721, 99])
Face([1085, 577, 589, 738])
Face([979, 1113, 918, 933])
Face([1073, 132, 109, 465, 187, 14])
Face([1097, 82, 465, 187])
Face([1112, 368, 618, 604])
Face([993, 952, 614, 444])
Face([980, 320, 315, 895])
Face([1029, 593, 394, 387])
Face([984, 577, 589, 77, 248, 238])
Face([1076, 820, 482, 375])
Face([532, 587, 787, 1071])
Face([846, 1065, 599, 334])
Face([887, 594, 177, 1054, 423, 967])
Face([801, 699, 1134, 84])
Face([1087, 728, 464, 197])
Face([813, 99, 633, 1089, 273, 404])
Face([837, 280, 621, 234])
Face([872, 1124, 192, 407])
Face([976, 377, 942, 1123])
Face([1091, 314, 1053, 247])
Face([1011, 1145, 557, 349])
Face([1020, 139, 424, 615])
Face([869, 585, 395, 263])
Face([1130, 601, 573, 435, 459, 204])
Face([546, 93, 218, 679])
Face([889, 634, 916, 404, 675, 190])
Face([944, 488, 609, 231, 267, 97])
Face([778, 506, 401, 293])
Face([1151, 817, 153, 45])
Face([1062, 458, 880, 589, 738, 774])
Face([870, 356, 776, 791])
Face([940, 221, 545, 269])
Face([906, 664, 833, 502, 444, 614])
Face([769, 240, 360, 105])
Face([998, 819, 945, 338])
Face([122, 108, 388, 31])
Face([1121, 65, 4, 382, 1120, 455])
Face([913, 555, 339, 478])
Face([989, 788, 133, 33, 12, 319])
Face([844, 1144, 847, 523])
Face([302, 384, 448, 411])
Face([814, 662, 353, 711])
Face([1133, 948, 1, 37, 391, 726])
Face([756, 228, 1043, 773])
Face([465, 320, 315, 109])
Face([610, 317, 997, 38])
Face([811, 152, 210, 53])
Face([666, 0, 226, 749])
Face([737, 331, 95, 67])
Face([859, 304, 125, 337])
Face([1052, 505, 731, 579])
Face([840, 553, 362, 810, 97, 52])
Face([1057, 370, 892, 13])
Face([928, 160, 860, 103])
Face([944, 1142, 797, 829, 286, 414])
Face([1024, 807, 39, 498, 91, 119])
Face([758, 228, 213, 437])
Face([709, 627, 485, 981])
Face([872, 764, 606, 791, 884, 450, 169, 407])
Face([561, 594, 177, 35])
Face([1068, 426, 348, 158])
Face([914, 449, 527, 173, 714, 923])
Face([542, 689, 492, 277])
Face([644, 656, 509, 16])
Face([1106, 3, 28, 532])
Face([659, 435, 196, 805, 239, 251])
Face([1069, 715, 995, 990])
Face([882, 387, 2, 756])
Face([1044, 145, 753, 1085])
Face([1020, 322, 24, 139])
Face([548, 227, 237, 501])
Face([731, 505, 489, 471, 75, 87])
Face([834, 848, 205, 722])
Face([1026, 257, 829, 456, 891, 653])
Face([546, 644, 16, 93])
Face([792, 605, 666, 479])
Face([543, 1089, 273, 683])
Face([914, 1017, 544, 449])
Face([608, 788, 133, 421])
Face([520, 56, 148, 596, 649, 1127])
Face([1038, 480, 508, 88])
Face([1126, 768, 750, 517, 1001, 619])
Face([469, 75, 87, 487])
Face([931, 1133, 240, 769, 536, 245])
Face([553, 362, 1137, 563])
Face([578, 684, 373, 450, 169, 325])
Face([1126, 768, 264, 472])
Face([1039, 52, 357, 333, 742, 510])
Face([761, 96, 665, 572])
Face([846, 776, 356, 852, 436, 334])
Face([1123, 1005, 1074, 567, 481, 118, 783, 942])
Face([989, 560, 330, 319])
Face([977, 460, 641, 167])
Face([968, 27, 241, 159, 996, 325])
Face([219, 78, 253, 79])
Face([1025, 280, 621, 142, 1148, 527])
Face([938, 787, 1071, 153, 817, 516])
Face([986, 306, 796, 200, 1027, 590])
Face([921, 434, 997, 38, 394, 593, 59, 909])
Face([1018, 702, 1089, 543, 324, 462])
Face([1022, 1096, 426, 343])
Face([974, 74, 1054, 423])
Face([430, 346, 233, 70])
Face([1079, 347, 30, 451])
Face([803, 105, 360, 629])
Face([764, 733, 422, 606])
Face([921, 131, 470, 909])
Face([1034, 717, 576, 1118])
Face([1051, 617, 715, 1069])
Face([1131, 344, 462, 259, 425, 1075])
Face([304, 233, 346, 125])
Face([1081, 1000, 639, 712])
Face([1145, 305, 622, 830, 734, 557])
Face([764, 733, 91, 119])
Face([886, 179, 383, 958, 479, 666, 0, 30])
Face([865, 880, 249, 207, 201, 5])
Face([816, 160, 221, 535])
Face([973, 905, 1115, 649, 1127, 675, 404, 273])
Face([318, 148, 56, 1119])
Face([905, 1115, 350, 115])
Face([1142, 280, 837, 260, 841, 399])
Face([964, 1108, 723, 812])
Face([746, 8, 339, 478, 176, 371])
Face([881, 1035, 398, 539])
Face([960, 635, 181, 574])
Face([893, 694, 118, 654])
Face([957, 81, 230, 463])
Face([1117, 610, 317, 501, 548, 380])
Face([887, 12, 33, 967])
Face([934, 1036, 936, 303, 71, 613])
Face([1092, 385, 21, 19])
Face([1105, 1080, 604, 750, 768, 1014, 328, 766])
Face([171, 1040, 243, 1016, 89, 687])
Face([747, 1104, 316, 492, 277, 296])
Face([1087, 728, 623, 1050, 349, 557])
Face([716, 800, 61, 276])
Face([550, 759, 699, 175])
Face([625, 188, 177, 35, 244, 255])
Face([704, 112, 860, 309])
Face([312, 128, 101, 113])
Face([885, 1060, 770, 1101, 277, 542])
Face([1014, 768, 264, 369, 789, 164])
Face([593, 59, 57, 46])
Face([895, 315, 109, 690, 576, 717])
Face([711, 355, 719, 149])
Face([301, 318, 1119, 351])
Face([1098, 1135, 379, 751])
Face([1129, 957, 463, 54])
Face([846, 776, 791, 884])
Face([683, 273, 404, 916])
Face([871, 762, 677, 229])
Face([1009, 1064, 367, 332, 824, 403, 879, 676])
Face([888, 213, 228, 756, 2, 254])
Face([709, 627, 419, 266, 491, 726])
Face([644, 656, 1109, 329, 272, 265, 189, 203])
Face([1042, 762, 677, 631, 1091, 247])
Face([517, 222, 252, 750])
Face([1009, 620, 284, 1021])
Face([513, 1072, 315, 320, 138, 274])
Face([649, 371, 176, 596])
Face([1130, 601, 122, 31])
Face([782, 432, 208, 475])
Face([220, 32, 347, 30, 0, 226])
Face([949, 1099, 885, 554, 95, 331])
Face([1067, 1091, 314, 377, 942, 783])
Face([603, 218, 7, 327])
Face([991, 101, 1110, 405])
Face([689, 40, 688, 561, 739, 752, 95, 554])
Face([822, 304, 859, 591])
Face([1042, 504, 1053, 247])
Face([891, 968, 27, 456])
Face([923, 714, 804, 638])
Face([1038, 480, 29, 333, 742, 781, 11, 678])
Face([875, 930, 281, 1103])
Face([939, 516, 817, 1151])
Face([979, 248, 77, 1113])
Face([1047, 74, 313, 549])
Face([964, 1112, 803, 105, 643, 1084, 198, 645])
Face([949, 1099, 135, 966])
Face([973, 905, 115, 547, 296, 702])
Face([1117, 380, 913, 478, 176, 209, 1043, 773])
Face([1062, 458, 827, 250])
Face([550, 137, 1119, 318, 326, 759])
Face([959, 547, 115, 1007])
Face([666, 749, 625, 36, 23, 479])
Face([931, 491, 726, 1133])
Face([864, 1018, 462, 259])
Face([930, 281, 662, 353, 800, 716])
Face([195, 94, 805, 239, 303, 71, 439, 110])
Face([1102, 838, 1146, 163])
Face([976, 377, 736, 748, 988, 982])
Face([1111, 260, 837, 234, 508, 88, 503, 63])
Face([999, 436, 852, 1006])
Face([851, 1100, 346, 125, 114, 667, 126, 342])
Face([983, 673, 499, 230, 463, 697, 401, 293])
Face([591, 88, 508, 494, 337, 859])
Face([871, 960, 635, 464, 728, 762])
Face([290, 831, 303, 71])
Face([1121, 65, 484, 441])
Face([914, 449, 883, 1008, 42, 564, 19, 1092])
Face([944, 488, 567, 414])
Face([526, 569, 92, 403])
Face([840, 1114, 357, 52])
Face([1004, 226, 220, 379])
Face([962, 822, 591, 1139, 150, 111])
Face([646, 661, 354, 342])
Face([521, 888, 254, 270])
Face([1113, 274, 513, 849, 500, 738, 589, 77])
Face([936, 303, 831, 55])
Face([823, 889, 190, 520, 56, 1119, 137, 445])
Face([222, 336, 345, 472, 264, 252])
Face([1132, 597, 525, 486])
Face([525, 486, 833, 502])
Face([520, 190, 675, 1127])
Face([1067, 1091, 247, 323])
Face([896, 680, 1050, 349, 321, 569, 660, 73])
Face([907, 142, 442, 667, 114, 494])
Face([944, 97, 810, 414])
Face([816, 112, 704, 565, 1003, 535])
Face([970, 78, 219, 47])
Face([1042, 1087, 557, 734, 611, 985, 323, 247])
Face([541, 779, 710, 476])
Face([855, 258, 549, 378])
Face([939, 825, 184, 828])
Face([1061, 432, 63, 503])
Face([513, 25, 815, 274])
Face([912, 824, 332, 583])
Face([928, 59, 57, 103])
Face([1015, 1045, 348, 158])
Face([991, 657, 1082, 45, 413, 89, 687, 405])
Face([1026, 257, 512, 682, 978, 497, 258, 855])
Face([1108, 835, 489, 505, 66, 369, 264, 252])
Face([1115, 170, 596, 649])
Face([929, 235, 364, 1028])
Face([867, 962, 822, 304, 233, 295, 724, 26])
Face([1095, 43, 393, 821, 935, 1013])
Face([843, 518, 965, 60, 267, 1039])
Face([857, 720, 611, 985, 265, 189])
Face([741, 987, 20, 483])
Face([986, 652, 133, 33, 967, 423, 974, 590])
Face([870, 898, 390, 588, 884, 791])
Face([947, 194, 441, 484, 514, 468])
Face([965, 362, 810, 60])
Face([569, 321, 734, 611, 786, 92])
Face([991, 657, 881, 1012])
Face([1012, 600, 183, 128])
Face([705, 1010, 440, 106])
Face([929, 235, 110, 785])
Face([1074, 257, 512, 399, 488, 567])
Face([966, 737, 534, 946, 281, 662, 814, 581])
Face([1095, 43, 724, 1150])
Face([863, 73, 81, 230])
Face([775, 772, 333, 742])
Face([651, 592, 212, 376])
Face([864, 899, 905, 973])
Face([1032, 310, 831, 55])
Face([834, 841, 682, 978, 200, 722])
Face([767, 595, 232, 815])
Face([1093, 371, 649, 1115, 350, 246])
Face([838, 16, 509, 98, 85, 136, 771, 941])
Face([400, 612, 292, 500])
Face([686, 416, 424, 701])
Face([701, 424, 615, 261])
Face([868, 850, 672, 227])
Face([887, 739, 120, 967])
Face([698, 506, 401, 697, 276, 716])
Face([941, 62, 292, 612, 389, 771])
Face([845, 473, 241, 159])
Face([1120, 253, 78, 668, 782, 475, 597, 382])
Face([761, 777, 169, 450])
Face([383, 641, 86, 958])
Face([875, 930, 716, 698])
Face([727, 70, 233, 295])
Face([942, 329, 272, 783])
Face([1045, 348, 206, 366])
Face([915, 412, 1031, 285])
Face([765, 1090, 575, 179])
Face([969, 298, 636, 156])
Face([1103, 648, 662, 281])
Face([1044, 145, 1011, 349, 321, 409])
Face([1000, 328, 1014, 164])
Face([1036, 936, 55, 161])
Face([608, 560, 330, 20, 483, 421])
Face([1080, 803, 1112, 604])
Face([993, 141, 208, 432, 1061, 685, 165, 1086])
Face([1149, 146, 433, 470])
Face([679, 218, 603, 422, 733, 91])
Face([995, 182, 927, 818, 555, 339, 8, 223])
Face([534, 946, 79, 1030])
Face([816, 160, 860, 112])
Face([1015, 211, 630, 1045])
Face([881, 1035, 94, 657])
Face([583, 428, 363, 471, 367, 332])
Face([917, 416, 19, 564])
Face([910, 1058, 245, 5, 984, 669])
Face([1094, 80, 167, 641, 86, 586])
Face([991, 657, 94, 805, 113, 101])
Face([1023, 821, 727, 70, 430, 287])
Face([812, 408, 352, 723])
Face([695, 152, 210, 366, 206, 607])
Face([846, 884, 588, 334])
Face([944, 488, 399, 1142])
Face([998, 18, 343, 1022, 410, 338])
Face([528, 1117, 610, 38])
Face([201, 238, 248, 207])
Face([759, 224, 977, 326])
Face([749, 625, 255, 580, 412, 151, 220, 226])
Face([1143, 1081, 712, 681])
Face([962, 822, 1038, 678])
Face([1021, 708, 87, 487, 415, 284])
Face([551, 80, 167, 729])
Face([1023, 1032, 300, 287])
Face([797, 512, 257, 829])
Face([679, 218, 7, 903])
Face([1069, 715, 461, 969, 156, 214])
Face([1064, 75, 87, 708])
Face([1036, 936, 251, 659, 242, 237, 227, 868])
Face([1103, 648, 68, 180, 130, 112, 704, 47])
Face([1064, 75, 471, 367])
Face([940, 269, 306, 564, 19, 21])
Face([1005, 624, 653, 1026])
Face([918, 933, 862, 271])
Face([563, 1128, 50, 1137])
Face([963, 29, 333, 357])
Face([659, 832, 573, 435])
Face([956, 341, 392, 1138, 324, 975])
Face([1055, 65, 4, 525, 502, 444, 1107, 863])
Face([1107, 674, 1002, 499])
Face([582, 199, 1088, 359])
Face([534, 307, 732, 1030])
Face([524, 313, 549, 258, 497, 1027])
Face([1086, 795, 474, 781, 11, 165])
Face([534, 737, 331, 987, 741, 1030])
Face([883, 449, 544, 907, 234, 837])
Face([1088, 53, 210, 366])
Face([1143, 681, 779, 541, 693, 932])
Face([146, 433, 467, 76])
Face([885, 554, 511, 1060])
Face([534, 737, 67, 307])
Face([691, 246, 350, 215])
Face([871, 504, 1053, 314, 740, 229])
Face([648, 696, 353, 662])
Face([700, 381, 1050, 623])
Face([947, 1120, 253, 79, 1030, 732])
Face([1139, 17, 178, 150])
Face([909, 59, 57, 467, 433, 470])
Face([807, 299, 286, 414, 810, 362, 1137, 39])
Face([1038, 88, 503, 1061, 685, 678])
Face([494, 114, 480, 508])
Face([985, 265, 272, 323])
Face([1049, 853, 1073, 14])
Face([123, 1016, 89, 413])
Face([741, 987, 752, 443])
Face([926, 347, 30, 886])
Face([1024, 174, 624, 784, 34, 64, 903, 119])
Face([1132, 597, 475, 205])
Face([646, 336, 345, 661])
Face([798, 441, 484, 637])
Face([202, 83, 107, 533])
Face([981, 485, 202, 533, 157, 391])
Face([915, 193, 181, 635, 616, 285])
Face([1080, 803, 629, 950])
Face([937, 453, 154, 798])
Face([524, 376, 651, 658, 423, 974])
Face([826, 162, 1016, 123, 787, 587])
Face([970, 178, 668, 78])
Face([556, 445, 137, 438, 793, 308])
Face([524, 313, 74, 974])
Face([848, 208, 475, 205])
Face([748, 1109, 656, 509, 98, 278])
Face([1045, 348, 426, 343, 874, 630])
Face([1148, 544, 907, 142])
Face([991, 1012, 128, 101])
Face([1081, 1000, 164, 789, 493, 402, 933, 862])
Face([835, 489, 471, 363])
Face([1070, 6, 760, 766])
Face([538, 44, 352, 775])
Face([878, 786, 879, 676, 894, 116])
Face([114, 480, 29, 667])
Face([1049, 124, 550, 759, 224, 1090, 584, 853])
Face([920, 570, 669, 640, 824, 332])
Face([826, 1106, 532, 587])
Face([956, 1073, 14, 531, 634, 916, 683, 975])
Face([840, 843, 1039, 52])
Face([999, 436, 334, 599, 152, 695, 902, 765])
Face([881, 657, 1082, 530, 537, 539])
Face([628, 288, 39, 498])
Face([539, 96, 665, 210, 53, 398])
Face([1096, 102, 586, 86])
Face([792, 121, 602, 188, 283, 605])
Face([1069, 990, 1125, 214])
Face([826, 162, 127, 1128, 487, 87, 731, 790])
Face([814, 581, 454, 954, 149, 711])
Face([981, 149, 711, 353, 800, 61, 37, 391])
Face([1021, 147, 163, 25, 815, 767, 579, 708])
Face([523, 9, 804, 183])
Face([859, 304, 233, 70, 467, 76])
Face([625, 36, 358, 255])
Face([1136, 537, 530, 730])
Face([1004, 226, 749, 283, 446, 757])
Face([990, 995, 223, 298, 636, 1125])
Face([1042, 504, 871, 762])
Face([218, 93, 16, 509, 282, 7])
Face([1037, 675, 190, 1147])
Face([1048, 896, 1055, 1019])
Face([910, 1058, 643, 1084])
Face([907, 234, 621, 142])
Face([1012, 600, 845, 777, 761, 96, 539, 881])
Face([1105, 1080, 950, 143])
Face([1076, 1014, 164, 375])
Face([1046, 489, 471, 367])
Face([910, 1084, 198, 583, 912, 806])
Face([1140, 427, 745, 919, 279, 408, 812, 368])
Face([703, 258, 497, 663])
Face([1051, 617, 6, 1070, 1059, 922])
Face([943, 1, 948, 706])
Face([729, 383, 641, 167])
Face([521, 888, 213, 225])
Face([559, 780, 239, 303, 831, 310])
Face([1075, 425, 477, 519])
Face([938, 825, 939, 516])
Face([944, 97, 52, 357, 963, 621, 280, 1142])
Face([1066, 721, 713, 916, 683, 543])
Face([1083, 1116, 454, 135, 1099, 598])
Face([894, 116, 265, 189])
Face([940, 221, 160, 928, 897, 388, 385, 21])
Face([517, 618, 604, 750])
Face([550, 137, 438, 175])
Face([835, 363, 428, 645])
Face([973, 273, 1089, 702])
Face([793, 1033, 496, 308])
Face([857, 720, 830, 622, 292, 62, 1102, 873])
Face([736, 329, 272, 323, 247, 1053])
Face([1034, 938, 825, 184, 655, 717])
Face([561, 35, 311, 658, 120, 739])
Face([878, 116, 694, 893])
Face([848, 755, 833, 486, 1132, 205])
Face([1057, 370, 1063, 431, 799, 446])
Face([196, 312, 113, 805])
Face([592, 212, 313, 74, 1054, 311])
Face([1145, 305, 612, 389, 571, 285, 616, 197])
Face([940, 971, 686, 21])
Face([529, 673, 499, 1002])
Face([777, 169, 325, 996])
Face([518, 553, 362, 965])
Face([1103, 281, 946, 79, 219, 47])
Face([921, 434, 242, 659, 832, 131])
Face([865, 577, 984, 5])
Face([749, 625, 188, 283])
Face([987, 752, 95, 331])
Face([705, 1010, 90, 419, 202, 83])
Face([1051, 922, 240, 1133, 726, 709, 214, 1069])
Face([919, 745, 867, 962, 678, 11])
Face([126, 140, 256, 262])
Face([1010, 440, 466, 90])
Face([844, 473, 241, 173, 9, 523])
Face([761, 777, 996, 632, 134, 572])
Face([1092, 744, 615, 424, 416, 19])
Face([880, 249, 693, 541, 476, 713, 721, 458])
Face([990, 168, 302, 384, 566, 355, 719, 1125])
Face([1048, 896, 680, 154])
Face([1007, 899, 551, 877])
Face([607, 84, 359, 206])
Face([1098, 282, 509, 98])
Face([1017, 544, 907, 494, 337, 146, 1149, 108])
Face([806, 912, 824, 640])
Face([478, 339, 56, 148])
Face([554, 511, 67, 95])
Face([1015, 158, 808, 951])
Face([952, 794, 231, 267, 1039, 510, 474, 795])
Face([890, 528, 672, 850, 418, 411, 448, 642])
Face([843, 538, 44, 363, 471, 75, 469, 518])
Face([992, 1140, 368, 1112, 803, 629])
Face([337, 125, 114, 494])
Face([1071, 787, 123, 413])
Face([1120, 253, 763, 455])
Face([1041, 1131, 344, 924])
Face([820, 289, 725, 290])
Face([698, 417, 395, 506])
Face([1041, 136, 771, 361, 392, 1131])
Face([591, 859, 76, 103, 860, 309, 17, 1139])
Face([802, 268, 49, 558])
Face([1023, 58, 1100, 287])
Face([856, 562, 1101, 770])
Face([782, 432, 63, 626])
Face([1121, 441, 194, 455])
Face([847, 523, 183, 128, 101, 1110])
Face([953, 892, 13, 757, 911, 236])
Face([690, 82, 465, 109])
Face([876, 818, 555, 972])
Face([867, 745, 427, 26])
Face([949, 437, 758, 901, 581, 966])
Face([863, 1107, 499, 230])
Face([655, 184, 422, 603])
Face([756, 2, 15, 773])
Face([878, 985, 611, 786])
Face([1060, 135, 454, 954, 485, 202, 83, 770])
Face([955, 275, 900, 735])
Face([826, 587, 809, 790])
Face([1028, 172, 556, 308])
Face([952, 795, 529, 1002, 674, 614])
Face([904, 1031, 412, 151])
Face([1104, 48, 40, 316])
Face([406, 469, 487, 415])
Face([847, 523, 9, 1148, 142, 442, 140, 955])
Face([917, 564, 42, 978, 497, 663])
Face([867, 26, 585, 395, 506, 778])
Face([961, 722, 834, 1111])
Face([945, 521, 888, 330, 319, 338])
Face([864, 1018, 702, 973])
Face([956, 425, 259, 975])
Face([1077, 180, 41, 642])
Face([1102, 838, 941, 62])
Face([202, 419, 266, 533])
Face([1067, 1091, 631, 297, 486, 833, 664, 654])
Face([1012, 128, 312, 196, 1035, 881])
Face([790, 731, 505, 66])
Face([746, 8, 223, 298])
Face([557, 349, 321, 734])
Face([1082, 195, 110, 785, 153, 45])
Face([980, 232, 815, 25, 568, 895])
Face([961, 722, 205, 475, 782, 626])
Face([658, 311, 1054, 423])
Face([434, 242, 237, 997])
Face([877, 386, 586, 1094])
Face([953, 892, 370, 1063])
Face([1023, 1032, 55, 161, 396, 743, 935, 821])
Face([546, 365, 203, 644])
Face([668, 178, 17, 186])
Face([171, 372, 51, 687])
Face([1083, 1116, 374, 636, 298, 746, 371, 1093])
Face([935, 842, 727, 821])
Face([1092, 744, 22, 385])
Face([698, 417, 800, 716])
Face([767, 579, 731, 790, 809, 595])
Face([1083, 1093, 209, 1043, 228, 758])
Face([869, 585, 26, 427])
Face([1142, 797, 512, 399])
Face([840, 553, 518, 843])
Face([877, 386, 958, 383, 729, 551])
Face([542, 547, 296, 277])
Face([659, 242, 459, 435])
Face([1066, 633, 1089, 543])
Face([993, 444, 1107, 499, 673, 1086])
Face([1040, 72, 127, 243])
Face([844, 473, 845, 600])
Face([1026, 653, 495, 855])
Face([707, 186, 17, 309])
Face([968, 325, 169, 407])
Face([1114, 256, 262, 772])
Face([530, 730, 195, 1082])
Face([517, 1001, 336, 222])
Face([872, 1024, 174, 891, 968, 407])
Face([1062, 250, 440, 1010, 633, 1066])
Face([1089, 633, 1010, 705, 1101, 277, 296, 702])
Face([917, 986, 306, 564])
Face([117, 408, 352, 44])
Face([1034, 980, 320, 465, 82, 1118])
Face([847, 955, 735, 1110])
Face([979, 144, 767, 815, 274, 1113])
Face([958, 386, 23, 479])
Face([802, 556, 308, 496, 335, 639, 712, 268])
Face([1076, 820, 290, 831, 310, 429, 619, 1126])
Face([975, 683, 543, 324])
Face([802, 556, 445, 823])
Face([953, 578, 325, 968, 891, 653, 495, 892])
Face([759, 699, 1134, 326])
Face([1109, 656, 64, 34])
Face([953, 236, 431, 1063])
Face([999, 765, 1090, 584, 1056, 1006])
Face([858, 451, 390, 588, 373, 684, 236, 911])
Face([875, 698, 417, 696, 648, 1103])
Face([943, 1, 166, 697, 463, 957])
Face([1067, 654, 118, 783])
Face([1008, 682, 841, 260])
Face([894, 620, 284, 365, 203, 189])
Face([941, 771, 361, 670])
Face([1027, 200, 978, 497])
Face([765, 1090, 224, 902])
Face([1033, 496, 335, 289, 725, 613])
Face([1048, 1129, 54, 1019])
Face([806, 640, 526, 569, 660, 671])
Face([561, 688, 358, 36, 602, 594])
Face([1065, 96, 665, 599])
Face([947, 732, 443, 120, 658, 651, 397, 468])
Face([771, 361, 291, 389])
Face([1063, 139, 24, 431])
Face([1048, 154, 798, 441, 1121, 1019])
Face([117, 428, 363, 44])
Face([533, 266, 466, 440, 106, 107])
Face([525, 4, 382, 597])
Face([1003, 545, 269, 652, 133, 421])
Face([893, 906, 794, 231, 104, 694])
Face([882, 890, 394, 387])
Face([858, 0, 666, 605, 799, 911])
Face([1056, 584, 853, 522])
Face([1144, 171, 372, 275, 955, 847])
Face([961, 626, 186, 707, 545, 269, 306, 796])
Face([904, 1031, 285, 571, 136, 85])
Face([1075, 425, 956, 341])
Face([1011, 145, 753, 250, 440, 106, 340, 381])
Face([922, 240, 360, 629, 950, 143])
Face([1077, 129, 68, 180])
Face([931, 706, 948, 1133])
Face([867, 745, 293, 778])
Face([1101, 705, 83, 770])
Face([760, 216, 328, 766])
Face([666, 749, 283, 605])
Face([861, 129, 68, 648, 662, 814])
Face([536, 769, 105, 643])
Face([628, 288, 1040, 243])
Face([1102, 163, 25, 513, 849, 62])
Face([401, 506, 395, 263])
Face([959, 1007, 899, 864, 1018, 747])
Face([843, 538, 510, 1039])
Face([1070, 1143, 681, 6])
Face([915, 924, 571, 285])
Face([981, 485, 954, 149])
Face([1046, 1052, 579, 708, 1064, 367])
Face([1094, 80, 170, 215])
Face([836, 297, 486, 1132])
Face([897, 388, 108, 1149])
Face([711, 353, 696, 452, 566, 355])
Face([822, 1038, 88, 591])
Face([1056, 584, 477, 519])
Face([934, 1036, 161, 294])
Face([648, 696, 452, 68])
Face([528, 672, 380, 1117])
Face([956, 1073, 853, 584, 477, 425])
Face([1084, 570, 238, 201, 536, 643])
Face([866, 354, 661, 345, 619, 429])
Face([1126, 472, 345, 619])
Face([866, 429, 310, 559])
Face([1059, 1105, 1080, 803, 105, 769])
Face([774, 400, 500, 738])
Face([1028, 364, 793, 308])
Face([1075, 341, 132, 522, 1056, 519])
Face([907, 234, 508, 494])
Face([1151, 530, 1082, 45])
Face([855, 258, 703, 370, 892, 495])
Face([1013, 457, 302, 384, 490, 925])
Face([984, 5, 201, 238])
Face([535, 1003, 545, 221])
Face([302, 457, 507, 168])
Face([989, 788, 971, 686, 701, 191, 18, 998])
Face([890, 642, 41, 46, 593, 394])
Face([627, 419, 202, 485])
Face([540, 760, 6, 617])
Face([1096, 426, 1068, 819, 945, 102])
Face([994, 609, 231, 794])
Face([1118, 516, 817, 929, 1028, 172, 1097, 82])
Face([1044, 409, 830, 622])
Face([642, 448, 647, 41])
Face([964, 1108, 835, 645])
Face([529, 795, 474, 1141])
Face([1115, 170, 215, 350])
Face([545, 221, 160, 860, 309, 707])
Face([883, 1008, 682, 512, 797, 1025])
Face([1147, 710, 889, 190])
Face([632, 578, 684, 134])
Face([906, 664, 994, 794])
Face([514, 692, 297, 486, 525, 4])
Face([872, 1024, 119, 764])
Face([1046, 920, 332, 367])
Face([824, 403, 526, 640])
Face([1047, 1057, 13, 10, 378, 549])
Face([1062, 1066, 543, 324, 1138, 291, 400, 774])
Face([1150, 585, 26, 724])
Face([541, 49, 271, 693])
Face([1080, 604, 618, 839, 650, 950])
Face([1005, 624, 174, 299, 286, 1074])
Face([992, 629, 950, 650])
Face([800, 417, 395, 263, 166, 61])
Face([1097, 187, 558, 802, 556, 172])
Face([1138, 344, 462, 324])
Face([864, 259, 425, 477, 575, 729, 551, 899])
Face([613, 725, 290, 71])
Face([857, 720, 879, 676])
Face([883, 1025, 527, 449])
Face([1019, 1121, 455, 763, 930, 716, 276, 54])
Face([822, 304, 125, 114, 480, 1038])
Face([929, 817, 1151, 530, 730, 235])
Face([801, 84, 607, 695])
Face([1149, 108, 122, 601, 131, 470])
Face([775, 352, 408, 279, 781, 742])
Face([610, 38, 394, 387, 2, 15])
Face([1134, 84, 607, 460, 977, 326])
Face([660, 100, 185, 671])
Face([859, 337, 146, 76])
Face([924, 344, 1138, 291, 389, 571])
Face([1048, 896, 73, 81, 957, 1129])
Face([700, 464, 728, 623])
Face([526, 569, 321, 409])
Face([419, 266, 466, 90])
Face([895, 568, 1146, 93, 218, 603, 655, 717])
Face([990, 168, 182, 995])
Face([910, 669, 640, 806])
Face([936, 251, 239, 303])
Face([931, 491, 266, 466, 827, 865, 5, 245])
Face([1044, 145, 305, 622])
Face([1001, 336, 345, 619])
Face([816, 112, 130, 1029])
Face([868, 227, 548, 552, 972, 876])
Face([1067, 323, 272, 783])
Face([401, 697, 166, 263])
Face([982, 784, 624, 653, 495, 10])
Face([771, 136, 571, 389])
Face([965, 60, 104, 694, 116, 894, 620, 406])
Face([1027, 497, 663, 590])
Face([1083, 1116, 901, 758])
Face([887, 594, 561, 739])
Face([836, 376, 524, 1027, 200, 722, 205, 1132])
Face([900, 275, 372, 51])
Face([851, 866, 354, 342])
Face([572, 665, 599, 334, 588, 373])
Face([754, 89, 1016, 162])
Face([808, 582, 359, 206, 348, 158])
Face([522, 690, 109, 132])
Face([910, 1084, 570, 669])
Face([743, 457, 302, 411])
Face([982, 784, 34, 988])
Face([524, 1027, 590, 974])
Face([1142, 280, 1025, 797])
Face([651, 592, 311, 658])
Face([561, 688, 244, 35])
Face([1076, 820, 289, 216, 328, 1014])
Face([942, 329, 736, 377])
Face([975, 259, 864, 973, 273, 683])
Face([919, 983, 673, 529, 1141, 279])
Face([171, 1040, 72, 372])
Face([1074, 286, 414, 567])
Face([813, 713, 916, 404])
Face([740, 212, 592, 229])
Face([959, 48, 358, 36, 23, 386, 877, 1007])
Face([725, 290, 831, 55, 161, 294])
Face([979, 248, 207, 932, 862, 933])
Face([875, 970, 47, 1103])
Face([514, 4, 65, 484])
Face([820, 289, 335, 482])
Face([1114, 772, 333, 357])
Face([707, 565, 704, 309])
Face([1000, 164, 375, 482, 335, 639])
Face([1032, 300, 447, 251, 936, 55])
Face([918, 138, 320, 465, 187, 558, 49, 271])
Face([783, 272, 265, 116, 694, 118])
Face([959, 48, 1104, 747])
Face([946, 763, 253, 79])
Face([1088, 366, 206, 359])
Face([1046, 489, 505, 1052])
Face([882, 387, 1029, 130, 180, 1077])
Face([569, 660, 100, 92])
Face([1116, 374, 954, 454])
Face([335, 496, 69, 482])
Face([528, 672, 227, 237, 997, 38])
Face([1098, 282, 64, 34, 988, 751])
Face([752, 443, 732, 307, 67, 95])
Face([1009, 1064, 75, 469, 406, 620])
Face([939, 825, 123, 413, 45, 1151])
Face([1024, 174, 299, 807])
Face([982, 10, 13, 757, 1004, 379, 751, 988])
Face([705, 83, 107, 106])
Face([1023, 1032, 310, 429, 420, 58])
Face([826, 1106, 3, 369, 66, 790])
Face([996, 632, 578, 325])
Face([940, 269, 652, 971])
Face([241, 473, 192, 27])
Face([1007, 115, 905, 899])
Face([1073, 132, 522, 853])
Face([1124, 288, 1040, 171, 1144, 844, 473, 192])
Face([166, 1, 37, 61])
Face([917, 416, 424, 139, 1063, 370, 703, 663])
Face([1006, 1056, 522, 690, 576, 1078, 356, 852])
Face([988, 748, 278, 751])
Face([291, 361, 392, 1138])
Face([828, 1078, 655, 184])
Face([801, 699, 759, 224, 902, 695])
Face([594, 602, 188, 177])
Face([972, 555, 339, 56, 1119, 351])
Face([1009, 676, 857, 873, 147, 1021])
Face([861, 129, 566, 355])
Face([596, 170, 80, 167, 977, 326, 318, 148])
Face([1033, 496, 69, 439])
Face([1104, 193, 181, 316])
Face([1131, 1075, 341, 392])
Face([724, 43, 393, 295])
Face([532, 28, 375, 482, 69, 785, 153, 1071])
Face([1061, 432, 782, 668, 178, 150])
Face([536, 201, 5, 245])
Face([993, 444, 502, 141])
Face([858, 0, 30, 451])
Face([532, 587, 809, 493, 789, 28])
Face([790, 809, 493, 66])
Face([1141, 474, 510, 538, 44, 117])
Face([827, 458, 721, 99, 90, 466])
Face([1015, 211, 261, 22, 31, 1130, 204, 951])
Face([960, 217, 1031, 412, 580, 574])
Face([630, 322, 1020, 615, 261, 211])
Face([1013, 925, 842, 935])
Face([1047, 1057, 446, 283, 188, 177, 1054, 74])
Face([775, 352, 723, 222, 336, 646, 262, 772])
Face([953, 578, 684, 236])
Face([856, 562, 492, 689, 554, 511])
Face([548, 552, 301, 1134, 84, 359, 582, 501])
Face([1055, 896, 680, 637, 484, 65])
Face([808, 317, 610, 15, 270, 819, 1068, 158])
Face([1147, 461, 223, 8, 520, 190])
Face([291, 400, 612, 389])
Face([760, 216, 639, 712, 681, 6])
Face([729, 575, 1090, 224, 977, 167])
Face([923, 744, 615, 1020, 632, 996, 159, 714])
Face([829, 456, 299, 286])
Face([1013, 457, 743, 935])
Face([937, 453, 340, 854])
Face([1044, 1085, 738, 500, 292, 622])
Face([780, 113, 805, 239])
Face([552, 913, 478, 148, 318, 301])
Face([1037, 969, 298, 746, 1127, 675])
Face([1022, 792, 605, 799, 431, 24, 874, 343])
Face([849, 500, 292, 62])
Face([586, 386, 23, 121, 410, 102])
Face([609, 481, 104, 231])
Face([1009, 1064, 708, 1021])
Face([951, 808, 317, 997, 434, 204])
Face([1111, 834, 841, 260])
Face([844, 523, 183, 600])
Face([684, 236, 431, 24, 322, 134])
Face([1098, 98, 85, 1122, 32, 1135])
Face([1111, 834, 848, 208, 432, 63])
Face([861, 901, 581, 814])
Face([1113, 274, 138, 918])
Face([904, 278, 751, 379, 220, 151])
Face([851, 420, 58, 1100])
Face([1128, 50, 415, 487])
Face([521, 225, 1043, 773, 15, 270])
Face([631, 740, 229, 677])
Face([911, 236, 431, 799])
Face([567, 488, 609, 481])
Face([632, 1020, 322, 134])
Face([237, 501, 317, 997])
Face([1107, 674, 614, 444])
Face([921, 909, 897, 388, 31, 1130])
Face([688, 244, 255, 358])
Face([992, 650, 839, 1140])
Face([534, 946, 763, 455, 194, 307])
Face([1028, 172, 124, 550, 175, 364])
Face([1143, 1081, 862, 932])
Face([964, 1112, 604, 750, 252, 1108])
Face([647, 448, 384, 490])
Face([483, 33, 12, 20])
Face([538, 510, 742, 775])
Face([858, 0, 226, 1004])
Face([1113, 77, 249, 693, 271, 918])
Face([659, 832, 447, 251])
Face([1011, 1145, 305, 145])
Face([789, 369, 66, 493])
Face([1008, 682, 978, 42])
Face([688, 40, 316, 181, 574, 244])
Face([1091, 314, 740, 631])
Face([810, 97, 267, 60])
Face([945, 338, 410, 102])
Face([988, 34, 1109, 748])
Face([1037, 1147, 710, 476, 713, 813])
Face([1076, 1014, 768, 1126])
Face([934, 876, 818, 927, 718, 294])
Face([563, 1128, 127, 72])
Face([1106, 754, 89, 413, 1071, 532])
Face([430, 433, 146, 337, 125, 346])
Face([949, 1099, 598, 437])
Face([951, 808, 582, 199])
Face([765, 179, 383, 641, 460, 902])
Face([890, 528, 38, 394])
Face([1041, 136, 571, 924])
Face([929, 1028, 308, 496, 69, 785])
Face([880, 249, 77, 589])
Face([714, 173, 241, 159])
Face([1048, 1129, 908, 157, 533, 107, 453, 154])
Face([1047, 1057, 370, 703])
Face([948, 360, 105, 643, 1058, 706])
Face([920, 570, 1084, 198])
Face([828, 776, 791, 606, 422, 184])
Face([697, 276, 54, 463])
Face([1051, 922, 143, 515])
Face([627, 156, 636, 374, 954, 485])
Face([867, 962, 111, 778])
Face([826, 162, 754, 1106])
Face([1018, 747, 296, 702])
Face([1035, 196, 805, 94])
Face([917, 416, 686, 971, 652, 986])
Face([1083, 1093, 246, 598])
Face([966, 737, 67, 511, 1060, 135])
Face([541, 49, 268, 779])
Face([1122, 85, 904, 151])
Face([1135, 379, 1004, 858, 451, 1079])
Face([533, 266, 491, 157])
Face([897, 1149, 470, 909])
Face([1095, 1013, 925, 1150])
Face([832, 131, 601, 573])
Face([754, 89, 687, 51])
Face([999, 886, 926, 1006])
Face([748, 736, 329, 1109])
Face([1043, 209, 691, 225])
Face([976, 378, 855, 1026, 1005, 1123])
Face([818, 850, 672, 380, 913, 555])
Face([806, 912, 185, 671])
Face([1016, 162, 127, 243])
Face([1085, 577, 865, 827, 250, 753])
Face([838, 16, 93, 1146])
Face([931, 706, 1058, 245])
Face([875, 970, 178, 150, 111, 778, 506, 698])
Face([923, 744, 22, 31, 122, 638])
Face([1077, 129, 566, 384, 448, 642])
Face([1134, 301, 318, 326])
Face([562, 492, 277, 1101])
Face([991, 1012, 600, 844, 1144, 405])
Face([567, 481, 104, 60, 810, 414])
Face([718, 396, 161, 294])
Face([231, 104, 60, 267])
Face([1100, 346, 233, 295, 393, 58])
Face([878, 786, 92, 100, 674, 614, 906, 893])
Face([1036, 161, 396, 418, 850, 868])
Face([754, 162, 127, 72, 372, 51])
Face([834, 848, 755, 994, 609, 488, 399, 841])
Face([825, 184, 422, 733, 628, 243, 1016, 123])
Face([527, 449, 544, 1148])
Face([1135, 32, 347, 1079])
Face([679, 91, 119, 903])
Face([938, 825, 123, 787])
Face([870, 898, 852, 356])
Face([588, 334, 436, 390])
Face([1117, 610, 15, 773])
Face([596, 176, 209, 691, 215, 170])
Face([761, 450, 373, 572])
Face([1144, 171, 687, 405])
Face([980, 320, 138, 232])
Face([1025, 797, 829, 456, 27, 241, 173, 527])
Face([564, 306, 796, 42])
Face([972, 552, 301, 351])
Face([856, 937, 453, 107, 83, 770])
Face([1140, 368, 618, 839])
Face([680, 1050, 381, 340, 453, 154])
Face([742, 781, 474, 510])
Face([645, 428, 583, 198])
Face([801, 811, 1136, 730, 235, 364, 175, 699])
Face([767, 144, 402, 595])
Face([735, 354, 661, 900])
Face([1125, 636, 156, 214])
Face([897, 928, 59, 909])
Face([634, 916, 713, 476])
Face([971, 652, 133, 788])
Face([736, 1053, 314, 377])
Face([873, 203, 365, 147])
Face([526, 409, 830, 720, 879, 403])
Face([708, 579, 731, 87])
