[0, 2]
[0, 29]
[0, 70]
[0, 81]
[0, 118]
[0, 122]
[0, 132]
[0, 140]
[1, 19]
[1, 24]
[1, 62]
[1, 88]
[1, 98]
[1, 100]
[1, 115]
[1, 141]
[2, 61]
[2, 71]
[2, 76]
[2, 78]
[2, 81]
[2, 122]
[2, 133]
[3, 26]
[3, 35]
[3, 50]
[3, 55]
[3, 88]
[3, 92]
[3, 93]
[3, 135]
[4, 26]
[4, 35]
[4, 36]
[4, 60]
[4, 84]
[4, 123]
[4, 126]
[4, 127]
[5, 13]
[5, 44]
[5, 67]
[5, 68]
[5, 83]
[5, 132]
[5, 133]
[5, 136]
[6, 20]
[6, 66]
[6, 72]
[6, 87]
[6, 89]
[6, 94]
[6, 111]
[6, 123]
[7, 14]
[7, 31]
[7, 52]
[7, 66]
[7, 73]
[7, 94]
[7, 101]
[7, 119]
[8, 19]
[8, 45]
[8, 46]
[8, 100]
[8, 103]
[8, 105]
[8, 115]
[8, 141]
[9, 15]
[9, 25]
[9, 63]
[9, 73]
[9, 90]
[9, 95]
[9, 101]
[9, 116]
[10, 11]
[10, 16]
[10, 67]
[10, 103]
[10, 106]
[10, 129]
[10, 130]
[10, 141]
[11, 12]
[11, 17]
[11, 18]
[11, 68]
[11, 105]
[11, 130]
[11, 141]
[12, 18]
[12, 43]
[12, 57]
[12, 91]
[12, 96]
[12, 105]
[12, 115]
[13, 45]
[13, 46]
[13, 83]
[13, 103]
[13, 105]
[13, 114]
[13, 136]
[14, 31]
[14, 38]
[14, 43]
[14, 59]
[14, 73]
[14, 95]
[14, 125]
[15, 27]
[15, 45]
[15, 63]
[15, 95]
[15, 100]
[15, 137]
[15, 143]
[16, 17]
[16, 35]
[16, 88]
[16, 93]
[16, 130]
[16, 135]
[16, 141]
[17, 24]
[17, 36]
[17, 57]
[17, 58]
[17, 130]
[17, 141]
[18, 23]
[18, 58]
[18, 61]
[18, 68]
[18, 96]
[18, 134]
[19, 27]
[19, 33]
[19, 100]
[19, 129]
[19, 135]
[19, 141]
[20, 49]
[20, 75]
[20, 97]
[20, 102]
[20, 111]
[20, 123]
[20, 127]
[21, 30]
[21, 54]
[21, 61]
[21, 71]
[21, 78]
[21, 83]
[21, 96]
[21, 133]
[22, 25]
[22, 32]
[22, 72]
[22, 77]
[22, 79]
[22, 82]
[22, 85]
[22, 107]
[23, 30]
[23, 53]
[23, 58]
[23, 61]
[23, 91]
[23, 97]
[23, 111]
[24, 36]
[24, 57]
[24, 75]
[24, 84]
[24, 88]
[24, 98]
[25, 72]
[25, 73]
[25, 79]
[25, 108]
[25, 116]
[25, 119]
[26, 32]
[26, 55]
[26, 60]
[26, 77]
[26, 84]
[26, 92]
[27, 28]
[27, 33]
[27, 45]
[27, 112]
[27, 129]
[27, 143]
[28, 33]
[28, 50]
[28, 51]
[28, 113]
[28, 129]
[28, 131]
[28, 135]
[29, 41]
[29, 48]
[29, 76]
[29, 81]
[29, 122]
[29, 126]
[29, 142]
[30, 31]
[30, 53]
[30, 54]
[30, 91]
[30, 96]
[30, 125]
[31, 53]
[31, 59]
[31, 91]
[31, 94]
[31, 111]
[32, 50]
[32, 55]
[32, 82]
[32, 85]
[32, 92]
[32, 117]
[33, 39]
[33, 55]
[33, 62]
[33, 63]
[33, 135]
[34, 67]
[34, 99]
[34, 103]
[34, 106]
[34, 112]
[34, 113]
[34, 129]
[34, 136]
[35, 36]
[35, 88]
[35, 93]
[35, 126]
[35, 139]
[36, 58]
[36, 75]
[36, 127]
[36, 139]
[37, 47]
[37, 56]
[37, 64]
[37, 99]
[37, 109]
[37, 112]
[37, 113]
[37, 136]
[38, 46]
[38, 90]
[38, 95]
[38, 104]
[38, 114]
[38, 125]
[38, 137]
[39, 51]
[39, 55]
[39, 63]
[39, 79]
[39, 82]
[39, 116]
[39, 143]
[40, 41]
[40, 74]
[40, 81]
[40, 93]
[40, 106]
[40, 130]
[40, 139]
[40, 140]
[41, 92]
[41, 93]
[41, 126]
[41, 131]
[41, 140]
[41, 142]
[42, 72]
[42, 87]
[42, 89]
[42, 94]
[42, 107]
[42, 108]
[42, 120]
[42, 121]
[43, 46]
[43, 52]
[43, 91]
[43, 95]
[43, 115]
[43, 125]
[44, 70]
[44, 71]
[44, 83]
[44, 109]
[44, 110]
[44, 114]
[44, 136]
[45, 46]
[45, 103]
[45, 112]
[45, 137]
[46, 95]
[46, 105]
[46, 125]
[47, 51]
[47, 56]
[47, 64]
[47, 80]
[47, 82]
[47, 116]
[47, 143]
[48, 49]
[48, 60]
[48, 65]
[48, 85]
[48, 92]
[48, 126]
[48, 142]
[49, 60]
[49, 65]
[49, 76]
[49, 87]
[49, 102]
[49, 127]
[50, 51]
[50, 55]
[50, 92]
[50, 128]
[50, 131]
[51, 82]
[51, 113]
[51, 128]
[51, 143]
[52, 57]
[52, 66]
[52, 91]
[52, 98]
[52, 101]
[52, 115]
[53, 69]
[53, 78]
[53, 89]
[53, 102]
[53, 111]
[54, 59]
[54, 69]
[54, 83]
[54, 104]
[54, 110]
[54, 125]
[55, 62]
[55, 79]
[56, 80]
[56, 109]
[56, 117]
[56, 118]
[56, 128]
[56, 138]
[57, 58]
[57, 75]
[57, 91]
[57, 115]
[58, 75]
[58, 97]
[58, 134]
[59, 69]
[59, 73]
[59, 94]
[59, 104]
[59, 121]
[60, 77]
[60, 85]
[60, 87]
[60, 123]
[61, 78]
[61, 97]
[61, 133]
[61, 134]
[62, 63]
[62, 79]
[62, 84]
[62, 88]
[62, 98]
[63, 79]
[63, 100]
[63, 101]
[64, 80]
[64, 90]
[64, 104]
[64, 109]
[64, 114]
[64, 137]
[65, 85]
[65, 86]
[65, 87]
[65, 120]
[65, 122]
[65, 138]
[66, 75]
[66, 98]
[66, 111]
[66, 119]
[66, 123]
[67, 68]
[67, 74]
[67, 103]
[67, 106]
[67, 132]
[68, 74]
[68, 96]
[68, 105]
[68, 133]
[69, 78]
[69, 86]
[69, 89]
[69, 110]
[69, 121]
[70, 71]
[70, 99]
[70, 109]
[70, 118]
[70, 124]
[70, 132]
[71, 78]
[71, 110]
[71, 124]
[71, 133]
[72, 77]
[72, 87]
[72, 94]
[72, 119]
[73, 90]
[73, 94]
[73, 108]
[74, 81]
[74, 130]
[74, 132]
[74, 133]
[74, 134]
[75, 111]
[75, 123]
[76, 81]
[76, 97]
[76, 102]
[76, 122]
[76, 127]
[77, 79]
[77, 84]
[77, 119]
[77, 123]
[78, 86]
[78, 102]
[79, 119]
[80, 107]
[80, 108]
[80, 109]
[80, 120]
[80, 121]
[81, 134]
[81, 139]
[82, 107]
[82, 116]
[82, 117]
[83, 96]
[83, 114]
[83, 125]
[84, 88]
[84, 98]
[84, 123]
[85, 87]
[85, 107]
[85, 117]
[86, 89]
[86, 102]
[86, 120]
[86, 122]
[86, 124]
[87, 89]
[88, 135]
[89, 94]
[89, 102]
[90, 104]
[90, 108]
[90, 116]
[90, 137]
[91, 111]
[92, 126]
[92, 142]
[93, 106]
[93, 131]
[93, 135]
[95, 100]
[95, 101]
[96, 105]
[96, 125]
[97, 102]
[97, 127]
[97, 134]
[98, 101]
[98, 119]
[99, 113]
[99, 118]
[99, 132]
[99, 136]
[99, 140]
[100, 101]
[100, 115]
[101, 119]
[103, 105]
[103, 129]
[104, 110]
[104, 114]
[104, 121]
[106, 129]
[106, 131]
[106, 140]
[107, 108]
[107, 117]
[107, 120]
[108, 116]
[108, 121]
[109, 110]
[109, 124]
[110, 121]
[110, 124]
[112, 113]
[112, 136]
[112, 137]
[112, 143]
[113, 128]
[113, 131]
[114, 136]
[114, 137]
[115, 141]
[116, 143]
[117, 128]
[117, 138]
[117, 142]
[118, 128]
[118, 138]
[118, 140]
[118, 142]
[120, 121]
[120, 124]
[120, 138]
[122, 124]
[122, 138]
[124, 138]
[126, 127]
[126, 139]
[127, 139]
[128, 131]
[128, 142]
[129, 135]
[130, 134]
[130, 139]
[131, 140]
[132, 133]
[132, 140]
[134, 139]
[137, 143]
[138, 142]
