[0, 190]
[0, 196]
[0, 206]
[0, 293]
[0, 472]
[1, 260]
[1, 371]
[1, 431]
[1, 476]
[1, 498]
[2, 128]
[2, 191]
[2, 345]
[2, 377]
[2, 574]
[3, 182]
[3, 263]
[3, 316]
[3, 434]
[3, 546]
[4, 25]
[4, 31]
[4, 208]
[4, 458]
[4, 496]
[5, 93]
[5, 311]
[5, 391]
[5, 435]
[5, 464]
[6, 48]
[6, 322]
[6, 335]
[6, 413]
[6, 469]
[7, 27]
[7, 288]
[7, 354]
[7, 396]
[7, 471]
[8, 32]
[8, 181]
[8, 225]
[8, 303]
[8, 491]
[9, 166]
[9, 187]
[9, 298]
[9, 489]
[9, 499]
[10, 37]
[10, 438]
[10, 454]
[10, 501]
[10, 548]
[11, 82]
[11, 460]
[11, 551]
[11, 557]
[11, 563]
[12, 219]
[12, 288]
[12, 402]
[12, 467]
[12, 487]
[13, 136]
[13, 161]
[13, 162]
[13, 265]
[13, 573]
[14, 170]
[14, 321]
[14, 393]
[14, 417]
[14, 522]
[15, 55]
[15, 130]
[15, 131]
[15, 187]
[15, 421]
[16, 200]
[16, 302]
[16, 320]
[16, 537]
[16, 545]
[17, 27]
[17, 36]
[17, 149]
[17, 215]
[17, 396]
[18, 86]
[18, 223]
[18, 253]
[18, 281]
[18, 535]
[19, 62]
[19, 156]
[19, 227]
[19, 259]
[19, 564]
[20, 177]
[20, 179]
[20, 237]
[20, 481]
[20, 552]
[21, 25]
[21, 442]
[21, 449]
[21, 458]
[21, 540]
[22, 26]
[22, 46]
[22, 47]
[22, 267]
[22, 299]
[23, 171]
[23, 236]
[23, 305]
[23, 364]
[23, 478]
[24, 91]
[24, 160]
[24, 225]
[24, 229]
[24, 399]
[25, 104]
[25, 367]
[25, 540]
[26, 275]
[26, 378]
[26, 422]
[26, 452]
[27, 36]
[27, 232]
[27, 500]
[28, 50]
[28, 106]
[28, 198]
[28, 370]
[28, 501]
[29, 45]
[29, 184]
[29, 279]
[29, 411]
[29, 563]
[30, 79]
[30, 207]
[30, 221]
[30, 462]
[30, 466]
[31, 317]
[31, 480]
[31, 533]
[31, 574]
[32, 225]
[32, 229]
[32, 346]
[32, 539]
[33, 103]
[33, 112]
[33, 174]
[33, 211]
[33, 427]
[34, 58]
[34, 192]
[34, 292]
[34, 328]
[34, 473]
[35, 89]
[35, 120]
[35, 354]
[35, 471]
[35, 542]
[36, 246]
[36, 432]
[36, 478]
[37, 105]
[37, 245]
[37, 394]
[37, 426]
[38, 56]
[38, 182]
[38, 212]
[38, 323]
[38, 434]
[39, 64]
[39, 199]
[39, 300]
[39, 434]
[39, 519]
[40, 62]
[40, 355]
[40, 397]
[40, 492]
[40, 564]
[41, 75]
[41, 108]
[41, 144]
[41, 489]
[41, 509]
[42, 72]
[42, 80]
[42, 87]
[42, 301]
[42, 446]
[43, 136]
[43, 252]
[43, 372]
[43, 407]
[43, 573]
[44, 120]
[44, 264]
[44, 351]
[44, 420]
[44, 479]
[45, 220]
[45, 226]
[45, 348]
[45, 436]
[46, 87]
[46, 144]
[46, 485]
[46, 569]
[47, 75]
[47, 144]
[47, 267]
[47, 452]
[48, 146]
[48, 291]
[48, 325]
[48, 401]
[49, 94]
[49, 135]
[49, 194]
[49, 278]
[49, 427]
[50, 116]
[50, 126]
[50, 198]
[50, 273]
[51, 201]
[51, 310]
[51, 332]
[51, 457]
[51, 567]
[52, 59]
[52, 283]
[52, 352]
[52, 382]
[52, 429]
[53, 110]
[53, 163]
[53, 165]
[53, 186]
[53, 550]
[54, 85]
[54, 151]
[54, 172]
[54, 390]
[54, 549]
[55, 239]
[55, 421]
[55, 494]
[55, 561]
[84, 118]
[84, 191]
[84, 419]
[84, 423]
[84, 571]
[85, 139]
[85, 248]
[85, 390]
[85, 534]
[86, 145]
[86, 154]
[86, 404]
[86, 422]
[87, 97]
[87, 314]
[87, 356]
[88, 98]
[88, 128]
[88, 341]
[88, 533]
[88, 574]
[89, 204]
[89, 234]
[89, 431]
[89, 476]
[90, 100]
[90, 161]
[90, 359]
[90, 506]
[91, 92]
[91, 120]
[91, 418]
[91, 471]
[92, 120]
[92, 365]
[92, 420]
[92, 542]
[93, 428]
[93, 510]
[93, 517]
[94, 195]
[94, 264]
[94, 287]
[94, 440]
[95, 103]
[95, 176]
[95, 211]
[95, 235]
[95, 270]
[96, 121]
[96, 209]
[96, 320]
[96, 331]
[96, 538]
[97, 130]
[97, 378]
[97, 446]
[97, 543]
[98, 183]
[98, 257]
[98, 350]
[98, 539]
[99, 190]
[99, 206]
[99, 223]
[99, 230]
[99, 279]
[100, 302]
[100, 330]
[100, 545]
[101, 439]
[101, 470]
[101, 472]
[101, 474]
[101, 554]
[102, 119]
[102, 148]
[102, 306]
[102, 461]
[103, 278]
[103, 318]
[103, 427]
[104, 106]
[104, 126]
[104, 208]
[104, 433]
[105, 106]
[105, 180]
[105, 323]
[105, 433]
[106, 126]
[106, 540]
[107, 165]
[107, 167]
[107, 488]
[107, 516]
[107, 548]
[108, 218]
[108, 485]
[108, 509]
[108, 547]
[109, 127]
[109, 148]
[109, 286]
[109, 306]
[109, 513]
[110, 165]
[110, 173]
[110, 216]
[110, 516]
[111, 205]
[111, 286]
[111, 370]
[111, 504]
[196, 206]
[196, 223]
[196, 408]
[196, 474]
[197, 213]
[197, 305]
[197, 375]
[197, 525]
[198, 409]
[198, 444]
[199, 489]
[199, 509]
[199, 547]
[200, 302]
[200, 331]
[200, 452]
[201, 251]
[201, 310]
[201, 379]
[202, 215]
[202, 272]
[202, 437]
[203, 293]
[203, 413]
[203, 446]
[203, 472]
[203, 554]
[204, 354]
[204, 368]
[204, 384]
[205, 515]
[206, 237]
[206, 277]
[207, 217]
[207, 352]
[207, 465]
[208, 377]
[208, 405]
[208, 541]
[209, 258]
[209, 398]
[209, 470]
[210, 260]
[210, 335]
[210, 340]
[210, 469]
[211, 235]
[211, 379]
[211, 565]
[212, 244]
[212, 312]
[212, 373]
[212, 383]
[213, 261]
[213, 380]
[213, 424]
[213, 468]
[214, 262]
[214, 276]
[214, 342]
[214, 525]
[215, 232]
[215, 233]
[215, 246]
[216, 400]
[216, 454]
[216, 528]
[217, 221]
[217, 266]
[217, 341]
[217, 465]
[218, 263]
[218, 546]
[219, 257]
[219, 459]
[220, 230]
[220, 279]
[220, 436]
[221, 350]
[221, 575]
[222, 239]
[222, 298]
[222, 356]
[223, 247]
[56, 168]
[56, 244]
[56, 323]
[56, 433]
[57, 134]
[57, 169]
[57, 292]
[57, 304]
[57, 371]
[58, 274]
[58, 292]
[58, 304]
[58, 538]
[59, 122]
[59, 290]
[59, 385]
[59, 462]
[60, 141]
[60, 207]
[60, 317]
[60, 333]
[60, 466]
[61, 66]
[61, 78]
[61, 240]
[61, 348]
[61, 436]
[62, 243]
[62, 259]
[62, 468]
[63, 73]
[63, 128]
[63, 201]
[63, 313]
[63, 457]
[64, 300]
[64, 309]
[64, 425]
[64, 547]
[65, 71]
[65, 134]
[65, 169]
[65, 353]
[65, 526]
[66, 441]
[66, 490]
[66, 535]
[66, 556]
[67, 115]
[67, 134]
[67, 193]
[67, 292]
[67, 328]
[68, 102]
[68, 148]
[68, 250]
[68, 308]
[68, 353]
[69, 75]
[69, 76]
[69, 90]
[69, 359]
[69, 518]
[70, 204]
[70, 322]
[70, 439]
[70, 453]
[70, 484]
[71, 134]
[71, 142]
[71, 193]
[71, 374]
[72, 284]
[72, 301]
[72, 483]
[72, 550]
[73, 129]
[73, 257]
[73, 343]
[73, 463]
[74, 300]
[74, 307]
[74, 503]
[74, 511]
[74, 519]
[75, 161]
[75, 387]
[76, 100]
[76, 200]
[76, 522]
[76, 545]
[77, 218]
[77, 294]
[77, 366]
[77, 485]
[77, 569]
[78, 255]
[78, 348]
[78, 430]
[78, 490]
[79, 183]
[79, 221]
[79, 357]
[79, 514]
[80, 188]
[80, 284]
[80, 285]
[80, 338]
[81, 82]
[81, 376]
[81, 445]
[81, 460]
[81, 510]
[82, 93]
[82, 388]
[82, 551]
[83, 111]
[83, 241]
[83, 250]
[83, 349]
[83, 515]
[168, 182]
[168, 423]
[169, 304]
[169, 389]
[169, 494]
[170, 192]
[170, 331]
[170, 538]
[171, 197]
[171, 214]
[171, 262]
[171, 334]
[172, 193]
[172, 305]
[172, 375]
[173, 222]
[173, 301]
[173, 550]
[173, 559]
[174, 343]
[174, 379]
[174, 403]
[174, 572]
[175, 181]
[175, 442]
[175, 458]
[175, 521]
[175, 530]
[176, 198]
[176, 530]
[176, 565]
[177, 343]
[177, 463]
[177, 532]
[177, 572]
[178, 340]
[178, 381]
[178, 469]
[178, 493]
[178, 570]
[179, 319]
[179, 484]
[179, 532]
[179, 552]
[180, 245]
[180, 433]
[180, 495]
[181, 346]
[181, 358]
[182, 252]
[183, 219]
[183, 228]
[183, 350]
[184, 190]
[184, 279]
[184, 451]
[184, 456]
[185, 262]
[185, 276]
[185, 360]
[185, 514]
[186, 216]
[186, 315]
[186, 324]
[186, 400]
[187, 222]
[187, 239]
[187, 314]
[188, 294]
[188, 451]
[188, 482]
[188, 569]
[189, 199]
[189, 227]
[189, 256]
[189, 289]
[189, 519]
[190, 223]
[190, 281]
[191, 297]
[191, 475]
[192, 320]
[192, 417]
[192, 538]
[193, 328]
[193, 393]
[194, 291]
[194, 325]
[194, 403]
[195, 210]
[195, 322]
[195, 431]
[195, 469]
[252, 423]
[252, 524]
[253, 281]
[253, 404]
[253, 430]
[253, 490]
[254, 300]
[254, 309]
[254, 488]
[254, 503]
[254, 548]
[255, 283]
[255, 477]
[255, 573]
[256, 289]
[256, 337]
[256, 511]
[257, 363]
[257, 459]
[258, 320]
[258, 432]
[258, 537]
[259, 261]
[259, 397]
[259, 410]
[260, 431]
[260, 507]
[261, 414]
[261, 468]
[261, 525]
[262, 415]
[263, 509]
[264, 431]
[264, 498]
[265, 267]
[265, 299]
[265, 430]
[265, 447]
[266, 352]
[266, 382]
[266, 571]
[267, 275]
[268, 383]
[268, 416]
[268, 531]
[268, 558]
[269, 378]
[269, 422]
[269, 470]
[269, 472]
[270, 278]
[270, 327]
[270, 435]
[270, 560]
[271, 402]
[271, 487]
[271, 556]
[271, 575]
[272, 296]
[272, 392]
[272, 437]
[273, 438]
[273, 444]
[273, 455]
[273, 501]
[274, 280]
[274, 398]
[274, 473]
[275, 302]
[275, 404]
[275, 452]
[276, 329]
[276, 466]
[277, 293]
[277, 401]
[277, 450]
[278, 287]
[279, 486]
[280, 292]
[280, 473]
[280, 476]
[281, 422]
[281, 456]
[282, 331]
[282, 378]
[282, 452]
[283, 290]
[283, 382]
[283, 508]
[284, 315]
[284, 338]
[284, 395]
[285, 293]
[285, 395]
[285, 450]
[285, 451]
[286, 349]
[286, 409]
[286, 504]
[287, 347]
[287, 440]
[288, 319]
[288, 555]
[289, 489]
[289, 499]
[289, 518]
[290, 385]
[290, 392]
[291, 464]
[293, 401]
[294, 338]
[294, 445]
[294, 482]
[295, 308]
[295, 347]
[295, 461]
[296, 302]
[296, 404]
[296, 537]
[297, 326]
[297, 377]
[297, 562]
[298, 309]
[298, 547]
[299, 447]
[299, 456]
[299, 569]
[300, 426]
[301, 338]
[301, 356]
[303, 365]
[303, 418]
[304, 507]
[304, 523]
[305, 328]
[306, 412]
[306, 513]
[306, 566]
[307, 312]
[307, 373]
[307, 492]
[365, 418]
[365, 566]
[366, 447]
[366, 482]
[366, 569]
[367, 449]
[367, 558]
[368, 384]
[368, 398]
[368, 439]
[369, 503]
[369, 511]
[369, 536]
[370, 409]
[370, 442]
[370, 540]
[371, 389]
[371, 461]
[371, 507]
[372, 429]
[372, 508]
[372, 524]
[374, 536]
[374, 549]
[375, 468]
[375, 525]
[376, 495]
[376, 502]
[376, 529]
[379, 391]
[379, 567]
[380, 414]
[380, 545]
[380, 568]
[381, 386]
[381, 483]
[381, 550]
[381, 561]
[382, 385]
[383, 524]
[383, 531]
[383, 564]
[384, 396]
[384, 453]
[385, 556]
[385, 575]
[386, 421]
[386, 497]
[386, 561]
[387, 509]
[388, 557]
[389, 493]
[389, 507]
[390, 412]
[391, 567]
[308, 389]
[308, 461]
[309, 488]
[309, 516]
[310, 388]
[310, 391]
[311, 428]
[311, 464]
[311, 567]
[312, 492]
[312, 519]
[312, 564]
[313, 345]
[313, 457]
[314, 356]
[315, 510]
[315, 517]
[315, 528]
[316, 529]
[316, 546]
[317, 333]
[317, 465]
[317, 558]
[318, 351]
[318, 358]
[318, 479]
[319, 354]
[319, 512]
[319, 555]
[320, 331]
[321, 499]
[321, 526]
[322, 325]
[322, 335]
[323, 373]
[323, 426]
[324, 327]
[324, 455]
[324, 560]
[325, 484]
[326, 388]
[326, 495]
[326, 562]
[327, 435]
[327, 464]
[328, 417]
[329, 505]
[329, 525]
[330, 380]
[330, 414]
[330, 506]
[332, 388]
[332, 551]
[332, 557]
[333, 406]
[333, 480]
[334, 342]
[334, 415]
[334, 568]
[335, 439]
[335, 554]
[420, 479]
[420, 498]
[420, 566]
[421, 523]
[421, 543]
[424, 522]
[424, 545]
[425, 426]
[425, 434]
[425, 546]
[426, 434]
[428, 450]
[428, 517]
[428, 551]
[429, 508]
[430, 456]
[432, 473]
[435, 455]
[436, 441]
[437, 537]
[437, 568]
[438, 454]
[439, 453]
[440, 469]
[440, 570]
[441, 448]
[442, 504]
[443, 448]
[443, 467]
[443, 481]
[443, 552]
[444, 501]
[444, 560]
[445, 460]
[445, 502]
[445, 528]
[446, 483]
[446, 497]
[392, 490]
[392, 556]
[393, 417]
[394, 425]
[394, 454]
[394, 502]
[395, 401]
[395, 450]
[395, 517]
[396, 555]
[397, 505]
[397, 531]
[397, 564]
[398, 432]
[399, 512]
[400, 438]
[400, 455]
[400, 510]
[401, 413]
[402, 448]
[402, 459]
[402, 467]
[403, 427]
[403, 532]
[403, 572]
[404, 422]
[405, 541]
[406, 449]
[406, 558]
[407, 477]
[407, 573]
[408, 453]
[408, 484]
[408, 552]
[409, 442]
[409, 530]
[410, 414]
[410, 429]
[410, 506]
[411, 430]
[411, 447]
[411, 456]
[412, 534]
[412, 549]
[413, 483]
[413, 554]
[416, 423]
[416, 524]
[417, 424]
[419, 475]
[419, 477]
[419, 571]
[336, 367]
[336, 373]
[336, 449]
[336, 540]
[337, 369]
[337, 499]
[337, 520]
[338, 528]
[339, 347]
[339, 361]
[339, 560]
[340, 386]
[340, 493]
[340, 507]
[341, 345]
[341, 350]
[341, 574]
[342, 415]
[342, 462]
[343, 363]
[343, 532]
[344, 355]
[344, 492]
[344, 553]
[346, 358]
[346, 521]
[347, 570]
[348, 411]
[348, 477]
[350, 459]
[351, 399]
[351, 427]
[353, 374]
[353, 527]
[354, 396]
[355, 505]
[356, 485]
[357, 415]
[357, 462]
[357, 487]
[357, 575]
[358, 530]
[359, 387]
[360, 418]
[362, 369]
[362, 488]
[362, 503]
[362, 520]
[362, 527]
[363, 512]
[224, 252]
[224, 407]
[224, 419]
[224, 423]
[225, 228]
[225, 418]
[226, 475]
[226, 557]
[227, 243]
[227, 359]
[227, 518]
[228, 491]
[228, 514]
[228, 539]
[229, 363]
[229, 399]
[230, 247]
[230, 441]
[230, 481]
[231, 272]
[231, 290]
[231, 330]
[231, 568]
[232, 246]
[232, 415]
[232, 487]
[233, 271]
[233, 467]
[233, 487]
[234, 260]
[234, 274]
[234, 368]
[234, 476]
[235, 391]
[235, 435]
[236, 262]
[236, 360]
[236, 364]
[236, 500]
[237, 408]
[237, 484]
[238, 352]
[238, 416]
[238, 429]
[238, 524]
[238, 531]
[239, 559]
[240, 255]
[240, 382]
[240, 477]
[240, 571]
[241, 501]
[241, 548]
[242, 248]
[242, 355]
[242, 406]
[242, 505]
[242, 553]
[243, 249]
[243, 256]
[243, 518]
[244, 268]
[244, 367]
[244, 373]
[245, 376]
[245, 394]
[245, 438]
[246, 334]
[246, 437]
[247, 441]
[247, 443]
[247, 535]
[248, 329]
[249, 393]
[249, 424]
[249, 468]
[249, 522]
[250, 349]
[250, 527]
[251, 377]
[251, 541]
[140, 333]
[140, 466]
[140, 491]
[140, 514]
[141, 406]
[141, 505]
[141, 531]
[141, 558]
[142, 321]
[142, 337]
[142, 393]
[142, 526]
[143, 168]
[143, 297]
[143, 433]
[143, 495]
[143, 544]
[144, 314]
[144, 485]
[145, 150]
[145, 269]
[145, 470]
[145, 474]
[146, 237]
[146, 277]
[146, 325]
[147, 205]
[147, 307]
[147, 336]
[147, 344]
[147, 553]
[148, 295]
[148, 349]
[149, 150]
[149, 384]
[149, 398]
[149, 432]
[150, 154]
[150, 209]
[150, 258]
[151, 248]
[151, 329]
[151, 355]
[151, 375]
[152, 167]
[152, 241]
[152, 339]
[152, 349]
[152, 444]
[153, 308]
[153, 347]
[153, 361]
[153, 493]
[153, 570]
[154, 202]
[154, 296]
[154, 537]
[155, 280]
[155, 364]
[155, 478]
[155, 500]
[155, 542]
[156, 359]
[156, 372]
[156, 410]
[156, 506]
[157, 168]
[157, 182]
[157, 224]
[157, 316]
[157, 544]
[158, 220]
[158, 226]
[158, 332]
[158, 457]
[159, 162]
[159, 218]
[159, 263]
[159, 316]
[159, 366]
[160, 219]
[160, 288]
[160, 363]
[160, 512]
[161, 267]
[161, 387]
[162, 407]
[162, 447]
[163, 324]
[163, 339]
[163, 361]
[163, 570]
[164, 181]
[164, 303]
[164, 513]
[164, 566]
[165, 361]
[165, 559]
[166, 239]
[166, 298]
[166, 488]
[166, 520]
[167, 241]
[167, 250]
[167, 361]
[448, 481]
[449, 553]
[450, 486]
[451, 486]
[451, 563]
[453, 474]
[454, 516]
[455, 560]
[457, 463]
[458, 480]
[458, 496]
[460, 482]
[460, 529]
[461, 498]
[462, 575]
[463, 481]
[464, 517]
[465, 574]
[466, 514]
[467, 555]
[471, 500]
[471, 542]
[472, 474]
[473, 478]
[475, 562]
[112, 229]
[112, 318]
[112, 346]
[112, 351]
[113, 251]
[113, 310]
[113, 326]
[113, 377]
[113, 405]
[114, 137]
[114, 191]
[114, 345]
[114, 475]
[114, 571]
[115, 172]
[115, 305]
[115, 364]
[115, 390]
[116, 176]
[116, 235]
[116, 405]
[116, 565]
[117, 202]
[117, 233]
[117, 392]
[117, 535]
[117, 556]
[118, 266]
[118, 352]
[118, 416]
[118, 465]
[119, 134]
[119, 353]
[119, 374]
[119, 412]
[120, 399]
[121, 282]
[121, 378]
[121, 470]
[121, 543]
[122, 231]
[122, 342]
[122, 414]
[122, 568]
[123, 139]
[123, 140]
[123, 185]
[123, 248]
[123, 276]
[124, 132]
[124, 205]
[124, 504]
[124, 534]
[124, 553]
[125, 146]
[125, 194]
[125, 291]
[125, 311]
[125, 572]
[126, 180]
[126, 405]
[127, 164]
[127, 358]
[127, 479]
[127, 566]
[128, 251]
[128, 345]
[129, 313]
[129, 448]
[129, 459]
[129, 463]
[130, 282]
[130, 314]
[130, 543]
[131, 170]
[131, 321]
[131, 494]
[131, 523]
[132, 205]
[132, 344]
[132, 536]
[132, 549]
[133, 139]
[133, 360]
[133, 364]
[133, 365]
[133, 390]
[135, 278]
[135, 291]
[135, 327]
[135, 440]
[136, 162]
[136, 263]
[136, 387]
[137, 158]
[137, 226]
[137, 313]
[137, 436]
[138, 264]
[138, 287]
[138, 295]
[138, 479]
[138, 498]
[139, 303]
[139, 360]
[476, 542]
[478, 500]
[480, 491]
[480, 533]
[482, 563]
[483, 497]
[486, 551]
[486, 563]
[489, 547]
[490, 535]
[491, 539]
[492, 511]
[493, 561]
[494, 523]
[494, 526]
[495, 544]
[496, 521]
[496, 533]
[496, 541]
[497, 543]
[497, 554]
[499, 520]
[502, 529]
[502, 546]
[503, 515]
[567, 572]
[533, 539]
[534, 549]
[541, 565]
[544, 562]
[550, 559]
[552, 555]
[557, 562]
[559, 561]
[504, 513]
[506, 508]
[508, 573]
[510, 528]
[511, 519]
[512, 532]
[513, 534]
[515, 527]
[515, 536]
[516, 548]
[518, 522]
[520, 526]
[521, 530]
[521, 565]
[523, 538]
[527, 536]
[529, 544]
