[28, 133]
[28, 177]
[28, 223]
[28, 262]
[29, 125]
[29, 210]
[29, 413]
[30, 257]
[30, 371]
[30, 400]
[31, 49]
[31, 319]
[31, 505]
[31, 538]
[32, 86]
[32, 217]
[32, 485]
[32, 574]
[33, 44]
[33, 216]
[33, 266]
[33, 571]
[34, 113]
[34, 238]
[34, 366]
[34, 439]
[35, 249]
[35, 294]
[35, 350]
[35, 375]
[36, 65]
[36, 191]
[36, 248]
[37, 185]
[37, 215]
[37, 350]
[37, 356]
[38, 310]
[38, 435]
[38, 549]
[39, 129]
[39, 215]
[39, 226]
[39, 575]
[40, 133]
[40, 251]
[40, 262]
[40, 425]
[41, 160]
[41, 314]
[41, 381]
[41, 491]
[42, 81]
[42, 214]
[42, 335]
[42, 527]
[43, 188]
[43, 220]
[43, 390]
[43, 404]
[44, 271]
[44, 312]
[44, 438]
[45, 150]
[45, 215]
[45, 356]
[45, 379]
[46, 264]
[46, 344]
[46, 392]
[46, 428]
[47, 62]
[47, 219]
[47, 382]
[47, 415]
[48, 113]
[48, 239]
[48, 430]
[48, 439]
[49, 364]
[49, 472]
[49, 538]
[50, 109]
[50, 313]
[50, 462]
[51, 75]
[51, 273]
[51, 295]
[51, 486]
[52, 182]
[52, 195]
[52, 442]
[52, 516]
[53, 119]
[53, 273]
[53, 295]
[54, 127]
[54, 290]
[54, 473]
[54, 480]
[55, 171]
[55, 396]
[55, 569]
[0, 15]
[0, 148]
[0, 162]
[0, 394]
[1, 29]
[1, 210]
[1, 225]
[1, 349]
[2, 159]
[2, 226]
[2, 283]
[2, 327]
[3, 8]
[3, 270]
[3, 372]
[3, 441]
[4, 19]
[4, 164]
[4, 518]
[4, 555]
[5, 99]
[5, 125]
[5, 137]
[5, 533]
[6, 175]
[6, 281]
[6, 378]
[6, 467]
[7, 25]
[7, 107]
[7, 323]
[7, 341]
[8, 20]
[8, 382]
[8, 450]
[9, 16]
[9, 24]
[9, 83]
[9, 559]
[10, 36]
[10, 234]
[10, 272]
[10, 440]
[11, 57]
[11, 104]
[11, 395]
[11, 568]
[12, 50]
[12, 109]
[12, 345]
[12, 560]
[13, 147]
[13, 320]
[13, 363]
[13, 444]
[14, 82]
[14, 198]
[14, 260]
[14, 545]
[15, 148]
[15, 397]
[15, 483]
[16, 277]
[16, 416]
[16, 480]
[17, 151]
[17, 412]
[17, 500]
[17, 538]
[18, 38]
[18, 53]
[18, 435]
[18, 558]
[19, 211]
[19, 516]
[19, 555]
[20, 55]
[20, 171]
[20, 205]
[21, 115]
[21, 121]
[21, 216]
[21, 549]
[22, 257]
[22, 298]
[22, 443]
[22, 523]
[23, 72]
[23, 107]
[23, 323]
[23, 345]
[24, 83]
[24, 335]
[24, 416]
[25, 305]
[25, 457]
[25, 564]
[26, 30]
[26, 246]
[26, 247]
[26, 391]
[27, 93]
[27, 128]
[27, 360]
[27, 433]
[112, 122]
[112, 221]
[112, 477]
[112, 563]
[113, 430]
[114, 130]
[114, 179]
[114, 241]
[114, 517]
[115, 216]
[115, 249]
[115, 570]
[116, 505]
[116, 511]
[116, 519]
[117, 130]
[117, 241]
[117, 273]
[117, 373]
[118, 151]
[118, 378]
[118, 536]
[118, 561]
[119, 295]
[119, 426]
[120, 380]
[120, 452]
[120, 475]
[121, 173]
[121, 249]
[121, 348]
[122, 475]
[122, 477]
[122, 487]
[123, 267]
[123, 279]
[123, 408]
[123, 548]
[124, 132]
[124, 297]
[124, 317]
[124, 422]
[125, 349]
[125, 427]
[126, 219]
[126, 469]
[126, 515]
[127, 290]
[127, 379]
[127, 446]
[128, 269]
[128, 534]
[128, 565]
[129, 226]
[129, 537]
[130, 146]
[130, 373]
[131, 145]
[131, 278]
[131, 312]
[131, 343]
[132, 303]
[132, 317]
[132, 556]
[133, 251]
[133, 491]
[134, 139]
[134, 147]
[134, 363]
[134, 405]
[135, 204]
[135, 528]
[135, 531]
[136, 164]
[136, 370]
[136, 542]
[137, 146]
[137, 493]
[137, 507]
[138, 282]
[138, 291]
[138, 483]
[138, 557]
[139, 326]
[139, 340]
[139, 550]
[84, 283]
[84, 327]
[84, 460]
[85, 306]
[85, 333]
[85, 338]
[85, 340]
[86, 226]
[86, 575]
[87, 213]
[87, 232]
[87, 354]
[87, 373]
[88, 100]
[88, 192]
[88, 320]
[88, 437]
[89, 96]
[89, 108]
[89, 296]
[89, 322]
[90, 364]
[90, 394]
[90, 411]
[90, 552]
[91, 329]
[91, 428]
[91, 468]
[91, 572]
[92, 193]
[92, 298]
[92, 316]
[92, 443]
[93, 227]
[93, 308]
[93, 433]
[94, 324]
[94, 329]
[94, 510]
[94, 572]
[95, 103]
[95, 105]
[95, 181]
[96, 230]
[96, 296]
[96, 389]
[97, 142]
[97, 239]
[97, 288]
[97, 514]
[98, 136]
[98, 164]
[98, 284]
[98, 366]
[99, 146]
[99, 337]
[99, 533]
[100, 401]
[100, 437]
[100, 568]
[101, 218]
[101, 343]
[101, 569]
[102, 165]
[102, 234]
[102, 440]
[102, 443]
[103, 160]
[103, 300]
[103, 524]
[104, 176]
[104, 311]
[105, 181]
[105, 509]
[105, 524]
[106, 268]
[106, 489]
[106, 509]
[106, 556]
[107, 140]
[108, 230]
[108, 465]
[109, 263]
[109, 436]
[110, 250]
[110, 313]
[110, 458]
[111, 304]
[111, 318]
[111, 534]
[111, 565]
[196, 299]
[196, 496]
[196, 546]
[197, 281]
[197, 331]
[197, 393]
[197, 398]
[198, 342]
[198, 545]
[199, 305]
[199, 309]
[199, 417]
[199, 457]
[200, 312]
[200, 348]
[200, 449]
[201, 205]
[201, 270]
[201, 308]
[201, 347]
[202, 279]
[202, 286]
[202, 367]
[202, 548]
[203, 224]
[203, 288]
[203, 386]
[204, 434]
[205, 525]
[205, 569]
[206, 244]
[206, 294]
[206, 350]
[206, 575]
[207, 220]
[207, 539]
[208, 274]
[208, 280]
[208, 282]
[208, 483]
[209, 367]
[209, 389]
[209, 527]
[209, 560]
[210, 427]
[211, 344]
[211, 518]
[212, 219]
[212, 292]
[212, 495]
[212, 529]
[213, 236]
[213, 301]
[213, 454]
[214, 261]
[214, 353]
[214, 520]
[215, 379]
[216, 348]
[217, 455]
[217, 488]
[217, 574]
[218, 476]
[218, 532]
[219, 515]
[220, 375]
[221, 366]
[221, 370]
[222, 395]
[222, 553]
[223, 251]
[223, 262]
[223, 411]
[280, 442]
[280, 516]
[281, 467]
[281, 504]
[282, 451]
[283, 423]
[284, 418]
[285, 332]
[285, 456]
[285, 506]
[286, 297]
[286, 548]
[287, 447]
[288, 292]
[289, 290]
[289, 446]
[289, 473]
[291, 298]
[291, 483]
[292, 529]
[293, 393]
[293, 429]
[293, 498]
[295, 494]
[296, 465]
[297, 303]
[297, 522]
[298, 316]
[299, 445]
[299, 502]
[300, 387]
[300, 524]
[302, 406]
[302, 463]
[302, 521]
[303, 429]
[303, 522]
[304, 522]
[304, 565]
[305, 548]
[305, 564]
[306, 338]
[307, 436]
[307, 477]
[307, 487]
[307, 563]
[224, 239]
[224, 352]
[225, 299]
[225, 445]
[225, 496]
[227, 229]
[227, 360]
[227, 448]
[228, 500]
[229, 386]
[229, 474]
[229, 481]
[230, 276]
[230, 465]
[231, 376]
[231, 388]
[231, 410]
[232, 301]
[232, 354]
[233, 289]
[233, 342]
[233, 545]
[234, 272]
[235, 264]
[235, 362]
[236, 301]
[236, 354]
[236, 430]
[237, 426]
[237, 463]
[237, 501]
[238, 430]
[238, 439]
[239, 288]
[240, 301]
[240, 469]
[240, 526]
[241, 558]
[242, 276]
[242, 293]
[242, 357]
[242, 429]
[243, 247]
[243, 252]
[243, 444]
[243, 453]
[244, 253]
[244, 294]
[244, 375]
[245, 330]
[245, 365]
[245, 546]
[246, 257]
[246, 274]
[246, 391]
[247, 542]
[248, 550]
[249, 348]
[250, 405]
[250, 492]
[251, 567]
[252, 371]
[253, 376]
[253, 404]
[253, 488]
[254, 256]
[254, 284]
[254, 418]
[254, 512]
[255, 474]
[255, 481]
[255, 519]
[256, 336]
[256, 529]
[257, 400]
[258, 339]
[258, 425]
[258, 532]
[259, 287]
[259, 423]
[259, 447]
[259, 543]
[260, 314]
[260, 355]
[261, 279]
[261, 353]
[261, 527]
[264, 346]
[265, 528]
[266, 271]
[266, 571]
[267, 275]
[267, 279]
[267, 286]
[268, 276]
[268, 429]
[268, 498]
[269, 278]
[269, 304]
[269, 534]
[270, 385]
[270, 547]
[271, 438]
[271, 525]
[272, 403]
[274, 282]
[274, 291]
[275, 310]
[275, 422]
[275, 497]
[276, 498]
[277, 423]
[277, 447]
[278, 312]
[278, 449]
[168, 384]
[168, 506]
[169, 371]
[169, 414]
[169, 540]
[170, 222]
[170, 287]
[170, 395]
[170, 402]
[171, 265]
[171, 525]
[172, 240]
[172, 336]
[172, 469]
[173, 310]
[173, 422]
[173, 432]
[174, 180]
[174, 321]
[174, 369]
[174, 421]
[175, 181]
[175, 484]
[175, 504]
[176, 311]
[176, 530]
[176, 568]
[177, 193]
[177, 368]
[178, 198]
[178, 334]
[178, 340]
[178, 550]
[179, 241]
[179, 373]
[179, 464]
[180, 325]
[180, 377]
[180, 554]
[181, 300]
[182, 363]
[182, 442]
[183, 235]
[183, 264]
[183, 319]
[184, 204]
[184, 265]
[184, 415]
[184, 528]
[185, 356]
[185, 379]
[185, 490]
[186, 247]
[186, 444]
[186, 542]
[187, 189]
[187, 292]
[187, 399]
[187, 495]
[188, 207]
[188, 390]
[188, 524]
[189, 255]
[189, 386]
[189, 474]
[190, 194]
[190, 232]
[190, 493]
[190, 503]
[191, 543]
[192, 401]
[192, 492]
[192, 559]
[194, 493]
[194, 540]
[194, 553]
[195, 344]
[195, 428]
[195, 458]
[336, 418]
[337, 351]
[337, 517]
[338, 459]
[338, 468]
[339, 376]
[339, 381]
[339, 404]
[341, 566]
[344, 392]
[345, 436]
[345, 462]
[346, 362]
[347, 385]
[347, 500]
[349, 388]
[349, 427]
[350, 375]
[351, 410]
[351, 531]
[352, 380]
[352, 452]
[352, 456]
[353, 359]
[354, 471]
[355, 368]
[355, 491]
[356, 432]
[357, 367]
[357, 389]
[358, 384]
[358, 511]
[359, 426]
[359, 479]
[359, 501]
[360, 417]
[360, 448]
[361, 562]
[363, 405]
[308, 347]
[308, 547]
[309, 315]
[309, 408]
[309, 421]
[310, 497]
[311, 370]
[313, 322]
[313, 492]
[314, 355]
[314, 455]
[315, 383]
[315, 421]
[315, 452]
[316, 523]
[317, 449]
[317, 522]
[318, 393]
[318, 398]
[318, 566]
[319, 346]
[319, 362]
[320, 405]
[321, 325]
[321, 369]
[322, 492]
[323, 328]
[323, 341]
[324, 329]
[324, 467]
[324, 468]
[325, 377]
[325, 461]
[326, 334]
[326, 340]
[327, 460]
[327, 485]
[328, 357]
[328, 367]
[328, 560]
[329, 346]
[330, 361]
[330, 365]
[330, 450]
[331, 362]
[331, 398]
[331, 566]
[332, 457]
[332, 506]
[333, 342]
[333, 459]
[334, 478]
[334, 550]
[335, 353]
[335, 527]
[140, 158]
[140, 168]
[140, 332]
[141, 149]
[141, 231]
[141, 535]
[141, 541]
[142, 203]
[142, 224]
[142, 321]
[143, 172]
[143, 400]
[143, 502]
[143, 526]
[144, 145]
[144, 207]
[144, 220]
[144, 390]
[145, 200]
[145, 449]
[146, 507]
[147, 154]
[147, 320]
[148, 152]
[148, 156]
[149, 258]
[149, 396]
[149, 466]
[150, 237]
[150, 479]
[150, 501]
[151, 228]
[151, 412]
[152, 162]
[152, 326]
[152, 397]
[153, 294]
[153, 337]
[153, 351]
[153, 570]
[154, 191]
[154, 248]
[154, 543]
[155, 163]
[155, 262]
[155, 361]
[155, 365]
[156, 177]
[156, 193]
[156, 478]
[157, 263]
[157, 477]
[157, 513]
[157, 530]
[158, 168]
[158, 285]
[158, 487]
[159, 283]
[159, 290]
[159, 460]
[160, 260]
[160, 491]
[161, 472]
[161, 552]
[162, 397]
[162, 572]
[163, 245]
[163, 316]
[163, 361]
[164, 221]
[165, 210]
[165, 272]
[165, 440]
[166, 228]
[166, 412]
[166, 500]
[166, 534]
[167, 211]
[167, 358]
[167, 518]
[167, 555]
[392, 458]
[392, 462]
[393, 566]
[394, 411]
[394, 510]
[395, 409]
[396, 466]
[396, 532]
[397, 442]
[398, 412]
[399, 495]
[399, 529]
[401, 559]
[402, 409]
[402, 521]
[402, 553]
[403, 455]
[403, 485]
[403, 574]
[406, 507]
[406, 521]
[406, 537]
[407, 472]
[407, 505]
[407, 538]
[408, 431]
[409, 470]
[409, 553]
[410, 541]
[411, 544]
[413, 493]
[413, 503]
[413, 540]
[414, 440]
[415, 515]
[416, 480]
[416, 501]
[417, 457]
[417, 564]
[419, 511]
[419, 551]
[419, 573]
[56, 64]
[56, 161]
[56, 551]
[56, 557]
[57, 311]
[57, 453]
[57, 568]
[58, 182]
[58, 186]
[58, 280]
[58, 516]
[59, 116]
[59, 183]
[59, 358]
[59, 384]
[60, 63]
[60, 463]
[60, 521]
[60, 537]
[61, 193]
[61, 234]
[61, 368]
[61, 478]
[62, 126]
[62, 196]
[62, 415]
[63, 277]
[63, 287]
[63, 423]
[64, 161]
[64, 441]
[64, 562]
[65, 84]
[65, 248]
[65, 543]
[66, 81]
[66, 263]
[66, 401]
[66, 530]
[67, 78]
[67, 191]
[67, 252]
[67, 414]
[68, 108]
[68, 306]
[68, 333]
[68, 459]
[69, 86]
[69, 129]
[69, 533]
[69, 575]
[70, 135]
[70, 204]
[70, 265]
[70, 266]
[71, 218]
[71, 343]
[71, 390]
[71, 476]
[72, 107]
[72, 235]
[72, 341]
[73, 110]
[73, 250]
[73, 306]
[73, 322]
[74, 77]
[74, 104]
[74, 470]
[74, 482]
[75, 119]
[75, 273]
[75, 302]
[76, 120]
[76, 420]
[76, 424]
[76, 499]
[77, 238]
[77, 471]
[77, 482]
[78, 169]
[78, 222]
[78, 252]
[79, 113]
[79, 256]
[79, 284]
[79, 336]
[80, 101]
[80, 228]
[80, 343]
[80, 476]
[81, 263]
[81, 513]
[82, 95]
[82, 233]
[82, 342]
[83, 296]
[83, 480]
[364, 510]
[364, 544]
[365, 466]
[366, 370]
[368, 478]
[369, 377]
[369, 448]
[371, 414]
[372, 382]
[372, 441]
[372, 495]
[374, 399]
[374, 419]
[374, 512]
[374, 551]
[376, 488]
[377, 571]
[378, 387]
[378, 561]
[380, 439]
[380, 475]
[381, 404]
[381, 488]
[382, 450]
[383, 408]
[383, 424]
[383, 431]
[384, 519]
[385, 407]
[385, 547]
[386, 481]
[387, 536]
[387, 567]
[388, 410]
[388, 535]
[389, 560]
[391, 400]
[391, 418]
[420, 499]
[420, 513]
[420, 520]
[421, 431]
[422, 432]
[424, 494]
[424, 520]
[425, 466]
[425, 532]
[426, 479]
[427, 574]
[428, 458]
[431, 435]
[432, 497]
[433, 438]
[433, 448]
[434, 461]
[434, 464]
[434, 508]
[435, 554]
[436, 462]
[437, 447]
[437, 559]
[438, 571]
[441, 450]
[443, 523]
[444, 453]
[445, 523]
[445, 546]
[446, 473]
[446, 489]
[451, 512]
[451, 551]
[451, 573]
[452, 456]
[453, 542]
[454, 464]
[454, 508]
[454, 514]
[455, 485]
[456, 475]
[459, 484]
[460, 545]
[461, 464]
[461, 514]
[463, 537]
[465, 473]
[467, 484]
[468, 572]
[469, 502]
[470, 471]
[470, 486]
[471, 486]
[472, 505]
[474, 547]
[476, 536]
[479, 497]
[481, 506]
[482, 486]
[482, 499]
[484, 504]
[487, 563]
[489, 490]
[489, 509]
[490, 539]
[490, 556]
[494, 499]
[494, 520]
[496, 535]
[496, 546]
[498, 504]
[502, 526]
[503, 526]
[503, 540]
[535, 541]
[536, 567]
[539, 556]
[544, 561]
[549, 554]
[549, 558]
[552, 557]
[552, 562]
[554, 558]
[555, 573]
[557, 562]
[507, 533]
[508, 514]
[508, 515]
[509, 539]
[510, 544]
[511, 519]
[512, 573]
[513, 530]
[517, 531]
[517, 570]
[518, 563]
[525, 569]
[528, 541]
[531, 570]
[561, 567]
[564, 565]
