Face([112, 296, 143, 573, 268, 311, 544, 462])
Face([220, 362, 425, 555, 419, 566, 345, 286])
Face([10, 346, 403])
Face([136, 373, 358, 295, 74, 246, 265, 77])
Face([1, 568, 550, 570, 269, 518, 533, 106])
Face([570, 489, 550])
Face([105, 363, 119, 536, 347, 278, 169, 340])
Face([366, 417, 152, 276, 46, 420, 351, 564])
Face([272, 496, 512])
Face([19, 35, 116])
Face([128, 216, 185])
Face([2, 395, 500])
Face([71, 339, 142, 273, 574, 272, 496, 495])
Face([11, 328, 172])
Face([87, 468, 38])
Face([380, 414, 431])
Face([129, 410, 379])
Face([17, 164, 508])
Face([115, 387, 36])
Face([269, 448, 518])
Face([102, 442, 231])
Face([88, 194, 487, 145, 232, 166, 516, 479])
Face([118, 252, 302])
Face([6, 248, 80, 279, 326, 85, 318, 521])
Face([27, 91, 217, 182, 495, 496, 512, 306])
Face([248, 80, 173, 214, 161, 147, 359, 478])
Face([98, 480, 330])
Face([5, 240, 475, 154, 27, 91, 422, 454])
Face([88, 335, 479])
Face([5, 316, 454])
Face([77, 265, 428])
Face([91, 217, 422])
Face([260, 299, 50, 548, 122, 153, 386, 460])
Face([93, 226, 196])
Face([64, 53, 503])
Face([105, 363, 444])
Face([196, 226, 473, 184, 569, 73, 402, 179])
Face([129, 520, 361, 300, 571, 556, 329, 379])
Face([365, 532, 455])
Face([58, 517, 437])
Face([208, 72, 451])
Face([23, 434, 464, 476, 191, 559, 484, 314])
Face([7, 251, 398])
Face([7, 504, 293, 135, 190, 266, 262, 398])
Face([85, 200, 492, 355, 503, 53, 270, 318])
Face([111, 218, 30, 249, 57, 319, 374, 519])
Face([2, 395, 41, 373, 358, 37, 9, 558])
Face([558, 9, 497])
Face([296, 114, 143])
Face([66, 201, 275, 204, 197, 257, 183, 51])
Face([543, 400, 199])
Face([230, 467, 175])
Face([74, 424, 246])
Face([117, 333, 55])
Face([259, 402, 179])
Face([344, 131, 188])
Face([89, 472, 233, 332, 111, 519, 170, 552])
Face([445, 247, 463])
Face([8, 24, 75, 493, 545, 529, 482, 236])
Face([6, 248, 478])
Face([20, 256, 308, 134, 551, 477, 234, 210])
Face([276, 46, 510])
Face([176, 427, 145, 487, 369, 178, 165, 396])
Face([120, 50, 299])
Face([119, 536, 76])
Face([86, 149, 92, 243, 458, 162, 101, 382])
Face([63, 40, 572, 257, 183, 416, 79, 557])
Face([316, 525, 339, 71, 182, 217, 422, 454])
Face([178, 449, 165])
Face([108, 304, 439])
Face([335, 352, 267, 394, 263, 549, 516, 479])
Face([12, 540, 291, 288, 553, 437, 517, 238])
Face([392, 81, 43])
Face([66, 401, 491, 47, 219, 79, 416, 51])
Face([310, 274, 388])
Face([65, 408, 32])
Face([538, 544, 311])
Face([481, 29, 215])
Face([371, 147, 359])
Face([96, 426, 444, 105, 340, 320, 305, 535])
Face([37, 358, 295])
Face([3, 539, 227])
Face([240, 433, 475])
Face([69, 280, 241])
Face([298, 568, 550, 489, 380, 431, 452, 213])
Face([69, 280, 412, 515, 341, 419, 555, 443])
Face([285, 261, 513])
Face([12, 413, 238])
Face([3, 11, 328, 561, 141, 301, 372, 539])
Face([126, 310, 388, 148, 393, 470, 417, 366])
Face([62, 393, 470, 152, 276, 510, 289, 441])
Face([2, 500, 399, 407, 385, 391, 497, 558])
Face([25, 100, 259, 402, 73, 186, 49, 494])
Face([153, 334, 386])
Face([84, 264, 83, 412, 280, 241, 463, 445])
Face([504, 125, 293])
Face([159, 563, 110])
Face([343, 434, 464])
Face([88, 194, 369, 178, 449, 554, 352, 335])
Face([286, 345, 155])
Face([26, 505, 124, 48, 430, 156, 110, 159])
Face([14, 120, 299, 260, 16, 546, 239, 465])
Face([70, 571, 300])
Face([189, 450, 150])
Face([132, 249, 57, 397, 375, 225, 68, 287])
Face([16, 546, 436, 290, 488, 334, 386, 460])
Face([20, 256, 212])
Face([353, 161, 214])
Face([27, 154, 306])
Face([4, 168, 432, 446, 511, 447, 180, 237])
Face([466, 446, 511])
Face([176, 364, 404, 263, 549, 166, 232, 427])
Face([45, 329, 556])
Face([108, 42, 277, 513, 261, 223, 527, 439])
Face([109, 33, 211])
Face([21, 208, 451, 118, 252, 333, 117, 206])
Face([94, 230, 467, 387, 36, 453, 221, 526])
Face([520, 137, 361])
Face([96, 426, 354])
Face([277, 42, 307])
Face([80, 173, 279])
Face([456, 488, 290])
Face([378, 180, 447])
Face([395, 41, 136, 77, 428, 250, 399, 500])
Face([4, 168, 367, 429, 221, 526, 157, 360])
Face([69, 241, 463, 247, 167, 362, 425, 443])
Face([417, 152, 470])
Face([101, 162, 123])
Face([62, 393, 148])
Face([149, 530, 92])
Face([535, 305, 331])
Face([21, 208, 72, 67, 368, 205, 356, 485])
Face([90, 67, 72, 451, 118, 302, 483, 245])
Face([194, 369, 487])
Face([267, 352, 554])
Face([82, 461, 383])
Face([501, 476, 191])
Face([333, 252, 302, 483, 315, 455, 365, 55])
Face([250, 399, 407])
Face([5, 240, 433, 376, 273, 142, 525, 316])
Face([113, 541, 271])
Face([207, 313, 370])
Face([108, 304, 323, 222, 138, 405, 307, 42])
Face([39, 131, 344, 15, 34, 524, 482, 236])
Face([223, 534, 527])
Face([144, 490, 420, 46, 510, 289, 565, 406])
Face([124, 48, 522])
Face([107, 284, 128, 216, 228, 135, 293, 125])
Face([86, 281, 382])
Face([138, 405, 471])
Face([245, 315, 483])
Face([546, 436, 239])
Face([140, 275, 204])
Face([212, 256, 308, 292, 177, 505, 124, 522])
Face([427, 232, 145])
Face([78, 282, 348])
Face([243, 458, 146])
Face([574, 273, 376])
Face([254, 491, 47])
Face([557, 219, 79])
Face([258, 322, 255])
Face([89, 472, 509, 411, 68, 225, 187, 303])
Face([63, 40, 325])
Face([184, 192, 473])
Face([14, 120, 50, 548, 22, 65, 408, 44])
Face([127, 144, 406])
Face([171, 28, 421])
Face([93, 226, 473, 192, 54, 498, 33, 109])
Face([12, 540, 502, 28, 421, 469, 151, 413])
Face([416, 51, 183])
Face([83, 515, 412])
Face([8, 24, 440, 523, 202, 188, 131, 39])
Face([136, 41, 373])
Face([85, 200, 326])
Face([206, 117, 55, 365, 532, 435, 356, 485])
Face([121, 336, 31, 229, 534, 223, 261, 285])
Face([195, 203, 507])
Face([304, 323, 324, 224, 229, 534, 527, 439])
Face([95, 288, 291, 502, 28, 171, 381, 537])
Face([103, 372, 301])
Face([163, 325, 63, 557, 219, 47, 254, 327])
Face([132, 249, 30])
Face([341, 419, 566])
Face([246, 424, 438, 385, 407, 250, 428, 265])
Face([113, 541, 531, 56, 76, 536, 347, 133])
Face([31, 224, 229])
Face([244, 294, 150, 450, 203, 507, 461, 383])
Face([200, 492, 139, 353, 214, 173, 279, 326])
Face([13, 392, 43, 137, 520, 129, 410, 321])
Face([312, 314, 484, 309, 195, 203, 450, 189])
Face([423, 452, 431, 414, 560, 389, 409, 567])
Face([168, 432, 367])
Face([86, 281, 231, 442, 468, 38, 530, 149])
Face([154, 306, 512, 272, 574, 376, 433, 475])
Face([7, 504, 125, 107, 97, 174, 235, 251])
Face([84, 445, 247, 167, 220, 286, 155, 486])
Face([21, 485, 206])
Face([137, 361, 300, 70, 562, 193, 81, 43])
Face([266, 337, 262])
Face([94, 157, 526])
Face([227, 539, 372, 103, 542, 297, 346, 403])
Face([4, 360, 237])
Face([126, 310, 274, 127, 144, 490, 351, 564])
Face([220, 362, 167])
Face([73, 569, 186])
Face([133, 347, 278])
Face([112, 384, 462])
Face([537, 381, 158])
Face([82, 461, 507, 195, 309, 559, 191, 501])
Face([10, 481, 29, 160, 59, 350, 297, 346])
Face([95, 288, 553])
Face([210, 234, 547])
Face([205, 435, 356])
Face([96, 354, 283, 531, 541, 271, 331, 535])
Face([115, 466, 511, 447, 378, 175, 467, 387])
Face([3, 11, 172, 215, 481, 10, 403, 227])
Face([135, 228, 190])
Face([25, 100, 198])
Face([493, 528, 545])
Face([385, 391, 438])
Face([17, 104, 61, 114, 143, 573, 514, 508])
Face([561, 338, 141])
Face([253, 209, 506])
Face([110, 563, 52, 477, 234, 547, 575, 156])
Face([71, 182, 495])
Face([269, 448, 349, 560, 414, 380, 489, 570])
Face([174, 235, 390])
Face([106, 459, 533])
Face([56, 283, 531])
Face([115, 466, 446, 432, 367, 429, 453, 36])
Face([57, 397, 319])
Face([336, 60, 471, 138, 222, 324, 224, 31])
Face([498, 474, 54])
Face([97, 284, 128, 185, 258, 255, 390, 174])
Face([0, 294, 150, 189, 312, 23, 434, 343])
Face([519, 170, 374])
Face([66, 201, 401])
Face([225, 187, 375])
Face([87, 78, 282, 342, 317, 102, 442, 468])
Face([237, 360, 157, 94, 230, 175, 378, 180])
Face([25, 198, 211, 33, 498, 474, 457, 494])
Face([6, 521, 270, 53, 64, 371, 359, 478])
Face([87, 78, 348, 146, 243, 92, 530, 38])
Face([453, 221, 429])
Face([17, 104, 377, 98, 330, 209, 506, 164])
Face([213, 452, 423])
Face([22, 122, 548])
Face([354, 426, 444, 363, 119, 76, 56, 283])
Face([18, 140, 275, 201, 401, 491, 254, 327])
Face([121, 336, 60])
Face([89, 552, 303])
Face([559, 484, 309])
Face([95, 537, 158, 313, 207, 58, 437, 553])
Face([524, 529, 482])
Face([317, 130, 342])
Face([181, 202, 523])
Face([98, 480, 384, 112, 296, 114, 61, 377])
Face([185, 258, 322, 337, 266, 190, 228, 216])
Face([357, 409, 567])
Face([1, 106, 459, 357, 567, 423, 213, 298])
Face([540, 291, 502])
Face([172, 328, 561, 338, 499, 160, 29, 215])
Face([20, 210, 547, 575, 430, 48, 522, 212])
Face([164, 506, 253, 538, 311, 268, 514, 508])
Face([0, 244, 383, 82, 501, 476, 464, 343])
Face([349, 560, 389])
Face([0, 244, 294])
Face([1, 568, 298])
Face([281, 382, 101, 123, 130, 317, 102, 231])
Face([9, 497, 391, 438, 424, 74, 295, 37])
Face([443, 425, 555])
Face([268, 514, 573])
Face([126, 564, 366])
Face([257, 572, 197])
Face([139, 355, 492])
Face([18, 163, 327])
Face([287, 411, 68])
Face([22, 65, 32, 456, 488, 334, 153, 122])
Face([15, 344, 188, 202, 181, 19, 116, 99])
Face([472, 233, 509])
Face([156, 430, 575])
Face([18, 163, 325, 40, 572, 197, 204, 140])
Face([420, 490, 351])
Face([562, 193, 415])
Face([238, 517, 58, 207, 370, 418, 151, 413])
Face([16, 460, 260])
Face([8, 236, 39])
Face([218, 332, 233, 509, 411, 287, 132, 30])
Face([441, 289, 565])
Face([111, 218, 332])
Face([521, 270, 318])
Face([84, 264, 486])
Face([303, 552, 170, 374, 319, 397, 375, 187])
Face([222, 323, 324])
Face([549, 516, 166])
Face([340, 320, 169])
Face([13, 392, 81, 193, 415, 400, 199, 242])
Face([251, 235, 390, 255, 322, 337, 262, 398])
Face([44, 408, 32, 456, 290, 436, 239, 465])
Face([339, 525, 142])
Face([176, 364, 396])
Face([186, 569, 184, 192, 54, 474, 457, 49])
Face([103, 301, 141, 338, 499, 59, 350, 542])
Face([364, 396, 165, 449, 554, 267, 394, 404])
Face([24, 75, 440])
Face([418, 469, 151])
Face([70, 562, 415, 400, 543, 45, 556, 571])
Face([13, 321, 242])
Face([34, 99, 116, 35, 528, 545, 529, 524])
Face([26, 177, 505])
Face([26, 177, 292, 134, 551, 52, 563, 159])
Face([97, 107, 284])
Face([121, 60, 471, 405, 307, 277, 513, 285])
Face([171, 381, 158, 313, 370, 418, 469, 421])
Face([242, 321, 410, 379, 329, 45, 543, 199])
Face([113, 133, 278, 169, 320, 305, 331, 271])
Face([100, 259, 179, 196, 93, 109, 211, 198])
Face([19, 35, 528, 493, 75, 440, 523, 181])
Face([104, 61, 377])
Face([330, 480, 384, 462, 544, 538, 253, 209])
Face([14, 465, 44])
Face([59, 160, 499])
Face([139, 353, 161, 147, 371, 64, 503, 355])
Face([90, 368, 205, 435, 532, 455, 315, 245])
Face([15, 34, 99])
Face([123, 162, 458, 146, 348, 282, 342, 130])
Face([90, 368, 67])
Face([551, 52, 477])
Face([134, 292, 308])
Face([264, 83, 515, 341, 566, 345, 155, 486])
Face([127, 274, 388, 148, 62, 441, 565, 406])
Face([542, 297, 350])
Face([459, 357, 409, 389, 349, 448, 518, 533])
Face([494, 457, 49])
Face([263, 394, 404])
Face([23, 312, 314])
