Face([185, 234, 152])
Face([4, 116, 55, 221])
Face([129, 267, 95, 252])
Face([149, 105, 238])
Face([241, 256, 127, 176])
Face([131, 146, 60, 139])
Face([193, 54, 245])
Face([104, 168, 214])
Face([59, 145, 167, 174])
Face([94, 128, 52, 20])
Face([5, 187, 67, 164])
Face([69, 147, 240, 239])
Face([130, 74, 40, 133])
Face([154, 280, 219])
Face([219, 280, 258, 270])
Face([10, 138, 171])
Face([156, 181, 157, 87])
Face([185, 248, 60, 21])
Face([1, 278, 239, 15])
Face([203, 265, 178, 218])
Face([194, 56, 162])
Face([5, 187, 126, 231])
Face([120, 160, 55, 97])
Face([156, 63, 249, 87])
Face([76, 276, 237])
Face([74, 245, 269, 102])
Face([208, 100, 76])
Face([208, 151, 237, 76])
Face([187, 34, 126])
Face([267, 65, 17])
Face([65, 81, 41, 106])
Face([9, 259, 281, 142])
Face([72, 82, 101])
Face([154, 280, 88, 263])
Face([67, 211, 39, 175])
Face([46, 76, 276, 149])
Face([68, 81, 251, 163])
Face([128, 112, 75])
Face([2, 24, 134, 225])
Face([52, 128, 92, 91])
Face([141, 228, 140, 79])
Face([124, 225, 139, 60])
Face([16, 56, 127, 95])
Face([187, 34, 175, 67])
Face([249, 243, 276])
Face([267, 184, 95])
Face([221, 50, 108])
Face([116, 97, 55])
Face([85, 116, 286, 254])
Face([281, 73, 128, 75])
Face([181, 115, 157])
Face([26, 241, 7, 71])
Face([205, 176, 21])
Face([208, 151, 282, 100])
Face([196, 82, 237])
Face([24, 117, 134])
Face([241, 137, 176])
Face([23, 179, 98, 147])
Face([149, 186, 283, 238])
Face([262, 264, 13])
Face([116, 284, 286])
Face([149, 160, 213, 105])
Face([235, 254, 286])
Face([236, 40, 234])
Face([125, 266, 229])
Face([164, 11, 67])
Face([213, 153, 235, 286])
Face([191, 283, 157, 115])
Face([262, 264, 169, 159])
Face([4, 285, 221])
Face([14, 18, 274])
Face([90, 274, 14, 207])
Face([153, 105, 243, 202])
Face([236, 40, 74, 118])
Face([160, 213, 55])
Face([58, 37, 6])
Face([185, 162, 40, 234])
Face([267, 184, 106, 65])
Face([144, 145, 167])
Face([278, 198, 96, 239])
Face([163, 280, 88, 251])
Face([130, 133, 83, 39])
Face([33, 57, 169, 143])
Face([64, 184, 125])
Face([84, 94, 62, 206])
Face([55, 213, 105, 238])
Face([4, 182, 23])
Face([144, 190, 12])
Face([12, 45, 232, 190])
Face([7, 256, 135, 109])
Face([18, 274, 271, 131])
Face([8, 84, 94])
Face([85, 272, 10, 138])
Face([222, 113, 120, 287])
Face([174, 96, 242])
Face([171, 204, 91, 228])
Face([57, 253, 34, 126])
Face([119, 245, 269])
Face([197, 235, 92])
Face([27, 35, 261])
Face([36, 180, 121, 173])
Face([50, 283, 191])
Face([109, 201, 216, 135])
Face([10, 171, 258, 90])
Face([194, 269, 102])
Face([124, 225, 131, 146])
Face([29, 188, 70])
Face([253, 169, 152, 83])
Face([11, 193, 54, 218])
Face([58, 232, 209, 37])
Face([74, 40, 102])
Face([156, 63, 11, 164])
Face([26, 146, 271, 154])
Face([249, 157, 87])
Face([256, 216, 135])
Face([250, 216, 177])
Face([26, 154, 263, 247])
Face([247, 146, 271, 263])
Face([278, 240, 239])
Face([138, 171, 228, 254])
Face([9, 259, 260, 100])
Face([259, 281, 275, 287])
Face([144, 145, 255, 190])
Face([164, 161, 229, 67])
Face([170, 122, 110, 279])
Face([53, 114, 277])
Face([203, 265, 206])
Face([165, 132, 199])
Face([192, 76, 46])
Face([51, 172, 234, 236])
Face([104, 227, 180])
Face([198, 80, 167])
Face([248, 139, 86, 189])
Face([178, 72, 206, 265])
Face([49, 102, 269, 208])
Face([10, 272, 147, 207])
Face([65, 81, 68, 135])
Face([249, 243, 77, 87])
Face([22, 212, 37])
Face([6, 165, 80, 198])
Face([25, 137, 247])
Face([150, 179, 166, 136])
Face([19, 51, 236])
Face([71, 154, 219, 30])
Face([5, 215, 48, 231])
Face([47, 98, 14])
Face([253, 83, 255])
Face([19, 236, 118, 61])
Face([125, 184, 177, 265])
Face([59, 44, 174])
Face([129, 145, 255])
Face([71, 30, 103])
Face([0, 2, 158])
Face([78, 33, 261, 35])
Face([262, 159, 189])
Face([7, 109, 103, 71])
Face([20, 41, 99, 62])
Face([119, 250, 43])
Face([14, 98, 53, 18])
Face([282, 217, 101])
Face([53, 179, 166, 277])
Face([11, 218, 203])
Face([150, 35, 261, 136])
Face([164, 11, 203, 161])
Face([2, 225, 124])
Face([28, 7, 71])
Face([1, 262, 159, 15])
Face([59, 145, 255, 253])
Face([117, 226, 277, 134])
Face([61, 48, 261, 111])
Face([191, 283, 186, 233])
Face([52, 91, 204, 163])
Face([22, 212, 90, 207])
Face([0, 208, 100, 158])
Face([65, 106, 135])
Face([41, 104, 227, 99])
Face([128, 75, 235, 92])
Face([210, 96, 174, 44])
Face([29, 244, 223])
Face([221, 238, 55])
Face([22, 14, 207])
Face([12, 129, 255, 190])
Face([195, 77, 87])
Face([259, 281, 30])
Face([111, 136, 261])
Face([15, 159, 189, 47])
Face([4, 285, 179, 23])
Face([187, 211, 32, 215])
Face([75, 275, 286, 235])
Face([182, 107, 38, 108])
Face([0, 2, 124, 205])
Face([25, 137, 176, 21])
Face([133, 83, 152])
Face([32, 181, 115, 118])
Face([212, 88, 263])
Face([54, 196, 237, 151])
Face([0, 49, 24, 2])
Face([1, 58, 262])
Face([38, 200, 279, 107])
Face([117, 233, 191, 226])
Face([132, 81, 251, 199])
Face([1, 262, 189, 47])
Face([236, 148, 118])
Face([3, 26, 71, 28])
Face([248, 172, 189])
Face([24, 93, 31, 134])
Face([231, 126, 44, 246])
Face([30, 222, 219])
Face([183, 161, 203, 206])
Face([75, 153, 235])
Face([159, 189, 172, 143])
Face([51, 257, 277, 226])
Face([285, 114, 53, 179])
Face([267, 17, 127, 95])
Face([2, 24, 93])
Face([193, 32, 74, 245])
Face([10, 171, 141, 268])
Face([143, 169, 152, 234])
Face([78, 33, 57])
Face([8, 123, 197])
Face([213, 153, 75, 275])
Face([187, 126, 48, 215])
Face([4, 221, 108, 182])
Face([178, 72, 101, 217])
Face([213, 275, 286])
Face([268, 240, 155])
Face([201, 9, 282, 217])
Face([274, 212, 263, 271])
Face([47, 189, 86])
Face([84, 202, 112])
Face([78, 159, 143, 33])
Face([170, 122, 188])
Face([49, 192, 24])
Face([63, 193, 32, 181])
Face([129, 64, 252])
Face([34, 253, 83, 39])
Face([178, 177, 216, 217])
Face([27, 224, 223])
Face([123, 202, 243, 77])
Face([223, 107, 38])
Face([71, 154, 280, 103])
Face([119, 43, 151, 269])
Face([16, 56, 162, 133])
Face([133, 40, 234, 152])
Face([49, 192, 233, 148])
Face([77, 105, 243])
Face([12, 267, 65, 132])
Face([178, 265, 177])
Face([239, 96, 210])
Face([227, 266, 230])
Face([93, 120, 160, 46])
Face([123, 200, 77])
Face([100, 282, 237, 76])
Face([198, 80, 36, 155])
Face([22, 212, 274, 14])
Face([170, 200, 279])
Face([34, 59, 44, 126])
Face([27, 35, 210, 246])
Face([117, 233, 148])
Face([16, 95, 250, 119])
Face([45, 137, 247, 209])
Face([213, 105, 153])
Face([205, 124, 60, 21])
Face([8, 170, 183])
Face([116, 286, 213, 55])
Face([159, 169, 143])
Face([94, 20, 62])
Face([221, 285, 97, 55])
Face([259, 30, 222, 287])
Face([222, 275, 286, 284])
Face([194, 162, 21, 205])
Face([134, 277, 114, 31])
Face([85, 138, 254])
Face([94, 20, 91, 92])
Face([15, 78, 210, 239])
Face([143, 234, 172])
Face([7, 256, 216, 201])
Face([86, 257, 139])
Face([11, 193, 63])
Face([124, 146, 60])
Face([15, 69, 35, 78])
Face([45, 137, 17])
Face([5, 156, 164])
Face([130, 74, 32, 211])
Face([149, 186, 276])
Face([104, 180, 80, 214])
Face([98, 53, 179])
Face([19, 33, 261, 111])
Face([51, 226, 117])
Face([20, 104, 41])
Face([221, 50, 283, 238])
Face([248, 139, 60])
Face([149, 160, 55, 238])
Face([1, 15, 47])
Face([43, 217, 216, 250])
Face([20, 104, 227, 62])
Face([109, 68, 135])
Face([16, 130, 39, 252])
Face([123, 197, 279, 200])
Face([27, 223, 244, 246])
Face([278, 240, 155, 198])
Face([203, 218, 72, 206])
Face([183, 161, 230])
Face([45, 232, 209])
Face([89, 42, 271, 131])
Face([22, 278, 240, 207])
Face([30, 219, 280, 103])
Face([90, 274, 212])
Face([57, 126, 44])
Face([4, 85, 272, 23])
Face([29, 223, 27, 231])
Face([219, 42, 270])
Face([80, 180, 66, 167])
Face([85, 272, 273])
Face([285, 114, 277, 166])
Face([248, 139, 257, 172])
Face([268, 155, 36, 141])
Face([29, 70, 38, 223])
Face([94, 128, 92])
Face([16, 56, 119])
Face([142, 73, 281])
Face([34, 175, 39])
Face([46, 160, 287, 260])
Face([171, 228, 141])
Face([82, 243, 276, 237])
Face([89, 113, 120, 31])
Face([37, 209, 263, 212])
Face([57, 44, 59, 253])
Face([195, 77, 105, 238])
Face([201, 216, 217])
Face([52, 128, 73])
Face([20, 104, 168, 91])
Face([31, 120, 97, 114])
Face([183, 62, 206])
Face([23, 147, 69, 150])
Face([256, 216, 250, 127])
Face([61, 115, 118])
Face([185, 162, 21])
Face([84, 72, 206])
Face([231, 27, 246])
Face([1, 58, 6, 278])
Face([150, 224, 27, 35])
Face([49, 24, 117, 148])
Face([203, 229, 125, 265])
Face([19, 61, 111])
Face([109, 73, 142, 201])
Face([156, 87, 70])
Face([6, 144, 167, 198])
Face([15, 159, 78])
Face([203, 161, 229])
Face([220, 66, 266])
Face([56, 176, 127])
Face([74, 118, 148, 102])
Face([10, 268, 240, 207])
Face([180, 121, 230, 227])
Face([111, 136, 50, 191])
Face([106, 184, 177])
Face([81, 251, 214])
Face([158, 28, 259, 260])
Face([11, 67, 229, 203])
Face([58, 190, 264, 262])
Face([90, 258, 88, 212])
Face([16, 130, 133])
Face([6, 144, 165])
Face([236, 40, 102, 148])
Face([7, 201, 109])
Face([69, 35, 210, 239])
Face([165, 214, 251, 199])
Face([93, 260, 46])
Face([2, 225, 31, 93])
Face([274, 42, 271])
Face([252, 83, 39])
Face([170, 122, 230, 183])
Face([223, 224, 108, 38])
Face([175, 64, 220])
Face([29, 244, 246, 231])
Face([183, 62, 227, 230])
Face([268, 240, 147, 272])
Face([99, 265, 125])
Face([24, 192, 46, 93])
Face([49, 148, 102])
Face([51, 236, 148, 117])
Face([251, 88, 258, 204])
Face([28, 9, 259])
Face([18, 89, 114, 53])
Face([262, 13, 248, 189])
Face([18, 89, 42, 274])
Face([164, 161, 188])
Face([149, 105, 243, 276])
Face([225, 134, 31])
Face([8, 197, 92, 94])
Face([282, 237, 151])
Face([82, 202, 243])
Face([107, 110, 279])
Face([205, 3, 241, 176])
Face([190, 264, 255])
Face([37, 212, 88, 199])
Face([8, 170, 279, 197])
Face([138, 284, 270])
Face([34, 59, 253])
Face([11, 218, 196, 63])
Face([225, 131, 89, 31])
Face([225, 139, 257, 134])
Face([119, 245, 54, 43])
Face([51, 257, 172])
Face([20, 41, 68, 52])
Face([215, 32, 181])
Face([79, 140, 279, 110])
Face([130, 74, 245])
Face([154, 219, 42, 271])
Face([98, 147, 69])
Face([103, 280, 163])
Face([47, 86, 18, 14])
Face([45, 17, 65, 132])
Face([1, 58, 37, 22])
Face([197, 235, 254, 140])
Face([29, 188, 122, 244])
Face([91, 168, 141, 228])
Face([75, 153, 202, 112])
Face([52, 73, 103, 163])
Face([173, 121, 242])
Face([16, 130, 245, 119])
Face([36, 155, 173])
Face([41, 106, 135, 68])
Face([50, 136, 166])
Face([36, 168, 141])
Face([156, 164, 188, 70])
Face([33, 48, 261])
Face([84, 94, 128, 112])
Face([109, 73, 52, 68])
Face([252, 64, 175, 39])
Face([241, 256, 7])
Face([109, 73, 103])
Face([12, 129, 267])
Face([218, 72, 178])
Face([45, 232, 25, 137])
Face([249, 276, 186, 157])
Face([59, 145, 220])
Face([13, 185, 21, 25])
Face([158, 3, 28])
Face([63, 193, 54, 196])
Face([78, 210, 35])
Face([246, 210, 44])
Face([30, 281, 275, 222])
Face([18, 89, 131])
Face([224, 136, 50, 108])
Face([219, 222, 284, 270])
Face([23, 179, 150])
Face([0, 49, 102, 194])
Face([160, 287, 275, 213])
Face([20, 91, 52])
Face([131, 146, 271])
Face([26, 154, 71])
Face([8, 94, 62, 183])
Face([62, 99, 227])
Face([166, 226, 277])
Face([192, 186, 149, 46])
Face([13, 232, 25])
Face([18, 131, 139, 86])
Face([36, 168, 214, 80])
Face([10, 138, 270, 90])
Face([22, 37, 6, 278])
Face([95, 184, 177, 250])
Face([86, 257, 172, 189])
Face([187, 34, 39, 211])
Face([0, 194, 205])
Face([215, 48, 61])
Face([244, 242, 173, 110])
Face([0, 208, 269, 194])
Face([225, 131, 139])
Face([89, 114, 31])
Face([18, 86, 53])
Face([171, 258, 204])
Face([8, 84, 206, 183])
Face([4, 85, 273, 182])
Face([144, 165, 80, 167])
Face([222, 113, 284])
Face([150, 224, 136])
Face([50, 166, 226, 191])
Face([49, 192, 76, 208])
Face([9, 282, 101, 142])
Face([198, 96, 174, 167])
Face([196, 249, 243, 82])
Face([133, 40, 162])
Face([120, 97, 113])
Face([129, 64, 184, 267])
Face([19, 236, 234, 143])
Face([123, 153, 235, 197])
Face([142, 112, 75, 281])
Face([194, 162, 40, 102])
Face([282, 217, 43, 151])
Face([8, 170, 200, 123])
Face([78, 159, 169, 57])
Face([98, 179, 150, 69])
Face([42, 113, 284, 270])
Face([132, 81, 65])
Face([268, 155, 173, 79])
Face([171, 204, 168, 141])
Face([163, 280, 258, 204])
Face([4, 285, 97, 116])
Face([246, 242, 244])
Face([246, 210, 96, 242])
Face([70, 200, 77, 87])
Face([244, 242, 121, 122])
Face([38, 200, 77, 195])
Face([264, 169, 253, 255])
Face([197, 140, 279])
Face([180, 66, 266, 227])
Face([52, 163, 68])
Face([190, 232, 13, 264])
Face([264, 152, 169])
Face([67, 229, 175])
Face([58, 232, 13, 262])
Face([23, 272, 147])
Face([95, 184, 64, 252])
Face([58, 232, 190])
Face([218, 72, 82, 196])
Face([46, 160, 149])
Face([90, 258, 270])
Face([282, 237, 82, 101])
Face([43, 151, 54])
Face([199, 88, 251])
Face([120, 160, 287])
Face([59, 220, 66, 174])
Face([107, 273, 140, 279])
Face([0, 208, 49])
Face([1, 22, 14, 47])
Face([165, 80, 214])
Face([93, 120, 31])
Face([129, 64, 220, 145])
Face([26, 146, 247])
Face([124, 3, 26, 146])
Face([91, 228, 92])
Face([285, 97, 114])
Face([25, 60, 146, 247])
Face([70, 200, 38])
Face([3, 241, 7, 28])
Face([256, 17, 65, 135])
Face([19, 51, 172, 143])
Face([19, 33, 143])
Face([100, 260, 46, 76])
Face([220, 64, 125, 266])
Face([155, 96, 242, 173])
Face([54, 245, 269, 151])
Face([182, 224, 108])
Face([182, 273, 107])
Face([180, 121, 66])
Face([130, 211, 39])
Face([142, 112, 101])
Face([41, 104, 214, 81])
Face([205, 3, 124])
Face([239, 96, 155, 240])
Face([256, 17, 127])
Face([43, 178, 177, 250])
Face([168, 204, 251, 214])
Face([19, 33, 48, 61])
Face([56, 127, 250, 119])
Face([82, 202, 112, 101])
Face([207, 240, 147])
Face([144, 12, 132, 165])
Face([191, 233, 115])
Face([115, 233, 186, 157])
Face([111, 226, 191])
Face([53, 86, 257, 277])
Face([285, 179, 166])
Face([281, 275, 75])
Face([192, 233, 186])
Face([61, 115, 191, 111])
Face([15, 69, 98, 47])
Face([13, 248, 185])
Face([174, 66, 121, 242])
Face([192, 186, 276, 76])
Face([88, 280, 258])
Face([116, 97, 113, 284])
Face([28, 9, 201, 7])
Face([221, 108, 195, 238])
Face([268, 272, 273, 79])
Face([5, 187, 215])
Face([78, 210, 44, 57])
Face([15, 69, 239])
Face([16, 252, 95])
Face([142, 112, 128, 73])
Face([5, 164, 188, 29])
Face([12, 132, 45])
Face([5, 156, 181, 215])
Face([47, 86, 53, 98])
Face([69, 35, 150])
Face([89, 113, 97, 114])
Face([23, 150, 224, 182])
Face([85, 273, 140, 254])
Face([5, 29, 231])
Face([34, 175, 220, 59])
Face([93, 120, 287, 260])
Face([123, 153, 202])
Face([108, 50, 283, 195])
Face([56, 176, 21, 162])
Face([9, 282, 100])
Face([118, 148, 233, 115])
Face([36, 80, 180])
Face([11, 193, 211, 67])
Face([196, 249, 276, 237])
Face([10, 272, 268])
Face([17, 137, 176, 127])
Face([109, 68, 163, 103])
Face([259, 260, 287])
Face([163, 204, 251])
Face([174, 66, 167])
Face([201, 9, 142])
Face([140, 228, 254])
Face([207, 147, 98, 14])
Face([63, 249, 196])
Face([2, 93, 260, 158])
Face([268, 141, 79])
Face([111, 136, 166, 226])
Face([10, 90, 207])
Face([175, 64, 125, 229])
Face([195, 283, 157, 87])
Face([3, 241, 26])
Face([99, 106, 184, 125])
Face([218, 196, 54])
Face([16, 252, 83, 133])
Face([79, 140, 273])
Face([2, 124, 3, 158])
Face([62, 99, 265, 206])
Face([12, 267, 17, 45])
Face([221, 50, 166, 285])
Face([99, 227, 266, 125])
Face([144, 145, 129, 12])
Face([223, 107, 110, 244])
Face([5, 156, 70, 29])
Face([41, 106, 99])
Face([45, 209, 199, 132])
Face([84, 72, 82, 202])
Face([194, 269, 119, 56])
Face([8, 123, 202, 84])
Face([208, 269, 151])
Face([158, 100, 260])
Face([193, 211, 130, 245])
Face([99, 265, 177, 106])
Face([231, 48, 126])
Face([188, 161, 230, 122])
Face([51, 257, 134, 117])
Face([107, 273, 79, 110])
Face([26, 241, 137, 247])
Face([6, 37, 199, 165])
Face([266, 229, 161, 230])
Face([170, 200, 70, 188])
Face([158, 28, 9, 100])
Face([57, 169, 253])
Face([222, 275, 287])
Face([33, 48, 126, 57])
Face([1, 278, 22])
Face([247, 209, 263])
Face([138, 284, 286, 254])
Face([41, 81, 68])
Face([193, 32, 211])
Face([66, 121, 230, 266])
Face([63, 249, 157, 181])
Face([195, 283, 238])
Face([154, 271, 263])
Face([121, 230, 122])
Face([58, 190, 144, 6])
Face([19, 51, 226, 111])
Face([165, 132, 81, 214])
Face([134, 277, 257])
Face([231, 48, 261, 27])
Face([138, 171, 258, 270])
Face([23, 272, 273, 182])
Face([38, 195, 108])
Face([198, 96, 155])
Face([129, 252, 83, 255])
Face([70, 38, 195, 87])
Face([25, 232, 209, 247])
Face([278, 198, 6])
Face([24, 192, 233, 117])
Face([4, 116, 85])
Face([175, 220, 266, 229])
Face([215, 32, 118, 61])
Face([194, 56, 176, 205])
Face([197, 140, 228, 92])
Face([123, 153, 105, 77])
Face([13, 248, 60, 25])
Face([84, 72, 101, 112])
Face([218, 178, 43, 54])
Face([13, 264, 152, 185])
Face([37, 209, 199])
Face([28, 259, 30, 71])
Face([43, 217, 178])
Face([170, 188, 161, 183])
Face([27, 224, 136, 261])
Face([201, 217, 101, 142])
Face([185, 248, 172, 234])
Face([182, 224, 223, 107])
Face([187, 67, 211])
Face([235, 92, 228, 254])
Face([30, 281, 73, 103])
Face([0, 205, 3, 158])
Face([215, 61, 115, 181])
Face([283, 186, 157])
Face([36, 141, 79, 173])
Face([32, 74, 118])
Face([244, 122, 110])
Face([89, 113, 42])
Face([185, 152, 133, 162])
Face([145, 220, 66, 167])
Face([91, 168, 204])
Face([95, 250, 127])
Face([106, 177, 216, 135])
Face([241, 256, 17, 137])
Face([104, 168, 36, 180])
Face([219, 42, 113, 222])
Face([199, 88, 263, 209])
Face([246, 242, 174, 44])
Face([156, 63, 181])
Face([85, 138, 284, 116])
Face([25, 21, 60])
Face([173, 110, 79])
Face([264, 152, 83, 255])
Face([90, 274, 42, 270])
Face([173, 121, 122, 110])
