Face([14, 57, 122])
Face([202, 140, 244])
Face([144, 192, 224, 148])
Face([38, 211, 119, 190])
Face([204, 154, 129, 58])
Face([54, 56, 22])
Face([258, 148, 113])
Face([22, 56, 89, 201])
Face([8, 141, 11, 103])
Face([142, 224, 213, 131])
Face([200, 64, 146, 231])
Face([16, 137, 98])
Face([268, 114, 180, 260])
Face([48, 65, 62, 247])
Face([198, 210, 220])
Face([259, 101, 55])
Face([130, 156, 249, 139])
Face([39, 128, 182, 112])
Face([249, 192, 158])
Face([194, 12, 47])
Face([86, 97, 246])
Face([59, 232, 140, 244])
Face([24, 96, 270, 278])
Face([125, 187, 120, 261])
Face([34, 171, 78, 69])
Face([200, 25, 280, 219])
Face([237, 240, 225])
Face([33, 258, 113, 94])
Face([0, 222, 160])
Face([121, 68, 167, 110])
Face([73, 169, 40, 36])
Face([3, 116, 239])
Face([8, 241, 252, 236])
Face([233, 282, 154])
Face([142, 224, 148])
Face([184, 42, 186, 238])
Face([80, 201, 92])
Face([163, 62, 138, 180])
Face([258, 48, 65])
Face([2, 117, 156, 157])
Face([169, 168, 240])
Face([37, 232, 140])
Face([3, 186, 42, 239])
Face([2, 157, 21, 199])
Face([15, 60, 6, 255])
Face([14, 31, 95])
Face([120, 178, 276, 247])
Face([52, 227, 229])
Face([160, 29, 17, 222])
Face([147, 40, 169])
Face([114, 180, 138])
Face([186, 256, 230, 51])
Face([50, 72, 119, 77])
Face([7, 200, 231, 209])
Face([5, 121, 269, 266])
Face([1, 99, 22, 54])
Face([24, 38, 278])
Face([43, 104, 124])
Face([62, 138, 135])
Face([172, 233, 257, 12])
Face([109, 96, 270, 274])
Face([108, 131, 53, 94])
Face([106, 171, 78])
Face([226, 168, 240, 155])
Face([266, 40, 269])
Face([127, 178, 187, 77])
Face([2, 207, 157])
Face([183, 58, 251, 281])
Face([70, 276, 205])
Face([207, 107, 220])
Face([79, 204, 251, 150])
Face([5, 121, 147])
Face([15, 115, 60])
Face([82, 225, 85])
Face([263, 274, 229, 227])
Face([17, 29, 256, 245])
Face([9, 73, 36, 52])
Face([47, 212, 263])
Face([4, 193, 156, 130])
Face([280, 219, 205])
Face([255, 170, 93])
Face([145, 136, 161])
Face([46, 281, 150, 188])
Face([103, 59, 166, 11])
Face([268, 260, 181, 44])
Face([142, 148, 113, 53])
Face([267, 23, 158, 30])
Face([69, 127, 77, 119])
Face([145, 200, 64, 88])
Face([216, 179, 133])
Face([37, 232, 59, 166])
Face([39, 128, 83])
Face([32, 265, 176, 75])
Face([9, 109, 96, 87])
Face([222, 17, 191])
Face([237, 240, 155, 91])
Face([272, 129, 154])
Face([26, 144, 173, 50])
Face([132, 196, 191])
Face([19, 208, 225, 82])
Face([116, 228, 61, 239])
Face([209, 202, 244, 253])
Face([12, 257, 267])
Face([57, 81, 170, 93])
Face([15, 115, 37, 255])
Face([6, 60, 115, 37])
Face([66, 123, 83])
Face([34, 205, 276, 127])
Face([39, 112, 92, 111])
Face([177, 105, 253])
Face([95, 114, 138, 197])
Face([49, 90, 101])
Face([278, 252, 113, 53])
Face([197, 216, 138])
Face([99, 121, 5, 235])
Face([160, 106, 78, 279])
Face([117, 175, 248, 199])
Face([80, 259, 55, 92])
Face([32, 265, 116, 3])
Face([114, 138, 216, 179])
Face([285, 50, 173])
Face([144, 148, 173])
Face([284, 61, 97, 35])
Face([160, 106, 124])
Face([70, 185, 260])
Face([268, 219, 260])
Face([109, 274, 263])
Face([285, 276, 247])
Face([238, 107, 172, 10])
Face([190, 174, 230])
Face([28, 64, 171, 106])
Face([244, 253, 133])
Face([47, 152, 218])
Face([98, 224, 213, 84])
Face([46, 281, 183])
Face([72, 69, 119])
Face([284, 35, 234, 221])
Face([132, 245, 17, 191])
Face([257, 227, 263])
Face([20, 204, 58, 271])
Face([13, 233, 282, 49])
Face([80, 201, 22, 287])
Face([38, 190, 118])
Face([128, 195, 181])
Face([202, 179, 133, 244])
Face([236, 211, 252])
Face([199, 248, 42])
Face([264, 46, 71])
Face([172, 233, 210])
Face([118, 152, 230, 190])
Face([265, 176, 206, 67])
Face([82, 8, 237, 225])
Face([46, 188, 196, 71])
Face([9, 169, 240, 87])
Face([52, 227, 282, 36])
Face([259, 101, 269, 110])
Face([86, 251, 58, 271])
Face([284, 35, 220])
Face([23, 158, 192, 27])
Face([272, 129, 183, 46])
Face([235, 85, 5])
Face([159, 175, 221, 61])
Face([141, 11, 43])
Face([3, 75, 10, 238])
Face([3, 186, 238])
Face([254, 248, 175, 280])
Face([257, 233, 282, 227])
Face([45, 168, 208])
Face([0, 28, 15])
Face([32, 75, 151, 17])
Face([190, 242, 119])
Face([120, 178, 187])
Face([87, 155, 191, 132])
Face([65, 62, 63])
Face([177, 41, 146])
Face([203, 243, 111, 55])
Face([234, 195, 221])
Face([69, 78, 242, 119])
Face([116, 176, 217, 228])
Face([142, 283, 270, 53])
Face([132, 196, 151, 245])
Face([167, 110, 215, 262])
Face([261, 105, 253, 133])
Face([70, 260, 219, 205])
Face([38, 118, 270, 278])
Face([125, 105, 261])
Face([280, 185, 260, 219])
Face([165, 213, 84, 223])
Face([79, 154, 204])
Face([193, 26, 21, 156])
Face([198, 210, 20, 123])
Face([184, 42, 239])
Face([31, 44, 114, 95])
Face([134, 44, 31])
Face([14, 202, 179, 95])
Face([2, 284, 221, 117])
Face([18, 80, 92, 111])
Face([183, 129, 215, 262])
Face([33, 258, 165])
Face([136, 161, 217, 206])
Face([91, 104, 124, 102])
Face([237, 91, 24])
Face([181, 195, 185, 260])
Face([272, 188, 46])
Face([79, 204, 210, 172])
Face([49, 282, 164, 101])
Face([5, 266, 40, 147])
Face([264, 46, 281, 170])
Face([57, 81, 262, 122])
Face([2, 117, 199])
Face([56, 89, 165, 33])
Face([109, 218, 47, 263])
Face([250, 261, 133])
Face([100, 205, 219, 231])
Face([82, 8, 103])
Face([279, 78, 275, 51])
Face([66, 143, 271])
Face([80, 74, 287])
Face([281, 150, 251])
Face([15, 115, 41, 28])
Face([66, 123, 243, 111])
Face([287, 110, 167])
Face([265, 176, 116])
Face([0, 222, 60, 15])
Face([54, 56, 65, 63])
Face([142, 131, 53])
Face([4, 193, 285])
Face([2, 184, 42, 199])
Face([18, 80, 259])
Face([95, 74, 197])
Face([9, 169, 40, 52])
Face([19, 232, 45, 208])
Face([44, 114, 180, 181])
Face([112, 223, 92])
Face([36, 40, 269, 164])
Face([6, 264, 71, 226])
Face([127, 178, 276])
Face([279, 78, 242])
Face([241, 252, 278])
Face([75, 150, 188, 151])
Face([5, 266, 108])
Face([27, 283, 142])
Face([166, 115, 41, 177])
Face([65, 89, 135, 62])
Face([0, 32, 17, 222])
Face([45, 273, 68, 208])
Face([37, 140, 93, 255])
Face([57, 140, 232, 273])
Face([214, 149, 212, 23])
Face([259, 101, 164, 215])
Face([30, 137, 243, 198])
Face([1, 82, 85, 235])
Face([108, 33, 165, 213])
Face([45, 232, 273])
Face([121, 147, 40, 269])
Face([108, 266, 90, 213])
Face([122, 76, 126, 262])
Face([281, 150, 176, 206])
Face([256, 152, 230])
Face([4, 163, 247, 285])
Face([27, 192, 144])
Face([73, 196, 71])
Face([50, 72, 69, 127])
Face([264, 81, 183, 46])
Face([25, 254, 248, 159])
Face([122, 74, 76])
Face([126, 215, 129, 58])
Face([5, 147, 225, 85])
Face([18, 76, 126])
Face([86, 217, 161, 246])
Face([26, 72, 174, 214])
Face([200, 64, 25])
Face([141, 43, 124, 102])
Face([70, 185, 280, 205])
Face([283, 274, 270])
Face([0, 265, 67, 15])
Face([99, 22, 287])
Face([96, 118, 270])
Face([117, 130, 195, 221])
Face([93, 136, 206, 170])
Face([197, 201, 135, 138])
Face([266, 40, 52, 229])
Face([286, 202, 140, 93])
Face([159, 162, 228, 61])
Face([50, 77, 127])
Face([285, 50, 127, 276])
Face([118, 149, 174, 190])
Face([18, 66, 111])
Face([135, 138, 180, 182])
Face([48, 120, 63, 65])
Face([139, 128, 182])
Face([7, 200, 219, 268])
Face([87, 240, 155])
Face([100, 178, 276, 205])
Face([193, 249, 156])
Face([157, 158, 30, 207])
Face([79, 154, 272, 188])
Face([284, 61, 221])
Face([163, 62, 247])
Face([86, 217, 251])
Face([102, 242, 124])
Face([8, 241, 237])
Face([132, 218, 245])
Face([193, 26, 50, 285])
Face([73, 272, 188, 196])
Face([7, 200, 145])
Face([238, 107, 12, 194])
Face([63, 216, 133, 261])
Face([177, 146, 231, 253])
Face([6, 226, 60])
Face([257, 267, 212, 263])
Face([266, 269, 101, 90])
Face([21, 277, 174, 214])
Face([283, 149, 118, 270])
Face([97, 234, 221, 61])
Face([28, 41, 106])
Face([134, 31, 14, 286])
Face([278, 53, 270])
Face([36, 282, 164])
Face([186, 51, 279, 29])
Face([44, 153, 181])
Face([2, 284, 220, 207])
Face([13, 203, 49])
Face([111, 92, 55])
Face([34, 69, 127])
Face([108, 131, 213])
Face([16, 137, 243, 39])
Face([120, 63, 62, 247])
Face([1, 250, 103, 82])
Face([86, 97, 228, 217])
Face([39, 83, 66, 111])
Face([20, 210, 204])
Face([228, 161, 217])
Face([184, 238, 3, 239])
Face([122, 262, 167])
Face([184, 107, 238])
Face([19, 68, 208])
Face([22, 201, 197])
Face([203, 137, 98, 84])
Face([13, 203, 243, 198])
Face([0, 32, 265])
Face([90, 213, 131, 229])
Face([98, 224, 165, 223])
Face([83, 128, 181, 153])
Face([25, 280, 175, 159])
Face([99, 121, 110, 287])
Face([87, 96, 24])
Face([73, 272, 36])
Face([245, 256, 152, 218])
Face([4, 163, 182, 139])
Face([34, 100, 205])
Face([18, 66, 143, 76])
Face([16, 98, 192, 249])
Face([273, 81, 262, 167])
Face([38, 211, 252, 278])
Face([37, 115, 166])
Face([26, 72, 50])
Face([117, 221, 175])
Face([16, 112, 39])
Face([165, 89, 223])
Face([208, 168, 240, 225])
Face([151, 17, 245])
Face([67, 136, 206])
Face([166, 59, 244])
Face([184, 107, 220, 284])
Face([85, 225, 237, 241])
Face([63, 62, 138, 216])
Face([108, 266, 229, 131])
Face([142, 283, 274, 131])
Face([20, 204, 251, 86])
Face([57, 81, 273])
Face([20, 35, 97, 86])
Face([139, 16, 249])
Face([130, 195, 128, 139])
Face([203, 84, 55])
Face([98, 192, 224])
Face([199, 277, 21])
Face([238, 194, 10])
Face([86, 246, 143, 271])
Face([141, 236, 211, 102])
Face([102, 242, 119, 211])
Face([235, 33, 108, 5])
Face([177, 105, 100, 146])
Face([234, 153, 83])
Face([211, 77, 119])
Face([186, 256, 29])
Face([5, 108, 94, 85])
Face([0, 32, 29, 160])
Face([25, 280, 254])
Face([222, 60, 226, 191])
Face([112, 223, 89, 135])
Face([52, 40, 36])
Face([20, 123, 35])
Face([200, 219, 231])
Face([250, 261, 125, 103])
Face([73, 272, 46, 71])
Face([145, 162, 88])
Face([54, 216, 133, 250])
Face([32, 3, 186, 29])
Face([229, 274, 131])
Face([39, 243, 111])
Face([239, 42, 248, 159])
Face([1, 99, 235])
Face([234, 83, 128, 195])
Face([237, 240, 87, 24])
Face([212, 283, 149])
Face([75, 10, 79, 150])
Face([79, 154, 233, 172])
Face([209, 253, 231])
Face([186, 256, 194, 238])
Face([254, 280, 205, 34])
Face([236, 211, 77, 187])
Face([2, 184, 107, 207])
Face([209, 179, 114, 268])
Face([6, 45, 232, 37])
Face([214, 174, 149])
Face([27, 192, 224, 142])
Face([164, 269, 110, 215])
Face([193, 144, 26])
Face([48, 189, 173])
Face([9, 52, 109])
Face([8, 236, 125, 103])
Face([0, 28, 106, 160])
Face([165, 224, 213])
Face([38, 190, 242, 102])
Face([47, 152, 149, 212])
Face([4, 130, 139])
Face([266, 90, 229])
Face([120, 178, 105, 261])
Face([98, 84, 223])
Face([97, 234, 153, 246])
Face([165, 224, 148, 258])
Face([99, 235, 56, 22])
Face([14, 122, 76, 31])
Face([159, 248, 175])
Face([73, 169, 168, 71])
Face([56, 65, 258, 33])
Face([9, 132, 218, 109])
Face([95, 179, 216, 197])
Face([35, 234, 83, 123])
Face([4, 130, 185, 70])
Face([189, 187, 77])
Face([152, 149, 174, 230])
Face([66, 83, 153, 143])
Face([13, 198, 30])
Face([27, 144, 148, 142])
Face([4, 163, 70])
Face([209, 231, 219, 268])
Face([75, 150, 176])
Face([26, 144, 27, 214])
Face([90, 213, 84])
Face([49, 282, 227])
Face([1, 250, 59, 19])
Face([11, 177, 166])
Face([193, 144, 192, 249])
Face([48, 120, 187, 189])
Face([54, 216, 63])
Face([57, 140, 93])
Face([2, 184, 284])
Face([265, 88, 162, 116])
Face([254, 275, 69, 34])
Face([20, 210, 220, 35])
Face([7, 134, 286])
Face([97, 228, 61])
Face([254, 275, 78, 171])
Face([87, 96, 218, 132])
Face([32, 75, 3])
Face([94, 53, 113])
Face([183, 81, 170, 281])
Face([16, 112, 223, 98])
Face([201, 89, 135])
Face([145, 161, 228, 162])
Face([10, 151, 245, 194])
Face([0, 265, 88, 28])
Face([264, 81, 170])
Face([15, 67, 88, 28])
Face([99, 68, 167, 287])
Face([60, 104, 155, 226])
Face([25, 64, 88, 162])
Face([34, 171, 146, 100])
Face([236, 252, 189, 187])
Face([206, 176, 217])
Face([109, 96, 218])
Face([250, 59, 244, 133])
Face([281, 170, 206])
Face([36, 272, 154, 282])
Face([151, 17, 191, 196])
Face([237, 241, 278, 24])
Face([25, 64, 171, 254])
Face([157, 21, 214, 23])
Face([265, 88, 67])
Face([7, 145, 136, 286])
Face([60, 104, 43, 115])
Face([157, 156, 249, 158])
Face([6, 264, 170, 255])
Face([100, 105, 253, 231])
Face([134, 246, 143, 31])
Face([172, 107, 12])
Face([49, 90, 229, 227])
Face([222, 104, 60])
Face([100, 105, 178])
Face([258, 48, 173, 148])
Face([181, 180, 260])
Face([160, 29, 279])
Face([106, 124, 242, 78])
Face([9, 132, 87])
Face([221, 195, 185, 175])
Face([14, 57, 140, 202])
Face([125, 105, 178, 187])
Face([186, 42, 51])
Face([18, 66, 271, 126])
Face([31, 76, 74, 95])
Face([143, 153, 246])
Face([12, 257, 263, 47])
Face([157, 23, 267, 207])
Face([126, 262, 215])
Face([7, 209, 202, 286])
Face([139, 16, 112, 182])
Face([166, 177, 253, 244])
Face([281, 206, 217, 251])
Face([9, 73, 169])
Face([121, 269, 110])
Face([38, 211, 102])
Face([100, 146, 231])
Face([10, 172, 79])
Face([50, 77, 189, 173])
Face([233, 210, 204, 154])
Face([76, 126, 271, 143])
Face([277, 275, 51])
Face([286, 136, 93])
Face([34, 100, 178, 127])
Face([19, 232, 273, 68])
Face([18, 259, 55, 111])
Face([207, 267, 12, 107])
Face([28, 88, 64])
Face([21, 26, 72, 277])
Face([9, 73, 196, 132])
Face([31, 44, 153, 143])
Face([164, 269, 101])
Face([236, 187, 125])
Face([25, 162, 159])
Face([41, 106, 171, 146])
Face([194, 256, 152, 47])
Face([235, 56, 33])
Face([97, 228, 161, 246])
Face([145, 136, 67, 88])
Face([7, 209, 268])
Face([87, 24, 91, 155])
Face([160, 124, 104, 222])
Face([235, 33, 94, 85])
Face([147, 208, 168, 169])
Face([19, 232, 59])
Face([251, 217, 176, 150])
Face([24, 91, 102, 38])
Face([11, 177, 105, 125])
Face([98, 192, 158, 137])
Face([91, 104, 155])
Face([194, 245, 218, 47])
Face([126, 58, 271])
Face([80, 201, 197, 74])
Face([241, 94, 53, 278])
Face([194, 256, 245])
Face([11, 177, 41, 43])
Face([6, 264, 45])
Face([116, 162, 159, 239])
Face([173, 148, 113, 189])
Face([279, 242, 190, 230])
Face([79, 188, 150])
Face([141, 91, 102])
Face([117, 130, 185, 175])
Face([72, 174, 190, 119])
Face([85, 241, 94])
Face([130, 185, 195])
Face([250, 59, 103])
Face([55, 84, 223, 92])
Face([64, 146, 171])
Face([172, 210, 220, 107])
Face([285, 173, 48, 247])
Face([279, 51, 230])
Face([36, 272, 129, 164])
Face([90, 84, 55, 101])
Face([103, 11, 125])
Face([15, 67, 255])
Face([20, 86, 271])
Face([45, 168, 71, 264])
Face([198, 123, 35, 220])
Face([257, 233, 13])
Face([52, 109, 274, 229])
Face([53, 131, 274, 270])
Face([160, 124, 242, 279])
Face([258, 48, 189, 113])
Face([82, 8, 241, 85])
Face([226, 191, 196, 71])
Face([54, 216, 197, 22])
Face([165, 89, 65, 258])
Face([4, 193, 249, 139])
Face([45, 264, 81, 273])
Face([134, 44, 153, 246])
Face([8, 236, 141])
Face([49, 90, 84, 203])
Face([43, 41, 106, 124])
Face([234, 153, 181, 195])
Face([193, 144, 173, 285])
Face([99, 121, 68])
Face([157, 23, 158])
Face([13, 233, 210, 198])
Face([4, 285, 276, 70])
Face([35, 97, 234])
Face([1, 82, 19])
Face([207, 220, 198, 30])
Face([11, 43, 115, 166])
Face([277, 51, 230, 174])
Face([145, 200, 25, 162])
Face([1, 54, 56, 235])
Face([241, 94, 113, 252])
Face([257, 227, 49, 13])
Face([21, 26, 214])
Face([255, 170, 206, 67])
Face([147, 225, 240, 169])
Face([49, 203, 55, 101])
Face([141, 11, 125, 236])
Face([203, 137, 243])
Face([199, 42, 51, 277])
Face([7, 268, 44, 134])
Face([164, 129, 215])
Face([134, 161, 136, 286])
Face([30, 137, 158])
Face([108, 33, 94])
Face([66, 123, 20, 271])
Face([75, 10, 151])
Face([189, 113, 252])
Face([226, 155, 191])
Face([141, 91, 104, 43])
Face([122, 74, 287, 167])
Face([39, 83, 123, 243])
Face([57, 122, 167, 273])
Face([117, 156, 21, 199])
Face([257, 267, 30, 13])
Face([19, 82, 103, 59])
Face([120, 63, 261])
Face([6, 226, 168, 45])
Face([116, 162, 228])
Face([201, 89, 223, 92])
Face([32, 17, 29])
Face([48, 120, 247])
Face([214, 27, 283, 149])
Face([8, 237, 91, 141])
Face([255, 67, 136, 93])
Face([14, 122, 74, 95])
Face([7, 145, 161, 134])
Face([280, 185, 175])
Face([42, 248, 275, 51])
Face([28, 64, 146, 41])
Face([6, 37, 255])
Face([18, 259, 215, 126])
Face([126, 58, 183, 262])
Face([13, 203, 137, 30])
Face([207, 267, 30])
Face([52, 109, 263, 227])
Face([214, 27, 23])
Face([16, 137, 158, 249])
Face([80, 259, 110, 287])
Face([151, 188, 196])
Face([277, 72, 174])
Face([12, 267, 212, 47])
Face([95, 114, 179])
Face([183, 81, 262])
Face([222, 104, 155, 191])
Face([43, 115, 41])
Face([209, 202, 179])
Face([69, 275, 78])
Face([37, 140, 244, 166])
Face([254, 275, 248])
Face([147, 208, 225])
Face([112, 182, 135])
Face([199, 248, 275, 277])
Face([163, 180, 182])
Face([1, 19, 68, 99])
Face([164, 129, 154, 282])
Face([54, 250, 261, 63])
Face([212, 283, 274, 263])
Face([70, 163, 247, 276])
Face([211, 252, 189, 77])
Face([198, 123, 243])
Face([68, 273, 167])
Face([259, 110, 215])
Face([29, 256, 230, 279])
Face([10, 194, 12, 172])
Face([18, 80, 74, 76])
Face([31, 143, 76])
Face([3, 75, 176, 116])
Face([286, 93, 57, 14])
Face([277, 72, 69, 275])
Face([157, 156, 21])
Face([226, 168, 71])
Face([112, 92, 201, 135])
Face([184, 284, 61, 239])
Face([121, 147, 208, 68])
Face([183, 129, 58])
Face([139, 128, 39, 16])
Face([56, 89, 65])
Face([267, 212, 23])
Face([268, 114, 44])
Face([22, 197, 74, 287])
Face([118, 152, 149])
Face([24, 96, 118, 38])
Face([163, 62, 135, 182])
Face([10, 151, 188, 79])
Face([117, 156, 130])
Face([209, 179, 133, 253])
Face([70, 163, 180, 260])
Face([254, 34, 171])
Face([23, 27, 283, 212])
Face([239, 61, 159])
Face([134, 161, 246])
Face([96, 218, 152, 118])
Face([128, 181, 180, 182])
Face([204, 58, 251])
Face([286, 202, 14])
Face([1, 250, 54])
