Face([61, 18, 96, 21])
Face([93, 131, 28, 134])
Face([78, 53, 30, 21])
Face([48, 131, 41, 92])
Face([31, 53, 30])
Face([126, 41, 40, 139])
Face([117, 56, 138])
Face([72, 124, 87, 78])
Face([62, 63, 33])
Face([6, 89, 105, 20])
Face([71, 9, 90])
Face([73, 26, 71, 94])
Face([29, 41, 142])
Face([0, 140, 41, 29])
Face([67, 74, 68])
Face([64, 109, 110, 102])
Face([7, 14, 31])
Face([104, 11, 13])
Face([93, 40, 41])
Face([4, 126, 127])
Face([60, 49, 50])
Face([72, 44, 110])
Face([116, 47, 143])
Face([122, 138, 124])
Face([115, 58, 52])
Face([22, 107, 85])
Face([118, 138, 56])
Face([32, 82, 117])
Face([38, 125, 54, 102])
Face([24, 98, 65, 75])
Face([16, 129, 17])
Face([4, 123, 84])
Face([46, 43, 95])
Face([90, 108, 121, 102])
Face([122, 76, 105, 87])
Face([62, 84, 77, 79])
Face([45, 112, 27])
Face([34, 16, 93])
Face([132, 68, 5])
Face([25, 32, 85, 60])
Face([20, 97, 23, 111])
Face([100, 63, 15])
Face([0, 81, 74, 133])
Face([104, 106, 10, 11])
Face([12, 136, 112, 45])
Face([7, 52, 101])
Face([36, 56, 109])
Face([90, 137, 143, 116])
Face([92, 50, 142])
Face([65, 119, 7])
Face([98, 84, 77, 119])
Face([9, 90, 116])
Face([2, 61, 78])
Face([36, 64, 109])
Face([133, 74, 40, 140])
Face([58, 75, 57])
Face([29, 50, 142])
Face([22, 32, 85])
Face([3, 48, 131, 93])
Face([48, 32, 55])
Face([89, 94, 31, 53])
Face([127, 97, 135, 139])
Face([25, 32, 92])
Face([68, 18, 135, 74])
Face([9, 116, 143, 15])
Face([111, 91, 58, 75])
Face([12, 136, 114])
Face([115, 43, 52])
Face([90, 116, 108])
Face([48, 32, 92])
Face([100, 101, 95])
Face([10, 16, 129])
Face([61, 132, 21])
Face([89, 53, 69])
Face([120, 66, 87])
Face([71, 108, 90])
Face([60, 49, 86])
Face([12, 106, 45])
Face([19, 8, 106, 130])
Face([140, 99, 37, 103])
Face([100, 8, 45, 15])
Face([76, 49, 127])
Face([62, 98, 84])
Face([64, 80, 121, 102])
Face([19, 8, 100])
Face([54, 110, 102])
Face([25, 4, 60])
Face([141, 8, 106, 10])
Face([56, 138, 124, 109])
Face([116, 82, 39])
Face([93, 131, 103])
Face([6, 20, 49, 86])
Face([14, 95, 9, 71])
Face([6, 65, 7, 94])
Face([143, 112, 113, 51])
Face([61, 18, 68, 132])
Face([45, 112, 137])
Face([130, 27, 28])
Face([24, 75, 123, 84])
Face([44, 114, 83])
Face([61, 97, 105, 78])
Face([32, 117, 85])
Face([6, 89, 53, 111])
Face([1, 24, 58, 115])
Face([44, 114, 64, 109])
Face([63, 33, 39])
Face([81, 76, 97, 135])
Face([2, 72, 78])
Face([67, 106, 37])
Face([83, 114, 38, 125])
Face([70, 124, 109])
Face([92, 41, 126])
Face([136, 112, 137, 114])
Face([2, 81, 76])
Face([67, 106, 104, 68])
Face([72, 44, 83, 21])
Face([35, 57, 97, 127])
Face([142, 138, 117])
Face([26, 116, 39, 79])
Face([19, 100, 63, 33])
Face([45, 137, 38, 46])
Face([0, 118, 138, 122])
Face([14, 59, 31])
Face([111, 75, 57, 23])
Face([106, 130, 37])
Face([26, 108, 107, 22])
Face([113, 128, 131])
Face([70, 99, 133])
Face([100, 115, 43, 95])
Face([61, 78, 53, 23])
Face([12, 104, 106])
Face([13, 96, 125, 43])
Face([106, 130, 10])
Face([13, 91, 43])
Face([107, 80, 108])
Face([62, 63, 79])
Face([83, 125, 54])
Face([5, 83, 44])
Face([48, 51, 128])
Face([6, 73, 119, 65])
Face([1, 88, 16, 141])
Face([15, 63, 39, 143])
Face([29, 50, 126])
Face([115, 8, 46, 43])
Face([102, 121, 110])
Face([1, 19, 141])
Face([133, 74, 67])
Face([94, 42, 108, 71])
Face([127, 49, 20])
Face([108, 121, 42])
Face([19, 130, 10, 141])
Face([13, 91, 58])
Face([2, 76, 105, 78])
Face([34, 93, 41, 126])
Face([20, 97, 57, 75])
Face([2, 122, 87, 78])
Face([9, 116, 39, 63])
Face([86, 66, 120, 42])
Face([27, 33, 39, 143])
Face([88, 3, 25, 84])
Face([14, 59, 102, 38])
Face([36, 56, 47])
Face([55, 79, 39])
Face([25, 32, 55])
Face([0, 2, 122])
Face([118, 99, 140])
Face([88, 3, 134])
Face([130, 28, 113, 37])
Face([20, 97, 105])
Face([25, 60, 50, 92])
Face([34, 16, 129, 139])
Face([2, 132, 61])
Face([60, 85, 86])
Face([96, 21, 30])
Face([14, 38, 90, 71])
Face([65, 75, 58, 52])
Face([7, 101, 9, 71])
Face([133, 67, 5])
Face([73, 86, 85, 22])
Face([83, 21, 54])
Face([10, 130, 103])
Face([8, 45, 46])
Face([13, 18, 23, 91])
Face([25, 32, 22, 77])
Face([134, 16, 10, 130])
Face([9, 63, 15])
Face([62, 98, 119, 79])
Face([73, 77, 22])
Face([34, 35, 4])
Face([120, 121, 110, 124])
Face([49, 105, 87, 66])
Face([67, 10, 106])
Face([72, 132, 5, 44])
Face([28, 113, 131])
Face([47, 80, 56])
Face([115, 58, 13])
Face([143, 112, 36, 47])
Face([29, 41, 40, 81])
Face([122, 66, 49, 76])
Face([61, 18, 135])
Face([116, 82, 107, 108])
Face([120, 124, 87])
Face([136, 37, 99])
Face([24, 98, 84])
Face([81, 40, 139])
Face([62, 33, 55])
Face([14, 125, 38])
Face([45, 27, 15])
Face([101, 9, 26, 119])
Face([78, 105, 87])
Face([73, 77, 119])
Face([15, 27, 143])
Face([44, 114, 102, 110])
Face([4, 60, 49, 127])
Face([81, 139, 127, 76])
Face([59, 121, 102])
Face([93, 134, 130, 103])
Face([12, 83, 125, 46])
Face([85, 66, 50])
Face([136, 112, 37])
Face([133, 99, 136, 5])
Face([90, 137, 38])
Face([4, 35, 127])
Face([84, 123, 77])
Face([103, 130, 28, 131])
Face([104, 96, 13])
Face([1, 100, 63, 62])
Face([45, 112, 37, 106])
Face([58, 57, 23, 91])
Face([48, 131, 28])
Face([24, 88, 34, 35])
Face([94, 71, 7])
Face([33, 28, 51, 39])
Face([29, 50, 49, 76])
Face([107, 120, 42])
Face([110, 124, 87, 69])
Face([48, 51, 28])
Face([68, 96, 104])
Face([34, 4, 126])
Face([89, 105, 53])
Face([89, 69, 87])
Face([85, 50, 142, 117])
Face([92, 41, 142])
Face([122, 66, 87])
Face([1, 98, 52, 115])
Face([27, 112, 113, 28])
Face([48, 51, 39, 55])
Face([12, 114, 38, 46])
Face([118, 128, 113, 99])
Face([115, 43, 13])
Face([34, 16, 17, 35])
Face([83, 114, 102, 54])
Face([12, 114, 137, 45])
Face([25, 77, 79, 55])
Face([123, 20, 6])
Face([18, 57, 23])
Face([133, 67, 103, 140])
Face([91, 30, 23])
Face([72, 21, 78])
Face([9, 95, 15])
Face([24, 75, 58])
Face([107, 120, 138, 117])
Face([98, 101, 119])
Face([107, 80, 56, 117])
Face([126, 139, 127])
Face([46, 38, 95])
Face([98, 52, 101])
Face([26, 116, 82, 22])
Face([57, 97, 135])
Face([88, 34, 4, 84])
Face([103, 131, 113, 37])
Face([46, 104, 96, 125])
Face([89, 105, 87])
Face([62, 88, 134, 33])
Face([29, 122, 76])
Face([35, 75, 57])
Face([48, 32, 117, 128])
Face([93, 40, 103])
Face([5, 67, 68])
Face([19, 130, 134])
Face([46, 43, 125])
Face([72, 78, 69, 110])
Face([9, 90, 137, 15])
Face([73, 42, 108, 26])
Face([3, 25, 4, 34])
Face([1, 24, 88])
Face([137, 112, 143])
Face([50, 66, 138, 142])
Face([93, 40, 129, 16])
Face([6, 65, 111])
Face([93, 16, 10, 103])
Face([114, 137, 38])
Face([56, 80, 120, 138])
Face([2, 81, 135, 61])
Face([140, 41, 131])
Face([14, 59, 54, 125])
Face([8, 106, 45])
Face([83, 96, 125])
Face([1, 88, 62])
Face([48, 128, 131])
Face([62, 84, 25, 55])
Face([22, 32, 82])
Face([101, 9, 95])
Face([86, 89, 87, 66])
Face([94, 42, 121, 59])
Face([29, 41, 126])
Face([22, 82, 39, 79])
Face([98, 65, 123, 84])
Face([6, 73, 94])
Face([31, 91, 30])
Face([86, 89, 42])
Face([90, 64, 102])
Face([28, 113, 51])
Face([62, 98, 101, 63])
Face([70, 124, 138, 118])
Face([73, 42, 107, 22])
Face([34, 139, 126])
Face([114, 64, 137])
Face([47, 64, 80])
Face([111, 53, 31])
Face([7, 101, 95, 14])
Face([120, 124, 138])
Face([126, 50, 49, 127])
Face([14, 43, 91, 31])
Face([67, 74, 40, 103])
Face([24, 17, 58])
Face([88, 16, 134])
Face([26, 22, 79])
Face([45, 106, 130, 27])
Face([62, 88, 3, 55])
Face([27, 33, 28])
Face([123, 75, 20])
Face([59, 54, 102])
Face([129, 17, 57, 135])
Face([19, 130, 27])
Face([19, 27, 15, 100])
Face([100, 95, 15])
Face([82, 117, 56, 47])
Face([116, 82, 47])
Face([125, 54, 30])
Face([0, 133, 70])
Face([71, 9, 26])
Face([78, 105, 53])
Face([78, 53, 69])
Face([109, 80, 121, 110])
Face([143, 51, 47])
Face([71, 59, 121, 108])
Face([1, 115, 100])
Face([20, 105, 53, 111])
Face([44, 83, 54, 110])
Face([132, 21, 96, 68])
Face([59, 69, 54])
Face([13, 96, 30, 91])
Face([5, 67, 106, 12])
Face([136, 99, 36])
Face([2, 81, 74, 132])
Face([133, 74, 132])
Face([134, 130, 28])
Face([14, 59, 71])
Face([51, 128, 113])
Face([70, 99, 36, 109])
Face([70, 99, 118])
Face([111, 91, 31])
Face([133, 99, 140])
Face([12, 136, 37, 106])
Face([0, 2, 72, 70])
Face([45, 137, 15])
Face([12, 104, 96, 83])
Face([89, 42, 94])
Face([65, 75, 111])
Face([0, 81, 2])
Face([107, 80, 120])
Face([4, 123, 20, 127])
Face([118, 128, 56])
Face([68, 96, 18])
Face([118, 140, 41, 142])
Face([100, 8, 46, 95])
Face([6, 89, 94])
Face([15, 137, 38, 95])
Face([55, 32, 22, 79])
Face([57, 97, 23])
Face([112, 113, 37])
Face([108, 80, 121])
Face([6, 89, 86])
Face([19, 8, 45, 27])
Face([71, 90, 102, 59])
Face([88, 16, 34])
Face([88, 34, 3])
Face([25, 60, 77])
Face([44, 136, 114])
Face([94, 59, 31])
Face([48, 92, 142, 128])
Face([73, 86, 42])
Face([82, 51, 128, 117])
Face([60, 77, 73, 86])
Face([44, 136, 36, 109])
Face([0, 118, 70])
Face([11, 18, 13])
Face([11, 129, 135, 18])
Face([36, 64, 47])
Face([127, 97, 20])
Face([65, 111, 31, 7])
Face([101, 9, 63])
Face([143, 51, 39])
Face([52, 91, 43])
Face([70, 44, 109])
Face([5, 136, 44])
Face([23, 97, 105, 53])
Face([116, 143, 39])
Face([115, 8, 141])
Face([29, 81, 76])
Face([0, 140, 133])
Face([120, 80, 121])
Face([27, 28, 51, 143])
Face([61, 132, 74, 135])
Face([76, 97, 127])
Face([24, 98, 52, 58])
Face([12, 45, 46])
Face([3, 34, 126, 92])
Face([94, 31, 7])
Face([60, 85, 22, 77])
Face([60, 50, 85])
Face([120, 66, 138])
Face([123, 65, 75])
Face([24, 88, 84])
Face([141, 16, 10])
Face([64, 80, 109])
Face([76, 105, 49])
Face([13, 18, 57, 58])
Face([0, 81, 29])
Face([72, 110, 124])
Face([109, 124, 110])
Face([3, 134, 33, 55])
Face([61, 18, 23])
Face([3, 25, 55])
Face([118, 128, 131, 140])
Face([113, 99, 37])
Face([67, 37, 103])
Face([22, 77, 79])
Face([24, 75, 35])
Face([3, 93, 134])
Face([11, 17, 57, 18])
Face([62, 55, 79])
Face([29, 50, 66, 122])
Face([93, 41, 131])
Face([65, 52, 7])
Face([1, 24, 98])
Face([15, 27, 33, 63])
Face([78, 21, 54, 69])
Face([83, 96, 21])
Face([118, 138, 142])
Face([61, 21, 30, 23])
Face([19, 33, 27])
Face([11, 17, 58, 13])
Face([29, 76, 127, 126])
Face([72, 132, 21])
Face([35, 75, 20, 127])
Face([46, 43, 13, 104])
Face([17, 57, 58])
Face([29, 81, 139, 126])
Face([98, 65, 52])
Face([14, 43, 125])
Face([5, 68, 104, 12])
Face([26, 116, 108])
Face([1, 115, 141])
Face([8, 104, 46])
Face([52, 58, 91])
Face([2, 122, 76])
Face([81, 74, 135])
Face([100, 8, 115])
Face([133, 132, 5])
Face([72, 21, 54, 110])
Face([118, 56, 36, 99])
Face([45, 46, 95, 15])
Face([1, 24, 17, 141])
Face([89, 69, 59, 94])
Face([7, 52, 43, 14])
Face([111, 53, 23])
Face([89, 42, 121, 69])
Face([25, 84, 77])
Face([7, 52, 91, 31])
Face([67, 10, 103])
Face([0, 81, 40, 140])
Face([24, 17, 35])
Face([3, 25, 92])
Face([70, 109, 56, 118])
Face([43, 125, 30, 91])
Face([5, 136, 12])
Face([2, 76, 97, 61])
Face([136, 112, 36])
Face([61, 97, 23])
Face([129, 40, 139])
Face([142, 128, 117])
Face([137, 64, 36, 112])
Face([131, 128, 142, 41])
Face([60, 123, 77])
Face([141, 10, 11])
Face([61, 97, 135])
Face([25, 4, 84])
Face([55, 33, 39])
Face([68, 74, 129, 11])
Face([31, 59, 69, 53])
Face([35, 17, 57])
Face([25, 4, 126, 92])
Face([82, 51, 39])
Face([49, 66, 50])
Face([35, 57, 135, 139])
Face([19, 134, 33])
Face([132, 21, 83, 5])
Face([140, 40, 103])
Face([141, 8, 104, 11])
Face([90, 64, 80, 108])
Face([14, 38, 95])
Face([1, 19, 33, 62])
Face([31, 59, 54, 30])
Face([93, 16, 134])
Face([137, 64, 47, 143])
Face([123, 77, 73, 6])
Face([9, 90, 38, 95])
Face([59, 121, 69])
Face([52, 43, 95, 101])
Face([7, 119, 26, 71])
Face([5, 136, 37, 67])
Face([82, 107, 117])
Face([112, 113, 36])
Face([44, 109, 110])
Face([100, 63, 101])
Face([14, 43, 95])
Face([12, 104, 46])
Face([140, 131, 103])
Face([13, 96, 18])
Face([0, 2, 132, 133])
Face([29, 122, 138, 142])
Face([67, 10, 129, 74])
Face([61, 21, 78])
Face([85, 107, 117])
Face([119, 26, 79])
Face([35, 17, 129, 139])
Face([115, 58, 17, 141])
Face([109, 80, 120, 124])
Face([134, 33, 28])
Face([129, 74, 135])
Face([15, 137, 143])
Face([107, 42, 108])
Face([70, 99, 136, 44])
Face([60, 123, 6, 86])
Face([86, 66, 85])
Face([70, 44, 5, 133])
Face([62, 88, 84])
Face([92, 32, 117, 142])
Face([73, 26, 119])
Face([1, 98, 101, 100])
Face([130, 27, 112, 37])
Face([48, 28, 33, 55])
Face([1, 19, 100])
Face([68, 18, 11])
Face([51, 128, 56, 47])
Face([141, 16, 17])
Face([67, 10, 11, 68])
Face([113, 128, 56, 36])
Face([81, 40, 74])
Face([70, 72, 124])
Face([92, 32, 85, 50])
Face([10, 129, 40, 103])
Face([4, 60, 50, 126])
Face([21, 54, 30])
Face([90, 64, 137])
Face([22, 82, 107])
Face([118, 128, 142])
Face([68, 104, 11])
Face([3, 48, 55])
Face([24, 88, 16, 17])
Face([2, 72, 132])
Face([85, 66, 138, 117])
Face([14, 125, 30, 31])
Face([3, 34, 93])
Face([82, 51, 47])
Face([0, 29, 142, 118])
Face([101, 63, 79, 119])
Face([85, 66, 120, 107])
Face([35, 139, 127])
Face([114, 102, 38])
Face([8, 104, 106])
Face([7, 119, 101])
Face([123, 65, 119, 77])
Face([115, 8, 104, 13])
Face([42, 120, 121])
Face([70, 72, 132, 133])
Face([12, 114, 83])
Face([70, 72, 44])
Face([24, 35, 4, 84])
Face([19, 8, 141])
Face([133, 99, 37, 67])
Face([140, 41, 40])
Face([1, 98, 62])
Face([34, 139, 40, 93])
Face([119, 77, 79])
Face([9, 26, 116])
Face([90, 64, 47, 116])
Face([65, 111, 91, 52])
Face([27, 112, 143])
Face([3, 48, 28, 134])
Face([6, 73, 86])
Face([132, 74, 68])
Face([30, 53, 69, 54])
Face([115, 13, 11, 141])
Face([18, 57, 135])
Face([111, 91, 23])
Face([140, 99, 113, 131])
Face([103, 130, 37])
Face([113, 99, 36])
Face([116, 108, 80, 47])
Face([56, 80, 109])
Face([11, 129, 17])
Face([122, 66, 138])
Face([5, 83, 12])
Face([63, 79, 39])
Face([73, 94, 7, 119])
Face([1, 88, 134, 19])
Face([2, 122, 124, 72])
Face([117, 128, 56])
Face([71, 26, 108])
Face([73, 42, 94])
Face([10, 129, 11])
Face([20, 105, 49])
Face([76, 97, 105])
Face([100, 115, 52, 101])
Face([98, 65, 119])
Face([3, 92, 41, 93])
Face([81, 139, 135])
Face([0, 29, 122])
Face([129, 139, 135])
Face([121, 110, 69])
Face([89, 42, 120, 87])
Face([46, 125, 38])
Face([55, 32, 82, 39])
Face([7, 14, 71])
Face([141, 17, 11])
Face([0, 140, 118])
Face([20, 75, 111])
Face([129, 40, 74])
Face([73, 26, 22])
Face([4, 123, 60])
Face([123, 65, 6])
Face([0, 70, 124, 122])
Face([86, 89, 105, 49])
Face([92, 50, 126])
Face([54, 69, 110])
Face([5, 83, 96, 68])
Face([136, 114, 64, 36])
Face([4, 123, 75, 35])
Face([60, 49, 20, 123])
Face([34, 35, 139])
Face([120, 121, 69, 87])
Face([94, 59, 71])
Face([48, 32, 82, 51])
Face([114, 64, 102])
Face([86, 49, 66])
Face([78, 69, 87])
Face([6, 20, 111])
Face([51, 113, 36, 47])
Face([9, 26, 79, 63])
Face([19, 141, 16, 134])
Face([23, 53, 30])
Face([82, 107, 80, 47])
Face([90, 102, 38])
Face([122, 124, 87])
Face([96, 125, 30])
Face([86, 42, 107, 85])
Face([6, 94, 31, 111])
Face([18, 96, 30, 23])
Face([3, 48, 92])
