[1083, 1093]
[1083, 1116]
[1095, 1150]
[1098, 1135]
[1034, 1118]
[1037, 1147]
[1041, 1122]
[1041, 1131]
[1042, 1087]
[1044, 1085]
[1046, 1052]
[1047, 1057]
[1048, 1129]
[1049, 1097]
[1051, 1069]
[1059, 1070]
[1059, 1105]
[1062, 1066]
[1067, 1091]
[1070, 1143]
[1075, 1131]
[1076, 1126]
[1079, 1135]
[1080, 1105]
[1081, 1143]
[969, 1037]
[976, 982]
[976, 1123]
[979, 1113]
[980, 1034]
[982, 988]
[989, 998]
[990, 995]
[990, 1069]
[990, 1125]
[991, 1012]
[992, 1140]
[993, 1086]
[999, 1006]
[1000, 1081]
[1005, 1026]
[1005, 1074]
[1005, 1123]
[1006, 1056]
[1009, 1021]
[1009, 1064]
[1011, 1145]
[1013, 1095]
[1014, 1076]
[1015, 1045]
[1019, 1048]
[1019, 1055]
[1019, 1121]
[1022, 1096]
[1023, 1032]
[914, 923]
[914, 1017]
[914, 1092]
[915, 924]
[917, 986]
[918, 933]
[918, 1113]
[919, 983]
[920, 1046]
[921, 1130]
[922, 1051]
[922, 1059]
[924, 1041]
[925, 1013]
[925, 1150]
[926, 1006]
[929, 1028]
[931, 1133]
[932, 1143]
[933, 979]
[934, 1036]
[935, 1013]
[936, 1036]
[938, 1034]
[939, 1151]
[940, 971]
[942, 1123]
[943, 957]
[944, 1142]
[947, 1120]
[948, 1133]
[949, 966]
[949, 1099]
[950, 1080]
[951, 1015]
[952, 993]
[953, 1063]
[956, 975]
[956, 1073]
[957, 1129]
[959, 1007]
[961, 1111]
[964, 1108]
[964, 1112]
[855, 1026]
[856, 937]
[857, 873]
[858, 911]
[858, 1004]
[861, 901]
[862, 932]
[862, 933]
[862, 1081]
[863, 1055]
[863, 1107]
[864, 899]
[864, 973]
[864, 1018]
[865, 880]
[867, 962]
[868, 876]
[868, 1036]
[869, 992]
[870, 898]
[871, 960]
[872, 1024]
[872, 1124]
[873, 1102]
[875, 930]
[875, 970]
[875, 1103]
[876, 934]
[876, 972]
[877, 1007]
[877, 1094]
[878, 893]
[878, 985]
[881, 1012]
[881, 1035]
[882, 890]
[882, 1077]
[883, 1008]
[883, 1025]
[885, 1060]
[885, 1099]
[886, 926]
[886, 999]
[887, 967]
[891, 968]
[892, 953]
[893, 906]
[895, 980]
[896, 1048]
[896, 1055]
[897, 909]
[897, 928]
[897, 1149]
[898, 1079]
[899, 905]
[899, 1007]
[901, 1116]
[904, 1031]
[905, 973]
[905, 1115]
[908, 943]
[908, 1129]
[909, 921]
[910, 1058]
[910, 1084]
[798, 937]
[799, 911]
[801, 811]
[802, 823]
[803, 1080]
[803, 1112]
[806, 910]
[806, 912]
[807, 1024]
[807, 1124]
[808, 951]
[811, 1136]
[812, 964]
[813, 1037]
[814, 861]
[816, 1029]
[817, 929]
[817, 1151]
[818, 850]
[818, 876]
[818, 927]
[819, 945]
[819, 998]
[819, 1068]
[820, 1076]
[821, 935]
[821, 1023]
[822, 962]
[822, 1038]
[823, 889]
[824, 912]
[825, 938]
[825, 939]
[826, 1106]
[827, 865]
[828, 939]
[828, 1078]
[834, 841]
[834, 848]
[834, 1111]
[835, 1108]
[836, 1132]
[837, 883]
[838, 941]
[838, 1102]
[838, 1146]
[839, 1140]
[840, 843]
[840, 1114]
[842, 925]
[842, 935]
[843, 1039]
[844, 1144]
[846, 884]
[846, 1065]
[847, 955]
[847, 1110]
[847, 1144]
[850, 868]
[851, 866]
[851, 1100]
[852, 898]
[852, 1006]
[853, 1049]
[853, 1073]
[854, 937]
[513, 849]
[513, 1072]
[514, 692]
[515, 540]
[515, 1051]
[516, 817]
[516, 938]
[516, 939]
[516, 1118]
[517, 618]
[517, 750]
[517, 1001]
[518, 553]
[518, 843]
[518, 965]
[519, 926]
[519, 1056]
[519, 1075]
[520, 1127]
[521, 888]
[521, 945]
[522, 690]
[522, 853]
[522, 1056]
[523, 844]
[523, 847]
[524, 974]
[524, 1027]
[525, 597]
[526, 569]
[526, 640]
[527, 1025]
[527, 1148]
[528, 672]
[528, 890]
[528, 1117]
[529, 673]
[529, 795]
[529, 1002]
[529, 1141]
[530, 537]
[530, 730]
[530, 1082]
[530, 1151]
[531, 558]
[531, 634]
[531, 823]
[532, 587]
[532, 1071]
[532, 1106]
[534, 737]
[534, 946]
[534, 1030]
[535, 608]
[535, 816]
[535, 1003]
[536, 643]
[536, 769]
[537, 539]
[537, 1065]
[537, 1136]
[538, 775]
[538, 843]
[539, 881]
[540, 617]
[540, 760]
[541, 693]
[541, 779]
[542, 547]
[542, 689]
[542, 885]
[543, 683]
[543, 1066]
[543, 1089]
[544, 907]
[544, 1017]
[544, 1148]
[545, 707]
[545, 1003]
[546, 644]
[546, 679]
[547, 959]
[548, 552]
[549, 1047]
[550, 759]
[551, 729]
[551, 877]
[551, 899]
[552, 913]
[552, 972]
[553, 563]
[553, 840]
[554, 689]
[554, 885]
[555, 818]
[555, 913]
[555, 972]
[556, 802]
[557, 734]
[557, 1087]
[557, 1145]
[558, 802]
[559, 780]
[559, 866]
[560, 608]
[560, 989]
[561, 594]
[561, 688]
[561, 739]
[562, 854]
[562, 856]
[562, 1101]
[563, 1128]
[563, 1137]
[564, 917]
[565, 704]
[565, 707]
[565, 1003]
[567, 1074]
[568, 895]
[568, 1072]
[568, 1146]
[569, 660]
[741, 987]
[741, 1030]
[742, 775]
[742, 781]
[743, 935]
[744, 923]
[744, 1092]
[745, 867]
[745, 919]
[746, 1127]
[747, 959]
[747, 1018]
[747, 1104]
[748, 988]
[748, 1109]
[750, 768]
[751, 988]
[751, 1098]
[752, 987]
[753, 774]
[753, 1085]
[754, 1106]
[755, 833]
[755, 848]
[755, 994]
[756, 773]
[756, 882]
[757, 911]
[757, 1004]
[758, 901]
[758, 1083]
[760, 766]
[761, 777]
[762, 871]
[762, 1042]
[763, 930]
[763, 946]
[764, 872]
[765, 902]
[765, 999]
[765, 1090]
[766, 1070]
[766, 1105]
[767, 815]
[768, 1014]
[768, 1126]
[769, 1059]
[770, 856]
[770, 1060]
[770, 1101]
[771, 941]
[772, 775]
[772, 1114]
[773, 1043]
[773, 1117]
[774, 1062]
[776, 791]
[776, 828]
[776, 846]
[777, 845]
[777, 996]
[778, 867]
[783, 942]
[783, 1067]
[784, 982]
[784, 1123]
[785, 929]
[786, 878]
[786, 879]
[787, 938]
[787, 1071]
[788, 971]
[788, 989]
[790, 809]
[790, 826]
[791, 870]
[791, 884]
[792, 1022]
[793, 1033]
[794, 906]
[794, 952]
[794, 994]
[795, 952]
[795, 1086]
[796, 961]
[797, 829]
[797, 1025]
[797, 1142]
[685, 1061]
[686, 701]
[686, 971]
[693, 932]
[694, 893]
[695, 801]
[695, 902]
[698, 716]
[698, 875]
[699, 759]
[699, 801]
[699, 1134]
[700, 854]
[702, 973]
[702, 1018]
[702, 1089]
[703, 1047]
[705, 1010]
[705, 1101]
[706, 931]
[706, 943]
[706, 948]
[706, 1058]
[708, 1021]
[708, 1064]
[709, 726]
[709, 981]
[710, 779]
[710, 889]
[710, 1147]
[711, 814]
[712, 1081]
[713, 721]
[713, 813]
[713, 916]
[714, 804]
[714, 923]
[715, 995]
[715, 1069]
[716, 800]
[716, 930]
[717, 895]
[717, 1034]
[718, 927]
[719, 1125]
[720, 830]
[720, 857]
[720, 879]
[721, 1066]
[722, 834]
[722, 961]
[723, 812]
[723, 1108]
[724, 1150]
[726, 1133]
[727, 821]
[727, 842]
[728, 762]
[728, 1087]
[730, 1136]
[731, 790]
[732, 947]
[732, 1030]
[733, 764]
[734, 830]
[735, 900]
[735, 955]
[735, 1110]
[736, 748]
[736, 1053]
[737, 966]
[738, 774]
[738, 1085]
[739, 752]
[739, 887]
[627, 709]
[628, 733]
[629, 803]
[629, 950]
[629, 992]
[630, 874]
[630, 1045]
[631, 677]
[631, 740]
[631, 1091]
[632, 996]
[632, 1020]
[633, 1010]
[633, 1066]
[633, 1089]
[634, 889]
[634, 916]
[635, 960]
[636, 1125]
[637, 680]
[637, 798]
[638, 804]
[638, 923]
[638, 1017]
[639, 712]
[639, 1000]
[640, 669]
[640, 806]
[640, 824]
[642, 890]
[642, 1077]
[643, 1058]
[643, 1084]
[644, 656]
[645, 835]
[645, 964]
[646, 661]
[647, 842]
[648, 662]
[648, 696]
[648, 1103]
[649, 1115]
[649, 1127]
[650, 839]
[650, 950]
[650, 992]
[650, 1095]
[651, 658]
[652, 971]
[652, 986]
[653, 891]
[653, 1026]
[654, 664]
[654, 893]
[654, 1067]
[655, 717]
[655, 1078]
[656, 1109]
[657, 881]
[657, 991]
[657, 1082]
[659, 832]
[660, 671]
[661, 900]
[662, 814]
[663, 703]
[663, 917]
[664, 833]
[664, 906]
[664, 994]
[666, 749]
[668, 782]
[669, 910]
[669, 984]
[670, 849]
[670, 941]
[670, 1072]
[671, 806]
[672, 850]
[673, 983]
[673, 1086]
[674, 1002]
[674, 1107]
[675, 1037]
[675, 1127]
[676, 857]
[676, 879]
[676, 894]
[676, 1009]
[677, 692]
[677, 762]
[678, 685]
[678, 962]
[678, 1038]
[679, 903]
[680, 896]
[680, 1050]
[681, 712]
[681, 779]
[681, 1143]
[682, 841]
[682, 978]
[682, 1008]
[683, 916]
[683, 975]
[570, 669]
[570, 920]
[570, 1084]
[571, 924]
[572, 665]
[572, 761]
[573, 601]
[573, 832]
[574, 580]
[574, 960]
[575, 729]
[575, 1090]
[576, 690]
[576, 717]
[576, 1078]
[576, 1118]
[577, 589]
[577, 865]
[577, 984]
[577, 1085]
[578, 632]
[578, 684]
[578, 953]
[579, 708]
[579, 731]
[579, 767]
[579, 1052]
[581, 814]
[581, 901]
[581, 966]
[582, 808]
[583, 912]
[584, 853]
[584, 1056]
[584, 1090]
[585, 869]
[585, 1150]
[586, 1094]
[587, 787]
[587, 809]
[587, 826]
[588, 884]
[589, 738]
[589, 880]
[590, 663]
[590, 974]
[590, 986]
[590, 1027]
[591, 822]
[591, 859]
[591, 1139]
[592, 651]
[593, 1029]
[594, 602]
[594, 887]
[595, 767]
[595, 809]
[596, 649]
[597, 1132]
[598, 1083]
[598, 1099]
[599, 665]
[599, 1065]
[600, 844]
[600, 845]
[600, 1012]
[601, 1130]
[603, 655]
[604, 618]
[604, 750]
[604, 1080]
[604, 1112]
[605, 666]
[605, 792]
[605, 799]
[606, 764]
[606, 791]
[607, 695]
[608, 788]
[609, 994]
[610, 1117]
[611, 720]
[611, 734]
[611, 786]
[611, 985]
[613, 725]
[613, 934]
[613, 1033]
[614, 674]
[614, 906]
[614, 952]
[615, 744]
[615, 1020]
[616, 635]
[617, 715]
[617, 1051]
[618, 839]
[619, 1001]
[619, 1126]
[620, 894]
[620, 1009]
[621, 963]
[622, 830]
[622, 1044]
[623, 637]
[623, 700]
[623, 728]
[623, 1050]
[624, 653]
[624, 784]
[624, 1005]
[625, 749]
[626, 782]
[626, 961]
[171, 372]
[171, 687]
[171, 1040]
[171, 1144]
[172, 556]
[172, 1028]
[172, 1097]
[173, 241]
[173, 527]
[173, 714]
[174, 299]
[174, 624]
[174, 891]
[174, 1024]
[175, 364]
[175, 438]
[175, 550]
[175, 699]
[176, 209]
[176, 371]
[176, 478]
[176, 596]
[177, 188]
[177, 594]
[177, 1054]
[178, 668]
[178, 970]
[179, 383]
[179, 575]
[179, 765]
[179, 886]
[180, 1077]
[181, 193]
[181, 316]
[181, 574]
[181, 635]
[182, 927]
[182, 995]
[183, 523]
[183, 600]
[183, 804]
[184, 422]
[184, 655]
[184, 825]
[184, 828]
[185, 671]
[185, 912]
[185, 1002]
[186, 626]
[186, 668]
[186, 707]
[187, 465]
[187, 558]
[187, 1097]
[188, 283]
[188, 602]
[188, 625]
[189, 203]
[189, 265]
[189, 857]
[189, 894]
[190, 520]
[190, 675]
[190, 889]
[190, 1147]
[191, 211]
[191, 701]
[191, 874]
[192, 407]
[192, 473]
[192, 1124]
[193, 580]
[193, 915]
[193, 1104]
[194, 307]
[194, 441]
[194, 455]
[194, 947]
[195, 730]
[195, 1082]
[196, 312]
[196, 435]
[196, 805]
[196, 1035]
[197, 464]
[197, 616]
[197, 1087]
[197, 1145]
[198, 583]
[198, 645]
[198, 920]
[198, 1084]
[199, 459]
[199, 582]
[199, 951]
[199, 1088]
[200, 722]
[200, 796]
[200, 978]
[200, 1027]
[201, 207]
[201, 238]
[201, 536]
[202, 419]
[202, 485]
[202, 533]
[203, 365]
[203, 644]
[203, 873]
[204, 434]
[204, 459]
[204, 951]
[204, 1130]
[205, 475]
[205, 722]
[205, 848]
[205, 1132]
[206, 348]
[206, 359]
[206, 366]
[206, 607]
[207, 248]
[207, 249]
[207, 932]
[208, 432]
[208, 475]
[208, 848]
[209, 691]
[209, 1043]
[209, 1093]
[210, 366]
[210, 665]
[211, 261]
[211, 630]
[211, 1015]
[212, 313]
[212, 376]
[212, 592]
[212, 740]
[213, 225]
[213, 228]
[213, 437]
[213, 888]
[214, 709]
[214, 1069]
[214, 1125]
[215, 350]
[215, 691]
[215, 1094]
[216, 289]
[216, 328]
[216, 639]
[216, 760]
[217, 504]
[217, 616]
[217, 960]
[217, 1031]
[218, 603]
[218, 679]
[219, 565]
[220, 226]
[220, 379]
[221, 535]
[221, 545]
[221, 940]
[222, 252]
[222, 336]
[222, 517]
[222, 723]
[223, 298]
[223, 461]
[223, 995]
[224, 759]
[224, 902]
[224, 977]
[224, 1090]
[225, 521]
[225, 691]
[225, 1043]
[226, 749]
[226, 1004]
[227, 237]
[227, 548]
[227, 672]
[227, 868]
[285, 571]
[285, 616]
[285, 915]
[285, 1031]
[286, 299]
[286, 414]
[286, 829]
[286, 1074]
[287, 300]
[287, 430]
[287, 1023]
[287, 1100]
[288, 628]
[288, 1040]
[288, 1124]
[289, 335]
[289, 725]
[289, 820]
[290, 725]
[290, 820]
[290, 831]
[291, 361]
[291, 389]
[291, 400]
[291, 1138]
[292, 500]
[292, 612]
[292, 622]
[293, 401]
[293, 745]
[293, 778]
[293, 983]
[294, 718]
[294, 725]
[294, 934]
[295, 393]
[295, 724]
[295, 727]
[296, 547]
[296, 702]
[296, 747]
[297, 486]
[297, 631]
[297, 692]
[297, 836]
[298, 636]
[298, 746]
[298, 969]
[299, 456]
[299, 807]
[300, 447]
[300, 559]
[300, 1032]
[301, 318]
[301, 351]
[301, 552]
[301, 1134]
[302, 384]
[302, 411]
[302, 457]
[303, 831]
[303, 936]
[304, 822]
[304, 859]
[305, 612]
[305, 622]
[305, 1145]
[306, 564]
[306, 796]
[306, 986]
[307, 534]
[307, 732]
[308, 496]
[308, 556]
[308, 793]
[308, 1028]
[309, 704]
[309, 707]
[309, 860]
[310, 429]
[310, 559]
[310, 831]
[310, 1032]
[311, 592]
[311, 658]
[311, 1054]
[312, 573]
[313, 524]
[313, 549]
[314, 377]
[314, 740]
[314, 1053]
[314, 1091]
[315, 320]
[315, 895]
[315, 1072]
[316, 492]
[316, 1104]
[317, 501]
[317, 610]
[317, 808]
[317, 997]
[318, 326]
[318, 1119]
[319, 330]
[319, 338]
[319, 989]
[320, 465]
[320, 980]
[321, 349]
[321, 409]
[321, 569]
[321, 734]
[322, 630]
[322, 1020]
[323, 985]
[323, 1067]
[324, 462]
[324, 543]
[324, 975]
[324, 1138]
[325, 578]
[325, 968]
[325, 996]
[326, 759]
[326, 977]
[326, 1134]
[327, 603]
[327, 606]
[327, 870]
[328, 766]
[328, 1000]
[328, 1014]
[329, 736]
[329, 942]
[329, 1109]
[330, 560]
[330, 888]
[331, 737]
[331, 949]
[331, 987]
[332, 367]
[332, 583]
[332, 824]
[332, 920]
[333, 357]
[333, 742]
[333, 772]
[334, 436]
[334, 588]
[334, 599]
[334, 846]
[335, 482]
[335, 496]
[335, 639]
[336, 345]
[336, 646]
[336, 1001]
[337, 494]
[337, 859]
[338, 410]
[338, 945]
[338, 998]
[339, 478]
[339, 555]
[340, 381]
[340, 453]
[340, 854]
[341, 392]
[341, 956]
[341, 1075]
[114, 125]
[114, 480]
[114, 494]
[114, 667]
[115, 350]
[115, 547]
[115, 905]
[115, 1007]
[116, 265]
[116, 694]
[116, 878]
[116, 894]
[117, 408]
[117, 428]
[117, 1141]
[118, 481]
[118, 654]
[118, 694]
[118, 783]
[119, 764]
[119, 903]
[119, 1024]
[120, 443]
[120, 658]
[120, 739]
[120, 967]
[121, 410]
[121, 602]
[121, 792]
[122, 601]
[122, 638]
[123, 413]
[123, 787]
[123, 825]
[123, 1016]
[124, 172]
[124, 445]
[124, 550]
[124, 1049]
[125, 304]
[125, 337]
[125, 346]
[126, 140]
[126, 262]
[126, 342]
[126, 667]
[127, 162]
[127, 243]
[127, 1128]
[128, 183]
[128, 312]
[128, 1012]
[129, 566]
[129, 861]
[129, 1077]
[130, 180]
[130, 1029]
[131, 470]
[131, 601]
[131, 832]
[131, 921]
[132, 341]
[132, 522]
[132, 1073]
[133, 421]
[133, 652]
[133, 788]
[134, 322]
[134, 572]
[134, 632]
[134, 684]
[135, 454]
[135, 966]
[135, 1060]
[135, 1099]
[136, 571]
[136, 771]
[136, 1041]
[137, 438]
[137, 445]
[137, 550]
[137, 1119]
[138, 232]
[138, 274]
[138, 320]
[138, 918]
[139, 424]
[139, 1020]
[139, 1063]
[140, 256]
[140, 442]
[140, 955]
[141, 208]
[141, 502]
[141, 755]
[141, 993]
[142, 442]
[142, 621]
[142, 907]
[142, 1148]
[143, 515]
[143, 922]
[143, 950]
[143, 1105]
[144, 402]
[144, 767]
[144, 979]
[144, 1052]
[145, 305]
[145, 753]
[145, 1011]
[145, 1044]
[146, 337]
[146, 433]
[146, 1149]
[147, 163]
[147, 365]
[147, 873]
[147, 1021]
[148, 318]
[148, 478]
[148, 596]
[149, 711]
[149, 719]
[149, 954]
[149, 981]
[150, 178]
[150, 1061]
[150, 1139]
[151, 220]
[151, 412]
[151, 904]
[151, 1122]
[152, 210]
[152, 599]
[152, 695]
[152, 811]
[153, 785]
[153, 817]
[153, 1071]
[154, 453]
[154, 680]
[154, 798]
[154, 1048]
[155, 182]
[155, 507]
[155, 540]
[155, 718]
[156, 214]
[156, 627]
[156, 636]
[156, 969]
[157, 391]
[157, 491]
[157, 533]
[157, 908]
[158, 348]
[158, 808]
[158, 1015]
[158, 1068]
[159, 241]
[159, 714]
[159, 845]
[159, 996]
[160, 221]
[160, 816]
[160, 860]
[160, 928]
[161, 294]
[161, 396]
[161, 1036]
[162, 754]
[162, 826]
[162, 1016]
[163, 1102]
[163, 1146]
[164, 375]
[164, 789]
[164, 1000]
[164, 1014]
[165, 685]
[165, 983]
[165, 1086]
[166, 263]
[166, 697]
[167, 641]
[167, 729]
[167, 977]
[168, 182]
[168, 302]
[168, 507]
[168, 990]
[169, 325]
[169, 407]
[169, 450]
[169, 777]
[170, 215]
[170, 596]
[170, 1115]
[342, 354]
[342, 646]
[342, 851]
[343, 426]
[343, 874]
[343, 1022]
[344, 462]
[344, 924]
[344, 1131]
[344, 1138]
[345, 472]
[345, 619]
[345, 661]
[346, 430]
[346, 1100]
[347, 926]
[347, 1079]
[348, 426]
[348, 1045]
[349, 557]
[349, 1011]
[349, 1050]
[350, 1115]
[351, 438]
[351, 972]
[351, 1119]
[352, 408]
[352, 723]
[352, 775]
[353, 662]
[353, 696]
[353, 711]
[353, 800]
[354, 661]
[354, 735]
[354, 866]
[355, 566]
[355, 711]
[355, 719]
[355, 861]
[356, 776]
[356, 852]
[356, 870]
[356, 1078]
[357, 963]
[357, 1114]
[358, 688]
[359, 582]
[359, 1088]
[360, 629]
[360, 948]
[361, 392]
[361, 670]
[361, 771]
[362, 553]
[362, 810]
[362, 965]
[362, 1137]
[363, 428]
[363, 471]
[363, 835]
[364, 793]
[364, 1028]
[365, 546]
[366, 1045]
[366, 1088]
[367, 471]
[367, 1046]
[367, 1064]
[368, 618]
[368, 812]
[368, 1112]
[368, 1140]
[369, 789]
[370, 703]
[370, 892]
[370, 1057]
[370, 1063]
[371, 649]
[371, 746]
[371, 1093]
[373, 450]
[373, 572]
[373, 588]
[373, 684]
[374, 636]
[374, 719]
[374, 954]
[374, 1116]
[375, 482]
[375, 1076]
[376, 524]
[376, 651]
[376, 836]
[377, 736]
[377, 942]
[377, 976]
[378, 549]
[378, 855]
[378, 976]
[379, 751]
[379, 1004]
[379, 1135]
[380, 548]
[380, 672]
[380, 913]
[380, 1117]
[381, 700]
[381, 1011]
[381, 1050]
[382, 468]
[382, 597]
[382, 1120]
[383, 641]
[383, 729]
[383, 958]
[384, 448]
[384, 490]
[384, 566]
[385, 388]
[385, 1092]
[386, 586]
[386, 877]
[386, 958]
[387, 394]
[387, 882]
[387, 1029]
[388, 897]
[389, 571]
[389, 612]
[389, 771]
[390, 436]
[390, 451]
[390, 588]
[390, 898]
[391, 726]
[391, 981]
[392, 1131]
[392, 1138]
[393, 821]
[394, 593]
[394, 890]
[395, 417]
[395, 506]
[395, 585]
[396, 418]
[396, 718]
[396, 743]
[397, 468]
[397, 651]
[397, 692]
[397, 836]
[398, 539]
[398, 1035]
[398, 1136]
[399, 488]
[399, 512]
[399, 841]
[399, 1142]
[400, 500]
[400, 612]
[400, 774]
[401, 506]
[401, 697]
[402, 493]
[402, 595]
[402, 933]
[403, 526]
[403, 824]
[403, 879]
[404, 675]
[404, 813]
[404, 916]
[405, 687]
[405, 991]
[405, 1110]
[405, 1144]
[406, 415]
[406, 469]
[406, 620]
[406, 965]
[407, 872]
[407, 968]
[408, 812]
[409, 526]
[409, 830]
[409, 1044]
[410, 1022]
[411, 418]
[411, 448]
[411, 743]
[412, 580]
[412, 915]
[412, 1031]
[413, 1071]
[414, 567]
[414, 810]
[414, 944]
[415, 487]
[416, 424]
[416, 686]
[416, 917]
[417, 696]
[417, 698]
[417, 800]
[418, 850]
[418, 927]
[419, 627]
[420, 429]
[420, 851]
[420, 1001]
[421, 483]
[421, 608]
[421, 1003]
[422, 603]
[422, 606]
[422, 733]
[423, 658]
[423, 967]
[423, 974]
[423, 1054]
[424, 615]
[424, 701]
[425, 477]
[425, 956]
[425, 1075]
[426, 1068]
[426, 1096]
[427, 745]
[427, 869]
[427, 1140]
[428, 583]
[428, 645]
[429, 619]
[429, 866]
[430, 433]
[431, 799]
[431, 1063]
[432, 782]
[432, 1061]
[433, 467]
[433, 470]
[434, 921]
[434, 997]
[435, 459]
[435, 573]
[435, 659]
[436, 852]
[436, 999]
[437, 598]
[437, 758]
[437, 949]
[438, 793]
[439, 1033]
[440, 466]
[440, 1010]
[441, 484]
[441, 798]
[441, 1121]
[442, 667]
[442, 963]
[443, 732]
[443, 741]
[443, 752]
[444, 502]
[444, 614]
[444, 993]
[444, 1107]
[445, 556]
[445, 823]
[446, 757]
[446, 799]
[446, 1057]
[447, 780]
[447, 832]
[448, 642]
[448, 647]
[449, 527]
[449, 544]
[449, 883]
[449, 914]
[450, 761]
[450, 884]
[451, 858]
[451, 1079]
[452, 490]
[452, 566]
[452, 696]
[453, 937]
[454, 581]
[454, 954]
[454, 1116]
[455, 763]
[455, 1120]
[455, 1121]
[228, 756]
[228, 758]
[228, 1043]
[229, 592]
[229, 677]
[229, 740]
[229, 871]
[230, 463]
[230, 499]
[230, 863]
[231, 267]
[231, 609]
[231, 794]
[232, 595]
[232, 815]
[232, 980]
[233, 295]
[233, 304]
[233, 346]
[234, 508]
[234, 621]
[234, 837]
[234, 907]
[235, 364]
[235, 730]
[235, 929]
[236, 431]
[236, 684]
[236, 911]
[236, 953]
[237, 242]
[237, 501]
[237, 997]
[238, 248]
[238, 570]
[238, 984]
[239, 251]
[239, 303]
[239, 780]
[239, 805]
[240, 360]
[240, 769]
[240, 922]
[240, 1133]
[241, 473]
[242, 434]
[242, 459]
[242, 659]
[243, 628]
[243, 1016]
[243, 1040]
[244, 255]
[244, 574]
[244, 688]
[245, 536]
[245, 931]
[245, 1058]
[246, 350]
[246, 598]
[246, 691]
[246, 1093]
[247, 323]
[247, 1042]
[247, 1053]
[247, 1091]
[248, 979]
[249, 693]
[249, 880]
[250, 440]
[250, 753]
[250, 827]
[250, 1062]
[251, 447]
[251, 659]
[251, 936]
[252, 264]
[252, 750]
[252, 1108]
[253, 763]
[253, 1120]
[254, 270]
[254, 560]
[254, 888]
[255, 358]
[255, 580]
[255, 625]
[256, 262]
[256, 275]
[256, 1114]
[257, 512]
[257, 829]
[257, 1026]
[257, 1074]
[258, 497]
[258, 549]
[258, 703]
[258, 855]
[259, 425]
[259, 462]
[259, 864]
[259, 975]
[260, 837]
[260, 841]
[260, 1008]
[260, 1111]
[261, 615]
[261, 701]
[262, 646]
[262, 772]
[263, 395]
[263, 401]
[263, 869]
[264, 369]
[264, 472]
[264, 768]
[265, 272]
[265, 985]
[266, 419]
[266, 466]
[266, 491]
[266, 533]
[267, 1039]
[268, 712]
[268, 779]
[268, 802]
[269, 306]
[269, 545]
[269, 652]
[269, 940]
[270, 521]
[270, 819]
[271, 693]
[271, 862]
[271, 918]
[272, 323]
[272, 329]
[272, 783]
[273, 404]
[273, 683]
[273, 973]
[273, 1089]
[274, 513]
[274, 815]
[274, 1113]
[275, 372]
[275, 900]
[275, 955]
[276, 697]
[276, 716]
[277, 296]
[277, 492]
[277, 542]
[277, 1101]
[278, 748]
[278, 751]
[278, 904]
[279, 408]
[279, 781]
[279, 919]
[279, 1141]
[280, 621]
[280, 837]
[280, 1025]
[280, 1142]
[281, 662]
[281, 930]
[281, 946]
[281, 1103]
[282, 509]
[282, 1098]
[283, 446]
[283, 605]
[283, 749]
[284, 365]
[284, 415]
[284, 620]
[284, 1021]
[456, 829]
[456, 891]
[457, 507]
[457, 743]
[457, 1013]
[458, 721]
[458, 827]
[458, 880]
[458, 1062]
[460, 607]
[460, 641]
[460, 902]
[460, 977]
[461, 715]
[461, 969]
[461, 1147]
[462, 1018]
[463, 697]
[463, 957]
[464, 635]
[464, 700]
[464, 728]
[466, 827]
[468, 514]
[468, 947]
[469, 487]
[469, 518]
[470, 909]
[470, 1149]
[471, 489]
[472, 1126]
[473, 844]
[473, 845]
[474, 510]
[474, 781]
[474, 795]
[474, 1141]
[475, 597]
[475, 782]
[476, 541]
[476, 634]
[476, 710]
[476, 713]
[477, 519]
[477, 575]
[477, 584]
[478, 913]
[479, 666]
[479, 792]
[479, 958]
[480, 508]
[480, 1038]
[481, 567]
[481, 609]
[482, 820]
[483, 741]
[484, 514]
[484, 637]
[485, 627]
[485, 954]
[485, 981]
[486, 525]
[486, 833]
[486, 1132]
[487, 1128]
[488, 567]
[488, 609]
[488, 944]
[489, 505]
[489, 835]
[489, 1046]
[490, 647]
[490, 925]
[491, 726]
[491, 931]
[492, 562]
[492, 689]
[493, 789]
[493, 809]
[494, 508]
[494, 907]
[495, 653]
[495, 855]
[495, 892]
[496, 1033]
[497, 663]
[497, 978]
[497, 1027]
[498, 628]
[499, 673]
[499, 1002]
[499, 1107]
[500, 738]
[500, 849]
[501, 548]
[501, 582]
[502, 525]
[502, 833]
[503, 1061]
[503, 1139]
[504, 871]
[504, 1042]
[504, 1053]
[505, 731]
[505, 1052]
[506, 698]
[506, 778]
[507, 515]
[509, 656]
[510, 538]
[510, 742]
[510, 1039]
[511, 554]
[511, 856]
[511, 1060]
[512, 682]
[512, 797]
[0, 30]
[0, 226]
[0, 666]
[0, 858]
[1, 37]
[1, 166]
[1, 943]
[1, 948]
[2, 15]
[2, 254]
[2, 387]
[2, 756]
[3, 28]
[3, 369]
[3, 472]
[3, 1106]
[4, 65]
[4, 382]
[4, 514]
[4, 525]
[5, 201]
[5, 245]
[5, 865]
[5, 984]
[6, 617]
[6, 681]
[6, 760]
[6, 1070]
[7, 218]
[7, 282]
[7, 327]
[7, 903]
[8, 223]
[8, 339]
[8, 520]
[8, 746]
[9, 173]
[9, 523]
[9, 804]
[9, 1148]
[10, 13]
[10, 378]
[10, 495]
[10, 982]
[11, 165]
[11, 678]
[11, 781]
[11, 919]
[12, 20]
[12, 33]
[12, 319]
[12, 887]
[13, 757]
[13, 892]
[13, 1057]
[14, 187]
[14, 531]
[14, 1049]
[14, 1073]
[15, 270]
[15, 610]
[15, 773]
[16, 93]
[16, 509]
[16, 644]
[16, 838]
[17, 178]
[17, 186]
[17, 309]
[17, 1139]
[18, 191]
[18, 343]
[18, 998]
[18, 1068]
[19, 21]
[19, 416]
[19, 564]
[19, 1092]
[20, 330]
[20, 483]
[20, 987]
[21, 385]
[21, 686]
[21, 940]
[22, 31]
[22, 261]
[22, 385]
[22, 744]
[23, 36]
[23, 121]
[23, 386]
[23, 479]
[24, 139]
[24, 322]
[24, 431]
[24, 874]
[25, 163]
[25, 513]
[25, 568]
[25, 815]
[26, 427]
[26, 585]
[26, 724]
[26, 867]
[27, 192]
[27, 241]
[27, 456]
[27, 968]
[28, 375]
[28, 532]
[28, 789]
[29, 333]
[29, 480]
[29, 667]
[29, 963]
[30, 347]
[30, 451]
[30, 886]
[31, 122]
[31, 388]
[31, 1130]
[32, 220]
[32, 347]
[32, 1122]
[32, 1135]
[33, 133]
[33, 483]
[33, 967]
[34, 64]
[34, 784]
[34, 988]
[34, 1109]
[35, 177]
[35, 244]
[35, 311]
[35, 561]
[36, 358]
[36, 602]
[36, 625]
[37, 61]
[37, 391]
[37, 908]
[38, 394]
[38, 528]
[38, 610]
[38, 997]
[39, 288]
[39, 498]
[39, 807]
[39, 1137]
[40, 48]
[40, 316]
[40, 688]
[40, 689]
[41, 46]
[41, 180]
[41, 642]
[41, 647]
[42, 564]
[42, 796]
[42, 978]
[42, 1008]
[43, 393]
[43, 724]
[43, 839]
[43, 1095]
[44, 117]
[44, 352]
[44, 363]
[44, 538]
[45, 153]
[45, 413]
[45, 1082]
[45, 1151]
[46, 57]
[46, 130]
[46, 593]
[47, 219]
[47, 704]
[47, 970]
[47, 1103]
[48, 358]
[48, 959]
[48, 1104]
[49, 268]
[49, 271]
[49, 541]
[49, 558]
[50, 415]
[50, 498]
[50, 1128]
[50, 1137]
[51, 372]
[51, 687]
[51, 754]
[51, 900]
[52, 97]
[52, 357]
[52, 840]
[52, 1039]
[53, 210]
[53, 398]
[53, 811]
[53, 1088]
[54, 276]
[54, 463]
[54, 1019]
[54, 1129]
[55, 161]
[55, 831]
[55, 936]
[55, 1032]
[56, 148]
[56, 339]
[56, 520]
[56, 1119]
[57, 59]
[57, 103]
[57, 467]
[58, 393]
[58, 420]
[58, 1023]
[58, 1100]
[59, 593]
[59, 909]
[59, 928]
[60, 104]
[60, 267]
[60, 810]
[60, 965]
[61, 166]
[61, 276]
[61, 800]
[62, 292]
[62, 849]
[62, 941]
[62, 1102]
[63, 432]
[63, 503]
[63, 626]
[63, 1111]
[64, 282]
[64, 656]
[64, 903]
[65, 484]
[65, 1055]
[65, 1121]
[66, 369]
[66, 493]
[66, 505]
[66, 790]
[67, 95]
[67, 307]
[67, 511]
[67, 737]
[68, 129]
[68, 180]
[68, 452]
[68, 648]
[69, 439]
[69, 482]
[69, 496]
[69, 785]
[70, 233]
[70, 430]
[70, 467]
[70, 727]
[71, 290]
[71, 303]
[71, 439]
[71, 613]
[72, 127]
[72, 372]
[72, 563]
[72, 1040]
[73, 81]
[73, 660]
[73, 863]
[73, 896]
[74, 313]
[74, 974]
[74, 1047]
[74, 1054]
[75, 87]
[75, 469]
[75, 471]
[75, 1064]
[76, 103]
[76, 146]
[76, 467]
[76, 859]
[77, 248]
[77, 249]
[77, 589]
[77, 1113]
[78, 219]
[78, 253]
[78, 668]
[78, 970]
[79, 219]
[79, 253]
[79, 946]
[79, 1030]
[80, 167]
[80, 170]
[80, 551]
[80, 1094]
[81, 230]
[81, 671]
[81, 957]
[82, 465]
[82, 690]
[82, 1097]
[82, 1118]
[83, 107]
[83, 202]
[83, 705]
[83, 770]
[84, 359]
[84, 607]
[84, 801]
[84, 1134]
[85, 98]
[85, 136]
[85, 904]
[85, 1122]
[86, 586]
[86, 641]
[86, 958]
[86, 1096]
[87, 487]
[87, 708]
[87, 731]
[88, 503]
[88, 508]
[88, 591]
[88, 1038]
[89, 413]
[89, 687]
[89, 754]
[89, 1016]
[90, 99]
[90, 419]
[90, 466]
[90, 1010]
[91, 119]
[91, 498]
[91, 679]
[91, 733]
[92, 100]
[92, 403]
[92, 569]
[92, 786]
[93, 218]
[93, 546]
[93, 1146]
[94, 195]
[94, 657]
[94, 805]
[94, 1035]
[95, 331]
[95, 554]
[95, 752]
[96, 539]
[96, 665]
[96, 761]
[96, 1065]
[97, 267]
[97, 810]
[97, 944]
[98, 278]
[98, 509]
[98, 1098]
[99, 633]
[99, 721]
[99, 813]
[100, 185]
[100, 660]
[100, 674]
[101, 113]
[101, 128]
[101, 991]
[101, 1110]
[102, 410]
[102, 586]
[102, 945]
[102, 1096]
[103, 860]
[103, 928]
[104, 231]
[104, 481]
[104, 694]
[105, 360]
[105, 643]
[105, 769]
[105, 803]
[106, 107]
[106, 340]
[106, 440]
[106, 705]
[107, 453]
[107, 533]
[108, 122]
[108, 388]
[108, 1017]
[108, 1149]
[109, 132]
[109, 315]
[109, 465]
[109, 690]
[110, 195]
[110, 235]
[110, 439]
[110, 785]
[111, 150]
[111, 685]
[111, 778]
[111, 962]
[112, 130]
[112, 704]
[112, 816]
[112, 860]
[113, 312]
[113, 780]
[113, 805]
