Face([141, 65, 43, 119])
Face([2, 122, 139, 90])
Face([4, 38, 114, 71])
Face([99, 96, 112])
Face([56, 84, 113, 77])
Face([18, 138, 110])
Face([3, 35, 47, 67])
Face([141, 65, 90, 14])
Face([20, 59, 74])
Face([133, 102, 105])
Face([28, 21, 55])
Face([128, 24, 59])
Face([117, 56, 119, 141])
Face([0, 125, 118])
Face([6, 126, 103])
Face([115, 34, 87])
Face([40, 72, 63])
Face([8, 132, 138, 93])
Face([16, 114, 5, 67])
Face([36, 96, 112, 93])
Face([4, 76, 5, 71])
Face([133, 82, 102])
Face([40, 48, 140])
Face([116, 131, 87, 100])
Face([133, 33, 82])
Face([13, 29, 82, 102])
Face([73, 50, 13, 79])
Face([4, 137, 126, 38])
Face([90, 12, 94])
Face([0, 117, 118])
Face([53, 88, 47, 50])
Face([123, 48, 31, 60])
Face([35, 50, 47])
Face([21, 40, 140])
Face([1, 108, 103, 38])
Face([64, 88, 15, 37])
Face([30, 32, 75, 54])
Face([141, 19, 119])
Face([71, 114, 22])
Face([37, 134, 143])
Face([16, 97, 67])
Face([67, 88, 39, 97])
Face([41, 77, 45, 62])
Face([25, 136, 60])
Face([70, 32, 111, 104])
Face([12, 28, 51, 127])
Face([8, 136, 94])
Face([64, 68, 134])
Face([132, 89, 9])
Face([93, 112, 99, 142])
Face([1, 130, 137, 4])
Face([123, 48, 87, 115])
Face([11, 62, 45])
Face([28, 105, 102, 55])
Face([53, 50, 69])
Face([140, 33, 105])
Face([1, 81, 58, 20])
Face([3, 16, 67])
Face([32, 75, 111])
Face([20, 10, 128, 59])
Face([4, 49, 71])
Face([7, 137, 17])
Face([48, 100, 87])
Face([38, 16, 3, 135])
Face([44, 112, 83])
Face([40, 140, 82, 63])
Face([7, 49, 68, 58])
Face([26, 143, 68, 58])
Face([2, 36, 93])
Face([37, 83, 44, 143])
Face([8, 122, 142])
Face([43, 90, 14, 119])
Face([142, 121, 11])
Face([85, 84, 39])
Face([67, 88, 47])
Face([102, 140, 21, 55])
Face([143, 46, 100, 134])
Face([117, 56, 43, 65])
Face([38, 114, 5, 76])
Face([6, 77, 45, 126])
Face([40, 72, 46, 48])
Face([38, 76, 135])
Face([38, 103, 124, 135])
Face([16, 97, 19])
Face([118, 65, 25, 115])
Face([74, 109, 54])
Face([125, 105, 42])
Face([52, 106, 51])
Face([2, 122, 36])
Face([86, 83, 112, 31])
Face([0, 53, 133])
Face([71, 120, 5])
Face([72, 46, 143])
Face([4, 49, 64, 76])
Face([74, 27, 109])
Face([37, 83, 86])
Face([53, 50, 29, 116])
Face([25, 115, 60])
Face([69, 97, 19])
Face([69, 19, 70, 73])
Face([120, 37, 15])
Face([43, 65, 91])
Face([26, 44, 99, 78])
Face([9, 128, 52])
Face([107, 72, 129])
Face([13, 102, 79])
Face([116, 100, 134])
Face([104, 111, 61])
Face([132, 9, 52, 106])
Face([9, 18, 110])
Face([119, 104, 14])
Face([26, 44, 110])
Face([96, 112, 98, 113])
Face([36, 93, 142])
Face([26, 72, 110])
Face([117, 84, 34, 118])
Face([79, 80, 55])
Face([69, 50, 35, 3])
Face([31, 112, 98])
Face([143, 68, 134])
Face([36, 96, 99, 142])
Face([95, 128, 9, 132])
Face([39, 131, 34, 84])
Face([117, 65, 141])
Face([81, 57, 109])
Face([1, 81, 135])
Face([6, 41, 119])
Face([1, 81, 109, 74])
Face([114, 6, 77, 22])
Face([57, 129, 109])
Face([36, 77, 41, 122])
Face([23, 28, 55, 79])
Face([99, 112, 44])
Face([30, 54, 80, 79])
Face([95, 128, 121])
Face([53, 69, 97, 39])
Face([117, 118, 131, 39])
Face([101, 129, 63])
Face([13, 80, 109, 57])
Face([53, 88, 67, 69])
Face([93, 112, 98])
Face([15, 66, 84, 39])
Face([126, 62, 45])
Face([36, 45, 11, 142])
Face([117, 84, 39])
Face([0, 133, 33, 118])
Face([135, 3, 67, 76])
Face([89, 48, 31, 138])
Face([89, 40, 21])
Face([66, 98, 112, 83])
Face([4, 81, 68, 49])
Face([89, 40, 48])
Face([0, 117, 39, 53])
Face([30, 35, 54])
Face([71, 120, 83, 17])
Face([133, 33, 105])
Face([132, 9, 18])
Face([67, 88, 5])
Face([101, 40, 21, 55])
Face([141, 14, 119])
Face([72, 63, 134, 143])
Face([27, 80, 109])
Face([26, 78, 10])
Face([37, 86, 100, 134])
Face([8, 132, 95])
Face([4, 76, 38])
Face([66, 34, 84])
Face([58, 10, 27, 109])
Face([142, 18, 99])
Face([1, 4, 7, 20])
Face([102, 82, 140])
Face([49, 143, 68])
Face([116, 82, 100])
Face([16, 97, 56, 6])
Face([58, 129, 107, 10])
Face([96, 113, 22])
Face([2, 8, 136, 25])
Face([23, 32, 51, 28])
Face([10, 128, 27])
Face([71, 114, 5])
Face([2, 91, 43])
Face([30, 124, 54])
Face([86, 83, 44, 46])
Face([118, 65, 125])
Face([69, 19, 3])
Face([43, 41, 139, 90])
Face([5, 114, 85])
Face([43, 56, 77])
Face([36, 113, 98, 93])
Face([74, 75, 111, 108])
Face([63, 82, 100])
Face([11, 99, 96, 45])
Face([89, 123, 21])
Face([64, 68, 57, 47])
Face([16, 97, 85, 114])
Face([89, 138, 60, 123])
Face([64, 37, 134])
Face([80, 109, 54])
Face([85, 120, 15, 39])
Face([16, 19, 104, 103])
Face([136, 123, 21, 106])
Face([94, 95, 24, 127])
Face([36, 113, 77])
Face([19, 104, 70])
Face([108, 130, 126, 103])
Face([0, 53, 131, 118])
Face([30, 32, 111, 124])
Face([95, 128, 52, 106])
Face([49, 17, 83, 37])
Face([15, 131, 39])
Face([35, 57, 13])
Face([2, 25, 60, 93])
Face([137, 17, 99, 11])
Face([2, 8, 93])
Face([20, 10, 58])
Face([52, 128, 24, 51])
Face([140, 33, 82])
Face([11, 62, 92, 121])
Face([127, 139, 61, 111])
Face([49, 37, 120, 71])
Face([52, 51, 55])
Face([117, 97, 39])
Face([89, 138, 110])
Face([93, 138, 18, 142])
Face([94, 136, 42, 12])
Face([28, 21, 106])
Face([80, 75, 54])
Face([78, 121, 128, 10])
Face([128, 121, 59])
Face([1, 38, 135])
Face([82, 33, 87, 100])
Face([12, 127, 32, 23])
Face([78, 18, 99])
Face([137, 11, 45])
Face([29, 116, 134])
Face([125, 141, 70, 23])
Face([114, 126, 6])
Face([29, 82, 116])
Face([135, 35, 47, 76])
Face([26, 10, 58])
Face([28, 42, 123, 21])
Face([71, 137, 45, 22])
Face([1, 108, 124, 135])
Face([81, 57, 35, 135])
Face([10, 27, 107])
Face([49, 64, 5, 71])
Face([35, 50, 13])
Face([36, 96, 113])
Face([38, 16, 103])
Face([1, 108, 74])
Face([60, 98, 31])
Face([8, 142, 121, 95])
Face([66, 98, 31, 86])
Face([0, 73, 23, 125])
Face([7, 17, 44, 26])
Face([85, 56, 97])
Face([6, 41, 61, 103])
Face([0, 117, 141])
Face([120, 66, 15])
Face([9, 89, 110])
Face([118, 115, 34])
Face([74, 27, 75])
Face([107, 40, 72])
Face([15, 66, 86])
Face([41, 61, 104, 119])
Face([20, 130, 59])
Face([66, 113, 98])
Face([132, 89, 138])
Face([38, 126, 103])
Face([71, 137, 17])
Face([17, 96, 83])
Face([120, 66, 83])
Face([73, 23, 79])
Face([9, 89, 40, 107])
Face([8, 136, 60, 93])
Face([135, 124, 54])
Face([108, 124, 103])
Face([9, 107, 52])
Face([53, 131, 116])
Face([130, 59, 92, 62])
Face([25, 65, 91])
Face([2, 25, 90])
Face([9, 10, 107])
Face([114, 126, 45, 22])
Face([14, 139, 127])
Face([135, 35, 54])
Face([93, 60, 138])
Face([17, 99, 44])
Face([25, 42, 115])
Face([20, 10, 78])
Face([29, 134, 63])
Face([125, 12, 23])
Face([69, 67, 3])
Face([118, 115, 42, 125])
Face([101, 102, 55])
Face([2, 43, 41, 122])
Face([14, 70, 32, 127])
Face([29, 82, 63])
Face([40, 48, 100, 63])
Face([127, 24, 111])
Face([107, 40, 101])
Face([14, 104, 61, 139])
Face([14, 104, 111, 127])
Face([73, 133, 102, 79])
Face([86, 100, 87])
Face([0, 125, 105, 133])
Face([138, 112, 31])
Face([59, 24, 92])
Face([85, 56, 6, 114])
Face([5, 64, 88])
Face([7, 137, 11, 78])
Face([86, 46, 31])
Face([108, 59, 92, 61])
Face([12, 14, 70, 23])
Face([28, 105, 42])
Face([85, 120, 66, 84])
Face([132, 138, 18])
Face([107, 27, 80, 101])
Face([135, 3, 124])
Face([12, 42, 28])
Face([24, 92, 61, 111])
Face([49, 64, 68])
Face([120, 83, 96, 22])
Face([72, 46, 100, 63])
Face([72, 129, 63])
Face([140, 48, 87, 33])
Face([83, 96, 112])
Face([26, 10, 9, 110])
Face([94, 106, 28, 12])
Face([60, 98, 34, 115])
Face([85, 56, 77, 22])
Face([31, 48, 46])
Face([26, 78, 18, 110])
Face([79, 32, 75, 80])
Face([23, 32, 79])
Face([120, 83, 37])
Face([127, 32, 111])
Face([1, 74, 20])
Face([133, 50, 13, 102])
Face([74, 75, 24, 59])
Face([15, 66, 34, 131])
Face([38, 16, 67, 76])
Face([125, 42, 12])
Face([52, 106, 21])
Face([35, 57, 109, 54])
Face([115, 33, 87])
Face([81, 58, 109])
Face([52, 107, 101, 55])
Face([108, 59, 24, 111])
Face([12, 28, 23])
Face([121, 59, 92])
Face([2, 8, 122])
Face([130, 137, 11])
Face([63, 100, 134])
Face([15, 116, 134, 37])
Face([29, 57, 47])
Face([16, 114, 6])
Face([20, 10, 27, 74])
Face([3, 124, 30])
Face([122, 41, 62])
Face([44, 46, 143])
Face([9, 128, 10])
Face([36, 77, 45])
Face([25, 136, 42])
Face([18, 99, 44, 110])
Face([58, 129, 68])
Face([15, 131, 87, 86])
Face([91, 113, 98])
Face([95, 24, 51, 106])
Face([67, 76, 47])
Face([9, 128, 121, 18])
Face([89, 40, 72, 110])
Face([43, 41, 119])
Face([53, 131, 33, 133])
Face([0, 125, 141])
Face([42, 123, 140, 105])
Face([1, 81, 4])
Face([101, 102, 82, 63])
Face([49, 64, 37])
Face([43, 65, 90])
Face([117, 97, 19, 141])
Face([49, 37, 143])
Face([86, 100, 46])
Face([94, 106, 95])
Face([69, 67, 47, 50])
Face([71, 137, 126, 114])
Face([91, 34, 98])
Face([81, 76, 64, 68])
Face([88, 116, 15])
Face([136, 123, 60])
Face([81, 76, 135])
Face([71, 17, 96, 22])
Face([69, 97, 67])
Face([20, 58, 7])
Face([6, 56, 119])
Face([1, 130, 108])
Face([118, 115, 33])
Face([74, 108, 124, 54])
Face([127, 32, 51])
Face([42, 105, 33, 115])
Face([30, 124, 104, 70])
Face([25, 91, 34, 115])
Face([2, 90, 43])
Face([103, 126, 62, 61])
Face([23, 32, 70])
Face([73, 23, 70])
Face([23, 105, 102, 79])
Face([78, 121, 18])
Face([26, 72, 143])
Face([31, 98, 34, 87])
Face([36, 142, 122])
Face([28, 105, 140, 21])
Face([7, 26, 78])
Face([127, 24, 92, 139])
Face([118, 33, 105, 125])
Face([25, 65, 90])
Face([123, 115, 60])
Face([29, 57, 68, 134])
Face([117, 56, 84])
Face([42, 123, 115])
Face([128, 24, 75, 27])
Face([66, 113, 96, 83])
Face([36, 96, 45])
Face([41, 139, 14, 119])
Face([30, 32, 70])
Face([17, 83, 44])
Face([125, 12, 14, 141])
Face([116, 82, 33, 131])
Face([90, 139, 94])
Face([20, 130, 137, 7])
Face([8, 93, 142])
Face([73, 50, 133])
Face([41, 61, 62])
Face([118, 65, 91, 34])
Face([43, 41, 77])
Face([137, 45, 126])
Face([13, 80, 79])
Face([4, 81, 58, 7])
Face([60, 115, 87, 31])
Face([38, 16, 114])
Face([94, 136, 106])
Face([127, 24, 51])
Face([7, 17, 49])
Face([85, 97, 39])
Face([8, 94, 95])
Face([101, 40, 140, 102])
Face([71, 120, 22])
Face([2, 8, 94, 90])
Face([28, 51, 55])
Face([15, 37, 86])
Face([3, 35, 30])
Face([0, 73, 133])
Face([6, 41, 62, 126])
Face([76, 64, 47])
Face([9, 89, 21, 52])
Face([52, 27, 80, 55])
Face([0, 73, 69])
Face([20, 74, 109, 58])
Face([135, 35, 3])
Face([73, 70, 30])
Face([0, 73, 70, 141])
Face([20, 59, 121, 78])
Face([108, 61, 103])
Face([108, 111, 61])
Face([110, 72, 46])
Face([3, 16, 103, 124])
Face([29, 57, 129, 63])
Face([64, 88, 47])
Face([52, 107, 40, 21])
Face([125, 105, 23])
Face([2, 25, 91])
Face([81, 57, 47, 76])
Face([16, 6, 103])
Face([132, 106, 136])
Face([130, 137, 126])
Face([124, 104, 111])
Face([13, 29, 63, 101])
Face([52, 27, 107])
Face([63, 129, 68, 134])
Face([5, 88, 39, 85])
Face([21, 123, 140])
Face([95, 128, 24])
Face([45, 96, 22])
Face([38, 114, 126])
Face([4, 137, 71])
Face([118, 34, 131])
Face([137, 17, 96, 45])
Face([18, 138, 112, 99])
Face([0, 69, 19, 141])
Face([107, 129, 109, 27])
Face([110, 44, 46])
Face([117, 65, 91, 84])
Face([133, 82, 29, 50])
Face([124, 54, 75, 111])
Face([103, 104, 61])
Face([30, 35, 13, 79])
Face([43, 91, 113, 77])
Face([90, 139, 14])
Face([78, 10, 9, 18])
Face([19, 97, 56, 119])
Face([2, 91, 113, 36])
Face([95, 121, 92])
Face([95, 121, 18, 132])
Face([85, 120, 22])
Face([66, 86, 87, 34])
Face([3, 16, 19])
Face([52, 27, 75, 51])
Face([7, 26, 58])
Face([66, 113, 84])
Face([74, 27, 128, 59])
Face([43, 56, 84, 91])
Face([49, 17, 71])
Face([25, 42, 12, 90])
Face([91, 113, 84])
Face([5, 64, 37, 120])
Face([141, 19, 70])
Face([73, 133, 105, 23])
Face([2, 91, 98, 93])
Face([35, 13, 80, 54])
Face([132, 138, 60, 136])
Face([8, 136, 132])
Face([9, 107, 72, 110])
Face([88, 15, 39])
Face([13, 101, 102])
Face([93, 60, 98])
Face([73, 30, 79])
Face([67, 76, 5])
Face([108, 130, 62, 61])
Face([79, 102, 55])
Face([132, 136, 123, 89])
Face([6, 119, 104, 103])
Face([29, 50, 47])
Face([136, 42, 123])
Face([90, 12, 14])
Face([25, 91, 98, 60])
Face([108, 124, 111])
Face([125, 65, 25, 42])
Face([43, 56, 119])
Face([14, 104, 70])
Face([77, 45, 22])
Face([123, 48, 140])
Face([5, 120, 85])
Face([7, 49, 143, 26])
Face([74, 75, 54])
Face([122, 92, 121, 142])
Face([23, 105, 28])
Face([1, 130, 126, 38])
Face([32, 51, 75])
Face([1, 74, 54, 135])
Face([57, 129, 68])
Face([53, 116, 82, 133])
Face([130, 59, 121, 11])
Face([37, 86, 46, 143])
Face([81, 57, 68])
Face([89, 48, 46, 110])
Face([107, 129, 101])
Face([28, 106, 51])
Face([131, 34, 87])
Face([15, 131, 116])
Face([12, 127, 14])
Face([79, 32, 51, 55])
Face([101, 40, 63])
Face([120, 66, 113, 22])
Face([0, 117, 97, 69])
Face([67, 97, 85, 5])
Face([74, 59, 108])
Face([94, 106, 51, 127])
Face([69, 73, 50])
Face([35, 57, 47])
Face([85, 84, 113, 22])
Face([8, 94, 139, 122])
Face([78, 121, 11])
Face([64, 134, 29, 47])
Face([13, 50, 29])
Face([95, 24, 92])
Face([80, 109, 129, 101])
Face([52, 128, 27])
Face([94, 139, 127])
Face([69, 73, 30, 3])
Face([130, 62, 126])
Face([86, 31, 87])
Face([4, 49, 7])
Face([53, 88, 116])
Face([88, 116, 29, 47])
Face([139, 92, 61])
Face([95, 106, 132])
Face([16, 19, 119, 6])
Face([80, 55, 101])
Face([78, 11, 99])
Face([66, 83, 86])
Face([20, 78, 7])
Face([53, 50, 133])
Face([53, 131, 39])
Face([89, 48, 123])
Face([76, 64, 5])
Face([66, 34, 98])
Face([5, 88, 15, 120])
Face([85, 114, 22])
Face([132, 89, 21, 106])
Face([26, 72, 129, 58])
Face([102, 105, 140])
Face([53, 88, 39])
Face([20, 130, 11, 78])
Face([46, 48, 100])
Face([140, 48, 100, 82])
Face([117, 65, 118])
Face([41, 139, 61])
Face([91, 34, 84])
Face([118, 33, 131])
Face([7, 17, 99, 78])
Face([4, 137, 7])
Face([15, 116, 100, 86])
Face([122, 62, 11, 142])
Face([62, 92, 61])
Face([31, 48, 87])
Face([81, 58, 68])
Face([142, 11, 99])
Face([24, 51, 75])
Face([0, 53, 69])
Face([30, 32, 79])
Face([2, 43, 77, 36])
Face([25, 136, 94, 90])
Face([80, 75, 51, 55])
Face([49, 17, 44, 143])
Face([130, 11, 62])
Face([93, 112, 138])
Face([36, 122, 62, 45])
Face([123, 115, 33, 140])
Face([77, 113, 22])
Face([13, 57, 29])
Face([13, 80, 101])
Face([19, 104, 119])
Face([72, 129, 68, 143])
Face([52, 21, 55])
Face([131, 33, 87])
Face([110, 138, 31, 46])
Face([24, 75, 111])
Face([64, 88, 116, 134])
Face([6, 56, 77])
Face([3, 19, 70, 30])
Face([8, 122, 92, 95])
Face([117, 56, 97])
Face([142, 121, 18])
Face([122, 139, 92])
Face([44, 112, 31, 46])
Face([13, 57, 129, 101])
Face([27, 80, 75])
Face([124, 104, 103])
Face([122, 41, 139])
Face([108, 130, 59])
Face([141, 70, 14])
Face([125, 65, 141])
Face([1, 4, 38])
Face([94, 12, 127])
Face([6, 41, 77])
Face([1, 130, 20])
Face([81, 109, 54, 135])
Face([110, 138, 112, 44])
Face([17, 96, 99])
Face([136, 42, 28, 106])
Face([138, 60, 31])
Face([85, 56, 84])
Face([3, 19, 104, 124])
Face([94, 139, 92, 95])
Face([122, 62, 92])
Face([26, 143, 44])
Face([73, 50, 35, 30])
Face([58, 129, 109])
Face([26, 72, 107, 10])
Face([125, 65, 90, 12])
Face([8, 132, 18, 142])
Face([4, 81, 76])
