[0, 11]
[0, 46]
[0, 106]
[0, 139]
[0, 253]
[0, 266]
[1, 8]
[1, 10]
[1, 48]
[1, 51]
[1, 84]
[1, 274]
[2, 50]
[2, 65]
[2, 103]
[2, 123]
[2, 128]
[2, 248]
[3, 90]
[3, 125]
[3, 165]
[3, 179]
[3, 190]
[3, 259]
[4, 22]
[4, 52]
[4, 108]
[4, 207]
[4, 217]
[4, 260]
[5, 76]
[5, 83]
[5, 189]
[5, 192]
[5, 225]
[5, 247]
[6, 48]
[6, 72]
[6, 194]
[6, 229]
[6, 232]
[6, 274]
[7, 27]
[7, 39]
[7, 76]
[7, 225]
[7, 233]
[7, 287]
[8, 32]
[8, 166]
[8, 182]
[8, 203]
[8, 274]
[9, 71]
[9, 149]
[9, 204]
[9, 223]
[9, 237]
[9, 275]
[10, 84]
[10, 89]
[10, 91]
[10, 176]
[10, 255]
[11, 106]
[11, 133]
[11, 246]
[11, 262]
[11, 278]
[12, 40]
[12, 169]
[12, 181]
[12, 183]
[12, 197]
[12, 234]
[13, 26]
[13, 44]
[13, 53]
[13, 61]
[13, 206]
[13, 236]
[14, 71]
[14, 124]
[14, 214]
[14, 215]
[14, 237]
[14, 245]
[15, 54]
[15, 107]
[15, 111]
[15, 115]
[15, 122]
[15, 243]
[16, 29]
[16, 92]
[16, 143]
[16, 170]
[16, 186]
[16, 246]
[17, 146]
[17, 148]
[17, 159]
[17, 162]
[17, 175]
[17, 221]
[18, 96]
[18, 127]
[18, 162]
[18, 175]
[18, 216]
[18, 267]
[19, 30]
[19, 60]
[19, 105]
[19, 117]
[19, 119]
[19, 277]
[20, 97]
[20, 110]
[20, 171]
[20, 180]
[20, 215]
[20, 280]
[21, 89]
[21, 138]
[21, 209]
[21, 213]
[21, 242]
[21, 267]
[22, 63]
[22, 94]
[22, 95]
[22, 207]
[22, 247]
[23, 59]
[23, 67]
[23, 70]
[23, 120]
[23, 150]
[23, 224]
[24, 45]
[24, 110]
[24, 149]
[24, 210]
[24, 212]
[24, 244]
[25, 68]
[25, 198]
[25, 208]
[25, 218]
[25, 256]
[25, 284]
[26, 44]
[26, 80]
[26, 158]
[26, 210]
[26, 268]
[27, 86]
[27, 99]
[27, 168]
[27, 276]
[27, 287]
[28, 54]
[28, 82]
[28, 156]
[28, 191]
[28, 201]
[28, 243]
[29, 36]
[29, 92]
[29, 137]
[29, 155]
[29, 171]
[30, 60]
[30, 104]
[30, 124]
[30, 217]
[30, 263]
[31, 93]
[31, 135]
[31, 145]
[31, 214]
[31, 245]
[31, 283]
[32, 51]
[32, 104]
[32, 166]
[32, 231]
[32, 279]
[33, 75]
[33, 83]
[33, 85]
[33, 129]
[33, 189]
[33, 271]
[34, 43]
[34, 84]
[34, 85]
[34, 94]
[34, 242]
[34, 255]
[35, 62]
[35, 84]
[35, 200]
[35, 203]
[35, 226]
[35, 274]
[36, 63]
[36, 155]
[36, 217]
[36, 231]
[36, 263]
[37, 48]
[37, 176]
[37, 177]
[37, 232]
[37, 234]
[37, 264]
[38, 68]
[38, 178]
[38, 191]
[38, 238]
[38, 243]
[38, 284]
[39, 82]
[39, 142]
[39, 156]
[39, 225]
[39, 276]
[40, 112]
[40, 181]
[40, 191]
[40, 239]
[40, 260]
[41, 43]
[41, 63]
[41, 83]
[41, 92]
[41, 94]
[41, 155]
[42, 67]
[42, 90]
[42, 100]
[42, 132]
[42, 185]
[42, 195]
[43, 85]
[43, 87]
[43, 155]
[43, 203]
[44, 62]
[44, 88]
[44, 200]
[44, 258]
[45, 69]
[45, 101]
[45, 113]
[45, 212]
[45, 224]
[46, 49]
[46, 77]
[46, 139]
[46, 248]
[46, 251]
[47, 105]
[47, 136]
[47, 187]
[47, 196]
[47, 277]
[47, 279]
[48, 51]
[48, 176]
[48, 194]
[49, 57]
[49, 77]
[49, 134]
[49, 250]
[49, 252]
[50, 70]
[50, 128]
[50, 205]
[50, 251]
[50, 266]
[51, 91]
[51, 108]
[51, 279]
[52, 60]
[52, 95]
[52, 156]
[52, 201]
[52, 217]
[53, 57]
[53, 61]
[53, 79]
[53, 154]
[53, 261]
[54, 60]
[54, 122]
[54, 152]
[54, 156]
[55, 111]
[55, 122]
[55, 142]
[55, 253]
[55, 262]
[55, 276]
[56, 57]
[56, 73]
[56, 77]
[56, 129]
[56, 240]
[56, 254]
[57, 73]
[57, 134]
[57, 261]
[58, 109]
[58, 130]
[58, 196]
[58, 204]
[58, 223]
[58, 282]
[59, 70]
[59, 93]
[59, 113]
[59, 141]
[59, 145]
[60, 152]
[60, 201]
[61, 73]
[61, 158]
[61, 258]
[61, 273]
[62, 87]
[62, 184]
[62, 226]
[62, 258]
[63, 92]
[63, 95]
[63, 217]
[64, 66]
[64, 69]
[64, 133]
[64, 135]
[64, 143]
[64, 278]
[65, 123]
[65, 132]
[65, 159]
[65, 173]
[65, 220]
[66, 69]
[66, 74]
[66, 144]
[66, 212]
[66, 273]
[67, 120]
[67, 185]
[67, 202]
[67, 227]
[68, 107]
[68, 208]
[68, 243]
[68, 257]
[69, 101]
[69, 145]
[69, 230]
[70, 174]
[70, 205]
[70, 230]
[71, 117]
[71, 211]
[71, 214]
[71, 223]
[72, 80]
[72, 114]
[72, 179]
[72, 200]
[72, 232]
[73, 74]
[73, 241]
[73, 273]
[74, 133]
[74, 144]
[74, 240]
[74, 241]
[75, 129]
[75, 138]
[75, 147]
[75, 219]
[75, 254]
[76, 99]
[76, 189]
[76, 233]
[76, 265]
[77, 106]
[77, 167]
[77, 254]
[78, 109]
[78, 165]
[78, 172]
[78, 259]
[78, 264]
[78, 270]
[79, 81]
[79, 118]
[79, 154]
[79, 190]
[79, 206]
[80, 98]
[80, 200]
[80, 229]
[80, 268]
[81, 118]
[81, 148]
[81, 195]
[81, 221]
[81, 250]
[82, 238]
[82, 243]
[82, 276]
[82, 287]
[83, 85]
[83, 94]
[83, 192]
[84, 203]
[84, 242]
[85, 147]
[85, 184]
[86, 103]
[86, 128]
[86, 139]
[86, 253]
[86, 276]
[87, 97]
[87, 184]
[87, 203]
[87, 286]
[88, 114]
[88, 200]
[88, 209]
[88, 226]
[88, 236]
[89, 151]
[89, 193]
[89, 242]
[89, 255]
[90, 165]
[90, 195]
[90, 270]
[90, 272]
[91, 108]
[91, 176]
[91, 207]
[91, 239]
[92, 116]
[92, 192]
[93, 115]
[93, 141]
[93, 211]
[93, 214]
[94, 247]
[94, 255]
[95, 116]
[95, 156]
[95, 225]
[96, 164]
[96, 175]
[96, 177]
[96, 188]
[96, 270]
[97, 155]
[97, 171]
[97, 182]
[97, 286]
[98, 131]
[98, 161]
[98, 210]
[98, 229]
[98, 275]
[99, 139]
[99, 167]
[99, 168]
[99, 265]
[100, 120]
[100, 123]
[100, 132]
[100, 208]
[100, 256]
[101, 150]
[101, 174]
[101, 261]
[101, 273]
[102, 140]
[102, 178]
[102, 181]
[102, 183]
[102, 235]
[102, 238]
[103, 139]
[103, 168]
[103, 220]
[103, 248]
[104, 108]
[104, 217]
[104, 231]
[104, 277]
[105, 117]
[105, 160]
[105, 187]
[105, 223]
[106, 167]
[106, 240]
[106, 271]
[107, 115]
[107, 141]
[107, 198]
[107, 257]
[108, 260]
[108, 277]
[109, 130]
[109, 136]
[109, 153]
[109, 165]
[110, 161]
[110, 180]
[110, 210]
[110, 237]
[111, 128]
[111, 243]
[111, 257]
[111, 276]
[112, 119]
[112, 169]
[112, 187]
[112, 191]
[112, 284]
[113, 145]
[113, 149]
[113, 214]
[113, 224]
[114, 164]
[114, 179]
[114, 216]
[114, 236]
[115, 152]
[115, 211]
[115, 283]
[116, 142]
[116, 170]
[116, 192]
[116, 225]
[117, 124]
[117, 152]
[117, 211]
[118, 150]
[118, 202]
[118, 252]
[118, 261]
[119, 187]
[119, 201]
[119, 260]
[119, 277]
[120, 141]
[120, 205]
[120, 256]
[121, 151]
[121, 181]
[121, 197]
[121, 199]
[121, 239]
[121, 281]
[122, 142]
[122, 228]
[122, 283]
[123, 205]
[123, 208]
[123, 257]
[124, 152]
[124, 245]
[124, 263]
[125, 131]
[125, 190]
[125, 227]
[125, 268]
[125, 282]
[126, 127]
[126, 140]
[126, 146]
[126, 168]
[126, 265]
[126, 285]
[127, 146]
[127, 162]
[127, 213]
[127, 269]
[128, 253]
[128, 257]
[129, 184]
[129, 240]
[129, 241]
[130, 160]
[130, 185]
[130, 218]
[130, 256]
[131, 204]
[131, 210]
[131, 244]
[131, 268]
[132, 173]
[132, 221]
[132, 272]
[133, 143]
[133, 240]
[133, 246]
[134, 148]
[134, 154]
[134, 163]
[134, 254]
[135, 145]
[135, 186]
[135, 228]
[135, 278]
[136, 153]
[136, 194]
[136, 196]
[136, 264]
[137, 171]
[137, 186]
[137, 215]
[137, 245]
[137, 263]
[138, 147]
[138, 163]
[138, 209]
[138, 269]
[139, 167]
[140, 168]
[140, 199]
[140, 235]
[140, 287]
[141, 198]
[141, 205]
[142, 156]
[142, 170]
[143, 144]
[143, 171]
[143, 186]
[144, 171]
[144, 180]
[144, 286]
[145, 230]
[146, 175]
[146, 220]
[146, 235]
[147, 184]
[147, 226]
[147, 242]
[148, 154]
[148, 162]
[148, 250]
[149, 214]
[149, 237]
[149, 244]
[150, 174]
[150, 202]
[150, 224]
[151, 193]
[151, 213]
[151, 281]
[151, 285]
[152, 283]
[153, 169]
[153, 172]
[153, 187]
[153, 218]
[154, 236]
[154, 249]
[155, 182]
[157, 166]
[157, 194]
[157, 196]
[157, 229]
[157, 275]
[157, 279]
[158, 180]
[158, 210]
[158, 212]
[158, 258]
[159, 220]
[159, 221]
[159, 248]
[159, 250]
[160, 198]
[160, 211]
[160, 218]
[160, 223]
[161, 166]
[161, 237]
[161, 275]
[161, 280]
[162, 163]
[162, 249]
[163, 249]
[163, 254]
[163, 269]
[164, 177]
[164, 216]
[164, 232]
[164, 259]
[165, 185]
[165, 282]
[166, 229]
[166, 280]
[167, 189]
[167, 219]
[168, 220]
[169, 172]
[169, 183]
[169, 284]
[170, 228]
[170, 246]
[170, 262]
[172, 188]
[172, 234]
[172, 264]
[173, 178]
[173, 208]
[173, 222]
[173, 235]
[174, 230]
[174, 251]
[174, 252]
[175, 222]
[175, 272]
[176, 193]
[176, 197]
[177, 193]
[177, 234]
[177, 267]
[178, 183]
[178, 208]
[178, 284]
[179, 206]
[179, 259]
[179, 268]
[180, 212]
[180, 286]
[181, 199]
[181, 238]
[182, 203]
[182, 231]
[182, 280]
[183, 188]
[183, 222]
[184, 241]
[185, 256]
[185, 282]
[186, 228]
[186, 245]
[187, 218]
[188, 222]
[188, 234]
[188, 270]
[189, 219]
[189, 271]
[190, 195]
[190, 202]
[190, 206]
[191, 201]
[191, 238]
[192, 246]
[192, 271]
[193, 197]
[193, 267]
[194, 264]
[194, 279]
[195, 202]
[195, 221]
[196, 223]
[196, 275]
[197, 234]
[197, 239]
[198, 211]
[198, 256]
[199, 233]
[199, 285]
[199, 287]
[200, 274]
[201, 260]
[202, 227]
[204, 244]
[204, 275]
[204, 282]
[205, 257]
[206, 236]
[206, 268]
[207, 239]
[207, 255]
[207, 281]
[209, 216]
[209, 226]
[209, 249]
[212, 273]
[213, 267]
[213, 269]
[213, 285]
[215, 237]
[215, 263]
[215, 280]
[216, 249]
[216, 267]
[218, 284]
[219, 254]
[219, 265]
[219, 269]
[220, 235]
[221, 272]
[222, 235]
[222, 272]
[224, 227]
[224, 244]
[225, 247]
[226, 242]
[227, 244]
[227, 282]
[228, 262]
[228, 283]
[229, 274]
[230, 266]
[230, 278]
[231, 263]
[231, 280]
[232, 259]
[232, 264]
[233, 247]
[233, 281]
[233, 285]
[236, 249]
[238, 287]
[239, 260]
[240, 271]
[241, 258]
[241, 286]
[245, 283]
[246, 271]
[247, 281]
[248, 250]
[248, 251]
[250, 252]
[251, 252]
[251, 266]
[252, 261]
[253, 262]
[253, 266]
[255, 281]
[258, 286]
[259, 270]
[261, 273]
[262, 278]
[265, 269]
[265, 285]
[266, 278]
[270, 272]
[277, 279]
