[28, 42]
[28, 97]
[28, 278]
[29, 42]
[29, 566]
[30, 432]
[30, 452]
[30, 463]
[31, 388]
[31, 411]
[32, 105]
[32, 440]
[32, 486]
[33, 349]
[33, 367]
[33, 403]
[34, 108]
[34, 411]
[34, 526]
[35, 446]
[35, 515]
[35, 558]
[36, 47]
[36, 540]
[36, 572]
[37, 186]
[37, 397]
[37, 422]
[38, 113]
[38, 277]
[39, 64]
[39, 321]
[39, 343]
[40, 241]
[40, 255]
[40, 462]
[41, 315]
[41, 560]
[42, 566]
[43, 390]
[43, 574]
[44, 82]
[44, 151]
[44, 464]
[45, 112]
[45, 300]
[45, 532]
[46, 158]
[46, 194]
[46, 366]
[47, 347]
[47, 572]
[48, 400]
[48, 412]
[48, 509]
[49, 90]
[49, 436]
[49, 485]
[50, 93]
[50, 249]
[50, 550]
[51, 80]
[51, 85]
[51, 546]
[52, 107]
[52, 174]
[52, 538]
[53, 177]
[53, 319]
[53, 327]
[54, 243]
[54, 440]
[54, 495]
[55, 161]
[55, 386]
[55, 392]
[56, 96]
[56, 307]
[57, 231]
[57, 297]
[57, 324]
[58, 84]
[58, 368]
[58, 449]
[59, 129]
[59, 359]
[59, 439]
[60, 160]
[60, 398]
[60, 512]
[61, 80]
[61, 430]
[61, 506]
[62, 211]
[62, 504]
[62, 565]
[63, 223]
[63, 265]
[63, 375]
[64, 128]
[64, 138]
[65, 149]
[65, 317]
[65, 535]
[66, 137]
[66, 413]
[67, 248]
[67, 393]
[67, 478]
[68, 227]
[68, 234]
[68, 312]
[69, 79]
[69, 160]
[69, 464]
[70, 192]
[70, 247]
[70, 470]
[71, 143]
[71, 207]
[71, 326]
[72, 181]
[72, 237]
[72, 279]
[73, 230]
[73, 268]
[73, 570]
[74, 323]
[74, 368]
[74, 424]
[75, 122]
[75, 190]
[75, 191]
[76, 413]
[76, 518]
[76, 561]
[77, 146]
[77, 284]
[77, 427]
[78, 175]
[78, 203]
[78, 372]
[79, 99]
[79, 160]
[80, 546]
[81, 154]
[81, 247]
[82, 235]
[82, 499]
[83, 387]
[83, 552]
[83, 562]
[112, 223]
[112, 300]
[114, 286]
[114, 345]
[114, 443]
[115, 483]
[115, 526]
[116, 189]
[116, 430]
[117, 340]
[117, 441]
[117, 489]
[118, 248]
[118, 269]
[118, 332]
[119, 345]
[120, 185]
[120, 238]
[121, 193]
[121, 391]
[121, 431]
[122, 191]
[123, 136]
[123, 184]
[123, 446]
[124, 421]
[124, 474]
[125, 131]
[125, 423]
[126, 201]
[126, 291]
[126, 304]
[127, 139]
[127, 204]
[127, 550]
[128, 138]
[129, 439]
[129, 572]
[130, 153]
[130, 372]
[131, 423]
[131, 427]
[132, 303]
[132, 468]
[132, 533]
[133, 266]
[133, 354]
[134, 401]
[134, 510]
[135, 197]
[135, 282]
[135, 331]
[136, 184]
[136, 246]
[137, 149]
[137, 413]
[139, 204]
[139, 355]
[84, 134]
[84, 368]
[85, 521]
[85, 539]
[86, 196]
[86, 296]
[86, 491]
[87, 113]
[87, 475]
[87, 485]
[88, 128]
[88, 541]
[89, 120]
[89, 185]
[89, 239]
[90, 316]
[90, 436]
[91, 335]
[91, 523]
[91, 542]
[92, 163]
[92, 309]
[92, 559]
[93, 393]
[93, 550]
[94, 165]
[94, 305]
[94, 534]
[95, 110]
[95, 443]
[96, 122]
[97, 138]
[97, 278]
[98, 141]
[98, 285]
[98, 293]
[99, 356]
[99, 505]
[100, 187]
[100, 474]
[100, 518]
[101, 115]
[101, 119]
[101, 483]
[102, 106]
[102, 212]
[102, 539]
[103, 377]
[103, 442]
[103, 524]
[104, 213]
[104, 384]
[105, 486]
[105, 528]
[106, 212]
[106, 524]
[107, 174]
[107, 373]
[108, 459]
[108, 526]
[109, 404]
[109, 426]
[109, 502]
[110, 242]
[111, 488]
[111, 545]
[111, 548]
[0, 104]
[0, 155]
[0, 384]
[1, 31]
[1, 95]
[1, 110]
[2, 116]
[2, 189]
[2, 442]
[3, 262]
[3, 353]
[3, 433]
[4, 81]
[4, 154]
[4, 531]
[5, 20]
[5, 263]
[5, 395]
[6, 11]
[6, 310]
[6, 497]
[7, 41]
[7, 280]
[7, 560]
[8, 133]
[8, 169]
[8, 245]
[9, 43]
[9, 556]
[9, 574]
[10, 159]
[10, 341]
[10, 460]
[11, 125]
[11, 497]
[12, 257]
[12, 264]
[12, 285]
[13, 338]
[13, 461]
[13, 494]
[14, 351]
[14, 437]
[14, 466]
[15, 232]
[15, 325]
[15, 399]
[16, 206]
[16, 289]
[16, 567]
[17, 130]
[17, 153]
[17, 177]
[18, 38]
[18, 113]
[18, 272]
[19, 29]
[19, 88]
[19, 541]
[20, 198]
[20, 263]
[21, 313]
[21, 385]
[21, 502]
[22, 147]
[22, 360]
[22, 425]
[23, 238]
[23, 304]
[23, 373]
[24, 66]
[24, 124]
[24, 421]
[25, 267]
[25, 314]
[25, 511]
[26, 119]
[26, 345]
[26, 388]
[27, 56]
[27, 96]
[27, 406]
[196, 475]
[196, 491]
[197, 329]
[197, 331]
[198, 244]
[198, 339]
[199, 214]
[199, 308]
[199, 419]
[200, 205]
[200, 215]
[200, 520]
[201, 239]
[201, 287]
[202, 217]
[202, 220]
[202, 410]
[203, 315]
[203, 327]
[204, 383]
[205, 288]
[205, 500]
[206, 289]
[207, 299]
[207, 575]
[208, 250]
[208, 389]
[208, 420]
[209, 215]
[209, 236]
[209, 294]
[210, 297]
[210, 513]
[211, 424]
[211, 504]
[212, 506]
[213, 318]
[213, 419]
[214, 219]
[214, 308]
[215, 520]
[216, 302]
[216, 322]
[216, 450]
[217, 220]
[217, 420]
[218, 414]
[219, 328]
[221, 276]
[221, 314]
[221, 513]
[222, 528]
[222, 548]
[223, 375]
[224, 282]
[224, 465]
[224, 575]
[225, 229]
[225, 529]
[226, 284]
[226, 312]
[226, 533]
[227, 234]
[227, 551]
[228, 317]
[228, 344]
[228, 561]
[229, 529]
[229, 555]
[230, 268]
[231, 301]
[231, 324]
[232, 241]
[232, 325]
[233, 418]
[233, 514]
[233, 531]
[234, 423]
[235, 398]
[235, 499]
[236, 278]
[236, 294]
[237, 334]
[238, 373]
[239, 287]
[240, 255]
[240, 336]
[240, 527]
[241, 255]
[242, 290]
[242, 459]
[243, 258]
[243, 381]
[244, 339]
[244, 402]
[245, 344]
[246, 369]
[246, 549]
[247, 470]
[248, 269]
[249, 271]
[249, 332]
[250, 420]
[250, 549]
[251, 292]
[251, 346]
[168, 280]
[168, 319]
[168, 530]
[169, 187]
[169, 245]
[170, 298]
[170, 329]
[170, 334]
[171, 330]
[171, 386]
[172, 283]
[173, 183]
[173, 225]
[173, 525]
[174, 498]
[175, 218]
[175, 372]
[176, 454]
[176, 501]
[176, 545]
[177, 319]
[178, 222]
[178, 342]
[179, 182]
[179, 371]
[179, 389]
[180, 260]
[180, 374]
[181, 279]
[181, 415]
[182, 337]
[182, 348]
[183, 230]
[183, 525]
[184, 220]
[185, 364]
[186, 191]
[186, 397]
[187, 474]
[188, 218]
[188, 260]
[188, 414]
[189, 453]
[190, 270]
[192, 261]
[192, 452]
[193, 391]
[193, 511]
[194, 366]
[194, 401]
[195, 251]
[195, 346]
[195, 358]
[252, 435]
[252, 463]
[252, 514]
[253, 347]
[253, 357]
[253, 503]
[254, 287]
[254, 409]
[254, 428]
[256, 264]
[256, 311]
[256, 358]
[257, 292]
[257, 309]
[258, 381]
[258, 454]
[259, 277]
[259, 436]
[259, 544]
[260, 374]
[261, 452]
[261, 456]
[262, 302]
[262, 353]
[263, 547]
[264, 285]
[265, 396]
[265, 484]
[266, 354]
[266, 421]
[267, 511]
[267, 534]
[268, 509]
[269, 471]
[270, 455]
[271, 332]
[271, 447]
[272, 333]
[272, 536]
[273, 289]
[273, 496]
[273, 517]
[274, 313]
[274, 448]
[275, 322]
[275, 359]
[275, 516]
[276, 467]
[276, 473]
[277, 544]
[279, 299]
[364, 487]
[364, 498]
[365, 522]
[366, 425]
[367, 466]
[369, 549]
[371, 389]
[371, 405]
[374, 530]
[375, 554]
[376, 382]
[377, 469]
[377, 553]
[378, 505]
[378, 537]
[379, 544]
[379, 568]
[380, 402]
[380, 403]
[380, 445]
[381, 407]
[382, 510]
[383, 492]
[383, 507]
[384, 523]
[385, 502]
[386, 392]
[387, 432]
[387, 562]
[388, 411]
[390, 412]
[390, 519]
[336, 426]
[336, 527]
[337, 348]
[337, 558]
[338, 351]
[338, 547]
[339, 437]
[340, 406]
[340, 543]
[341, 396]
[342, 501]
[346, 429]
[347, 357]
[348, 369]
[349, 367]
[349, 461]
[350, 370]
[351, 547]
[352, 365]
[352, 522]
[353, 439]
[354, 535]
[355, 438]
[355, 447]
[356, 505]
[357, 516]
[359, 516]
[360, 425]
[360, 504]
[361, 564]
[361, 571]
[362, 379]
[362, 536]
[362, 568]
[363, 453]
[363, 469]
[363, 557]
[392, 542]
[393, 478]
[394, 417]
[394, 477]
[395, 408]
[395, 445]
[396, 484]
[397, 563]
[398, 512]
[399, 472]
[400, 509]
[400, 573]
[401, 510]
[402, 403]
[404, 426]
[405, 410]
[405, 515]
[406, 543]
[408, 445]
[408, 494]
[409, 428]
[409, 487]
[410, 515]
[412, 519]
[414, 560]
[415, 416]
[415, 458]
[416, 458]
[416, 465]
[417, 477]
[418, 531]
[418, 562]
[428, 569]
[429, 444]
[430, 506]
[432, 463]
[433, 457]
[433, 540]
[434, 448]
[434, 462]
[434, 472]
[435, 470]
[435, 514]
[437, 466]
[438, 447]
[440, 495]
[441, 489]
[441, 508]
[442, 524]
[446, 558]
[448, 462]
[449, 565]
[450, 490]
[450, 503]
[451, 476]
[451, 532]
[451, 567]
[453, 557]
[454, 501]
[455, 508]
[455, 563]
[456, 552]
[457, 490]
[457, 540]
[460, 476]
[460, 554]
[461, 494]
[467, 473]
[468, 551]
[469, 553]
[471, 482]
[475, 485]
[280, 530]
[281, 350]
[281, 370]
[281, 483]
[282, 465]
[283, 365]
[284, 312]
[286, 350]
[286, 443]
[288, 321]
[288, 500]
[290, 370]
[290, 459]
[291, 304]
[291, 481]
[292, 309]
[293, 559]
[294, 343]
[295, 456]
[295, 552]
[296, 316]
[296, 479]
[298, 329]
[298, 458]
[299, 575]
[300, 517]
[301, 305]
[301, 431]
[302, 322]
[303, 361]
[303, 533]
[305, 431]
[306, 385]
[306, 399]
[306, 472]
[307, 320]
[307, 422]
[308, 330]
[310, 468]
[310, 551]
[311, 358]
[311, 394]
[314, 513]
[315, 327]
[316, 479]
[317, 344]
[318, 419]
[320, 422]
[320, 489]
[321, 343]
[323, 376]
[323, 424]
[324, 467]
[325, 404]
[333, 491]
[333, 536]
[140, 210]
[140, 297]
[140, 391]
[141, 293]
[141, 417]
[142, 178]
[142, 342]
[142, 495]
[143, 326]
[143, 331]
[144, 352]
[144, 378]
[144, 537]
[145, 438]
[145, 471]
[145, 482]
[146, 427]
[146, 571]
[147, 376]
[147, 382]
[148, 274]
[148, 313]
[148, 527]
[149, 535]
[150, 162]
[150, 318]
[150, 335]
[151, 172]
[151, 464]
[152, 166]
[152, 407]
[152, 486]
[153, 180]
[154, 295]
[155, 171]
[155, 330]
[156, 190]
[156, 270]
[156, 543]
[157, 429]
[157, 444]
[157, 477]
[158, 449]
[158, 565]
[159, 206]
[159, 341]
[161, 219]
[161, 328]
[162, 328]
[162, 335]
[163, 444]
[163, 559]
[164, 237]
[164, 326]
[164, 334]
[165, 473]
[165, 534]
[166, 407]
[166, 488]
[167, 172]
[167, 283]
[167, 356]
[476, 554]
[478, 492]
[479, 568]
[480, 525]
[480, 556]
[480, 573]
[481, 538]
[481, 569]
[482, 507]
[484, 496]
[487, 498]
[488, 545]
[490, 503]
[492, 507]
[493, 519]
[493, 555]
[493, 570]
[496, 517]
[497, 564]
[499, 522]
[500, 541]
[532, 567]
[538, 569]
[546, 557]
[555, 570]
[556, 573]
[508, 563]
[512, 537]
[518, 561]
[520, 566]
[521, 539]
[521, 553]
[523, 542]
[528, 548]
[529, 574]
[564, 571]
