[28, 42]
[28, 305]
[28, 394]
[28, 427]
[29, 139]
[29, 232]
[29, 321]
[30, 230]
[30, 263]
[30, 336]
[30, 402]
[31, 43]
[31, 160]
[31, 259]
[31, 462]
[32, 250]
[32, 371]
[32, 458]
[32, 500]
[33, 72]
[33, 136]
[33, 267]
[33, 536]
[34, 158]
[34, 160]
[34, 245]
[34, 300]
[35, 203]
[35, 260]
[35, 567]
[35, 574]
[36, 55]
[36, 82]
[36, 165]
[36, 512]
[37, 91]
[37, 96]
[37, 329]
[37, 386]
[38, 139]
[38, 153]
[38, 225]
[38, 232]
[39, 197]
[39, 261]
[39, 398]
[39, 530]
[40, 78]
[40, 485]
[40, 521]
[41, 49]
[41, 252]
[41, 477]
[41, 537]
[42, 239]
[42, 314]
[42, 427]
[43, 259]
[43, 322]
[43, 475]
[44, 136]
[44, 483]
[44, 486]
[44, 500]
[45, 255]
[45, 265]
[45, 354]
[45, 375]
[46, 57]
[46, 73]
[46, 296]
[46, 392]
[47, 243]
[47, 343]
[47, 359]
[47, 379]
[48, 100]
[48, 192]
[48, 381]
[48, 512]
[49, 95]
[49, 260]
[49, 537]
[50, 319]
[50, 361]
[50, 366]
[50, 438]
[51, 367]
[51, 373]
[51, 517]
[51, 556]
[52, 53]
[52, 168]
[52, 513]
[52, 546]
[53, 426]
[53, 482]
[53, 513]
[54, 60]
[54, 144]
[54, 346]
[54, 535]
[55, 61]
[55, 286]
[55, 422]
[56, 124]
[56, 501]
[57, 143]
[57, 296]
[57, 355]
[58, 94]
[58, 459]
[58, 489]
[58, 553]
[59, 358]
[59, 359]
[59, 510]
[59, 525]
[60, 143]
[60, 170]
[60, 426]
[61, 97]
[61, 245]
[61, 422]
[62, 64]
[62, 236]
[62, 321]
[62, 536]
[63, 128]
[63, 225]
[63, 388]
[63, 529]
[64, 250]
[64, 491]
[64, 536]
[65, 188]
[65, 439]
[65, 445]
[66, 431]
[66, 497]
[66, 552]
[67, 159]
[67, 178]
[67, 194]
[67, 340]
[68, 141]
[68, 162]
[68, 246]
[68, 538]
[69, 378]
[69, 571]
[69, 575]
[70, 119]
[70, 421]
[70, 494]
[70, 572]
[71, 183]
[71, 317]
[71, 461]
[71, 544]
[72, 193]
[72, 489]
[73, 89]
[73, 328]
[73, 467]
[74, 368]
[74, 397]
[74, 517]
[74, 528]
[75, 192]
[75, 381]
[75, 412]
[75, 415]
[76, 167]
[76, 405]
[76, 472]
[76, 560]
[77, 112]
[77, 292]
[77, 396]
[77, 504]
[78, 271]
[78, 485]
[78, 548]
[79, 111]
[79, 264]
[79, 388]
[79, 540]
[80, 202]
[80, 352]
[80, 400]
[80, 436]
[81, 116]
[81, 117]
[81, 221]
[81, 550]
[82, 103]
[82, 165]
[82, 338]
[83, 161]
[83, 219]
[83, 356]
[83, 562]
[84, 170]
[84, 268]
[84, 417]
[84, 511]
[85, 200]
[85, 207]
[85, 442]
[85, 453]
[86, 169]
[86, 196]
[86, 222]
[87, 190]
[87, 301]
[87, 437]
[87, 449]
[88, 140]
[88, 181]
[88, 184]
[88, 422]
[89, 295]
[89, 481]
[89, 514]
[90, 131]
[90, 342]
[90, 403]
[91, 126]
[91, 329]
[91, 531]
[92, 196]
[92, 222]
[92, 443]
[93, 110]
[93, 343]
[93, 430]
[93, 535]
[94, 176]
[94, 424]
[94, 461]
[95, 114]
[95, 273]
[95, 554]
[96, 277]
[96, 498]
[96, 518]
[97, 286]
[97, 306]
[97, 563]
[98, 446]
[98, 453]
[98, 456]
[98, 468]
[99, 100]
[99, 216]
[99, 264]
[99, 540]
[100, 192]
[100, 415]
[101, 229]
[101, 235]
[101, 312]
[101, 504]
[102, 107]
[102, 234]
[102, 299]
[102, 495]
[103, 244]
[103, 488]
[103, 512]
[104, 119]
[104, 137]
[104, 297]
[104, 572]
[105, 309]
[105, 310]
[105, 531]
[105, 556]
[106, 109]
[106, 169]
[106, 411]
[106, 486]
[107, 209]
[107, 387]
[107, 495]
[108, 173]
[108, 266]
[108, 436]
[109, 131]
[109, 377]
[109, 520]
[110, 406]
[110, 434]
[110, 535]
[111, 216]
[111, 441]
[111, 540]
[140, 274]
[140, 344]
[140, 508]
[141, 538]
[141, 562]
[142, 277]
[142, 388]
[143, 170]
[143, 346]
[144, 170]
[144, 189]
[144, 346]
[145, 280]
[145, 416]
[145, 433]
[145, 474]
[146, 462]
[146, 493]
[147, 323]
[147, 337]
[147, 418]
[147, 516]
[148, 360]
[148, 479]
[148, 519]
[149, 204]
[149, 255]
[149, 275]
[150, 156]
[150, 416]
[150, 433]
[150, 534]
[151, 220]
[151, 241]
[151, 543]
[152, 270]
[152, 382]
[152, 502]
[153, 272]
[153, 441]
[154, 269]
[154, 273]
[154, 351]
[154, 554]
[155, 203]
[155, 256]
[155, 572]
[155, 574]
[156, 310]
[156, 531]
[156, 542]
[157, 242]
[157, 246]
[157, 295]
[157, 297]
[158, 201]
[158, 390]
[158, 563]
[159, 178]
[159, 418]
[159, 508]
[160, 300]
[160, 364]
[161, 166]
[161, 368]
[161, 517]
[162, 557]
[163, 198]
[163, 316]
[163, 318]
[163, 413]
[164, 168]
[164, 191]
[164, 547]
[165, 244]
[165, 492]
[166, 294]
[166, 368]
[166, 528]
[167, 405]
[167, 568]
[168, 564]
[169, 411]
[169, 520]
[171, 212]
[171, 266]
[171, 357]
[172, 176]
[172, 424]
[172, 466]
[172, 485]
[173, 212]
[173, 266]
[174, 182]
[174, 327]
[174, 416]
[175, 231]
[175, 445]
[175, 478]
[175, 479]
[176, 466]
[176, 575]
[177, 258]
[177, 333]
[177, 560]
[178, 331]
[179, 226]
[179, 281]
[179, 315]
[179, 434]
[180, 290]
[180, 376]
[180, 382]
[180, 387]
[181, 184]
[181, 323]
[181, 508]
[182, 327]
[182, 408]
[183, 193]
[183, 452]
[183, 544]
[184, 344]
[184, 497]
[185, 190]
[185, 294]
[185, 437]
[185, 538]
[186, 326]
[186, 476]
[187, 274]
[187, 306]
[187, 384]
[187, 391]
[188, 439]
[188, 448]
[189, 329]
[189, 386]
[190, 285]
[190, 449]
[191, 199]
[191, 282]
[191, 505]
[192, 308]
[193, 267]
[194, 202]
[194, 404]
[194, 455]
[195, 218]
[195, 383]
[195, 450]
[0, 72]
[0, 136]
[0, 193]
[0, 532]
[1, 92]
[1, 118]
[1, 138]
[1, 186]
[2, 164]
[2, 168]
[2, 340]
[2, 409]
[3, 174]
[3, 310]
[3, 397]
[3, 408]
[4, 17]
[4, 149]
[4, 487]
[4, 524]
[5, 173]
[5, 348]
[5, 457]
[5, 494]
[6, 221]
[6, 471]
[6, 518]
[6, 545]
[7, 188]
[7, 251]
[7, 347]
[7, 445]
[8, 56]
[8, 228]
[8, 464]
[8, 561]
[9, 116]
[9, 128]
[9, 142]
[9, 529]
[10, 15]
[10, 350]
[10, 505]
[10, 557]
[11, 65]
[11, 148]
[11, 428]
[11, 565]
[12, 152]
[12, 270]
[12, 318]
[12, 335]
[13, 282]
[13, 383]
[13, 484]
[13, 505]
[14, 108]
[14, 171]
[14, 212]
[14, 289]
[15, 127]
[15, 357]
[15, 557]
[16, 24]
[16, 383]
[16, 460]
[16, 539]
[17, 255]
[17, 423]
[17, 487]
[18, 40]
[18, 135]
[18, 146]
[18, 341]
[19, 201]
[19, 303]
[19, 314]
[19, 563]
[20, 29]
[20, 139]
[20, 225]
[20, 309]
[21, 90]
[21, 125]
[21, 403]
[21, 447]
[22, 182]
[22, 250]
[22, 371]
[22, 465]
[23, 56]
[23, 178]
[23, 501]
[23, 561]
[24, 66]
[24, 195]
[24, 539]
[25, 86]
[25, 222]
[25, 443]
[25, 502]
[26, 69]
[26, 115]
[26, 153]
[26, 304]
[27, 252]
[27, 260]
[27, 368]
[27, 537]
[112, 363]
[112, 487]
[112, 504]
[113, 132]
[113, 177]
[113, 262]
[113, 560]
[114, 269]
[114, 371]
[114, 554]
[115, 272]
[115, 304]
[115, 475]
[116, 117]
[116, 254]
[117, 476]
[117, 534]
[118, 186]
[118, 442]
[118, 468]
[119, 137]
[119, 212]
[120, 258]
[120, 262]
[120, 425]
[120, 560]
[121, 127]
[121, 218]
[121, 393]
[121, 506]
[122, 129]
[122, 141]
[122, 162]
[122, 226]
[123, 343]
[123, 359]
[123, 372]
[123, 454]
[124, 274]
[124, 384]
[124, 522]
[125, 247]
[125, 348]
[125, 494]
[126, 189]
[126, 313]
[126, 386]
[127, 218]
[127, 298]
[128, 142]
[128, 542]
[129, 162]
[129, 414]
[129, 538]
[130, 248]
[130, 347]
[130, 431]
[130, 552]
[131, 447]
[131, 515]
[132, 239]
[132, 394]
[132, 427]
[133, 240]
[133, 276]
[133, 385]
[133, 407]
[134, 151]
[134, 167]
[134, 233]
[134, 365]
[135, 146]
[135, 278]
[135, 492]
[136, 267]
[137, 370]
[137, 421]
[138, 326]
[138, 442]
[138, 465]
[139, 378]
[308, 362]
[308, 401]
[309, 310]
[309, 542]
[311, 361]
[311, 366]
[311, 457]
[312, 339]
[312, 351]
[312, 421]
[313, 367]
[313, 541]
[313, 556]
[314, 390]
[314, 563]
[315, 334]
[315, 353]
[315, 434]
[316, 318]
[316, 322]
[317, 448]
[317, 452]
[318, 444]
[319, 366]
[319, 544]
[320, 364]
[320, 552]
[321, 332]
[321, 491]
[322, 444]
[323, 338]
[323, 460]
[324, 426]
[324, 513]
[324, 546]
[325, 573]
[326, 442]
[327, 397]
[327, 537]
[328, 467]
[328, 514]
[329, 417]
[330, 452]
[330, 490]
[330, 496]
[331, 340]
[331, 418]
[331, 523]
[332, 491]
[332, 536]
[333, 478]
[333, 479]
[333, 527]
[334, 454]
[334, 548]
[334, 569]
[335, 502]
[280, 326]
[280, 416]
[280, 534]
[281, 356]
[281, 480]
[281, 562]
[282, 337]
[283, 417]
[283, 471]
[283, 511]
[283, 555]
[284, 301]
[284, 366]
[284, 463]
[284, 532]
[285, 414]
[285, 438]
[286, 306]
[286, 381]
[287, 325]
[287, 511]
[288, 301]
[288, 463]
[288, 559]
[289, 374]
[289, 455]
[290, 410]
[290, 413]
[290, 451]
[291, 389]
[291, 435]
[291, 524]
[291, 558]
[292, 363]
[292, 370]
[292, 374]
[293, 304]
[293, 358]
[293, 525]
[294, 437]
[294, 449]
[295, 297]
[295, 507]
[296, 354]
[296, 432]
[297, 345]
[298, 380]
[298, 393]
[299, 305]
[299, 419]
[300, 320]
[300, 439]
[301, 532]
[302, 325]
[302, 402]
[302, 471]
[302, 545]
[303, 413]
[303, 451]
[303, 470]
[304, 441]
[305, 495]
[306, 422]
[307, 353]
[307, 434]
[307, 484]
[336, 526]
[336, 550]
[337, 460]
[337, 516]
[338, 460]
[338, 516]
[339, 351]
[339, 403]
[340, 418]
[341, 492]
[341, 493]
[341, 539]
[342, 483]
[342, 486]
[343, 372]
[344, 352]
[344, 508]
[345, 507]
[345, 574]
[346, 480]
[347, 439]
[347, 445]
[348, 457]
[349, 411]
[349, 490]
[350, 357]
[350, 547]
[352, 400]
[352, 509]
[354, 477]
[355, 392]
[355, 432]
[356, 367]
[356, 480]
[360, 377]
[360, 519]
[360, 565]
[361, 393]
[362, 399]
[362, 533]
[363, 370]
[363, 514]
[196, 443]
[196, 543]
[197, 379]
[197, 398]
[197, 430]
[198, 201]
[198, 322]
[198, 444]
[199, 282]
[199, 406]
[199, 484]
[200, 207]
[200, 375]
[200, 423]
[201, 390]
[202, 289]
[202, 404]
[203, 256]
[203, 273]
[204, 255]
[204, 328]
[204, 487]
[205, 261]
[205, 308]
[205, 362]
[205, 503]
[206, 257]
[206, 332]
[206, 489]
[206, 553]
[207, 429]
[207, 554]
[208, 215]
[208, 254]
[208, 376]
[208, 387]
[209, 299]
[209, 305]
[209, 451]
[210, 330]
[210, 349]
[210, 496]
[210, 565]
[211, 220]
[211, 446]
[211, 468]
[211, 526]
[213, 269]
[213, 342]
[213, 483]
[213, 500]
[214, 378]
[214, 395]
[214, 553]
[214, 575]
[215, 382]
[215, 387]
[215, 443]
[216, 264]
[216, 525]
[217, 240]
[217, 275]
[217, 287]
[217, 324]
[218, 380]
[219, 355]
[219, 480]
[219, 562]
[220, 456]
[220, 468]
[221, 402]
[221, 471]
[222, 458]
[223, 253]
[223, 524]
[223, 558]
[223, 573]
[364, 493]
[365, 394]
[367, 541]
[369, 414]
[369, 506]
[370, 504]
[371, 465]
[372, 386]
[373, 395]
[373, 541]
[373, 556]
[374, 404]
[374, 455]
[375, 474]
[375, 477]
[376, 382]
[376, 529]
[377, 411]
[377, 520]
[378, 395]
[379, 488]
[380, 393]
[380, 431]
[381, 415]
[383, 450]
[384, 391]
[385, 523]
[385, 561]
[388, 529]
[389, 446]
[389, 524]
[390, 428]
[391, 427]
[391, 522]
[224, 335]
[224, 349]
[224, 490]
[224, 496]
[225, 232]
[226, 307]
[226, 353]
[227, 285]
[227, 369]
[227, 424]
[227, 438]
[228, 237]
[228, 238]
[228, 469]
[229, 235]
[229, 351]
[229, 429]
[230, 253]
[230, 263]
[230, 526]
[231, 348]
[231, 478]
[231, 527]
[232, 270]
[233, 365]
[233, 520]
[233, 543]
[234, 263]
[234, 336]
[234, 526]
[235, 339]
[235, 566]
[236, 270]
[236, 335]
[236, 502]
[237, 401]
[237, 412]
[237, 469]
[238, 384]
[238, 412]
[238, 419]
[239, 394]
[239, 519]
[240, 325]
[240, 573]
[241, 365]
[241, 495]
[241, 543]
[242, 350]
[242, 357]
[242, 557]
[243, 359]
[243, 372]
[243, 498]
[244, 510]
[244, 512]
[245, 320]
[245, 364]
[246, 345]
[246, 507]
[247, 457]
[247, 463]
[247, 494]
[248, 431]
[248, 497]
[248, 509]
[249, 358]
[249, 454]
[249, 548]
[249, 551]
[250, 458]
[251, 311]
[251, 319]
[251, 361]
[252, 260]
[252, 432]
[253, 389]
[253, 558]
[254, 476]
[254, 550]
[256, 288]
[256, 567]
[257, 459]
[257, 528]
[257, 553]
[258, 262]
[258, 400]
[259, 317]
[259, 570]
[261, 379]
[261, 488]
[262, 522]
[263, 469]
[264, 549]
[265, 268]
[265, 354]
[265, 474]
[266, 298]
[267, 490]
[268, 511]
[268, 555]
[269, 273]
[271, 279]
[271, 353]
[271, 521]
[272, 316]
[272, 441]
[274, 522]
[275, 287]
[275, 573]
[276, 385]
[276, 503]
[276, 530]
[277, 518]
[277, 549]
[278, 293]
[278, 358]
[278, 510]
[279, 369]
[279, 485]
[279, 521]
[420, 425]
[420, 435]
[420, 473]
[420, 501]
[421, 572]
[423, 429]
[423, 453]
[424, 461]
[425, 440]
[425, 473]
[426, 546]
[428, 519]
[428, 565]
[429, 453]
[430, 482]
[433, 534]
[433, 555]
[435, 440]
[436, 499]
[436, 509]
[437, 567]
[438, 506]
[440, 472]
[444, 496]
[446, 456]
[447, 515]
[447, 527]
[448, 452]
[448, 544]
[449, 459]
[450, 521]
[450, 539]
[451, 470]
[454, 569]
[456, 568]
[458, 465]
[459, 489]
[461, 466]
[462, 475]
[462, 570]
[463, 559]
[464, 501]
[464, 558]
[464, 561]
[466, 570]
[467, 481]
[467, 546]
[472, 566]
[472, 568]
[474, 477]
[475, 570]
[476, 550]
[478, 499]
[479, 527]
[481, 514]
[481, 564]
[482, 535]
[483, 559]
[484, 505]
[486, 500]
[492, 493]
[497, 552]
[498, 549]
[499, 509]
[503, 533]
[510, 525]
[517, 528]
[523, 530]
[531, 542]
[392, 432]
[392, 507]
[395, 571]
[396, 435]
[396, 440]
[396, 473]
[397, 408]
[398, 488]
[398, 516]
[399, 498]
[399, 518]
[399, 549]
[400, 499]
[401, 503]
[401, 533]
[402, 545]
[403, 515]
[404, 473]
[405, 515]
[405, 566]
[406, 430]
[406, 482]
[407, 513]
[407, 523]
[407, 530]
[408, 491]
[409, 455]
[409, 547]
[409, 564]
[410, 413]
[410, 470]
[410, 540]
[412, 419]
[414, 506]
[415, 470]
[417, 555]
[419, 469]
[532, 559]
[533, 545]
[541, 569]
[547, 564]
[548, 551]
[551, 569]
[551, 571]
[566, 568]
[567, 574]
[571, 575]
