Face([36, 186, 397])
Face([114, 345, 119, 101, 483, 281, 350, 286])
Face([34, 403, 380, 445, 408, 494, 461, 349])
Face([574, 9, 556, 480, 525, 173, 225, 529])
Face([291, 98, 285, 12, 257, 309, 92, 559])
Face([151, 172, 283, 365, 522, 499, 82, 44])
Face([114, 345, 26, 388, 31, 1, 95, 443])
Face([415, 416, 458])
Face([230, 268, 509, 400, 573, 480, 525, 183])
Face([151, 464, 69, 79, 99, 356, 167, 172])
Face([473, 468, 276])
Face([124, 25, 421])
Face([463, 434, 448])
Face([131, 153, 17])
Face([104, 0, 382])
Face([239, 373, 23])
Face([71, 268, 230])
Face([200, 520, 215])
Face([265, 396, 484])
Face([151, 464, 44])
Face([264, 12, 285])
Face([148, 274, 448, 463, 40, 255, 240, 527])
Face([40, 241, 232, 16, 399, 472, 434, 463])
Face([193, 392, 140, 210, 511, 313, 24, 510])
Face([156, 270, 190])
Face([246, 369, 548])
Face([195, 251, 292, 257, 12, 264, 256, 358])
Face([169, 8, 245])
Face([83, 552, 456, 259, 455, 30, 432, 387])
Face([172, 283, 167])
Face([547, 338, 351])
Face([46, 194, 366])
Face([282, 224, 465])
Face([161, 328, 220])
Face([53, 177, 319])
Face([332, 249, 271])
Face([158, 565, 62, 504, 360, 425, 366, 46])
Face([131, 372, 77, 203, 327, 53, 177, 17])
Face([135, 282, 224, 575, 207, 72, 143, 331])
Face([134, 401, 194, 46, 158, 449, 58, 84])
Face([196, 491, 86])
Face([125, 10, 6, 310, 551, 228, 234, 423])
Face([430, 506, 61])
Face([203, 315, 327])
Face([427, 78, 146])
Face([243, 258, 381])
Face([360, 425, 22])
Face([326, 72, 207, 299, 279, 73, 237, 164])
Face([118, 248, 67, 393, 93, 50, 249, 332])
Face([132, 533, 303])
Face([164, 237, 334])
Face([129, 59, 359, 516, 357, 347, 47, 572])
Face([262, 353, 2])
Face([572, 37, 47])
Face([401, 512, 383, 147, 22, 425, 366, 194])
Face([176, 501, 454])
Face([532, 568, 451])
Face([198, 244, 402, 380, 445, 395, 5, 20])
Face([340, 406, 543])
Face([171, 330, 308, 214, 220, 161, 55, 386])
Face([58, 368, 84])
Face([296, 316, 479])
Face([429, 346, 251, 292, 309, 92, 163, 444])
Face([403, 380, 402])
Face([395, 408, 445])
Face([109, 426, 404])
Face([60, 513, 398])
Face([40, 241, 255])
Face([200, 520, 566, 28, 19, 541, 500, 206])
Face([168, 280, 530])
Face([131, 153, 180, 260, 188, 217, 175, 372])
Face([510, 24, 267])
Face([281, 370, 350])
Face([148, 314, 21, 502, 109, 426, 336, 527])
Face([410, 515, 405])
Face([453, 363, 557])
Face([132, 467, 310, 6, 497, 564, 361, 303])
Face([115, 483, 281, 370, 290, 460, 108, 526])
Face([263, 20, 5])
Face([201, 238, 287])
Face([30, 432, 462])
Face([150, 162, 328, 220, 214, 199, 419, 318])
Face([145, 482, 471])
Face([82, 235, 499])
Face([120, 89, 238, 201, 126, 304, 23, 239])
Face([248, 67, 478, 492, 507, 482, 471, 269])
Face([317, 344, 227])
Face([154, 81, 247, 70, 192, 259, 456, 295])
Face([118, 332, 271, 447, 438, 145, 471, 269])
Face([126, 304, 293])
Face([155, 0, 104, 213, 419, 199, 308, 330])
Face([216, 450, 489, 457, 433, 2, 262, 302])
Face([124, 25, 66, 412, 76, 518, 100, 475])
Face([387, 432, 462, 252, 514, 233, 418, 562])
Face([550, 50, 93])
Face([125, 130, 427, 146, 571, 564, 497, 10])
Face([128, 138, 204])
Face([295, 456, 552])
Face([159, 205, 15, 568, 451, 476, 459, 11])
Face([135, 331, 197])
Face([540, 433, 457])
Face([347, 253, 357])
Face([116, 4, 442, 524, 106, 212, 506, 430])
Face([91, 523, 542])
Face([139, 64, 39, 343, 294, 236, 277, 96])
Face([134, 512, 401])
Face([34, 349, 367])
Face([122, 97, 29, 406, 543, 156, 190, 75])
Face([133, 266, 354])
Face([286, 443, 95, 110, 242, 290, 370, 350])
Face([133, 8, 245, 344, 317, 65, 534, 354])
Face([446, 35, 558])
Face([189, 4, 442, 103, 377, 469, 363, 453])
Face([486, 105, 32])
Face([85, 521, 539])
Face([132, 467, 551, 228, 68, 312, 226, 533])
Face([155, 330, 171])
Face([195, 346, 251])
Face([162, 328, 161, 55, 391, 542, 91, 335])
Face([421, 25, 66, 137, 149, 534, 354, 266])
Face([38, 113, 87, 485, 49, 436, 261, 278])
Face([129, 572, 37, 540, 433, 2, 353, 439])
Face([318, 419, 213])
Face([209, 236, 294])
Face([43, 9, 556, 573, 400, 48, 414, 389])
Face([67, 393, 478])
Face([198, 339, 437, 14, 351, 547, 263, 20])
Face([210, 298, 57, 324, 468, 276, 221, 511])
Face([263, 547, 338, 13, 494, 408, 395, 5])
Face([341, 11, 459, 554, 375, 63, 265, 396])
Face([38, 18, 272, 536, 362, 379, 544, 278])
Face([76, 561, 518])
Face([571, 361, 564])
Face([452, 563, 508])
Face([303, 361, 571, 146, 78, 284, 226, 533])
Face([118, 248, 269])
Face([274, 448, 434, 472, 306, 385, 21, 314])
Face([159, 205, 289, 273, 496, 484, 396, 341])
Face([28, 42, 566])
Face([359, 275, 516])
Face([90, 436, 261, 544, 379, 569, 479, 316])
Face([192, 259, 455])
Face([431, 301, 305])
Face([199, 308, 214])
Face([511, 313, 221])
Face([112, 300, 517, 496, 484, 265, 63, 222])
Face([449, 58, 368, 74, 424, 211, 62, 565])
Face([521, 553, 377, 103, 524, 106, 102, 539])
Face([278, 544, 261])
Face([116, 189, 453, 557, 546, 80, 61, 430])
Face([352, 522, 365])
Face([498, 364, 487])
Face([116, 4, 189])
Face([103, 442, 524])
Face([123, 136, 184])
Face([38, 113, 18])
Face([73, 279, 181])
Face([315, 41, 7, 280, 168, 319, 53, 327])
Face([467, 310, 551])
Face([121, 392, 140, 298, 57, 231, 301, 431])
Face([233, 418, 531])
Face([349, 461, 13, 338, 351, 14, 466, 367])
Face([212, 102, 106])
Face([129, 59, 439])
Face([272, 536, 333])
Face([546, 51, 85, 521, 553, 469, 363, 557])
Face([137, 412, 76, 561, 227, 317, 65, 149])
Face([307, 320, 422])
Face([178, 342, 501, 176, 545, 111, 549, 223])
Face([57, 324, 231])
Face([43, 389, 519, 493, 555, 229, 529, 574])
Face([126, 201, 287, 254, 428, 567, 481, 293])
Face([191, 186, 397, 563, 452, 270, 190, 75])
Face([300, 45, 532, 568, 15, 289, 273, 517])
Face([185, 89, 238, 287, 254, 409, 487, 364])
Face([154, 3, 531, 418, 562, 83, 552, 295])
Face([144, 352, 522, 499, 235, 398, 513, 537])
Face([163, 559, 92])
Face([570, 555, 493])
Face([292, 257, 309])
Face([117, 441, 490])
Face([43, 9, 574])
Face([325, 16, 399, 306, 385, 502, 109, 404])
Face([202, 218, 420, 208, 390, 371, 405, 410])
Face([165, 473, 468, 324, 231, 301, 305, 94])
Face([61, 80, 51, 85, 539, 102, 212, 506])
Face([71, 570, 555, 229, 225, 173, 183, 230])
Face([83, 562, 387])
Face([356, 505, 99])
Face([115, 483, 101])
Face([181, 279, 299, 575, 224, 465, 416, 415])
Face([123, 446, 35, 515, 410, 202, 219, 184])
Face([166, 488, 545, 176, 454, 258, 381, 407])
Face([95, 1, 110])
Face([198, 339, 244])
Face([491, 333, 536, 362, 569, 479, 296, 86])
Face([127, 64, 39, 321, 288, 500, 541, 88])
Face([475, 187, 100])
Face([180, 260, 374])
Face([148, 274, 314])
Face([122, 75, 191])
Face([223, 528, 549])
Face([474, 485, 87])
Face([138, 355, 438, 145, 482, 507, 384, 204])
Face([216, 450, 503, 253, 357, 516, 275, 322])
Face([142, 178, 342])
Face([384, 507, 492])
Face([526, 33, 108])
Face([417, 394, 477])
Face([127, 64, 139])
Face([205, 289, 15])
Face([120, 185, 364, 498, 174, 107, 373, 239])
Face([152, 166, 488, 111, 549, 528, 105, 486])
Face([277, 96, 27])
Face([52, 107, 174])
Face([62, 504, 211])
Face([140, 210, 298])
Face([222, 63, 375])
Face([362, 569, 379])
Face([182, 337, 348])
Face([293, 304, 23, 373, 107, 52, 538, 481])
Face([142, 178, 223, 528, 105, 32, 440, 495])
Face([573, 480, 556])
Face([237, 73, 181, 415, 458, 297, 170, 334])
Face([56, 97, 29])
Face([207, 299, 575])
Face([112, 300, 45])
Face([439, 59, 359, 275, 322, 302, 262, 353])
Face([154, 81, 3])
Face([173, 525, 183])
Face([6, 497, 10])
Face([130, 427, 78, 284, 312, 68, 234, 423])
Face([254, 409, 428])
Face([385, 21, 502])
Face([114, 443, 286])
Face([208, 250, 548, 369, 348, 182, 179, 390])
Face([123, 136, 246, 369, 348, 337, 558, 446])
Face([377, 553, 469])
Face([80, 546, 51])
Face([150, 162, 335])
Face([147, 376, 383])
Face([215, 209, 236, 277, 27, 42, 566, 520])
Face([77, 203, 315, 41, 560, 413, 217, 175])
Face([518, 561, 227, 344, 245, 169, 187, 100])
Face([495, 440, 54])
Face([527, 240, 336])
Face([216, 322, 302])
Face([122, 97, 56, 307, 422, 36, 186, 191])
Face([437, 466, 14])
Face([372, 77, 175])
Face([128, 138, 355, 447, 271, 249, 50, 550])
Face([206, 288, 500])
Face([200, 206, 288, 321, 343, 294, 209, 215])
Face([273, 496, 517])
Face([35, 515, 405, 371, 179, 182, 337, 558])
Face([147, 376, 323, 424, 211, 504, 360, 22])
Face([37, 540, 457, 489, 503, 253, 347, 47])
Face([88, 19, 541])
Face([157, 477, 394, 311, 358, 195, 346, 429])
Face([149, 65, 534])
Face([128, 204, 384, 492, 478, 393, 93, 550])
Face([31, 1, 110, 242, 460, 108, 33, 411])
Face([312, 226, 284])
Face([378, 505, 99, 79, 160, 60, 513, 537])
Face([389, 414, 519])
Face([144, 537, 378])
Face([137, 66, 412])
Face([242, 290, 460])
Face([141, 417, 394, 311, 256, 264, 285, 98])
Face([121, 193, 510, 267, 535, 94, 305, 431])
Face([124, 475, 187, 169, 8, 133, 266, 421])
Face([329, 297, 170])
Face([165, 473, 276, 221, 313, 24, 267, 535])
Face([202, 218, 219])
Face([538, 481, 567])
Face([244, 402, 403, 34, 367, 466, 437, 339])
Face([55, 386, 391])
Face([413, 560, 7, 280, 530, 374, 260, 188])
Face([41, 560, 7])
Face([461, 13, 494])
Face([345, 26, 119])
Face([141, 417, 477, 157, 444, 163, 559, 291])
Face([157, 444, 429])
Face([217, 188, 413])
Face([71, 570, 493, 519, 414, 48, 509, 268])
Face([390, 371, 179])
Face([150, 318, 213, 104, 382, 523, 91, 335])
Face([74, 323, 424])
Face([488, 545, 111])
Face([70, 470, 247])
Face([49, 90, 436])
Face([152, 166, 407])
Face([136, 184, 219, 218, 420, 250, 548, 246])
Face([306, 472, 399])
Face([134, 512, 383, 376, 323, 74, 368, 84])
Face([196, 474, 87, 113, 18, 272, 333, 491])
Face([141, 98, 291])
Face([121, 392, 193])
Face([441, 490, 320, 422, 36, 397, 563, 508])
Face([165, 94, 535])
Face([247, 81, 3, 531, 233, 514, 435, 470])
Face([232, 16, 325])
Face([31, 411, 388])
Face([143, 72, 326])
Face([197, 329, 170, 334, 164, 326, 143, 331])
Face([358, 256, 311])
Face([464, 44, 82, 235, 398, 60, 160, 69])
Face([52, 538, 567, 428, 409, 487, 498, 174])
Face([144, 352, 365, 283, 167, 356, 505, 378])
Face([152, 486, 32, 440, 54, 243, 381, 407])
Face([158, 449, 565])
Face([355, 438, 447])
Face([127, 88, 19, 28, 42, 27, 96, 139])
Face([117, 490, 320, 307, 56, 29, 406, 340])
Face([459, 554, 476])
Face([125, 130, 423])
Face([196, 474, 485, 49, 90, 316, 296, 86])
Face([70, 192, 455, 30, 462, 252, 435, 470])
Face([225, 529, 229])
Face([112, 45, 532, 451, 476, 554, 375, 222])
Face([160, 69, 79])
Face([142, 342, 501, 454, 258, 243, 54, 495])
Face([48, 400, 509])
Face([68, 234, 228])
Face([208, 250, 420])
Face([514, 435, 252])
Face([120, 89, 185])
Face([450, 489, 503])
Face([155, 0, 382, 523, 542, 391, 386, 171])
Face([39, 321, 343])
Face([159, 11, 341])
Face([135, 282, 465, 416, 458, 297, 329, 197])
Face([117, 441, 508, 452, 270, 156, 543, 340])
Face([241, 232, 325, 404, 426, 336, 240, 255])
Face([115, 101, 119, 26, 388, 411, 33, 526])
Face([153, 17, 177, 319, 168, 530, 374, 180])
