(0, 33, 193, 72, 136, 267)->[2, 2, -2*r2, 4*r2]
(0, 256, 257, 260, 136, 269, 397, 528, 273, 532, 22, 408, 536, 537, 27, 32, 33, 288, 35, 166, 294, 44, 301, 559, 49, 437, 182, 567, 64, 449, 327, 72, 74, 203, 332, 459, 206, 213, 87, 95, 483, 489, 491, 368, 114, 371, 500, 250)->[0, 2*r2, -2, 2]
(0, 532, 284, 285, 544, 424, 301, 50, 438, 183, 58, 190, 319, 193, 449, 71, 72, 459, 461, 87, 94, 227, 489, 366)->[0, 0, -2*r2, 2*r2]
(0, 131, 7, 136, 11, 267, 527, 148, 21, 532, 411, 284, 544, 44, 175, 559, 565, 183, 311, 188, 445, 319, 447, 65, 193, 448, 452, 457, 330, 463, 210, 342, 90, 348, 349, 479, 483, 486, 231, 360, 106, 490, 109, 366, 247, 377, 251, 125)->[0, 0, 0, 4]
(556, 367, 51, 373, 313, 541)->[2, 2, -4*r2, -2*r2]
(167, 568, 76, 405, 566, 472)->[-2, 2, 4*r2, 2*r2]
(485, 40, 521, 78, 271, 279)->[0, -4, -4*r2, 0]
(69, 395, 214, 378, 571, 575)->[4, 0, -4*r2, 0]
(291, 389, 524, 558, 253, 223)->[-2, 2, 4*r2, -2*r2]
(361, 366, 50, 311, 251, 319)->[-2, -2, -2*r2, 4*r2]
(192, 100, 75, 48, 381, 415)->[4, -4, 2*r2, -2*r2]
(354, 265, 45, 375, 474, 477)->[-2, 6, 0, -2*r2]
(229, 101, 235, 339, 312, 351)->[-4, 4, 2*r2, 2*r2]
(1, 326, 138, 442, 118, 186)->[2, 6, 2*r2, 0]
(344, 140, 181, 88, 508, 184)->[-2, -6, 2*r2, 0]
(419, 228, 237, 238, 469, 412)->[2, -2, 4*r2, -2*r2]
(362, 205, 401, 308, 533, 503)->[2, -2, 2*r2, -4*r2]
(105, 531, 309, 310, 156, 542)->[4, 4, -2*r2, -2*r2]
(323, 516, 460, 337, 338, 147)->[-2, -6, 0, -2*r2]
(393, 298, 121, 218, 380, 127)->[-4, -4, -2*r2, 2*r2]
(96, 549, 518, 399, 498, 277)->[4, 0, 0, -4*r2]
(289, 194, 455, 202, 404, 374)->[-6, -2, 2*r2, 0]
(387, 208, 180, 215, 376, 382)->[6, 2, 2*r2, 0]
(99, 264, 111, 79, 216, 540)->[6, -2, 0, -2*r2]
(441, 272, 304, 115, 153, 26)->[6, -2, -2*r2, 0]
(481, 514, 328, 73, 467, 89)->[-6, 2, 0, -2*r2]
(259, 43, 462, 570, 475, 31)->[4, -4, -2*r2, 2*r2]
(132, 42, 394, 427, 239, 28)->[2, -2, 4*r2, 2*r2]
(12, 236, 270, 335, 502, 152)->[6, 2, 0, 2*r2]
(385, 133, 523, 530, 276, 407)->[-2, -2, 2*r2, -4*r2]
(293, 358, 525, 278, 59, 510)->[4, -4, -2*r2, -2*r2]
(352, 80, 400, 499, 436, 509)->[-4, -4, 2*r2, 2*r2]
(224, 490, 330, 496, 210, 349)->[4, 0, 0, 4*r2]
(357, 10, 557, 15, 242, 350)->[-6, -2, -2*r2, 0]
(512, 36, 165, 103, 82, 244)->[2, -6, 0, -2*r2]
(545, 6, 302, 402, 471, 221)->[2, 2, 2*r2, -4*r2]
(416, 145, 433, 150, 534, 280)->[2, 6, 0, -2*r2]
(520, 169, 106, 109, 377, 411)->[2, 2, 2*r2, 4*r2]
(231, 333, 175, 527, 478, 479)->[-2, -2, 2*r2, 4*r2]
(386, 37, 329, 91, 189, 126)->[2, 2, -2*r2, -4*r2]
(135, 492, 493, 18, 146, 341)->[2, -6, -2*r2, 0]
(261, 197, 39, 488, 398, 379)->[0, -4, 0, -4*r2]
(258, 262, 560, 113, 177, 120)->[-2, -2, 4*r2, 2*r2]
(295, 297, 246, 345, 507, 157)->[-6, 2, -2*r2, 0]
(355, 296, 392, 46, 432, 57)->[-4, 4, -2*r2, -2*r2]
(353, 226, 434, 307, 179, 315)->[-2, -2, -4*r2, -2*r2]
(449, 294, 437, 87, 185, 190)->[-2, 2, -4*r2, 2*r2]
(170, 143, 144, 54, 346, 60)->[-2, 2, -2*r2, -4*r2]
(482, 430, 110, 406, 535, 93)->[-2, -2, -2*r2, -4*r2]
(8, 464, 561, 501, 23, 56)->[-2, -2, 4*r2, -2*r2]
(98, 456, 211, 468, 220, 446)->[0, 4, 4*r2, 0]
(65, 7, 439, 347, 188, 445)->[0, -4, 0, 4*r2]
(102, 107, 299, 495, 209, 305)->[4, 0, 4*r2, 0]
(131, 515, 403, 21, 90, 447)->[-2, 2, 2*r2, 4*r2]
(550, 81, 116, 117, 476, 254)->[4, 4, 2*r2, -2*r2]
(483, 486, 44, 500, 213, 342)->[0, 4, 0, 4*r2]
(519, 360, 11, 428, 148, 565)->[2, -2, 2*r2, 4*r2]
(420, 425, 396, 435, 440, 473)->[-4, 0, 4*r2, 0]
(322, 163, 198, 444, 316, 318)->[6, -2, 0, 2*r2]
(421, 70, 104, 137, 119, 572)->[-6, 2, 0, 2*r2]
(32, 458, 465, 371, 22, 250)->[2, 6, 0, 2*r2]
(513, 546, 324, 426, 52, 53)->[-4, 0, 0, -4*r2]
(5, 457, 494, 247, 348, 125)->[-4, 0, 0, 4*r2]
(230, 263, 234, 526, 336, 30)->[2, 2, 4*r2, -2*r2]
(292, 363, 77, 112, 370, 504)->[-6, 2, 2*r2, 0]
(484, 199, 13, 505, 282, 191)->[-4, -4, -2*r2, -2*r2]
(453, 423, 200, 429, 207, 85)->[-2, 6, 2*r2, 0]
(128, 388, 9, 142, 529, 63)->[6, 2, 0, -2*r2]
(390, 201, 19, 563, 314, 158)->[4, -4, 2*r2, 2*r2]
(325, 240, 275, 217, 573, 287)->[-2, 2, 2*r2, -4*r2]
(160, 320, 34, 300, 364, 245)->[2, -6, 0, 2*r2]
(161, 517, 166, 74, 368, 528)->[0, 4, -4*r2, 0]
(480, 356, 562, 83, 281, 219)->[-2, 2, -4*r2, -2*r2]
(257, 489, 553, 459, 206, 58)->[2, 2, -4*r2, 2*r2]
(97, 422, 306, 55, 61, 286)->[2, -6, 2*r2, 0]
(359, 47, 243, 372, 343, 123)->[2, -2, -2*r2, -4*r2]
(424, 172, 461, 176, 466, 94)->[2, -2, -4*r2, 2*r2]
(260, 41, 49, 537, 27, 252)->[-2, 6, -2*r2, 0]
(2, 547, 164, 168, 564, 409)->[-6, -2, 0, -2*r2]
(196, 86, 25, 443, 92, 222)->[4, 4, 2*r2, 2*r2]
(288, 301, 463, 559, 532, 284)->[-2, 2, -2*r2, 4*r2]
(66, 130, 552, 431, 497, 248)->[-2, -6, 0, 2*r2]
(129, 162, 68, 141, 538, 122)->[-4, 0, -4*r2, 0]
(384, 391, 522, 274, 187, 124)->[0, -4, 4*r2, 0]
(4, 487, 204, 17, 149, 255)->[-4, 4, 2*r2, -2*r2]
(64, 321, 491, 332, 536, 62)->[4, 4, -2*r2, 2*r2]
(418, 67, 331, 178, 340, 159)->[-4, -4, 2*r2, -2*r2]
(448, 544, 452, 71, 183, 317)->[2, -2, -2*r2, 4*r2]
(554, 269, 273, 114, 154, 95)->[-2, 6, 0, 2*r2]
(266, 171, 108, 173, 14, 212)->[-6, -2, 0, 2*r2]
(134, 233, 365, 241, 151, 543)->[2, 2, 4*r2, 2*r2]
(225, 38, 232, 139, 20, 29)->[6, 2, -2*r2, 0]
(256, 35, 203, 567, 155, 574)->[-4, 4, -2*r2, 2*r2]
(3, 327, 397, 174, 182, 408)->[2, 6, -2*r2, 0]
(417, 555, 268, 84, 283, 511)->[0, 4, 0, -4*r2]
(548, 454, 551, 334, 569, 249)->[2, -2, -4*r2, -2*r2]
(450, 195, 16, 24, 539, 383)->[-2, -6, -2*r2, 0]
(290, 451, 303, 470, 410, 413)->[6, -2, 2*r2, 0]
(227, 369, 438, 506, 285, 414)->[-2, -2, -4*r2, 2*r2]
(2, 383, 10, 266, 13, 14, 15, 16, 147, 24, 409, 282, 159, 289, 418, 547, 164, 298, 171, 431, 436, 181, 184, 191, 66, 67, 194, 195, 323, 455, 202, 460, 80, 337, 340, 344, 218, 350, 352, 357, 108, 508, 497, 248, 505, 380, 509, 127)->[-2*r2, -2*r2, 0, 0]
(512, 135, 525, 272, 146, 19, 278, 410, 540, 413, 158, 31, 160, 286, 34, 163, 36, 165, 293, 415, 43, 303, 48, 304, 563, 55, 441, 316, 61, 322, 198, 201, 462, 470, 216, 475, 97, 99, 100, 364, 492, 493, 111, 115, 244, 245, 381, 510)->[2*r2, -2*r2, 0, 0]
(130, 258, 132, 262, 390, 391, 519, 522, 11, 140, 400, 274, 148, 158, 34, 422, 552, 42, 427, 300, 428, 175, 177, 306, 563, 439, 184, 314, 187, 61, 445, 320, 65, 333, 88, 344, 347, 478, 479, 352, 97, 239, 113, 497, 499, 245, 248, 509)->[0, -2*r2, 2, 2]
(259, 139, 12, 267, 270, 272, 536, 153, 26, 29, 33, 38, 553, 43, 176, 183, 58, 570, 316, 317, 62, 318, 444, 193, 321, 322, 452, 69, 575, 71, 72, 330, 332, 461, 206, 335, 466, 214, 475, 94, 224, 232, 489, 490, 236, 496, 115, 378)->[2*r2, 0, -2, 2]
(4, 389, 265, 511, 268, 524, 526, 17, 145, 275, 402, 149, 534, 280, 283, 30, 287, 550, 423, 555, 45, 302, 433, 186, 442, 573, 446, 325, 326, 453, 200, 336, 81, 211, 468, 85, 471, 474, 476, 221, 223, 98, 230, 117, 118, 375, 253, 255)->[0, 2*r2, 2, -2]
(385, 2, 513, 4, 133, 514, 523, 396, 524, 275, 404, 149, 23, 407, 409, 546, 291, 292, 420, 168, 558, 561, 178, 435, 52, 564, 573, 194, 67, 324, 455, 328, 331, 204, 77, 464, 467, 340, 217, 473, 223, 481, 487, 363, 112, 240, 501, 374)->[-2*r2, 0, 2, -2]
(516, 135, 521, 13, 398, 271, 16, 18, 278, 406, 282, 539, 548, 165, 40, 430, 47, 434, 307, 59, 315, 450, 197, 454, 199, 460, 78, 334, 337, 82, 338, 341, 343, 93, 353, 484, 358, 103, 359, 488, 492, 110, 379, 244, 249, 123, 510, 383)->[0, -2*r2, -2, -2]
(392, 10, 141, 143, 406, 535, 281, 157, 162, 546, 164, 547, 295, 168, 426, 557, 46, 434, 179, 52, 53, 54, 307, 562, 57, 564, 60, 191, 68, 199, 73, 467, 89, 346, 219, 350, 480, 481, 226, 355, 482, 484, 110, 242, 246, 505, 122, 507)->[-2*r2, 0, -2, -2]
(513, 386, 133, 6, 261, 518, 399, 144, 530, 276, 533, 407, 535, 283, 287, 417, 545, 37, 39, 170, 426, 302, 47, 430, 53, 54, 60, 189, 324, 197, 325, 329, 205, 84, 343, 471, 217, 93, 96, 482, 362, 240, 498, 243, 372, 503, 379, 511)->[0, 0, 0, -4]
(3, 517, 265, 268, 397, 143, 144, 145, 531, 150, 537, 27, 156, 416, 161, 417, 296, 41, 170, 555, 556, 174, 432, 433, 51, 310, 57, 313, 189, 327, 329, 74, 83, 84, 346, 91, 219, 474, 477, 480, 354, 355, 356, 105, 367, 368, 252, 126)->[0, 2*r2, -2, -2]
(387, 390, 519, 520, 394, 12, 19, 152, 25, 411, 28, 413, 543, 290, 163, 169, 42, 428, 303, 305, 180, 565, 314, 443, 444, 318, 451, 196, 198, 201, 335, 209, 210, 86, 215, 349, 224, 360, 233, 107, 365, 239, 495, 241, 496, 502, 377, 382)->[2*r2, 0, 2, 2]
(258, 515, 5, 137, 396, 14, 527, 400, 403, 404, 21, 405, 289, 292, 421, 425, 173, 560, 177, 436, 566, 312, 440, 447, 70, 202, 76, 77, 333, 80, 339, 212, 472, 473, 348, 478, 101, 231, 504, 235, 108, 494, 370, 499, 374, 119, 120, 125)->[-2*r2, 0, 2, 2]
(130, 259, 7, 393, 521, 18, 146, 279, 24, 539, 31, 160, 544, 40, 424, 552, 172, 300, 431, 50, 438, 439, 570, 188, 317, 319, 320, 448, 66, 195, 450, 71, 461, 462, 466, 341, 218, 347, 227, 485, 361, 364, 493, 369, 121, 506, 251, 380)->[0, -2*r2, -2, 2]
(128, 386, 388, 264, 139, 395, 525, 142, 531, 20, 277, 153, 26, 541, 542, 37, 38, 293, 549, 551, 556, 304, 309, 313, 441, 59, 569, 571, 63, 69, 454, 79, 216, 91, 96, 225, 358, 359, 105, 111, 498, 243, 372, 373, 249, 378, 123, 126)->[2*r2, 0, -2, -2]
(384, 132, 389, 134, 262, 8, 263, 391, 394, 522, 526, 151, 28, 291, 419, 420, 167, 425, 299, 427, 558, 560, 305, 435, 56, 440, 568, 446, 456, 76, 464, 211, 469, 472, 220, 228, 102, 230, 234, 365, 238, 495, 113, 241, 501, 120, 124, 253)->[0, 0, 4, 0]
(384, 385, 512, 516, 261, 8, 523, 140, 398, 401, 274, 147, 276, 530, 23, 412, 286, 159, 418, 36, 422, 39, 48, 561, 178, 306, 308, 181, 55, 56, 187, 192, 323, 75, 331, 205, 82, 338, 88, 228, 103, 488, 237, 238, 508, 503, 124, 381)->[0, -2*r2, 2, -2]
(514, 260, 392, 137, 17, 273, 154, 155, 35, 421, 295, 296, 41, 297, 423, 554, 45, 46, 429, 432, 49, 312, 572, 574, 200, 73, 328, 203, 204, 207, 89, 345, 477, 95, 351, 354, 101, 229, 487, 104, 363, 112, 370, 375, 504, 507, 252, 255)->[-2*r2, 2*r2, 0, 0]
(387, 388, 6, 263, 264, 9, 518, 142, 399, 401, 402, 529, 277, 533, 410, 412, 540, 30, 415, 545, 290, 419, 549, 550, 299, 180, 308, 192, 451, 75, 79, 208, 81, 209, 336, 469, 470, 221, 99, 100, 102, 234, 107, 362, 237, 116, 376, 254)->[2*r2, 0, 2, -2]
(129, 257, 517, 395, 141, 271, 528, 279, 281, 538, 285, 414, 541, 161, 548, 166, 294, 424, 551, 553, 172, 176, 562, 51, 179, 185, 58, 315, 569, 571, 190, 575, 449, 459, 78, 334, 83, 214, 94, 353, 226, 227, 356, 485, 367, 369, 373, 122)->[0, 0, -4, 0]
(128, 1, 382, 3, 9, 138, 270, 529, 20, 22, 150, 152, 25, 280, 408, 156, 29, 534, 542, 416, 174, 309, 182, 310, 186, 443, 62, 63, 64, 321, 326, 458, 208, 465, 215, 92, 476, 222, 225, 232, 491, 236, 116, 117, 502, 376, 250, 254)->[2*r2, 2*r2, 0, 0]
(1, 131, 515, 134, 520, 138, 269, 403, 405, 151, 154, 543, 32, 167, 169, 554, 429, 566, 568, 442, 196, 453, 456, 458, 207, 465, 339, 468, 85, 86, 213, 342, 90, 92, 220, 222, 351, 98, 229, 486, 233, 106, 235, 109, 114, 371, 500, 118)->[0, 2*r2, 2, 2]
(256, 129, 5, 393, 266, 15, 538, 155, 284, 157, 285, 414, 288, 162, 297, 298, 171, 173, 301, 557, 50, 437, 438, 311, 567, 185, 572, 190, 574, 68, 70, 457, 463, 212, 87, 345, 247, 357, 104, 361, 366, 494, 242, 246, 119, 121, 506, 127)->[-2*r2, 0, -2, 2]
(386, 144, 535, 281, 541, 434, 179, 54, 313, 569, 315, 189, 454, 334, 343, 346, 93, 480, 356, 110, 367, 372, 123, 126)->[0, 0, -2*r2, -2*r2]
(4, 389, 396, 524, 17, 291, 423, 429, 435, 566, 440, 568, 446, 453, 456, 77, 472, 98, 101, 229, 487, 235, 112, 504)->[-2, 2, 2*r2, 0]
(129, 521, 10, 13, 15, 271, 279, 414, 162, 557, 307, 450, 195, 218, 353, 226, 484, 505, 369, 506, 121, 122, 127, 383)->[-2, -2, -2*r2, 0]
(257, 3, 517, 139, 395, 397, 528, 20, 408, 29, 553, 556, 51, 309, 310, 321, 74, 332, 206, 214, 105, 491, 373, 378)->[2, 2, -2*r2, 0]
(130, 5, 7, 393, 266, 298, 173, 175, 431, 436, 311, 445, 457, 347, 348, 478, 231, 361, 108, 499, 248, 251, 380, 509)->[-2, -2, 0, 2*r2]
(384, 391, 19, 412, 28, 286, 415, 419, 42, 299, 427, 303, 305, 306, 563, 314, 187, 451, 75, 209, 470, 97, 238, 381)->[2, -2, 2*r2, 0]
(265, 511, 268, 143, 275, 149, 287, 546, 296, 170, 426, 45, 46, 57, 60, 324, 328, 73, 204, 467, 84, 217, 354, 255)->[-2, 2, 0, -2*r2]
(138, 145, 22, 280, 537, 416, 41, 554, 174, 49, 182, 442, 326, 327, 200, 207, 465, 85, 474, 477, 95, 114, 371, 375)->[0, 4, 0, 0]
(258, 262, 522, 140, 400, 274, 404, 23, 159, 420, 425, 178, 56, 194, 67, 202, 80, 344, 473, 352, 508, 501, 120, 124)->[-2, -2, 2*r2, 0]
(385, 133, 263, 8, 401, 402, 276, 533, 30, 545, 302, 558, 561, 573, 325, 464, 469, 223, 228, 230, 237, 240, 503, 253)->[0, 0, 2*r2, -2*r2]
(512, 261, 264, 525, 399, 549, 47, 48, 308, 59, 192, 205, 216, 99, 100, 103, 359, 488, 362, 498, 243, 244, 379, 510)->[2, -2, 0, -2*r2]
(16, 24, 539, 36, 165, 422, 552, 181, 55, 184, 61, 320, 66, 323, 460, 82, 338, 341, 88, 364, 492, 493, 497, 245)->[0, -4, 0, 0]
(128, 6, 518, 9, 142, 531, 277, 150, 534, 283, 156, 542, 417, 37, 555, 433, 329, 81, 471, 91, 221, 96, 116, 117)->[2, 2, 0, -2*r2]
(514, 137, 14, 409, 157, 289, 547, 292, 295, 297, 171, 564, 455, 212, 89, 350, 481, 357, 104, 363, 242, 370, 374, 119)->[-4, 0, 0, 0]
(388, 12, 270, 272, 529, 152, 153, 410, 540, 413, 290, 163, 38, 180, 441, 316, 318, 63, 79, 225, 232, 111, 376, 382)->[4, 0, 0, 0]
(1, 387, 526, 151, 543, 550, 186, 443, 196, 208, 336, 211, 468, 215, 220, 92, 476, 102, 234, 107, 495, 241, 118, 254)->[2, 2, 2*r2, 0]
(260, 392, 141, 538, 27, 161, 35, 166, 294, 432, 562, 437, 567, 185, 574, 68, 83, 345, 219, 355, 368, 246, 507, 252)->[-2, 2, -2*r2, 0]
(259, 390, 11, 158, 31, 160, 34, 43, 300, 428, 565, 439, 188, 317, 444, 448, 65, 322, 452, 198, 201, 330, 210, 496)->[2, -2, 0, 2*r2]
(136, 267, 536, 25, 411, 32, 33, 169, 44, 62, 64, 458, 335, 86, 349, 222, 224, 486, 106, 490, 236, 500, 502, 250)->[2, 2, 0, 2*r2]
(131, 132, 515, 134, 519, 520, 394, 527, 148, 405, 167, 560, 177, 447, 76, 333, 479, 360, 233, 109, 365, 239, 113, 377)->[0, 0, 2*r2, 2*r2]
(135, 18, 146, 278, 26, 548, 293, 551, 40, 172, 176, 304, 570, 571, 575, 69, 78, 462, 466, 475, 485, 358, 115, 249)->[2, -2, -2*r2, 0]
(513, 2, 516, 523, 398, 530, 147, 406, 407, 282, 418, 164, 39, 168, 430, 52, 53, 191, 197, 199, 331, 337, 340, 482)->[-2, -2, 0, -2*r2]
(256, 269, 273, 403, 21, 154, 155, 288, 421, 559, 312, 572, 70, 203, 463, 339, 213, 342, 90, 351, 483, 494, 247, 125)->[-2, 2, 0, 2*r2]
