Face([7, 176, 44, 47])
Face([6, 48, 129, 163, 149, 46])
Face([106, 58, 119, 153, 84, 147])
Face([67, 28, 49, 62])
Face([146, 9, 80, 70, 168, 162])
Face([1, 40, 183, 84, 147, 85])
Face([4, 92, 107, 159])
Face([54, 66, 59, 114])
Face([1, 82, 94, 33, 97, 85])
Face([98, 43, 49, 62])
Face([8, 60, 19, 38, 27, 69])
Face([32, 161, 76, 150])
Face([88, 17, 36, 13])
Face([68, 109, 112, 182])
Face([15, 136, 35, 81])
Face([191, 110, 6, 48, 56, 30])
Face([6, 48, 160, 120, 123, 174])
Face([68, 182, 105, 141])
Face([34, 162, 167, 180])
Face([22, 83, 152, 124])
Face([98, 43, 75, 181, 169, 34])
Face([178, 145, 181, 169, 168, 70])
Face([83, 152, 120, 87])
Face([83, 87, 99, 86, 61, 135])
Face([65, 43, 75, 127, 7, 47])
Face([2, 65, 43, 98])
Face([129, 163, 58, 106, 55, 63])
Face([116, 87, 99, 97, 33, 151])
Face([12, 74, 51, 78])
Face([60, 16, 26, 19])
Face([20, 178, 84, 183])
Face([75, 53, 148, 181])
Face([3, 139, 143, 157])
Face([48, 56, 156, 129])
Face([48, 56, 79, 160])
Face([3, 139, 92, 4])
Face([96, 165, 10, 188, 172, 173])
Face([1, 82, 137, 164])
Face([125, 180, 179, 156, 56, 30])
Face([29, 41, 93, 79, 56, 30])
Face([160, 63, 154, 79])
Face([22, 116, 123, 124])
Face([4, 42, 135, 83, 22, 159])
Face([55, 113, 86, 99])
Face([39, 118, 185, 31])
Face([191, 30, 125, 173])
Face([108, 117, 138, 133])
Face([59, 66, 72, 32, 73, 109])
Face([112, 126, 105, 182])
Face([188, 27, 38, 115])
Face([0, 18, 128, 158])
Face([157, 143, 111, 36, 71, 155])
Face([129, 156, 154, 63])
Face([29, 41, 35, 49, 62, 21])
Face([5, 29, 30, 191])
Face([78, 51, 185, 118])
Face([187, 13, 100, 101, 121, 45])
Face([159, 107, 161, 76, 124, 22])
Face([139, 92, 107, 143])
Face([16, 185, 51, 91, 189, 108])
Face([34, 169, 168, 162])
Face([19, 138, 104, 64, 186, 38])
Face([7, 50, 95, 47])
Face([77, 72, 45, 121])
Face([40, 134, 175, 50, 20, 183])
Face([38, 186, 122, 27])
Face([160, 120, 87, 99, 55, 63])
Face([81, 35, 49, 43, 75, 53])
Face([32, 72, 45, 161])
Face([46, 144, 89, 186, 64, 149])
Face([88, 17, 26, 19, 38, 115])
Face([53, 148, 90, 171])
Face([97, 106, 55, 99])
Face([187, 45, 161, 107, 143, 111])
Face([11, 88, 13, 187])
Face([1, 40, 189, 82])
Face([3, 137, 91, 51, 74, 139])
Face([88, 115, 89, 144, 100, 13])
Face([0, 2, 65, 47, 95, 158])
Face([7, 176, 184, 140, 171, 127])
Face([6, 174, 101, 110])
Face([67, 28, 112, 109, 59, 14])
Face([157, 143, 107, 159])
Face([58, 163, 102, 119])
Face([12, 68, 109, 59, 114, 39])
Face([98, 34, 180, 125, 21, 62])
Face([46, 144, 100, 170])
Face([183, 130, 153, 84])
Face([40, 189, 91, 134])
Face([110, 144, 100, 101])
Face([5, 77, 121, 101, 110, 191])
Face([11, 88, 17, 37])
Face([23, 24, 33, 94])
Face([176, 44, 103, 175])
Face([164, 137, 91, 134])
Face([25, 152, 120, 160, 79, 93])
Face([67, 62, 21, 96, 165, 14])
Face([6, 46, 170, 174])
Face([166, 58, 163, 149])
Face([4, 42, 190, 105, 141, 92])
Face([78, 51, 91, 134, 175, 103])
Face([157, 155, 151, 116, 22, 159])
Face([136, 35, 41, 142])
Face([124, 152, 120, 123])
Face([119, 104, 64, 102])
Face([85, 147, 113, 86])
Face([164, 132, 184, 176, 175, 134])
Face([26, 19, 138, 117])
Face([164, 137, 3, 4, 42, 132])
Face([165, 66, 59, 14])
Face([24, 33, 97, 106, 58, 166])
Face([48, 129, 63, 160])
Face([68, 109, 73, 141])
Face([55, 113, 147, 106])
Face([56, 156, 154, 79])
Face([60, 19, 138, 133])
Face([15, 81, 53, 171, 140, 131])
Face([188, 115, 89, 172])
Face([5, 96, 21, 29])
Face([0, 2, 67, 14, 52, 18])
Face([7, 176, 175, 50])
Face([10, 188, 115, 88, 11, 54])
Face([148, 90, 113, 55, 63, 154])
Face([3, 4, 159, 157])
Face([23, 94, 155, 71])
Face([5, 96, 173, 191])
Face([116, 123, 120, 87])
Face([138, 104, 119, 153, 130, 133])
Face([52, 14, 59, 114])
Face([158, 9, 8, 128])
Face([10, 52, 14, 165])
Face([29, 21, 125, 30])
Face([7, 50, 20, 178, 145, 127])
Face([38, 115, 89, 186])
Face([2, 98, 62, 67])
Face([11, 187, 111, 37])
Face([47, 44, 103, 95])
Face([136, 126, 73, 32, 150, 142])
Face([42, 132, 61, 135])
Face([0, 2, 98, 34, 162, 146])
Face([178, 145, 90, 113, 147, 84])
Face([15, 131, 135, 83, 152, 25])
Face([136, 35, 49, 28, 112, 126])
Face([18, 69, 8, 128])
Face([8, 9, 80, 130, 133, 60])
Face([131, 140, 61, 135])
Face([174, 123, 124, 76, 121, 101])
Face([10, 52, 114, 54])
Face([0, 18, 69, 146])
Face([176, 184, 190, 105, 182, 44])
Face([139, 74, 12, 68, 141, 92])
Face([138, 104, 166, 24, 23, 117])
Face([119, 153, 70, 168, 177, 102])
Face([112, 126, 73, 109])
Face([169, 168, 177, 179])
Face([60, 16, 108, 133])
Face([18, 52, 114, 39, 118, 128])
Face([146, 162, 167, 122, 27, 69])
Face([18, 52, 10, 188, 27, 69])
Face([16, 26, 117, 108])
Face([10, 165, 66, 54])
Face([13, 100, 170, 57, 71, 36])
Face([23, 24, 57, 71])
Face([54, 11, 37, 31, 39, 114])
Face([12, 74, 31, 39])
Face([149, 64, 102, 163])
Face([15, 81, 93, 25])
Face([131, 140, 184, 190])
Face([122, 186, 64, 102, 177, 167])
Face([6, 46, 144, 110])
Face([132, 184, 140, 61])
Face([161, 76, 121, 45])
Face([82, 137, 3, 157, 155, 94])
Face([5, 96, 165, 66, 72, 77])
Face([54, 66, 72, 45, 187, 11])
Face([34, 169, 179, 180])
Face([46, 170, 57, 24, 166, 149])
Face([77, 121, 76, 150])
Face([146, 9, 8, 69])
Face([171, 90, 113, 86, 61, 140])
Face([37, 17, 26, 16, 185, 31])
Face([8, 128, 118, 185, 16, 60])
Face([129, 163, 102, 177, 179, 156])
Face([169, 179, 156, 154, 148, 181])
Face([15, 136, 126, 105, 190, 131])
Face([25, 152, 124, 76, 150, 142])
Face([37, 17, 36, 111])
Face([127, 145, 90, 171])
Face([122, 186, 89, 172])
Face([50, 95, 103, 175])
Face([158, 128, 118, 78, 103, 95])
Face([22, 116, 87, 83])
Face([12, 68, 182, 44, 103, 78])
Face([25, 93, 41, 142])
Face([139, 74, 31, 37, 111, 143])
Face([42, 190, 131, 135])
Face([85, 97, 106, 147])
Face([42, 132, 184, 190])
Face([2, 65, 28, 67])
Face([94, 33, 151, 155])
Face([180, 179, 177, 167])
Face([82, 189, 108, 117, 23, 94])
Face([148, 90, 145, 181])
Face([5, 29, 41, 142, 150, 77])
Face([174, 170, 57, 151, 116, 123])
Face([85, 97, 99, 86])
Face([166, 104, 119, 58])
Face([12, 78, 118, 39])
Face([0, 158, 9, 146])
Face([92, 107, 161, 32, 73, 141])
Face([81, 53, 148, 154, 79, 93])
Face([65, 28, 112, 182, 44, 47])
Face([74, 51, 185, 31])
Face([96, 21, 125, 173])
Face([82, 137, 91, 189])
Face([174, 170, 100, 101])
Face([81, 35, 41, 93])
Face([15, 136, 142, 25])
Face([36, 17, 26, 117, 23, 71])
Face([80, 130, 183, 20])
Face([1, 164, 132, 61, 86, 85])
Face([65, 43, 49, 28])
Face([158, 9, 80, 20, 50, 95])
Face([80, 130, 153, 70])
Face([80, 20, 178, 70])
Face([127, 75, 53, 171])
Face([187, 13, 36, 111])
Face([40, 189, 108, 133, 130, 183])
Face([77, 72, 32, 150])
Face([1, 40, 134, 164])
Face([127, 145, 181, 75])
Face([166, 104, 64, 149])
Face([162, 168, 177, 167])
Face([125, 180, 167, 122, 172, 173])
Face([73, 126, 105, 141])
Face([188, 27, 122, 172])
Face([71, 57, 151, 155])
Face([178, 84, 153, 70])
Face([24, 33, 151, 57])
Face([191, 110, 144, 89, 172, 173])
