(0, 32, 3, 5, 41, 14, 16, 19, 84, 54, 24, 28)->[-2*r2, -2*r2, -4, 0]
(0, 3, 68, 39, 72, 43, 18, 50, 83, 21, 84, 31)->[0, -4*r2, 0, 0]
(0, 3, 45, 49, 18, 21, 24, 28)->[-4*r2, -4*r2, 0, 0]
(0, 68, 5, 38, 40, 73, 45, 18, 52, 22, 24, 56)->[-2*r2, -2*r2, 0, -4]
(0, 67, 68, 5, 72, 52, 84, 54)->[0, -4*r2, -4, -4]
(2, 38, 71, 40, 44, 46, 78, 48, 22, 59, 93, 94)->[-2*r2, 2*r2, 0, -4]
(71, 8, 74, 45, 14, 48, 49, 53, 22, 85, 24, 28)->[-4*r2, 0, 0, 0]
(64, 2, 35, 66, 12, 13, 78, 57, 59, 61, 62, 63)->[0, 4*r2, 0, 0]
(33, 35, 8, 74, 12, 53, 86, 87, 57, 58, 27, 29)->[-2*r2, 2*r2, 0, 4]
(36, 69, 45, 15, 49, 18, 20, 21, 85, 56, 60, 31)->[-2*r2, -2*r2, 4, 0]
(33, 65, 36, 69, 7, 47, 80, 81, 82, 20, 86, 27)->[0, 0, 4, 4]
(37, 38, 73, 75, 77, 46, 15, 92, 17, 56, 60, 93)->[0, 0, 4, -4]
(1, 35, 41, 44, 13, 14, 76, 16, 48, 53, 58, 59)->[-2*r2, 2*r2, -4, 0]
(33, 66, 71, 74, 75, 46, 15, 78, 80, 20, 85, 57)->[-2*r2, 2*r2, 4, 0]
(32, 67, 6, 72, 10, 79, 50, 51, 84, 54, 55, 25)->[2*r2, -2*r2, -4, 0]
(64, 4, 70, 7, 12, 81, 86, 23, 87, 89, 88, 63)->[2*r2, 2*r2, 0, 4]
(1, 67, 5, 40, 41, 44, 51, 52, 54, 90, 94, 95)->[0, 0, -4, -4]
(32, 4, 42, 76, 79, 16, 19, 87, 88, 25, 58, 29)->[0, 0, -4, 4]
(65, 34, 7, 10, 42, 43, 47, 79, 50, 83, 23, 88)->[2*r2, -2*r2, 0, 4]
(66, 11, 75, 77, 80, 81, 82, 89, 26, 92, 61, 63)->[2*r2, 2*r2, 4, 0]
(2, 9, 11, 17, 93, 94, 90, 91, 92, 61, 62, 95)->[2*r2, 2*r2, 0, -4]
(65, 3, 69, 8, 42, 49, 19, 83, 21, 27, 28, 29)->[-2*r2, -2*r2, 0, 4]
(64, 1, 4, 70, 76, 13, 51, 55, 25, 90, 91, 62)->[2*r2, 2*r2, -4, 0]
(67, 68, 37, 6, 39, 72, 9, 73, 17, 52, 30, 95)->[2*r2, -2*r2, 0, -4]
(34, 6, 70, 9, 10, 11, 55, 23, 89, 26, 91, 30)->[4*r2, 0, 0, 0]
(34, 36, 37, 39, 43, 77, 47, 82, 26, 60, 30, 31)->[2*r2, -2*r2, 4, 0]
(68, 37, 39, 73, 18, 56, 60, 31)->[0, -4*r2, 4, -4]
(5, 40, 41, 44, 14, 48, 22, 24)->[-4*r2, 0, -4, -4]
(33, 69, 8, 74, 49, 20, 85, 27)->[-4*r2, 0, 4, 4]
(2, 66, 75, 46, 78, 93, 92, 61)->[0, 4*r2, 4, -4]
(8, 14, 16, 19, 53, 58, 28, 29)->[-4*r2, 0, -4, 4]
(36, 75, 77, 15, 80, 82, 20, 60)->[0, 0, 8, 0]
(35, 71, 74, 78, 48, 53, 57, 59)->[-4*r2, 4*r2, 0, 0]
(4, 70, 10, 79, 23, 55, 88, 25)->[4*r2, 0, -4, 4]
(33, 66, 12, 80, 81, 86, 57, 63)->[0, 4*r2, 4, 4]
(32, 1, 41, 76, 16, 51, 54, 25)->[0, 0, -8, 0]
(65, 7, 42, 86, 87, 88, 27, 29)->[0, 0, 0, 8]
(38, 40, 73, 17, 52, 93, 94, 95)->[0, 0, 0, -8]
(67, 6, 9, 51, 55, 90, 91, 95)->[4*r2, 0, -4, -4]
(64, 35, 4, 12, 13, 76, 87, 58)->[0, 4*r2, -4, 4]
(64, 70, 11, 89, 91, 61, 62, 63)->[4*r2, 4*r2, 0, 0]
(34, 7, 47, 81, 82, 23, 89, 26)->[4*r2, 0, 4, 4]
(65, 36, 69, 43, 47, 83, 21, 31)->[0, -4*r2, 4, 4]
(38, 71, 45, 46, 15, 85, 22, 56)->[-4*r2, 0, 4, -4]
(1, 2, 44, 13, 94, 90, 59, 62)->[0, 4*r2, -4, -4]
(37, 9, 11, 77, 17, 26, 92, 30)->[4*r2, 0, 4, -4]
(32, 3, 42, 79, 50, 19, 83, 84)->[0, -4*r2, -4, 4]
(34, 6, 39, 72, 10, 43, 50, 30)->[4*r2, -4*r2, 0, 0]
