Face([61, 18, 96, 21])
Face([61, 133, 74, 134])
Face([78, 53, 30, 21])
Face([31, 53, 30])
Face([126, 41, 40, 139])
Face([117, 56, 138])
Face([62, 63, 33])
Face([12, 83, 125, 47])
Face([29, 41, 142])
Face([122, 65, 87])
Face([0, 140, 41, 29])
Face([61, 97, 134])
Face([64, 109, 110, 102])
Face([130, 74, 134])
Face([35, 16, 130, 139])
Face([7, 14, 31])
Face([93, 40, 41])
Face([86, 65, 85])
Face([23, 97, 103, 53])
Face([4, 126, 127])
Face([122, 138, 124])
Face([120, 65, 138])
Face([115, 58, 52])
Face([22, 107, 85])
Face([118, 56, 138])
Face([59, 121, 68])
Face([76, 97, 103])
Face([49, 32, 55])
Face([32, 82, 117])
Face([38, 125, 54, 102])
Face([3, 35, 126, 92])
Face([92, 48, 126])
Face([45, 47, 95, 15])
Face([4, 123, 84])
Face([90, 108, 121, 102])
Face([62, 84, 77, 79])
Face([60, 50, 20, 123])
Face([45, 112, 27])
Face([20, 97, 23, 111])
Face([25, 32, 85, 60])
Face([100, 63, 15])
Face([2, 122, 124, 71])
Face([12, 136, 112, 45])
Face([36, 56, 109])
Face([7, 52, 101])
Face([90, 137, 143, 116])
Face([36, 64, 46])
Face([137, 64, 46, 143])
Face([98, 84, 77, 119])
Face([9, 90, 116])
Face([2, 61, 78])
Face([37, 57, 97, 127])
Face([57, 97, 134])
Face([36, 64, 109])
Face([140, 40, 104])
Face([71, 110, 44])
Face([141, 8, 105, 10])
Face([7, 72, 9, 101])
Face([93, 40, 104])
Face([58, 75, 57])
Face([22, 32, 85])
Face([69, 18, 11])
Face([89, 94, 31, 53])
Face([49, 32, 117, 128])
Face([25, 32, 92])
Face([9, 116, 143, 15])
Face([111, 91, 58, 75])
Face([12, 136, 114])
Face([115, 43, 52])
Face([90, 116, 108])
Face([104, 129, 28, 131])
Face([71, 21, 133])
Face([100, 101, 95])
Face([78, 53, 68])
Face([20, 111, 53, 103])
Face([106, 13, 11])
Face([3, 93, 135])
Face([37, 75, 57])
Face([14, 72, 90, 38])
Face([12, 105, 45])
Face([35, 16, 93])
Face([49, 32, 92])
Face([12, 105, 106])
Face([100, 8, 45, 15])
Face([71, 124, 87, 78])
Face([62, 98, 84])
Face([64, 80, 121, 102])
Face([54, 110, 102])
Face([89, 42, 121, 68])
Face([25, 4, 60])
Face([19, 8, 100])
Face([56, 138, 124, 109])
Face([116, 82, 39])
Face([132, 99, 34, 67])
Face([136, 34, 99])
Face([143, 112, 113, 51])
Face([45, 112, 137])
Face([24, 75, 123, 84])
Face([66, 52, 7])
Face([44, 114, 83])
Face([32, 117, 85])
Face([6, 89, 53, 111])
Face([1, 24, 58, 115])
Face([44, 114, 64, 109])
Face([63, 33, 39])
Face([19, 8, 105, 129])
Face([83, 114, 38, 125])
Face([70, 124, 109])
Face([60, 48, 85])
Face([35, 4, 126])
Face([81, 74, 134])
Face([92, 41, 126])
Face([85, 48, 65])
Face([135, 33, 28])
Face([136, 112, 137, 114])
Face([2, 81, 76])
Face([67, 105, 106, 69])
Face([142, 138, 117])
Face([26, 116, 39, 79])
Face([19, 100, 63, 33])
Face([0, 118, 138, 122])
Face([14, 59, 31])
Face([111, 75, 57, 23])
Face([6, 89, 103, 20])
Face([26, 108, 107, 22])
Face([113, 128, 131])
Face([100, 115, 43, 95])
Face([49, 131, 28])
Face([61, 78, 53, 23])
Face([13, 96, 125, 43])
Face([49, 51, 39, 55])
Face([13, 91, 43])
Face([107, 80, 108])
Face([76, 50, 127])
Face([62, 63, 79])
Face([83, 125, 54])
Face([69, 96, 18])
Face([93, 104, 129, 135])
Face([5, 83, 44])
Face([49, 51, 28])
Face([5, 67, 105, 12])
Face([1, 88, 16, 141])
Face([15, 63, 39, 143])
Face([50, 65, 87, 103])
Face([88, 16, 135])
Face([60, 48, 50])
Face([12, 45, 47])
Face([102, 121, 110])
Face([1, 19, 141])
Face([93, 131, 28, 135])
Face([108, 121, 42])
Face([13, 91, 58])
Face([20, 97, 57, 75])
Face([2, 122, 87, 78])
Face([9, 116, 39, 63])
Face([86, 65, 50])
Face([27, 33, 39, 143])
Face([36, 56, 46])
Face([88, 3, 25, 84])
Face([14, 59, 102, 38])
Face([93, 40, 130, 16])
Face([3, 49, 92])
Face([55, 79, 39])
Face([35, 139, 37])
Face([25, 32, 55])
Face([11, 130, 134, 18])
Face([0, 2, 122])
Face([118, 99, 140])
Face([2, 78, 71])
Face([5, 136, 34, 67])
Face([45, 105, 129, 27])
Face([20, 50, 103])
Face([60, 85, 86])
Face([96, 21, 30])
Face([82, 51, 46])
Face([29, 48, 142])
Face([54, 68, 110])
Face([73, 86, 85, 22])
Face([67, 104, 40, 74])
Face([83, 21, 54])
Face([129, 34, 112, 27])
Face([13, 18, 23, 91])
Face([51, 128, 56, 46])
Face([25, 32, 22, 77])
Face([9, 63, 15])
Face([62, 98, 119, 79])
Face([73, 77, 22])
Face([133, 21, 83, 5])
Face([120, 121, 110, 124])
Face([30, 53, 68, 54])
Face([47, 106, 13, 43])
Face([92, 32, 85, 48])
Face([28, 131, 113])
Face([115, 58, 13])
Face([29, 41, 40, 81])
Face([10, 16, 130])
Face([50, 48, 65])
Face([116, 82, 107, 108])
Face([120, 124, 87])
Face([24, 98, 84])
Face([81, 40, 139])
Face([62, 33, 55])
Face([6, 66, 7, 94])
Face([14, 125, 38])
Face([45, 27, 15])
Face([101, 9, 26, 119])
Face([100, 8, 47, 95])
Face([73, 77, 119])
Face([49, 28, 33, 55])
Face([15, 27, 143])
Face([44, 114, 102, 110])
Face([81, 139, 127, 76])
Face([59, 121, 102])
Face([2, 133, 71])
Face([78, 68, 87])
Face([90, 137, 38])
Face([84, 123, 77])
Face([1, 100, 63, 62])
Face([58, 57, 23, 91])
Face([61, 18, 134])
Face([33, 28, 51, 39])
Face([107, 120, 42])
Face([19, 129, 10, 141])
Face([130, 17, 57, 134])
Face([85, 65, 138, 117])
Face([85, 48, 142, 117])
Face([3, 49, 55])
Face([92, 41, 142])
Face([61, 21, 133])
Face([132, 67, 5])
Face([1, 98, 52, 115])
Face([27, 112, 113, 28])
Face([115, 8, 106, 13])
Face([118, 128, 113, 99])
Face([115, 43, 13])
Face([24, 75, 37])
Face([89, 68, 59, 94])
Face([83, 114, 102, 54])
Face([12, 114, 137, 45])
Face([25, 77, 79, 55])
Face([18, 57, 23])
Face([123, 20, 6])
Face([91, 23, 30])
Face([129, 34, 113, 28])
Face([24, 75, 58])
Face([9, 95, 15])
Face([107, 120, 138, 117])
Face([98, 101, 119])
Face([47, 106, 96, 125])
Face([107, 80, 56, 117])
Face([126, 139, 127])
Face([126, 48, 50, 127])
Face([98, 52, 101])
Face([26, 116, 82, 22])
Face([2, 81, 134, 61])
Face([29, 122, 76])
Face([12, 136, 34, 105])
Face([78, 87, 103])
Face([29, 48, 65, 122])
Face([90, 64, 46, 116])
Face([9, 90, 137, 15])
Face([73, 42, 108, 26])
Face([1, 24, 88])
Face([137, 112, 143])
Face([35, 4, 37])
Face([49, 131, 41, 92])
Face([114, 137, 38])
Face([56, 80, 120, 138])
Face([48, 65, 138, 142])
Face([105, 129, 34])
Face([140, 41, 131])
Face([14, 59, 54, 125])
Face([83, 96, 125])
Face([1, 88, 62])
Face([62, 84, 25, 55])
Face([62, 88, 135, 33])
Face([22, 32, 82])
Face([72, 26, 108])
Face([101, 9, 95])
Face([94, 42, 121, 59])
Face([29, 41, 126])
Face([7, 72, 14])
Face([22, 82, 39, 79])
Face([37, 75, 20, 127])
Face([31, 59, 68, 53])
Face([93, 104, 131])
Face([6, 73, 94])
Face([86, 89, 42])
Face([31, 91, 30])
Face([90, 64, 102])
Face([28, 113, 51])
Face([62, 98, 101, 63])
Face([70, 124, 138, 118])
Face([73, 42, 107, 22])
Face([29, 48, 126])
Face([24, 17, 37])
Face([114, 64, 137])
Face([67, 105, 34])
Face([72, 90, 102, 59])
Face([111, 31, 53])
Face([7, 101, 95, 14])
Face([120, 138, 124])
Face([71, 78, 68, 110])
Face([14, 43, 91, 31])
Face([24, 17, 58])
Face([70, 44, 71])
Face([106, 96, 13])
Face([26, 22, 79])
Face([10, 104, 40, 130])
Face([76, 50, 103])
Face([27, 33, 28])
Face([62, 88, 3, 55])
Face([123, 75, 20])
Face([59, 54, 102])
Face([94, 72, 108, 42])
Face([7, 72, 26, 119])
Face([19, 27, 15, 100])
Face([100, 95, 15])
Face([86, 89, 103, 50])
Face([133, 21, 96, 69])
Face([70, 132, 5, 44])
Face([125, 54, 30])
Face([19, 141, 16, 135])
Face([70, 124, 71])
Face([66, 111, 91, 52])
Face([49, 92, 142, 128])
Face([109, 80, 121, 110])
Face([129, 27, 28])
Face([19, 135, 33])
Face([122, 65, 50, 76])
Face([1, 115, 100])
Face([44, 83, 54, 110])
Face([116, 46, 143])
Face([13, 96, 30, 91])
Face([136, 99, 36])
Face([132, 74, 133])
Face([116, 82, 46])
Face([71, 21, 54, 110])
Face([88, 3, 135])
Face([105, 129, 10])
Face([51, 128, 113])
Face([70, 99, 36, 109])
Face([111, 91, 31])
Face([70, 99, 118])
Face([116, 108, 80, 46])
Face([47, 43, 95])
Face([86, 89, 87, 65])
Face([45, 137, 15])
Face([89, 42, 94])
Face([136, 112, 34])
Face([24, 84, 4, 37])
Face([16, 17, 130])
Face([105, 10, 11, 106])
Face([0, 81, 2])
Face([107, 80, 120])
Face([1, 88, 135, 19])
Face([8, 106, 47])
Face([4, 123, 20, 127])
Face([118, 128, 56])
Face([67, 104, 34])
Face([35, 139, 126])
Face([118, 140, 41, 142])
Face([67, 104, 10])
Face([6, 89, 94])
Face([29, 48, 50, 76])
Face([15, 137, 38, 95])
Face([55, 32, 22, 79])
Face([57, 97, 23])
Face([108, 80, 121])
Face([6, 89, 86])
Face([24, 88, 35, 37])
Face([19, 8, 45, 27])
Face([73, 26, 72, 94])
Face([25, 60, 77])
Face([49, 128, 131])
Face([44, 136, 114])
Face([130, 40, 139])
Face([94, 59, 31])
Face([73, 86, 42])
Face([60, 77, 73, 86])
Face([66, 75, 111])
Face([82, 51, 128, 117])
Face([0, 118, 70])
Face([44, 136, 36, 109])
Face([11, 18, 13])
Face([67, 74, 69])
Face([51, 113, 36, 46])
Face([127, 97, 20])
Face([101, 9, 63])
Face([46, 80, 56])
Face([143, 51, 39])
Face([52, 91, 43])
Face([70, 44, 109])
Face([5, 136, 44])
Face([116, 143, 39])
Face([88, 16, 35])
Face([115, 8, 141])
Face([29, 81, 76])
Face([143, 112, 36, 46])
Face([120, 80, 121])
Face([27, 28, 51, 143])
Face([37, 17, 130, 139])
Face([4, 123, 75, 37])
Face([2, 81, 74, 133])
Face([76, 97, 127])
Face([24, 98, 52, 58])
Face([37, 139, 127])
Face([94, 31, 7])
Face([72, 90, 108])
Face([6, 20, 50, 86])
Face([94, 72, 7])
Face([60, 85, 22, 77])
Face([72, 59, 121, 108])
Face([71, 44, 5, 133])
Face([113, 34, 99])
Face([24, 88, 84])
Face([141, 16, 10])
Face([64, 80, 109])
Face([135, 129, 28])
Face([13, 18, 57, 58])
Face([94, 72, 59])
Face([0, 81, 29])
Face([123, 66, 75])
Face([6, 66, 111])
Face([123, 66, 119, 77])
Face([109, 124, 110])
Face([61, 18, 23])
Face([3, 25, 55])
Face([118, 128, 131, 140])
Face([22, 77, 79])
Face([120, 121, 68, 87])
Face([11, 17, 57, 18])
Face([62, 55, 79])
Face([81, 76, 97, 134])
Face([5, 67, 69])
Face([93, 41, 131])
Face([24, 98, 66, 75])
Face([70, 99, 132])
Face([1, 24, 98])
Face([3, 55, 33, 135])
Face([15, 27, 33, 63])
Face([83, 96, 21])
Face([118, 138, 142])
Face([19, 33, 27])
Face([46, 64, 80])
Face([11, 17, 58, 13])
Face([61, 21, 30, 23])
Face([29, 76, 127, 126])
Face([49, 51, 128])
Face([17, 57, 58])
Face([29, 81, 139, 126])
Face([14, 43, 125])
Face([47, 38, 95])
Face([71, 124, 110])
Face([86, 65, 120, 42])
Face([6, 73, 119, 66])
Face([92, 48, 142])
Face([26, 116, 108])
Face([10, 104, 129])
Face([69, 96, 106])
Face([1, 115, 141])
Face([19, 129, 27])
Face([2, 61, 133])
Face([52, 91, 58])
Face([132, 67, 104, 140])
Face([61, 97, 103, 78])
Face([66, 119, 7])
Face([2, 122, 76])
Face([14, 72, 59])
Face([4, 60, 50, 127])
Face([100, 8, 115])
Face([67, 10, 130, 74])
Face([132, 5, 133])
Face([3, 49, 28, 135])
Face([118, 56, 36, 99])
Face([110, 124, 87, 68])
Face([5, 12, 106, 69])
Face([1, 24, 17, 141])
Face([123, 66, 6])
Face([111, 53, 23])
Face([7, 52, 43, 14])
Face([25, 77, 84])
Face([7, 52, 91, 31])
Face([0, 81, 40, 140])
Face([3, 92, 25])
Face([70, 109, 56, 118])
Face([45, 137, 38, 47])
Face([122, 65, 138])
Face([43, 125, 30, 91])
Face([11, 17, 130])
Face([132, 74, 40, 140])
Face([5, 136, 12])
Face([112, 113, 34])
Face([12, 106, 96, 83])
Face([136, 112, 36])
Face([2, 76, 97, 61])
Face([61, 97, 23])
Face([143, 51, 46])
Face([142, 128, 117])
Face([70, 132, 133, 71])
Face([137, 64, 36, 112])
Face([69, 74, 134, 18])
Face([14, 72, 9, 95])
Face([35, 16, 17, 37])
Face([131, 128, 142, 41])
Face([60, 123, 77])
Face([141, 10, 11])
Face([140, 104, 131])
Face([25, 4, 84])
Face([0, 140, 132])
Face([55, 33, 39])
Face([20, 97, 103])
Face([88, 35, 4, 84])
Face([3, 49, 131, 93])
Face([25, 4, 126, 92])
Face([93, 16, 135])
Face([82, 51, 39])
Face([89, 68, 53])
Face([115, 8, 47, 43])
Face([104, 129, 34])
Face([67, 105, 10])
Face([78, 68, 54, 21])
Face([90, 64, 80, 108])
Face([14, 38, 95])
Face([35, 139, 40, 93])
Face([1, 19, 33, 62])
Face([12, 114, 38, 47])
Face([71, 21, 83, 44])
Face([31, 59, 54, 30])
Face([10, 130, 11])
Face([89, 53, 103])
Face([3, 35, 93])
Face([123, 77, 73, 6])
Face([47, 125, 38])
Face([98, 66, 52])
Face([2, 76, 103, 78])
Face([9, 90, 38, 95])
Face([12, 106, 47])
Face([52, 43, 95, 101])
Face([82, 107, 117])
Face([112, 113, 36])
Face([44, 109, 110])
Face([100, 63, 101])
Face([14, 43, 95])
Face([93, 104, 10, 16])
Face([13, 96, 18])
Face([141, 8, 106, 11])
Face([29, 122, 138, 142])
Face([0, 2, 71, 70])
Face([88, 3, 35])
Face([61, 21, 78])
Face([85, 107, 117])
Face([66, 75, 58, 52])
Face([119, 26, 79])
Face([4, 37, 127])
Face([115, 58, 17, 141])
Face([89, 87, 103])
Face([109, 80, 120, 124])
Face([37, 139, 134, 57])
Face([37, 17, 57])
Face([122, 76, 103, 87])
Face([15, 137, 143])
Face([120, 65, 87])
Face([107, 42, 108])
Face([70, 99, 136, 44])
Face([60, 123, 6, 86])
Face([59, 68, 54])
Face([62, 88, 84])
Face([85, 65, 120, 107])
Face([92, 32, 117, 142])
Face([1, 98, 101, 100])
Face([73, 26, 119])
Face([1, 19, 100])
Face([69, 106, 11])
Face([49, 32, 82, 51])
Face([141, 16, 17])
Face([130, 40, 74])
Face([69, 11, 130, 74])
Face([113, 128, 56, 36])
Face([66, 111, 31, 7])
Face([81, 40, 74])
Face([127, 97, 134, 139])
Face([47, 43, 125])
Face([98, 66, 123, 84])
Face([8, 45, 47])
Face([21, 54, 30])
Face([121, 68, 110])
Face([90, 64, 137])
Face([25, 60, 48, 92])
Face([22, 82, 107])
Face([118, 128, 142])
Face([24, 88, 16, 17])
Face([78, 53, 103])
Face([81, 139, 134])
Face([14, 125, 30, 31])
Face([4, 60, 48, 126])
Face([0, 29, 142, 118])
Face([101, 63, 79, 119])
Face([140, 104, 34, 99])
Face([114, 102, 38])
Face([7, 101, 119])
Face([67, 10, 11, 69])
Face([72, 9, 90])
Face([132, 74, 67])
Face([42, 120, 121])
Face([12, 114, 83])
Face([8, 105, 106])
Face([0, 81, 74, 132])
Face([71, 21, 78])
Face([19, 8, 141])
Face([140, 41, 40])
Face([60, 50, 86])
Face([1, 98, 62])
Face([119, 77, 79])
Face([9, 26, 116])
Face([127, 50, 20])
Face([27, 112, 143])
Face([6, 73, 86])
Face([3, 25, 4, 35])
Face([19, 129, 135])
Face([115, 13, 11, 141])
Face([111, 91, 23])
Face([140, 99, 113, 131])
Face([135, 16, 10, 129])
Face([45, 112, 34, 105])
Face([113, 99, 36])
Face([18, 57, 134])
Face([56, 80, 109])
Face([5, 83, 12])
Face([104, 34, 113, 131])
Face([63, 79, 39])
Face([73, 94, 7, 119])
Face([35, 93, 41, 126])
Face([117, 128, 56])
Face([73, 42, 94])
Face([100, 115, 52, 101])
Face([133, 69, 5])
Face([3, 92, 41, 93])
Face([0, 29, 122])
Face([132, 99, 140])
Face([89, 42, 120, 87])
Face([132, 99, 136, 5])
Face([55, 32, 82, 39])
Face([141, 17, 11])
Face([0, 140, 118])
Face([20, 75, 111])
Face([130, 139, 134])
Face([61, 18, 69, 133])
Face([73, 26, 22])
Face([4, 123, 60])
Face([98, 66, 119])
Face([0, 70, 124, 122])
Face([5, 83, 96, 69])
Face([82, 107, 80, 46])
Face([136, 114, 64, 36])
Face([72, 9, 26])
Face([0, 132, 70])
Face([114, 64, 102])
Face([133, 74, 69])
Face([8, 105, 45])
Face([6, 20, 111])
Face([9, 26, 79, 63])
Face([23, 53, 30])
Face([90, 38, 102])
Face([82, 117, 56, 46])
Face([122, 124, 87])
Face([89, 68, 87])
Face([0, 2, 133, 132])
Face([86, 42, 107, 85])
Face([6, 94, 31, 111])
Face([18, 96, 30, 23])
Face([96, 125, 30])
