Face([141, 65, 43, 119])
Face([0, 53, 70])
Face([94, 128, 25, 95])
Face([4, 38, 114, 71])
Face([24, 65, 91])
Face([99, 96, 112])
Face([56, 84, 113, 77])
Face([63, 129, 69, 134])
Face([3, 35, 47, 67])
Face([141, 65, 90, 14])
Face([133, 102, 105])
Face([28, 21, 55])
Face([6, 126, 103])
Face([40, 72, 63])
Face([115, 34, 87])
Face([46, 49, 100])
Face([8, 132, 138, 93])
Face([16, 114, 5, 67])
Face([36, 96, 112, 93])
Face([123, 41, 139])
Face([4, 76, 5, 71])
Face([0, 118, 97, 70])
Face([133, 82, 102])
Face([13, 29, 82, 102])
Face([116, 131, 87, 100])
Face([133, 33, 82])
Face([73, 50, 13, 79])
Face([36, 123, 142])
Face([0, 141, 118])
Face([4, 137, 126, 38])
Face([90, 12, 94])
Face([0, 117, 118])
Face([68, 32, 111, 104])
Face([53, 88, 47, 50])
Face([35, 50, 47])
Face([21, 40, 140])
Face([1, 108, 103, 38])
Face([127, 25, 75, 27])
Face([64, 88, 15, 37])
Face([9, 107, 72, 109])
Face([30, 32, 75, 54])
Face([48, 18, 71])
Face([37, 134, 143])
Face([71, 114, 22])
Face([16, 97, 67])
Face([67, 88, 39, 97])
Face([41, 77, 45, 62])
Face([8, 136, 94])
Face([132, 89, 9])
Face([93, 112, 99, 142])
Face([117, 115, 33])
Face([1, 130, 137, 4])
Face([58, 10, 27, 110])
Face([11, 62, 45])
Face([78, 17, 9, 10])
Face([28, 105, 102, 55])
Face([95, 106, 52, 127])
Face([2, 24, 90])
Face([140, 33, 105])
Face([137, 18, 96, 45])
Face([3, 16, 67])
Face([143, 69, 134])
Face([70, 3, 20])
Face([32, 75, 111])
Face([12, 128, 51, 28])
Face([95, 121, 17, 132])
Face([38, 16, 3, 135])
Face([40, 140, 82, 63])
Face([44, 112, 83])
Face([2, 36, 93])
Face([37, 83, 44, 143])
Face([43, 90, 14, 119])
Face([142, 121, 11])
Face([48, 18, 44, 143])
Face([118, 97, 39])
Face([67, 88, 47])
Face([85, 84, 39])
Face([102, 140, 21, 55])
Face([143, 46, 100, 134])
Face([38, 114, 5, 76])
Face([6, 77, 45, 126])
Face([24, 136, 94, 90])
Face([141, 68, 14])
Face([38, 76, 135])
Face([123, 139, 92])
Face([38, 103, 124, 135])
Face([125, 105, 42])
Face([52, 106, 51])
Face([0, 53, 133])
Face([86, 83, 112, 31])
Face([71, 120, 5])
Face([72, 46, 143])
Face([37, 83, 86])
Face([53, 50, 29, 116])
Face([9, 52, 127])
Face([120, 37, 15])
Face([43, 65, 91])
Face([26, 44, 99, 78])
Face([7, 48, 69, 58])
Face([1, 19, 7, 4])
Face([107, 72, 129])
Face([80, 101, 129, 110])
Face([16, 20, 104, 103])
Face([13, 102, 79])
Face([107, 129, 110, 27])
Face([116, 100, 134])
Face([104, 61, 111])
Face([132, 9, 52, 106])
Face([31, 49, 46])
Face([0, 117, 131, 53])
Face([119, 104, 14])
Face([57, 129, 110])
Face([89, 122, 21])
Face([96, 112, 98, 113])
Face([36, 93, 142])
Face([79, 80, 55])
Face([31, 112, 98])
Face([36, 96, 99, 142])
Face([39, 131, 34, 84])
Face([114, 6, 77, 22])
Face([6, 41, 119])
Face([99, 112, 44])
Face([1, 81, 135])
Face([23, 28, 55, 79])
Face([18, 99, 44])
Face([30, 54, 80, 79])
Face([71, 18, 96, 22])
Face([1, 130, 19])
Face([101, 129, 63])
Face([14, 128, 139])
Face([93, 112, 98])
Face([15, 66, 84, 39])
Face([118, 84, 39])
Face([126, 62, 45])
Face([20, 97, 56, 119])
Face([36, 45, 11, 142])
Face([25, 51, 75])
Face([94, 128, 51, 106])
Face([135, 3, 67, 76])
Face([89, 40, 21])
Face([66, 98, 112, 83])
Face([117, 65, 125])
Face([19, 59, 121, 78])
Face([30, 35, 54])
Face([49, 100, 87])
Face([133, 33, 105])
Face([24, 91, 98, 60])
Face([81, 57, 110])
Face([42, 105, 140, 122])
Face([67, 88, 5])
Face([101, 40, 21, 55])
Face([108, 59, 25, 111])
Face([141, 14, 119])
Face([72, 63, 134, 143])
Face([25, 75, 111])
Face([24, 91, 34, 115])
Face([78, 17, 121])
Face([26, 10, 78])
Face([4, 76, 38])
Face([52, 27, 127])
Face([37, 86, 100, 134])
Face([136, 42, 122])
Face([66, 34, 84])
Face([8, 132, 95])
Face([102, 82, 140])
Face([116, 82, 100])
Face([0, 73, 68, 141])
Face([16, 97, 56, 6])
Face([12, 128, 14])
Face([58, 129, 107, 10])
Face([118, 65, 141])
Face([48, 18, 83, 37])
Face([117, 33, 131])
Face([96, 113, 22])
Face([19, 10, 27, 74])
Face([58, 129, 110])
Face([23, 32, 51, 28])
Face([118, 65, 91, 84])
Face([71, 114, 5])
Face([2, 91, 43])
Face([30, 124, 54])
Face([86, 83, 44, 46])
Face([109, 138, 112, 44])
Face([43, 41, 139, 90])
Face([72, 129, 69, 143])
Face([117, 34, 131])
Face([122, 115, 33, 140])
Face([5, 114, 85])
Face([43, 56, 77])
Face([36, 113, 98, 93])
Face([74, 75, 111, 108])
Face([26, 44, 109])
Face([63, 82, 100])
Face([17, 138, 109])
Face([11, 99, 96, 45])
Face([48, 64, 5, 71])
Face([16, 97, 85, 114])
Face([64, 69, 57, 47])
Face([89, 138, 60, 122])
Face([64, 37, 134])
Face([85, 120, 15, 39])
Face([70, 97, 20])
Face([53, 70, 97, 39])
Face([36, 113, 77])
Face([26, 58, 69, 143])
Face([108, 130, 126, 103])
Face([30, 32, 111, 124])
Face([40, 49, 100, 63])
Face([9, 17, 109])
Face([35, 57, 13])
Face([15, 131, 39])
Face([2, 8, 93])
Face([7, 137, 18])
Face([140, 33, 82])
Face([57, 129, 69])
Face([48, 37, 143])
Face([11, 62, 92, 121])
Face([52, 51, 55])
Face([94, 136, 42, 12])
Face([28, 21, 106])
Face([122, 49, 87, 115])
Face([80, 75, 54])
Face([0, 118, 39, 53])
Face([2, 24, 60, 93])
Face([14, 128, 32, 68])
Face([1, 38, 135])
Face([82, 33, 87, 100])
Face([29, 116, 134])
Face([137, 11, 45])
Face([118, 56, 97])
Face([117, 34, 115])
Face([114, 126, 6])
Face([29, 116, 82])
Face([135, 35, 47, 76])
Face([26, 10, 58])
Face([71, 137, 45, 22])
Face([1, 108, 124, 135])
Face([81, 57, 35, 135])
Face([10, 27, 107])
Face([2, 8, 123])
Face([70, 50, 35, 3])
Face([125, 65, 24, 42])
Face([35, 50, 13])
Face([36, 96, 113])
Face([38, 16, 103])
Face([70, 73, 68, 20])
Face([1, 108, 74])
Face([60, 98, 31])
Face([8, 142, 121, 95])
Face([66, 98, 31, 86])
Face([85, 56, 97])
Face([71, 18, 83, 120])
Face([0, 73, 23, 125])
Face([132, 17, 138])
Face([20, 104, 68])
Face([6, 41, 61, 103])
Face([117, 65, 24, 115])
Face([120, 66, 15])
Face([16, 97, 20])
Face([74, 75, 27])
Face([107, 40, 72])
Face([15, 66, 86])
Face([41, 61, 104, 119])
Face([66, 113, 98])
Face([132, 89, 138])
Face([38, 126, 103])
Face([120, 66, 83])
Face([73, 23, 79])
Face([9, 89, 40, 107])
Face([94, 128, 12])
Face([8, 136, 60, 93])
Face([135, 124, 54])
Face([108, 124, 103])
Face([9, 107, 52])
Face([53, 131, 116])
Face([130, 59, 92, 62])
Face([9, 10, 107])
Face([2, 8, 136, 24])
Face([114, 126, 45, 22])
Face([78, 10, 127, 121])
Face([135, 35, 54])
Face([93, 60, 138])
Face([19, 78, 7])
Face([29, 134, 63])
Face([4, 48, 71])
Face([48, 69, 143])
Face([125, 12, 23])
Face([101, 102, 55])
Face([19, 59, 74])
Face([29, 82, 63])
Face([9, 17, 121, 127])
Face([89, 40, 72, 109])
Face([0, 117, 125])
Face([19, 130, 59])
Face([107, 40, 101])
Face([14, 139, 61, 104])
Face([128, 25, 111])
Face([73, 133, 102, 79])
Face([86, 100, 87])
Face([95, 92, 25])
Face([0, 125, 105, 133])
Face([138, 112, 31])
Face([9, 10, 127])
Face([85, 56, 6, 114])
Face([70, 67, 47, 50])
Face([5, 64, 88])
Face([7, 137, 11, 78])
Face([86, 31, 46])
Face([108, 59, 92, 61])
Face([74, 59, 25, 75])
Face([81, 57, 69])
Face([28, 105, 42])
Face([85, 120, 66, 84])
Face([127, 25, 59])
Face([123, 92, 121, 142])
Face([12, 128, 32, 23])
Face([107, 27, 80, 101])
Face([135, 3, 124])
Face([12, 42, 28])
Face([120, 83, 96, 22])
Face([19, 10, 78])
Face([72, 46, 100, 63])
Face([14, 68, 104])
Face([72, 129, 63])
Face([83, 96, 112])
Face([94, 106, 28, 12])
Face([85, 56, 77, 22])
Face([81, 69, 64, 76])
Face([117, 34, 84, 118])
Face([117, 65, 91, 34])
Face([16, 20, 119, 6])
Face([1, 74, 19])
Face([60, 98, 34, 115])
Face([79, 32, 75, 80])
Face([23, 32, 79])
Face([120, 83, 37])
Face([133, 50, 13, 102])
Face([15, 66, 34, 131])
Face([125, 42, 12])
Face([7, 48, 18])
Face([38, 16, 67, 76])
Face([52, 106, 21])
Face([8, 132, 17, 142])
Face([115, 33, 87])
Face([52, 107, 101, 55])
Face([12, 28, 23])
Face([2, 123, 36])
Face([4, 48, 7])
Face([121, 59, 92])
Face([27, 80, 110])
Face([29, 57, 69, 134])
Face([130, 137, 11])
Face([63, 100, 134])
Face([15, 116, 134, 37])
Face([140, 49, 100, 82])
Face([132, 9, 17])
Face([29, 57, 47])
Face([16, 114, 6])
Face([53, 50, 70])
Face([3, 124, 30])
Face([10, 27, 127])
Face([44, 46, 143])
Face([36, 77, 45])
Face([26, 72, 109])
Face([15, 131, 87, 86])
Face([91, 113, 98])
Face([67, 76, 47])
Face([141, 20, 119])
Face([109, 72, 46])
Face([18, 96, 99])
Face([17, 99, 44, 109])
Face([43, 41, 119])
Face([53, 131, 33, 133])
Face([0, 125, 141])
Face([128, 25, 92, 139])
Face([28, 42, 122, 21])
Face([1, 81, 4])
Face([136, 106, 21, 122])
Face([19, 58, 7])
Face([101, 102, 82, 63])
Face([19, 130, 137, 7])
Face([3, 20, 68, 30])
Face([43, 65, 90])
Face([19, 74, 110, 58])
Face([48, 37, 120, 71])
Face([23, 32, 68])
Face([86, 100, 46])
Face([81, 58, 110])
Face([94, 106, 95])
Face([71, 137, 126, 114])
Face([93, 138, 17, 142])
Face([125, 141, 68, 23])
Face([91, 34, 98])
Face([88, 116, 15])
Face([81, 76, 135])
Face([40, 49, 140])
Face([94, 128, 139])
Face([6, 56, 119])
Face([1, 130, 108])
Face([74, 108, 124, 54])
Face([18, 83, 44])
Face([17, 138, 112, 99])
Face([42, 105, 33, 115])
Face([2, 90, 43])
Face([89, 49, 46, 109])
Face([103, 126, 62, 61])
Face([23, 105, 102, 79])
Face([26, 72, 143])
Face([117, 33, 105, 125])
Face([31, 98, 34, 87])
Face([122, 49, 31, 60])
Face([28, 105, 140, 21])
Face([7, 26, 78])
Face([0, 73, 70])
Face([7, 18, 44, 26])
Face([66, 113, 96, 83])
Face([70, 73, 30, 3])
Face([36, 96, 45])
Face([95, 25, 127])
Face([41, 139, 14, 119])
Face([0, 141, 20, 70])
Face([89, 138, 109])
Face([125, 12, 14, 141])
Face([116, 82, 33, 131])
Face([90, 139, 94])
Face([20, 104, 119])
Face([118, 56, 119, 141])
Face([8, 93, 142])
Face([2, 123, 41, 43])
Face([73, 50, 133])
Face([4, 48, 69, 81])
Face([41, 61, 62])
Face([43, 41, 77])
Face([58, 129, 69])
Face([137, 45, 126])
Face([13, 80, 79])
Face([4, 81, 58, 7])
Face([38, 16, 114])
Face([60, 115, 87, 31])
Face([94, 136, 106])
Face([85, 97, 39])
Face([1, 81, 58, 19])
Face([8, 94, 95])
Face([52, 51, 25, 127])
Face([101, 40, 140, 102])
Face([71, 120, 22])
Face([2, 8, 94, 90])
Face([28, 51, 55])
Face([15, 37, 86])
Face([81, 58, 69])
Face([0, 73, 133])
Face([3, 35, 30])
Face([12, 14, 68, 23])
Face([6, 41, 62, 126])
Face([76, 64, 47])
Face([9, 89, 21, 52])
Face([109, 44, 46])
Face([52, 27, 80, 55])
Face([9, 89, 109])
Face([25, 92, 61, 111])
Face([2, 24, 91])
Face([8, 123, 142])
Face([135, 35, 3])
Face([108, 61, 103])
Face([108, 61, 111])
Face([19, 10, 127, 59])
Face([3, 16, 103, 124])
Face([29, 57, 129, 63])
Face([64, 88, 47])
Face([52, 107, 40, 21])
Face([7, 18, 99, 78])
Face([125, 105, 23])
Face([123, 62, 11, 142])
Face([78, 17, 99])
Face([81, 57, 47, 76])
Face([16, 6, 103])
Face([132, 106, 136])
Face([130, 137, 126])
Face([124, 104, 111])
Face([8, 123, 92, 95])
Face([13, 29, 63, 101])
Face([52, 27, 107])
Face([74, 27, 110])
Face([5, 88, 39, 85])
Face([45, 96, 22])
Face([59, 25, 92])
Face([80, 54, 110])
Face([118, 56, 84])
Face([30, 32, 68])
Face([38, 114, 126])
Face([89, 49, 122])
Face([128, 32, 51])
Face([4, 137, 71])
Face([142, 17, 99])
Face([30, 124, 104, 68])
Face([95, 25, 51, 106])
Face([133, 82, 29, 50])
Face([124, 54, 75, 111])
Face([30, 35, 13, 79])
Face([90, 139, 14])
Face([43, 91, 113, 77])
Face([103, 104, 61])
Face([19, 130, 11, 78])
Face([2, 91, 113, 36])
Face([95, 121, 92])
Face([85, 120, 22])
Face([66, 86, 87, 34])
Face([52, 27, 75, 51])
Face([48, 64, 37])
Face([7, 26, 58])
Face([66, 113, 84])
Face([24, 42, 115])
Face([19, 10, 58])
Face([43, 56, 84, 91])
Face([24, 115, 60])
Face([91, 113, 84])
Face([5, 64, 37, 120])
Face([73, 23, 105, 133])
Face([2, 91, 98, 93])
Face([35, 13, 80, 54])
Face([132, 136, 60, 138])
Face([122, 49, 140])
Face([24, 42, 12, 90])
Face([8, 136, 132])
Face([88, 15, 39])
Face([13, 101, 102])
Face([93, 60, 98])
Face([73, 30, 79])
Face([67, 76, 5])
Face([108, 130, 62, 61])
Face([128, 25, 51])
Face([79, 102, 55])
Face([6, 119, 104, 103])
Face([74, 54, 110])
Face([8, 123, 139, 94])
Face([29, 50, 47])
Face([53, 88, 67, 70])
Face([90, 12, 14])
Face([70, 73, 50])
Face([108, 124, 111])
Face([7, 48, 143, 26])
Face([43, 56, 119])
Face([77, 45, 22])
Face([5, 120, 85])
Face([95, 132, 9, 127])
Face([74, 75, 54])
Face([3, 124, 104, 20])
Face([1, 130, 126, 38])
Face([141, 68, 20])
Face([123, 62, 92])
Face([23, 105, 28])
Face([32, 51, 75])
Face([74, 59, 127, 27])
Face([1, 74, 54, 135])
Face([53, 116, 82, 133])
Face([122, 115, 60])
Face([130, 59, 121, 11])
Face([37, 86, 46, 143])
Face([107, 129, 101])
Face([28, 106, 51])
Face([131, 34, 87])
Face([15, 131, 116])
Face([2, 123, 139, 90])
Face([79, 32, 51, 55])
Face([101, 40, 63])
Face([120, 66, 113, 22])
Face([67, 97, 85, 5])
Face([36, 123, 62, 45])
Face([74, 108, 59])
Face([73, 68, 23])
Face([70, 97, 67])
Face([35, 57, 47])
Face([85, 84, 113, 22])
Face([71, 137, 18])
Face([140, 33, 87, 49])
Face([35, 57, 110, 54])
Face([64, 134, 29, 47])
Face([78, 11, 121])
Face([13, 50, 29])
Face([0, 117, 33, 133])
Face([130, 62, 126])
Face([14, 128, 111, 104])
Face([86, 31, 87])
Face([88, 116, 29, 47])
Face([53, 88, 116])
Face([139, 92, 61])
Face([80, 55, 101])
Face([95, 106, 132])
Face([81, 110, 54, 135])
Face([78, 11, 99])
Face([66, 83, 86])
Face([123, 41, 62])
Face([40, 72, 46, 49])
Face([53, 50, 133])
Face([24, 136, 60])
Face([53, 131, 39])
Face([48, 64, 69])
Face([36, 123, 41, 77])
Face([117, 115, 42, 125])
Face([76, 64, 5])
Face([66, 34, 98])
Face([5, 88, 15, 120])
Face([85, 114, 22])
Face([132, 89, 21, 106])
Face([26, 72, 129, 58])
Face([102, 105, 140])
Face([53, 88, 39])
Face([70, 67, 3])
Face([117, 65, 118])
Face([41, 139, 61])
Face([91, 34, 84])
Face([4, 137, 7])
Face([15, 116, 100, 86])
Face([62, 92, 61])
Face([132, 136, 122, 89])
Face([142, 11, 99])
Face([21, 122, 140])
Face([128, 139, 61, 111])
Face([30, 32, 79])
Face([2, 43, 77, 36])
Face([80, 75, 51, 55])
Face([73, 68, 30])
Face([26, 10, 9, 109])
Face([130, 11, 62])
Face([95, 121, 127])
Face([93, 112, 138])
Face([3, 16, 20])
Face([24, 136, 42])
Face([42, 122, 115])
Face([136, 122, 60])
Face([1, 81, 110, 74])
Face([77, 113, 22])
Face([13, 57, 29])
Face([128, 32, 111])
Face([13, 80, 101])
Face([89, 40, 49])
Face([18, 96, 83])
Face([52, 21, 55])
Face([131, 33, 87])
Face([89, 49, 31, 138])
Face([64, 88, 116, 134])
Face([127, 121, 59])
Face([6, 56, 77])
Face([44, 112, 31, 46])
Face([4, 48, 64, 76])
Face([64, 69, 134])
Face([118, 97, 20, 141])
Face([24, 65, 90])
Face([118, 56, 43, 65])
Face([31, 49, 87])
Face([13, 57, 129, 101])
Face([27, 80, 75])
Face([124, 104, 103])
Face([108, 130, 59])
Face([125, 65, 141])
Face([142, 17, 121])
Face([26, 109, 17, 78])
Face([117, 131, 39, 118])
Face([1, 4, 38])
Face([137, 18, 99, 11])
Face([6, 41, 77])
Face([13, 80, 110, 57])
Face([136, 42, 28, 106])
Face([138, 60, 31])
Face([85, 56, 84])
Face([94, 139, 92, 95])
Face([26, 143, 44])
Face([125, 65, 90, 12])
Face([73, 50, 35, 30])
Face([26, 72, 107, 10])
Face([109, 138, 31, 46])
Face([4, 81, 76])
