[29, 468]
[30, 301]
[31, 70]
[32, 493]
[33, 198]
[35, 105]
[36, 520]
[37, 338]
[38, 275]
[39, 132]
[40, 130]
[41, 199]
[42, 251]
[43, 575]
[44, 483]
[45, 246]
[46, 92]
[47, 567]
[48, 266]
[49, 560]
[51, 368]
[52, 320]
[53, 553]
[54, 497]
[55, 233]
[197, 232]
[200, 378]
[203, 214]
[205, 362]
[206, 471]
[207, 482]
[208, 441]
[209, 221]
[212, 353]
[213, 421]
[215, 542]
[216, 516]
[223, 492]
[0, 531]
[1, 182]
[2, 317]
[3, 272]
[4, 202]
[5, 109]
[6, 335]
[7, 34]
[8, 142]
[9, 50]
[10, 334]
[11, 135]
[12, 532]
[13, 488]
[14, 184]
[15, 309]
[16, 456]
[17, 286]
[18, 343]
[19, 496]
[20, 28]
[21, 125]
[22, 464]
[23, 502]
[24, 122]
[25, 88]
[26, 358]
[27, 304]
[56, 271]
[57, 136]
[58, 436]
[59, 318]
[60, 403]
[61, 117]
[62, 245]
[63, 306]
[64, 473]
[65, 204]
[66, 280]
[67, 224]
[68, 323]
[69, 515]
[71, 413]
[72, 490]
[73, 407]
[74, 514]
[75, 201]
[76, 369]
[77, 507]
[78, 341]
[79, 372]
[80, 367]
[81, 518]
[82, 128]
[83, 435]
[252, 292]
[255, 433]
[257, 504]
[258, 351]
[259, 303]
[260, 375]
[262, 487]
[263, 298]
[264, 501]
[265, 505]
[267, 373]
[268, 366]
[269, 574]
[277, 525]
[278, 355]
[140, 411]
[141, 337]
[143, 568]
[144, 376]
[145, 536]
[146, 470]
[148, 547]
[149, 448]
[150, 175]
[151, 426]
[153, 270]
[154, 253]
[155, 491]
[157, 390]
[158, 394]
[159, 420]
[160, 350]
[161, 227]
[162, 550]
[163, 563]
[164, 174]
[165, 412]
[166, 279]
[167, 565]
[339, 499]
[340, 445]
[342, 446]
[344, 484]
[345, 440]
[346, 425]
[347, 396]
[352, 385]
[356, 557]
[359, 381]
[360, 401]
[84, 461]
[85, 152]
[86, 457]
[87, 380]
[89, 254]
[90, 239]
[91, 243]
[93, 229]
[94, 554]
[95, 569]
[96, 474]
[97, 371]
[98, 524]
[99, 544]
[100, 453]
[101, 447]
[102, 522]
[103, 357]
[104, 196]
[106, 219]
[107, 220]
[108, 382]
[110, 349]
[111, 423]
[392, 534]
[397, 521]
[398, 463]
[400, 449]
[404, 418]
[406, 551]
[408, 523]
[415, 454]
[416, 429]
[419, 479]
[450, 498]
[455, 495]
[459, 573]
[465, 513]
[467, 478]
[469, 477]
[112, 541]
[113, 389]
[114, 365]
[115, 147]
[116, 177]
[118, 250]
[119, 217]
[120, 438]
[121, 462]
[123, 460]
[124, 537]
[126, 308]
[127, 399]
[129, 156]
[131, 402]
[133, 432]
[134, 437]
[137, 451]
[138, 185]
[139, 261]
[427, 509]
[431, 570]
[439, 486]
[443, 539]
[444, 476]
[374, 480]
[377, 388]
[379, 481]
[386, 533]
[387, 458]
[310, 442]
[311, 466]
[313, 562]
[314, 571]
[315, 572]
[316, 566]
[319, 354]
[322, 546]
[324, 405]
[325, 561]
[326, 530]
[327, 391]
[328, 384]
[329, 506]
[332, 519]
[333, 564]
[485, 549]
[494, 503]
[281, 393]
[282, 538]
[283, 559]
[284, 529]
[287, 422]
[288, 307]
[289, 383]
[290, 330]
[291, 409]
[293, 370]
[294, 395]
[295, 512]
[296, 321]
[297, 361]
[299, 312]
[300, 548]
[302, 348]
[305, 556]
[225, 336]
[226, 276]
[228, 428]
[230, 331]
[231, 414]
[234, 508]
[235, 424]
[236, 475]
[237, 285]
[238, 417]
[240, 552]
[241, 472]
[244, 430]
[247, 527]
[248, 489]
[168, 211]
[169, 191]
[170, 249]
[171, 528]
[172, 500]
[173, 510]
[176, 410]
[178, 273]
[179, 222]
[180, 452]
[181, 218]
[183, 364]
[186, 558]
[187, 363]
[188, 274]
[189, 517]
[190, 256]
[192, 434]
[193, 210]
[194, 242]
[195, 540]
[511, 545]
[526, 535]
[543, 555]
