[0, 245]
[0, 294]
[0, 343]
[1, 106]
[1, 298]
[1, 568]
[2, 394]
[2, 500]
[2, 557]
[3, 11]
[3, 227]
[3, 539]
[4, 168]
[4, 237]
[4, 360]
[5, 240]
[5, 316]
[5, 452]
[6, 248]
[6, 478]
[6, 521]
[7, 251]
[7, 398]
[7, 504]
[8, 24]
[8, 40]
[8, 236]
[9, 346]
[9, 403]
[9, 481]
[10, 37]
[10, 497]
[10, 557]
[11, 172]
[11, 328]
[12, 238]
[12, 413]
[12, 540]
[13, 242]
[13, 321]
[13, 392]
[14, 44]
[14, 120]
[14, 465]
[15, 34]
[15, 98]
[15, 344]
[16, 260]
[16, 460]
[16, 546]
[17, 104]
[17, 164]
[17, 508]
[18, 140]
[18, 163]
[18, 327]
[19, 35]
[19, 116]
[19, 181]
[20, 210]
[20, 212]
[20, 256]
[21, 206]
[21, 208]
[21, 485]
[22, 67]
[22, 122]
[22, 548]
[23, 312]
[23, 314]
[23, 434]
[24, 75]
[24, 440]
[25, 100]
[25, 198]
[25, 494]
[26, 159]
[26, 177]
[26, 505]
[27, 91]
[27, 154]
[27, 306]
[84, 264]
[84, 445]
[84, 486]
[85, 200]
[85, 318]
[85, 326]
[86, 149]
[86, 280]
[86, 382]
[87, 194]
[87, 335]
[87, 479]
[88, 468]
[89, 303]
[89, 472]
[89, 552]
[90, 244]
[90, 368]
[91, 218]
[91, 422]
[92, 149]
[92, 243]
[92, 530]
[93, 109]
[93, 196]
[93, 226]
[94, 157]
[94, 230]
[94, 526]
[95, 288]
[95, 537]
[95, 553]
[96, 354]
[96, 426]
[96, 535]
[97, 108]
[97, 174]
[97, 285]
[98, 116]
[99, 330]
[99, 377]
[99, 480]
[100, 198]
[100, 259]
[101, 123]
[101, 162]
[101, 382]
[102, 231]
[102, 317]
[102, 443]
[103, 301]
[103, 372]
[103, 542]
[104, 377]
[105, 340]
[105, 363]
[105, 444]
[106, 458]
[106, 533]
[107, 304]
[107, 439]
[108, 125]
[108, 285]
[109, 211]
[110, 156]
[110, 159]
[110, 563]
[111, 217]
[111, 332]
[111, 519]
[112, 296]
[112, 384]
[112, 462]
[113, 133]
[113, 271]
[113, 541]
[114, 143]
[114, 296]
[115, 386]
[115, 466]
[117, 206]
[117, 333]
[118, 363]
[118, 536]
[119, 253]
[119, 302]
[119, 454]
[120, 299]
[121, 284]
[121, 336]
[122, 153]
[122, 548]
[123, 130]
[123, 162]
[124, 505]
[124, 522]
[125, 293]
[125, 504]
[126, 144]
[126, 274]
[126, 407]
[127, 310]
[127, 367]
[127, 564]
[128, 185]
[128, 216]
[128, 285]
[129, 379]
[129, 410]
[129, 520]
[130, 317]
[130, 342]
[131, 188]
[131, 344]
[132, 249]
[132, 287]
[133, 278]
[133, 347]
[134, 292]
[134, 308]
[134, 551]
[135, 190]
[135, 228]
[135, 293]
[136, 373]
[137, 361]
[137, 520]
[138, 222]
[138, 405]
[138, 471]
[139, 353]
[139, 358]
[139, 492]
[56, 76]
[56, 283]
[56, 531]
[57, 249]
[57, 320]
[57, 395]
[58, 207]
[58, 437]
[58, 517]
[59, 160]
[59, 350]
[59, 499]
[60, 121]
[60, 336]
[60, 471]
[61, 104]
[61, 114]
[61, 377]
[62, 325]
[62, 558]
[63, 148]
[63, 396]
[63, 441]
[64, 371]
[64, 503]
[65, 72]
[65, 90]
[65, 368]
[66, 201]
[66, 401]
[67, 408]
[68, 225]
[68, 287]
[68, 411]
[69, 241]
[69, 281]
[69, 442]
[70, 300]
[70, 562]
[70, 571]
[71, 182]
[71, 339]
[71, 495]
[72, 208]
[72, 454]
[73, 186]
[73, 402]
[73, 569]
[74, 246]
[74, 295]
[74, 424]
[75, 440]
[75, 493]
[76, 118]
[76, 536]
[77, 88]
[77, 282]
[77, 348]
[78, 136]
[78, 265]
[78, 428]
[79, 219]
[79, 417]
[79, 558]
[80, 173]
[80, 248]
[80, 279]
[81, 193]
[81, 392]
[82, 383]
[82, 461]
[82, 501]
[83, 264]
[83, 412]
[83, 515]
[140, 205]
[140, 275]
[141, 301]
[141, 338]
[141, 560]
[142, 273]
[142, 339]
[142, 525]
[143, 296]
[143, 573]
[144, 407]
[144, 488]
[145, 243]
[145, 348]
[145, 459]
[146, 232]
[146, 427]
[146, 487]
[147, 161]
[147, 359]
[147, 371]
[148, 387]
[148, 396]
[149, 530]
[150, 189]
[150, 294]
[150, 450]
[151, 413]
[151, 418]
[151, 469]
[152, 276]
[152, 414]
[152, 470]
[153, 334]
[153, 388]
[154, 306]
[154, 475]
[155, 286]
[155, 345]
[155, 486]
[156, 430]
[156, 575]
[157, 360]
[157, 526]
[158, 313]
[158, 381]
[158, 537]
[159, 563]
[160, 499]
[161, 214]
[161, 353]
[162, 459]
[163, 325]
[163, 327]
[164, 506]
[164, 508]
[165, 178]
[165, 393]
[165, 449]
[166, 232]
[166, 516]
[166, 549]
[167, 220]
[167, 247]
[167, 362]
[196, 226]
[197, 205]
[197, 257]
[197, 572]
[198, 211]
[199, 242]
[199, 400]
[199, 543]
[200, 326]
[200, 492]
[201, 275]
[201, 401]
[202, 523]
[203, 450]
[203, 507]
[204, 356]
[204, 368]
[204, 435]
[205, 275]
[206, 485]
[207, 313]
[207, 370]
[208, 454]
[209, 252]
[209, 330]
[209, 506]
[210, 233]
[210, 547]
[212, 256]
[212, 522]
[213, 298]
[213, 423]
[213, 451]
[214, 353]
[215, 481]
[216, 228]
[217, 332]
[218, 422]
[219, 558]
[220, 286]
[220, 362]
[221, 429]
[221, 453]
[221, 526]
[222, 323]
[222, 324]
[223, 261]
[223, 527]
[223, 534]
[224, 229]
[224, 324]
[225, 375]
[226, 474]
[227, 403]
[227, 539]
[229, 534]
[230, 467]
[231, 280]
[231, 443]
[232, 427]
[233, 477]
[233, 547]
[234, 332]
[234, 472]
[234, 509]
[235, 251]
[235, 390]
[236, 483]
[237, 360]
[238, 413]
[238, 517]
[239, 436]
[239, 465]
[239, 546]
[240, 433]
[240, 475]
[241, 281]
[241, 463]
[242, 321]
[243, 459]
[244, 315]
[244, 482]
[245, 294]
[245, 383]
[246, 265]
[246, 424]
[247, 445]
[247, 463]
[248, 478]
[250, 399]
[250, 406]
[250, 428]
[251, 398]
[168, 366]
[168, 432]
[169, 278]
[169, 319]
[169, 340]
[170, 374]
[170, 519]
[170, 552]
[171, 381]
[171, 421]
[172, 215]
[172, 328]
[173, 214]
[173, 279]
[174, 235]
[174, 390]
[175, 230]
[175, 378]
[175, 467]
[176, 364]
[176, 393]
[176, 427]
[177, 292]
[177, 505]
[178, 369]
[178, 449]
[179, 237]
[179, 378]
[179, 447]
[180, 196]
[180, 259]
[180, 402]
[181, 202]
[181, 523]
[182, 218]
[182, 495]
[183, 257]
[183, 417]
[184, 192]
[184, 474]
[184, 569]
[185, 216]
[185, 258]
[186, 569]
[187, 225]
[187, 303]
[187, 375]
[188, 202]
[188, 344]
[189, 312]
[189, 450]
[190, 228]
[190, 266]
[191, 476]
[191, 501]
[191, 559]
[192, 474]
[193, 416]
[193, 562]
[194, 369]
[194, 487]
[195, 203]
[195, 309]
[195, 507]
[280, 382]
[281, 412]
[282, 342]
[282, 348]
[283, 354]
[283, 531]
[284, 513]
[286, 345]
[287, 411]
[288, 291]
[288, 553]
[289, 441]
[289, 510]
[289, 565]
[290, 436]
[290, 456]
[290, 489]
[291, 502]
[291, 540]
[292, 308]
[293, 504]
[295, 357]
[297, 346]
[297, 350]
[297, 542]
[298, 568]
[300, 361]
[300, 571]
[301, 372]
[302, 482]
[303, 552]
[304, 323]
[304, 439]
[305, 319]
[305, 331]
[305, 535]
[306, 512]
[307, 405]
[28, 171]
[28, 421]
[28, 502]
[29, 160]
[29, 215]
[29, 481]
[30, 132]
[30, 217]
[30, 249]
[31, 224]
[31, 229]
[31, 336]
[32, 67]
[32, 408]
[32, 456]
[33, 109]
[33, 211]
[33, 498]
[34, 98]
[34, 524]
[35, 116]
[35, 528]
[36, 115]
[36, 386]
[36, 453]
[37, 295]
[37, 357]
[38, 88]
[38, 468]
[38, 530]
[39, 62]
[39, 325]
[39, 572]
[40, 131]
[40, 236]
[41, 136]
[41, 373]
[41, 394]
[42, 107]
[42, 277]
[42, 307]
[43, 81]
[43, 137]
[43, 392]
[44, 408]
[44, 465]
[45, 329]
[45, 543]
[45, 556]
[46, 276]
[46, 420]
[46, 510]
[47, 219]
[47, 254]
[47, 491]
[48, 124]
[48, 430]
[48, 522]
[49, 186]
[49, 457]
[49, 494]
[50, 120]
[50, 299]
[50, 548]
[51, 66]
[51, 183]
[51, 417]
[52, 64]
[52, 270]
[52, 503]
[53, 477]
[53, 551]
[53, 563]
[54, 192]
[54, 473]
[54, 498]
[55, 117]
[55, 333]
[55, 365]
[338, 499]
[338, 560]
[339, 525]
[341, 419]
[341, 515]
[341, 566]
[343, 434]
[343, 464]
[345, 566]
[346, 403]
[347, 536]
[349, 389]
[349, 446]
[349, 561]
[350, 542]
[351, 420]
[351, 488]
[351, 564]
[352, 554]
[354, 426]
[355, 409]
[355, 458]
[355, 567]
[356, 435]
[356, 485]
[357, 373]
[358, 492]
[358, 503]
[359, 371]
[359, 478]
[361, 520]
[362, 425]
[363, 444]
[252, 506]
[252, 538]
[253, 302]
[253, 333]
[254, 327]
[254, 491]
[255, 258]
[255, 322]
[255, 390]
[256, 308]
[257, 572]
[258, 322]
[259, 402]
[260, 299]
[260, 460]
[261, 284]
[261, 513]
[262, 266]
[262, 337]
[262, 398]
[263, 397]
[263, 404]
[263, 549]
[264, 486]
[265, 428]
[266, 337]
[267, 352]
[267, 397]
[267, 554]
[268, 311]
[268, 514]
[268, 573]
[269, 446]
[269, 518]
[269, 570]
[270, 318]
[270, 521]
[271, 331]
[271, 541]
[272, 496]
[272, 512]
[272, 574]
[273, 376]
[273, 574]
[274, 310]
[274, 387]
[276, 510]
[277, 307]
[277, 513]
[278, 347]
[279, 326]
[309, 484]
[309, 559]
[310, 387]
[311, 538]
[311, 544]
[312, 314]
[313, 370]
[314, 484]
[315, 455]
[315, 482]
[316, 452]
[316, 525]
[317, 342]
[318, 521]
[319, 340]
[320, 374]
[320, 395]
[321, 410]
[322, 337]
[323, 324]
[328, 560]
[329, 379]
[329, 556]
[330, 480]
[331, 535]
[334, 388]
[334, 489]
[335, 352]
[335, 479]
[364, 393]
[364, 404]
[365, 455]
[365, 532]
[366, 429]
[366, 432]
[367, 414]
[367, 564]
[369, 487]
[370, 418]
[372, 539]
[374, 519]
[375, 395]
[376, 433]
[376, 574]
[378, 447]
[379, 410]
[380, 415]
[380, 431]
[380, 490]
[381, 537]
[383, 461]
[384, 462]
[384, 480]
[385, 391]
[385, 406]
[385, 438]
[386, 467]
[388, 460]
[389, 409]
[389, 561]
[391, 438]
[391, 497]
[420, 488]
[421, 469]
[422, 452]
[423, 451]
[423, 567]
[424, 438]
[425, 442]
[425, 555]
[426, 444]
[429, 453]
[430, 575]
[431, 451]
[432, 448]
[433, 475]
[434, 464]
[435, 532]
[436, 546]
[437, 517]
[437, 553]
[439, 527]
[440, 523]
[441, 565]
[442, 555]
[443, 468]
[445, 463]
[446, 518]
[447, 511]
[394, 500]
[396, 470]
[397, 404]
[399, 406]
[399, 500]
[400, 416]
[400, 543]
[401, 491]
[405, 471]
[407, 565]
[409, 567]
[411, 509]
[412, 515]
[414, 470]
[415, 431]
[415, 561]
[416, 562]
[418, 469]
[419, 555]
[419, 566]
[448, 466]
[448, 511]
[449, 554]
[455, 532]
[456, 489]
[457, 473]
[457, 494]
[458, 533]
[461, 507]
[462, 544]
[464, 476]
[466, 511]
[472, 509]
[473, 498]
[476, 501]
[477, 551]
[479, 516]
[483, 524]
[483, 529]
[484, 559]
[490, 550]
[490, 570]
[493, 528]
[493, 545]
[495, 496]
[496, 512]
[497, 557]
[502, 540]
[538, 544]
[547, 575]
[550, 568]
[550, 570]
[556, 571]
[508, 514]
[514, 573]
[516, 549]
[518, 533]
[524, 529]
[527, 534]
[528, 545]
[529, 545]
[531, 541]
