[56, 256]
[56, 346]
[56, 443]
[56, 517]
[56, 546]
[57, 200]
[57, 289]
[57, 305]
[57, 393]
[57, 561]
[58, 130]
[58, 164]
[58, 256]
[58, 507]
[59, 84]
[59, 113]
[59, 116]
[59, 234]
[59, 550]
[60, 142]
[60, 224]
[60, 357]
[60, 392]
[60, 513]
[61, 140]
[61, 160]
[61, 212]
[61, 297]
[62, 208]
[62, 236]
[62, 240]
[62, 298]
[62, 509]
[63, 105]
[63, 107]
[63, 322]
[63, 451]
[63, 526]
[64, 416]
[64, 419]
[65, 249]
[65, 251]
[65, 313]
[65, 533]
[66, 128]
[66, 228]
[66, 248]
[66, 429]
[67, 123]
[67, 147]
[67, 214]
[67, 471]
[68, 231]
[68, 233]
[68, 468]
[68, 547]
[68, 552]
[69, 91]
[69, 193]
[69, 313]
[69, 377]
[69, 519]
[70, 215]
[70, 323]
[70, 369]
[70, 470]
[71, 96]
[71, 129]
[71, 158]
[71, 214]
[72, 115]
[72, 155]
[72, 315]
[72, 448]
[72, 455]
[73, 152]
[73, 311]
[73, 502]
[73, 512]
[73, 549]
[74, 157]
[74, 254]
[74, 410]
[74, 514]
[75, 123]
[75, 287]
[75, 373]
[75, 405]
[75, 438]
[76, 193]
[76, 219]
[76, 304]
[76, 519]
[76, 553]
[77, 106]
[77, 144]
[77, 513]
[77, 528]
[77, 575]
[78, 142]
[78, 252]
[78, 259]
[78, 366]
[79, 392]
[79, 430]
[79, 435]
[79, 504]
[79, 558]
[80, 191]
[80, 396]
[80, 486]
[80, 502]
[80, 557]
[81, 161]
[81, 230]
[81, 472]
[81, 540]
[82, 86]
[82, 108]
[82, 220]
[82, 439]
[82, 555]
[83, 184]
[83, 258]
[83, 270]
[83, 475]
[83, 509]
[112, 124]
[112, 212]
[112, 297]
[112, 487]
[113, 297]
[113, 348]
[113, 363]
[113, 487]
[114, 284]
[114, 325]
[114, 362]
[114, 376]
[114, 469]
[115, 272]
[115, 417]
[115, 437]
[115, 512]
[116, 356]
[116, 401]
[116, 505]
[117, 313]
[117, 533]
[118, 318]
[118, 340]
[118, 344]
[118, 497]
[119, 265]
[119, 385]
[119, 453]
[120, 403]
[120, 421]
[120, 459]
[121, 152]
[121, 183]
[121, 272]
[121, 336]
[122, 142]
[122, 224]
[122, 252]
[122, 254]
[122, 514]
[123, 147]
[123, 460]
[124, 155]
[124, 171]
[124, 404]
[124, 455]
[125, 250]
[125, 374]
[125, 387]
[125, 534]
[126, 373]
[126, 438]
[126, 463]
[126, 526]
[127, 207]
[127, 292]
[127, 491]
[127, 510]
[128, 218]
[128, 271]
[128, 429]
[128, 483]
[129, 139]
[129, 349]
[129, 428]
[129, 556]
[130, 164]
[130, 447]
[130, 541]
[130, 546]
[131, 161]
[131, 311]
[131, 549]
[132, 281]
[132, 385]
[132, 453]
[132, 464]
[133, 315]
[133, 331]
[133, 358]
[133, 407]
[134, 226]
[134, 457]
[134, 481]
[134, 542]
[135, 324]
[135, 387]
[135, 491]
[135, 518]
[135, 530]
[136, 268]
[136, 280]
[136, 424]
[136, 564]
[136, 570]
[137, 154]
[137, 345]
[137, 368]
[137, 386]
[138, 146]
[138, 276]
[138, 306]
[138, 432]
[139, 175]
[139, 328]
[139, 483]
[139, 556]
[28, 146]
[28, 284]
[28, 469]
[28, 543]
[29, 117]
[29, 332]
[29, 398]
[29, 423]
[29, 521]
[30, 217]
[30, 233]
[30, 418]
[30, 462]
[30, 552]
[31, 87]
[31, 265]
[31, 271]
[31, 429]
[31, 466]
[32, 273]
[32, 348]
[32, 363]
[32, 367]
[32, 529]
[33, 64]
[33, 120]
[33, 288]
[33, 416]
[33, 501]
[34, 188]
[34, 233]
[34, 468]
[35, 85]
[35, 112]
[35, 140]
[35, 297]
[35, 404]
[36, 133]
[36, 170]
[36, 368]
[36, 512]
[36, 549]
[37, 71]
[37, 158]
[37, 196]
[37, 556]
[38, 66]
[38, 218]
[38, 341]
[38, 511]
[38, 531]
[39, 176]
[39, 190]
[39, 197]
[39, 385]
[39, 467]
[40, 134]
[40, 161]
[40, 350]
[40, 540]
[41, 48]
[41, 70]
[41, 173]
[41, 209]
[41, 257]
[42, 55]
[42, 58]
[42, 195]
[42, 237]
[42, 551]
[43, 64]
[43, 213]
[43, 273]
[43, 397]
[43, 538]
[44, 121]
[44, 241]
[44, 275]
[44, 317]
[44, 336]
[45, 64]
[45, 120]
[45, 213]
[45, 421]
[46, 117]
[46, 251]
[46, 313]
[46, 521]
[46, 535]
[47, 52]
[47, 126]
[47, 247]
[47, 567]
[48, 216]
[48, 257]
[48, 470]
[48, 563]
[49, 262]
[49, 265]
[49, 277]
[49, 458]
[50, 186]
[50, 302]
[50, 307]
[50, 326]
[50, 499]
[51, 125]
[51, 308]
[51, 351]
[51, 515]
[51, 520]
[52, 111]
[52, 208]
[52, 391]
[52, 537]
[53, 74]
[53, 106]
[53, 222]
[53, 254]
[53, 446]
[54, 127]
[54, 192]
[54, 400]
[54, 408]
[54, 527]
[55, 201]
[55, 256]
[55, 305]
[55, 346]
[140, 212]
[140, 324]
[140, 518]
[141, 175]
[141, 181]
[141, 372]
[141, 483]
[142, 514]
[142, 564]
[143, 153]
[143, 231]
[143, 258]
[143, 309]
[143, 553]
[144, 221]
[144, 288]
[144, 314]
[144, 412]
[145, 320]
[145, 416]
[145, 419]
[145, 501]
[145, 569]
[146, 432]
[146, 497]
[147, 162]
[147, 287]
[148, 167]
[148, 378]
[148, 395]
[148, 440]
[149, 231]
[149, 326]
[149, 379]
[149, 532]
[149, 547]
[150, 218]
[150, 328]
[150, 500]
[150, 511]
[150, 545]
[151, 366]
[151, 431]
[151, 535]
[152, 275]
[152, 310]
[153, 223]
[153, 258]
[153, 475]
[153, 532]
[154, 303]
[154, 358]
[154, 374]
[154, 534]
[155, 312]
[155, 395]
[155, 404]
[156, 208]
[156, 335]
[156, 441]
[156, 478]
[156, 537]
[157, 280]
[157, 424]
[157, 446]
[157, 503]
[158, 344]
[158, 548]
[159, 162]
[160, 445]
[160, 518]
[160, 524]
[160, 565]
[161, 350]
[161, 557]
[162, 299]
[162, 415]
[163, 249]
[163, 366]
[164, 237]
[164, 327]
[164, 495]
[165, 173]
[165, 209]
[165, 279]
[165, 364]
[166, 186]
[166, 194]
[166, 326]
[166, 442]
[167, 244]
[167, 444]
[167, 492]
[168, 181]
[168, 365]
[168, 372]
[168, 466]
[168, 484]
[169, 294]
[169, 392]
[169, 430]
[169, 513]
[170, 345]
[170, 417]
[170, 502]
[170, 512]
[171, 206]
[171, 312]
[171, 487]
[171, 568]
[172, 243]
[172, 248]
[172, 376]
[172, 429]
[173, 243]
[173, 376]
[173, 563]
[174, 209]
[174, 235]
[174, 279]
[174, 396]
[174, 539]
[175, 295]
[175, 349]
[175, 494]
[176, 296]
[176, 411]
[176, 572]
[177, 216]
[177, 257]
[177, 371]
[177, 375]
[177, 554]
[178, 340]
[178, 409]
[178, 497]
[179, 235]
[179, 283]
[179, 396]
[179, 486]
[179, 542]
[180, 187]
[180, 230]
[180, 361]
[180, 474]
[181, 318]
[181, 456]
[182, 188]
[182, 261]
[182, 380]
[182, 450]
[182, 468]
[183, 281]
[183, 402]
[183, 433]
[183, 477]
[184, 211]
[184, 384]
[184, 475]
[184, 489]
[185, 199]
[185, 204]
[185, 386]
[185, 437]
[185, 544]
[186, 198]
[186, 428]
[186, 499]
[187, 219]
[187, 240]
[187, 361]
[187, 478]
[188, 290]
[188, 426]
[189, 262]
[189, 263]
[189, 269]
[189, 277]
[189, 501]
[190, 197]
[190, 232]
[190, 296]
[190, 568]
[191, 321]
[191, 388]
[191, 473]
[191, 482]
[192, 303]
[192, 324]
[192, 491]
[193, 219]
[193, 361]
[193, 488]
[194, 231]
[194, 309]
[194, 326]
[194, 499]
[195, 201]
[195, 237]
[195, 522]
[196, 228]
[196, 325]
[196, 344]
[196, 362]
[197, 411]
[197, 464]
[197, 506]
[198, 289]
[198, 393]
[198, 517]
[199, 303]
[199, 455]
[199, 571]
[200, 268]
[200, 377]
[200, 424]
[200, 427]
[201, 346]
[201, 454]
[202, 204]
[202, 267]
[202, 276]
[202, 306]
[202, 544]
[203, 259]
[203, 382]
[203, 551]
[203, 566]
[204, 220]
[204, 267]
[204, 555]
[205, 221]
[205, 255]
[205, 347]
[205, 421]
[205, 459]
[206, 273]
[206, 312]
[206, 348]
[206, 467]
[207, 299]
[207, 408]
[207, 414]
[207, 510]
[208, 391]
[209, 235]
[209, 283]
[210, 221]
[210, 227]
[210, 314]
[210, 347]
[210, 481]
[211, 270]
[211, 460]
[211, 548]
[212, 352]
[213, 433]
[213, 477]
[213, 574]
[214, 349]
[215, 217]
[215, 257]
[215, 470]
[215, 552]
[216, 362]
[216, 371]
[216, 379]
[217, 369]
[217, 457]
[217, 542]
[218, 341]
[218, 458]
[219, 286]
[220, 225]
[220, 400]
[220, 527]
[221, 278]
[221, 459]
[222, 263]
[222, 410]
[222, 501]
[222, 569]
[223, 286]
[223, 399]
[223, 462]
[223, 553]
[84, 103]
[84, 176]
[84, 234]
[84, 348]
[85, 253]
[85, 479]
[85, 492]
[85, 516]
[86, 108]
[86, 178]
[86, 225]
[86, 449]
[87, 119]
[87, 172]
[87, 453]
[87, 464]
[88, 97]
[88, 320]
[88, 382]
[88, 476]
[88, 569]
[89, 146]
[89, 266]
[89, 276]
[89, 405]
[89, 498]
[90, 132]
[90, 165]
[90, 241]
[90, 336]
[90, 337]
[91, 117]
[91, 219]
[91, 398]
[91, 519]
[92, 151]
[92, 195]
[92, 238]
[92, 285]
[92, 551]
[93, 305]
[93, 332]
[93, 346]
[93, 393]
[93, 454]
[94, 309]
[94, 398]
[94, 406]
[94, 519]
[94, 561]
[95, 169]
[95, 224]
[95, 334]
[95, 355]
[95, 392]
[96, 166]
[96, 548]
[97, 203]
[97, 410]
[97, 476]
[97, 507]
[98, 101]
[98, 346]
[98, 415]
[98, 443]
[99, 141]
[99, 181]
[99, 295]
[99, 340]
[99, 484]
[100, 110]
[100, 163]
[100, 229]
[100, 515]
[100, 523]
[101, 159]
[101, 201]
[101, 415]
[101, 522]
[102, 131]
[102, 331]
[102, 390]
[102, 452]
[102, 558]
[103, 116]
[103, 490]
[103, 505]
[103, 572]
[104, 273]
[104, 312]
[104, 395]
[104, 397]
[104, 536]
[105, 159]
[105, 292]
[105, 299]
[105, 510]
[106, 288]
[106, 290]
[106, 528]
[107, 159]
[107, 264]
[107, 423]
[107, 521]
[108, 109]
[108, 359]
[108, 365]
[109, 178]
[109, 318]
[109, 432]
[109, 497]
[110, 151]
[110, 163]
[110, 238]
[110, 353]
[111, 137]
[111, 247]
[111, 388]
[111, 413]
[0, 192]
[0, 199]
[0, 212]
[0, 324]
[0, 400]
[1, 271]
[1, 372]
[1, 466]
[1, 505]
[1, 572]
[2, 37]
[2, 96]
[2, 326]
[2, 379]
[2, 548]
[3, 148]
[3, 167]
[3, 334]
[3, 354]
[3, 355]
[4, 34]
[4, 280]
[4, 290]
[4, 570]
[4, 575]
[5, 331]
[5, 351]
[5, 504]
[5, 520]
[5, 558]
[6, 232]
[6, 241]
[6, 306]
[6, 317]
[6, 506]
[7, 198]
[7, 242]
[7, 289]
[7, 499]
[7, 561]
[8, 40]
[8, 131]
[8, 311]
[8, 390]
[8, 481]
[9, 16]
[9, 118]
[9, 123]
[9, 158]
[9, 214]
[10, 263]
[10, 274]
[10, 500]
[10, 508]
[10, 545]
[11, 266]
[11, 373]
[11, 405]
[11, 409]
[11, 527]
[12, 67]
[12, 98]
[12, 159]
[12, 162]
[12, 264]
[13, 78]
[13, 163]
[13, 420]
[13, 485]
[13, 523]
[14, 47]
[14, 208]
[14, 463]
[14, 509]
[14, 567]
[15, 96]
[15, 211]
[15, 270]
[15, 442]
[15, 471]
[16, 147]
[16, 214]
[16, 295]
[16, 340]
[17, 282]
[17, 414]
[17, 415]
[17, 522]
[17, 573]
[18, 28]
[18, 138]
[18, 279]
[18, 284]
[18, 539]
[19, 61]
[19, 352]
[19, 360]
[19, 550]
[19, 565]
[20, 27]
[20, 152]
[20, 227]
[20, 311]
[20, 481]
[21, 65]
[21, 308]
[21, 361]
[21, 474]
[21, 478]
[22, 45]
[22, 49]
[22, 119]
[22, 403]
[22, 425]
[23, 34]
[23, 188]
[23, 278]
[23, 418]
[23, 575]
[24, 81]
[24, 180]
[24, 435]
[24, 465]
[24, 558]
[25, 234]
[25, 352]
[25, 436]
[25, 439]
[25, 550]
[26, 263]
[26, 269]
[26, 343]
[26, 541]
[26, 545]
[27, 226]
[27, 310]
[27, 347]
[27, 481]
[308, 351]
[308, 504]
[309, 422]
[309, 442]
[310, 336]
[311, 452]
[312, 402]
[314, 559]
[315, 378]
[315, 407]
[315, 512]
[316, 322]
[316, 441]
[316, 526]
[316, 537]
[317, 319]
[317, 417]
[318, 325]
[318, 340]
[319, 437]
[319, 568]
[320, 367]
[320, 381]
[320, 529]
[321, 413]
[321, 482]
[321, 557]
[322, 394]
[322, 441]
[323, 329]
[323, 380]
[323, 525]
[324, 571]
[325, 344]
[325, 456]
[327, 356]
[327, 476]
[327, 507]
[327, 541]
[328, 339]
[328, 428]
[329, 380]
[329, 450]
[329, 470]
[329, 531]
[330, 423]
[330, 460]
[330, 463]
[330, 471]
[331, 378]
[332, 406]
[332, 521]
[333, 468]
[333, 499]
[334, 420]
[334, 444]
[334, 485]
[335, 391]
[335, 474]
[335, 537]
[337, 364]
[337, 464]
[337, 506]
[338, 414]
[338, 510]
[338, 522]
[338, 524]
[338, 565]
[339, 517]
[339, 545]
[339, 546]
[341, 500]
[341, 562]
[342, 370]
[342, 445]
[342, 479]
[342, 566]
[343, 410]
[343, 507]
[343, 508]
[344, 469]
[345, 368]
[345, 388]
[345, 544]
[347, 574]
[348, 487]
[349, 443]
[350, 472]
[350, 486]
[350, 542]
[351, 474]
[352, 360]
[352, 400]
[353, 394]
[353, 515]
[354, 395]
[354, 492]
[354, 516]
[354, 536]
[355, 440]
[355, 559]
[356, 381]
[356, 490]
[356, 496]
[357, 488]
[357, 560]
[357, 564]
[357, 570]
[358, 368]
[358, 534]
[359, 432]
[359, 506]
[359, 555]
[360, 408]
[360, 414]
[360, 436]
[361, 435]
[362, 469]
[362, 563]
[363, 381]
[363, 529]
[364, 376]
[365, 411]
[365, 439]
[365, 449]
[366, 431]
[367, 381]
[367, 419]
[367, 490]
[368, 413]
[369, 457]
[370, 382]
[370, 420]
[370, 479]
[370, 516]
[371, 469]
[371, 489]
[371, 543]
[372, 484]
[374, 537]
[375, 480]
[375, 539]
[375, 543]
[376, 563]
[377, 564]
[378, 452]
[379, 489]
[379, 554]
[380, 426]
[380, 562]
[381, 476]
[382, 566]
[383, 389]
[383, 418]
[383, 462]
[383, 540]
[384, 509]
[384, 567]
[385, 433]
[385, 464]
[386, 544]
[387, 394]
[387, 515]
[388, 413]
[388, 493]
[389, 462]
[389, 553]
[390, 430]
[390, 452]
[391, 413]
[224, 513]
[224, 528]
[225, 408]
[225, 409]
[225, 527]
[226, 283]
[226, 369]
[226, 542]
[227, 246]
[227, 347]
[227, 477]
[228, 456]
[228, 483]
[228, 556]
[229, 238]
[229, 445]
[229, 479]
[229, 518]
[230, 236]
[230, 240]
[230, 399]
[231, 532]
[232, 319]
[232, 506]
[232, 555]
[233, 389]
[233, 418]
[234, 296]
[234, 487]
[235, 257]
[235, 375]
[236, 298]
[236, 321]
[236, 391]
[237, 282]
[237, 285]
[238, 445]
[238, 524]
[239, 298]
[239, 384]
[239, 475]
[239, 480]
[239, 509]
[240, 286]
[240, 399]
[241, 279]
[241, 337]
[242, 274]
[242, 280]
[242, 333]
[242, 503]
[243, 248]
[243, 453]
[243, 525]
[244, 331]
[244, 378]
[244, 407]
[244, 520]
[245, 316]
[245, 374]
[245, 387]
[245, 394]
[245, 491]
[246, 314]
[246, 397]
[246, 440]
[246, 559]
[247, 266]
[247, 493]
[247, 498]
[248, 531]
[248, 563]
[249, 308]
[249, 353]
[249, 515]
[250, 335]
[250, 351]
[250, 358]
[250, 374]
[251, 322]
[251, 353]
[251, 533]
[392, 485]
[393, 406]
[393, 561]
[394, 530]
[395, 492]
[397, 477]
[397, 538]
[398, 406]
[398, 422]
[399, 472]
[400, 408]
[401, 434]
[401, 495]
[401, 550]
[402, 467]
[402, 568]
[403, 425]
[403, 562]
[404, 448]
[404, 492]
[405, 409]
[405, 497]
[406, 442]
[407, 448]
[407, 534]
[410, 569]
[411, 466]
[412, 416]
[412, 528]
[412, 559]
[414, 565]
[415, 461]
[416, 538]
[417, 437]
[417, 544]
[418, 457]
[419, 501]
[420, 523]
[421, 425]
[421, 574]
[422, 442]
[423, 451]
[424, 514]
[424, 564]
[425, 453]
[425, 525]
[426, 459]
[427, 431]
[427, 535]
[428, 517]
[429, 456]
[430, 465]
[430, 558]
[431, 551]
[433, 467]
[434, 436]
[434, 484]
[434, 573]
[435, 465]
[435, 488]
[436, 449]
[436, 550]
[437, 455]
[438, 460]
[438, 463]
[438, 567]
[439, 449]
[440, 452]
[441, 451]
[441, 533]
[443, 461]
[443, 494]
[444, 485]
[444, 520]
[444, 523]
[447, 494]
[447, 495]
[447, 573]
[280, 446]
[281, 336]
[281, 433]
[281, 574]
[282, 495]
[282, 522]
[282, 565]
[283, 310]
[283, 396]
[284, 364]
[284, 432]
[285, 445]
[285, 551]
[285, 566]
[286, 553]
[287, 299]
[287, 373]
[287, 409]
[288, 412]
[288, 459]
[289, 503]
[290, 446]
[290, 575]
[291, 372]
[291, 401]
[291, 434]
[291, 447]
[291, 505]
[292, 299]
[292, 373]
[292, 526]
[293, 313]
[293, 366]
[293, 377]
[293, 427]
[293, 535]
[294, 314]
[294, 355]
[294, 390]
[294, 440]
[295, 349]
[295, 461]
[296, 411]
[296, 439]
[298, 399]
[298, 482]
[300, 384]
[300, 473]
[300, 480]
[300, 498]
[300, 543]
[301, 304]
[301, 383]
[301, 465]
[301, 488]
[301, 560]
[302, 328]
[302, 428]
[302, 511]
[302, 556]
[303, 386]
[303, 571]
[304, 389]
[304, 488]
[304, 570]
[305, 427]
[305, 454]
[306, 359]
[306, 555]
[307, 333]
[307, 450]
[307, 511]
[252, 259]
[252, 382]
[252, 420]
[253, 297]
[253, 342]
[253, 363]
[253, 516]
[254, 528]
[254, 569]
[255, 278]
[255, 323]
[255, 369]
[255, 426]
[256, 260]
[256, 546]
[258, 286]
[258, 422]
[259, 431]
[259, 514]
[260, 289]
[260, 339]
[260, 508]
[260, 517]
[261, 274]
[261, 307]
[261, 333]
[261, 500]
[262, 269]
[262, 419]
[262, 490]
[263, 343]
[264, 332]
[264, 423]
[264, 471]
[265, 271]
[265, 572]
[266, 267]
[266, 276]
[267, 386]
[267, 527]
[268, 377]
[268, 519]
[268, 561]
[269, 458]
[269, 496]
[270, 330]
[270, 422]
[271, 458]
[272, 317]
[272, 319]
[272, 402]
[273, 536]
[274, 446]
[274, 503]
[275, 310]
[275, 396]
[275, 502]
[276, 493]
[277, 341]
[277, 403]
[277, 458]
[278, 426]
[278, 457]
[279, 364]
[448, 455]
[448, 571]
[449, 484]
[450, 468]
[450, 547]
[451, 463]
[451, 526]
[454, 521]
[454, 535]
[456, 483]
[460, 471]
[461, 494]
[461, 573]
[462, 472]
[465, 540]
[466, 572]
[467, 568]
[470, 547]
[472, 540]
[473, 480]
[473, 493]
[473, 539]
[474, 478]
[475, 554]
[476, 566]
[477, 574]
[478, 533]
[479, 523]
[480, 482]
[482, 486]
[485, 504]
[486, 557]
[489, 548]
[489, 554]
[490, 496]
[491, 530]
[493, 498]
[494, 546]
[495, 573]
[496, 505]
[496, 541]
[498, 567]
[500, 511]
[502, 549]
[503, 508]
[504, 520]
[507, 541]
[508, 545]
[510, 530]
[513, 560]
[516, 529]
[518, 524]
[524, 530]
[525, 531]
[525, 562]
[529, 536]
[531, 562]
[532, 552]
[532, 554]
[534, 571]
[536, 538]
[538, 559]
[539, 543]
[547, 552]
[549, 557]
[560, 570]
[560, 575]
