[56, 88]
[57, 230]
[59, 272]
[61, 266]
[62, 431]
[63, 75]
[64, 391]
[65, 202]
[66, 265]
[67, 286]
[68, 133]
[70, 207]
[71, 430]
[72, 564]
[73, 146]
[74, 460]
[76, 147]
[77, 152]
[78, 388]
[79, 523]
[80, 574]
[81, 155]
[83, 357]
[84, 150]
[85, 292]
[86, 435]
[87, 158]
[89, 556]
[90, 297]
[92, 139]
[93, 465]
[94, 453]
[95, 257]
[96, 543]
[97, 102]
[98, 343]
[99, 177]
[100, 565]
[101, 476]
[103, 347]
[104, 398]
[106, 451]
[107, 263]
[108, 335]
[109, 490]
[110, 477]
[111, 457]
[280, 304]
[282, 536]
[283, 368]
[284, 419]
[288, 323]
[290, 447]
[295, 542]
[296, 434]
[298, 386]
[299, 370]
[300, 428]
[302, 573]
[303, 528]
[307, 570]
[28, 173]
[29, 320]
[30, 436]
[31, 422]
[32, 538]
[33, 58]
[34, 206]
[35, 461]
[37, 38]
[39, 358]
[40, 123]
[42, 532]
[43, 291]
[44, 569]
[45, 371]
[46, 69]
[47, 525]
[48, 256]
[49, 293]
[50, 258]
[51, 91]
[52, 82]
[53, 558]
[54, 120]
[55, 114]
[0, 401]
[1, 17]
[2, 281]
[3, 178]
[4, 425]
[5, 517]
[6, 446]
[7, 105]
[8, 498]
[9, 249]
[10, 237]
[11, 122]
[12, 41]
[13, 575]
[14, 367]
[15, 203]
[16, 353]
[18, 60]
[19, 36]
[20, 550]
[21, 171]
[22, 395]
[23, 126]
[24, 306]
[25, 529]
[26, 521]
[27, 349]
[308, 399]
[312, 504]
[315, 480]
[316, 344]
[317, 534]
[318, 474]
[321, 404]
[324, 362]
[325, 437]
[326, 378]
[327, 438]
[328, 361]
[329, 330]
[332, 449]
[333, 412]
[334, 547]
[252, 429]
[254, 499]
[259, 471]
[261, 512]
[262, 546]
[264, 342]
[268, 373]
[273, 393]
[274, 277]
[275, 416]
[276, 331]
[278, 462]
[168, 514]
[169, 236]
[170, 405]
[172, 518]
[174, 225]
[176, 311]
[179, 407]
[180, 527]
[181, 420]
[182, 184]
[183, 392]
[185, 489]
[186, 267]
[187, 417]
[188, 289]
[189, 410]
[191, 243]
[192, 240]
[193, 507]
[194, 495]
[195, 255]
[140, 294]
[141, 402]
[142, 488]
[143, 359]
[144, 549]
[145, 496]
[148, 215]
[149, 228]
[151, 372]
[153, 197]
[154, 390]
[156, 190]
[157, 374]
[159, 216]
[160, 468]
[161, 408]
[162, 444]
[163, 175]
[164, 459]
[165, 426]
[166, 472]
[167, 566]
[394, 400]
[397, 539]
[403, 503]
[406, 443]
[409, 448]
[413, 508]
[414, 545]
[364, 482]
[376, 553]
[379, 467]
[382, 441]
[383, 510]
[385, 567]
[387, 445]
[336, 439]
[337, 421]
[338, 396]
[341, 377]
[345, 440]
[348, 473]
[350, 511]
[351, 354]
[355, 483]
[363, 424]
[224, 571]
[226, 415]
[227, 314]
[229, 319]
[231, 285]
[232, 463]
[233, 492]
[234, 339]
[235, 260]
[239, 270]
[241, 242]
[244, 310]
[245, 418]
[246, 563]
[247, 287]
[250, 535]
[251, 561]
[423, 557]
[442, 506]
[450, 519]
[452, 530]
[455, 531]
[456, 469]
[458, 481]
[470, 541]
[475, 548]
[112, 365]
[113, 454]
[115, 491]
[116, 132]
[117, 427]
[118, 346]
[119, 279]
[121, 384]
[124, 466]
[125, 340]
[127, 301]
[128, 560]
[129, 380]
[130, 305]
[131, 369]
[134, 366]
[135, 411]
[136, 253]
[137, 485]
[138, 352]
[196, 432]
[198, 322]
[199, 219]
[200, 313]
[201, 211]
[204, 360]
[205, 375]
[208, 484]
[209, 433]
[210, 389]
[212, 269]
[213, 522]
[214, 356]
[217, 381]
[218, 309]
[220, 271]
[221, 464]
[222, 248]
[223, 238]
[478, 540]
[479, 559]
[486, 551]
[487, 502]
[493, 494]
[497, 520]
[500, 544]
[501, 513]
[505, 526]
[509, 524]
[515, 537]
[516, 568]
[533, 562]
[552, 572]
[554, 555]
