Face([312, 83, 548, 481, 366])
Face([77, 552, 550, 258, 179])
Face([10, 504, 189, 50, 443])
Face([235, 369, 66, 578, 162])
Face([114, 209, 306, 428, 525])
Face([402, 176, 406, 206, 518])
Face([89, 256, 171, 345, 142])
Face([177, 156, 259, 426, 95])
Face([521, 176, 402, 74, 148])
Face([23, 53, 25, 523, 230])
Face([90, 147, 220, 473, 390])
Face([45, 360, 499, 437, 554])
Face([524, 232, 136, 320, 281])
Face([84, 103, 575, 168, 332])
Face([595, 225, 503, 473, 390])
Face([402, 176, 487, 514, 449])
Face([566, 354, 124, 263, 309])
Face([329, 536, 44, 472, 315])
Face([63, 72, 453, 546, 335])
Face([370, 313, 252, 283, 505])
Face([394, 225, 356, 301, 349])
Face([8, 329, 315, 139, 582])
Face([304, 152, 490, 130, 569])
Face([493, 208, 228, 539, 231])
Face([477, 165, 540, 284, 431])
Face([347, 46, 177, 156, 382])
Face([448, 417, 386, 596, 411])
Face([302, 368, 539, 231, 518])
Face([161, 353, 441, 126, 18])
Face([164, 409, 208, 506, 476])
Face([13, 482, 359, 187, 183])
Face([81, 185, 39, 429, 511])
Face([31, 595, 225, 356, 140])
Face([4, 96, 524, 192, 432])
Face([11, 385, 291, 474, 351])
Face([81, 153, 117, 590, 511])
Face([26, 272, 248, 323, 497])
Face([34, 182, 444, 165, 477])
Face([385, 291, 349, 394, 102])
Face([3, 435, 52, 172, 517])
Face([285, 212, 262, 527, 317])
Face([29, 521, 176, 406, 379])
Face([534, 158, 278, 431, 334])
Face([380, 449, 514, 241, 403])
Face([74, 148, 98, 572, 562])
Face([66, 369, 510, 503, 59])
Face([59, 102, 394, 225, 503])
Face([33, 330, 181, 478, 363])
Face([245, 465, 69, 387, 576])
Face([61, 62, 559, 527, 262])
Face([197, 589, 325, 445, 141])
Face([399, 282, 499, 437, 276])
Face([0, 468, 464, 452, 532])
Face([93, 260, 173, 460, 119])
Face([254, 593, 516, 125, 287])
Face([21, 419, 531, 447, 451])
Face([29, 113, 98, 148, 521])
Face([7, 180, 123, 65, 318])
Face([28, 483, 465, 245, 62])
Face([100, 552, 77, 380, 403])
Face([32, 392, 238, 338, 537])
Face([367, 590, 511, 137, 263])
Face([71, 271, 422, 564, 295])
Face([113, 98, 513, 234, 557])
Face([55, 588, 328, 178, 413])
Face([74, 458, 266, 154, 562])
Face([25, 523, 227, 314, 398])
Face([454, 384, 202, 457, 529])
Face([15, 233, 274, 442, 438])
Face([243, 509, 456, 583, 374])
Face([392, 195, 286, 321, 215])
Face([67, 445, 418, 213, 151])
Face([35, 81, 511, 137, 461])
Face([25, 398, 124, 263, 367])
Face([32, 392, 215, 360, 499])
Face([240, 352, 219, 516, 125])
Face([467, 254, 593, 565, 135])
Face([361, 362, 57, 106, 79])
Face([8, 544, 568, 324, 329])
Face([482, 335, 171, 256, 359])
Face([365, 244, 574, 483, 87])
Face([59, 188, 220, 473, 503])
Face([36, 157, 302, 354, 566])
Face([198, 170, 531, 442, 274])
Face([424, 174, 381, 321, 286])
Face([1, 250, 490, 152, 346])
Face([506, 208, 493, 129, 316])
Face([54, 218, 60, 459, 498])
Face([594, 80, 127, 462, 395])
Face([489, 404, 554, 437, 276])
Face([203, 496, 205, 168, 575])
Face([69, 465, 142, 336, 407])
Face([271, 173, 460, 280, 422])
Face([13, 482, 335, 546, 61])
Face([39, 185, 149, 341, 138])
Face([332, 168, 117, 153, 466])
Face([387, 576, 143, 94, 446])
Face([71, 336, 142, 89, 295])
Face([66, 578, 415, 188, 59])
Face([451, 478, 181, 199, 447])
Face([562, 572, 129, 493, 231])
Face([483, 465, 69, 405, 87])
Face([292, 553, 293, 119, 93])
Face([63, 332, 466, 171, 335])
Face([223, 5, 277, 184, 106])
Face([357, 260, 173, 271, 501])
Face([49, 242, 166, 78, 533])
Face([262, 495, 540, 284, 527])
Face([586, 472, 44, 370, 505])
Face([582, 99, 149, 341, 139])
Face([319, 296, 358, 316, 129])
Face([190, 260, 93, 292, 494])
Face([20, 210, 55, 413, 76])
Face([414, 521, 176, 487, 86])
Face([275, 257, 224, 546, 453])
Face([193, 192, 524, 232, 495])
Face([36, 118, 103, 309, 566])
Face([432, 192, 565, 135, 587])
Face([498, 459, 569, 304, 85])
Face([41, 502, 326, 375, 47])
Face([375, 326, 585, 530, 343])
Face([46, 177, 95, 68, 333])
Face([364, 163, 484, 563, 541])
Face([256, 542, 396, 543, 359])
Face([17, 236, 216, 410, 101])
Face([5, 570, 255, 287, 254])
Face([492, 200, 439, 485, 305])
Face([74, 458, 380, 449, 402])
Face([561, 547, 145, 525, 116])
Face([357, 50, 443, 134, 501])
Face([577, 393, 128, 56, 211])
Face([570, 114, 525, 116, 255])
Face([22, 512, 211, 457, 202])
Face([582, 139, 12, 100, 372])
Face([45, 554, 404, 162, 235])
Face([18, 577, 393, 169, 126])
Face([19, 587, 543, 396, 551])
Face([30, 549, 158, 534, 92])
Face([558, 345, 142, 336, 270])
Face([21, 408, 363, 478, 451])
Face([517, 172, 196, 216, 236])
Face([408, 267, 350, 272, 109])
Face([351, 267, 350, 115, 420])
Face([468, 320, 486, 155, 464])
Face([560, 592, 306, 209, 277])
Face([17, 414, 521, 29, 167])
Face([458, 266, 179, 77, 380])
Face([534, 158, 381, 456, 421])
Face([597, 386, 596, 280, 324])
Face([559, 581, 174, 317, 527])
Face([322, 207, 198, 170, 415])
Face([7, 253, 218, 355, 318])
Face([360, 441, 430, 321, 215])
Face([47, 217, 154, 266, 375])
Face([364, 338, 238, 246, 163])
Face([484, 563, 181, 478, 342])
Face([233, 373, 300, 376, 526])
Face([128, 393, 169, 509, 243])
Face([435, 52, 423, 88, 508])
Face([16, 161, 18, 91, 545])
Face([331, 296, 319, 436, 416])
Face([105, 555, 85, 304, 584])
Face([64, 40, 594, 80, 520])
Face([4, 96, 105, 72, 63])
Face([503, 225, 356, 421, 510])
Face([308, 337, 389, 328, 178])
Face([385, 48, 175, 471, 291])
Face([391, 154, 266, 179, 314])
Face([62, 245, 576, 581, 559])
Face([27, 248, 323, 580, 427])
Face([595, 225, 394, 145, 547])
Face([377, 325, 279, 57, 303])
Face([517, 172, 455, 194, 86])
Face([573, 58, 84, 103, 309])
Face([517, 236, 17, 414, 86])
Face([70, 376, 300, 47, 41])
Face([519, 56, 128, 243, 500])
Face([488, 374, 243, 128, 470])
Face([551, 58, 107, 542, 396])
Face([140, 356, 301, 159, 311])
Face([546, 224, 345, 171, 335])
Face([357, 50, 189, 93, 260])
Face([165, 444, 592, 219, 540])
Face([43, 424, 286, 195, 60])
Face([502, 144, 571, 258, 326])
Face([295, 89, 574, 244, 564])
Face([414, 86, 194, 370, 313])
Face([41, 307, 42, 144, 502])
Face([197, 588, 328, 389, 141])
Face([36, 347, 382, 469, 118])
Face([477, 490, 130, 278, 431])
Face([118, 548, 481, 491, 469])
Face([448, 417, 76, 413, 340])
Face([100, 403, 241, 133, 372])
Face([12, 586, 505, 403, 100])
Face([188, 328, 389, 170, 415])
Face([1, 528, 371, 310, 250])
Face([288, 423, 52, 172, 455])
Face([451, 48, 175, 342, 478])
Face([549, 158, 278, 130, 246])
Face([144, 571, 433, 204, 214])
Face([65, 123, 261, 270, 558])
Face([445, 418, 337, 389, 141])
Face([9, 289, 261, 294, 14])
Face([594, 395, 146, 492, 200])
Face([8, 288, 455, 536, 329])
Face([6, 365, 244, 73, 599])
Face([250, 490, 477, 34, 310])
Face([27, 452, 464, 155, 567])
Face([183, 187, 574, 483, 28])
Face([30, 45, 554, 563, 484])
Face([532, 480, 79, 106, 184])
Face([429, 433, 571, 258, 550])
Face([536, 160, 196, 172, 455])
Face([561, 265, 31, 595, 547])
Face([15, 489, 404, 199, 438])
Face([107, 466, 332, 84, 58])
Face([32, 499, 282, 226, 327])
Face([275, 355, 205, 72, 453])
Face([36, 347, 46, 333, 157])
Face([330, 476, 541, 563, 181])
Face([28, 298, 265, 87, 483])
Face([223, 106, 57, 303, 131])
Face([230, 523, 227, 400, 507])
Face([327, 226, 42, 400, 507])
Face([161, 18, 577, 211, 457])
Face([239, 268, 513, 373, 300])
Face([532, 452, 350, 115, 184])
Face([285, 569, 130, 278, 317])
Face([118, 548, 203, 575, 103])
Face([20, 210, 589, 325, 377])
Face([11, 21, 419, 141, 197])
Face([127, 337, 418, 213, 462])
Face([502, 384, 494, 585, 326])
Face([289, 261, 123, 94, 446])
Face([11, 385, 102, 588, 197])
Face([146, 313, 252, 268, 395])
Face([17, 236, 362, 497, 167])
Face([210, 114, 209, 420, 589])
Face([76, 450, 308, 178, 413])
Face([159, 352, 428, 349, 301])
Face([411, 273, 422, 280, 596])
Face([450, 308, 112, 439, 485])
Face([402, 449, 354, 302, 518])
Face([17, 101, 146, 313, 414])
Face([36, 347, 269, 221, 566])
Face([41, 307, 242, 217, 47])
Face([348, 264, 249, 73, 535])
Face([583, 456, 381, 174, 581])
Face([7, 253, 230, 523, 397])
Face([6, 448, 340, 547, 561])
Face([519, 56, 211, 457, 529])
Face([69, 405, 134, 501, 407])
Face([64, 40, 239, 300, 376])
Face([8, 544, 251, 99, 582])
Face([467, 264, 543, 587, 135])
Face([5, 570, 114, 209, 277])
Face([167, 29, 113, 557, 151])
Face([203, 496, 555, 481, 548])
Face([365, 273, 422, 564, 244])
Face([122, 515, 430, 321, 286])
Face([381, 456, 509, 430, 321])
Face([450, 104, 410, 305, 485])
Face([6, 561, 265, 87, 365])
Face([32, 537, 598, 507, 327])
Face([21, 408, 109, 132, 419])
Face([367, 263, 309, 103, 575])
Face([22, 64, 40, 553, 292])
Face([13, 193, 516, 125, 183])
Face([379, 436, 378, 206, 406])
Face([53, 25, 398, 368, 237])
Face([30, 484, 342, 175, 92])
Face([43, 60, 459, 569, 285])
Face([188, 220, 186, 322, 415])
Face([157, 333, 206, 518, 302])
Face([139, 315, 460, 173, 341])
Face([24, 538, 299, 409, 164])
Face([2, 522, 297, 135, 467])
Face([164, 476, 330, 33, 38])
Face([126, 441, 360, 45, 235])
Face([272, 248, 416, 331, 109])
Face([361, 362, 497, 323, 580])
Face([388, 19, 344, 382, 469])
Face([46, 75, 406, 206, 333])
Face([239, 268, 252, 283, 343])
Face([31, 488, 405, 87, 265])
Face([401, 409, 208, 493, 378])
Face([414, 521, 148, 252, 313])
Face([247, 579, 297, 135, 565])
Face([12, 586, 472, 315, 139])
Face([513, 234, 462, 395, 268])
Face([248, 323, 379, 436, 416])
Face([560, 593, 254, 5, 277])
Face([535, 568, 324, 597, 111])
Face([577, 393, 473, 220, 186])
Face([387, 374, 243, 500, 446])
Face([157, 83, 312, 68, 333])
Face([351, 474, 306, 209, 420])
Face([253, 218, 60, 195, 108])
Face([9, 14, 454, 529, 519])
Face([10, 411, 273, 134, 443])
Face([55, 145, 394, 102, 588])
Face([538, 299, 312, 366, 229])
Face([253, 108, 327, 507, 230])
Face([318, 65, 257, 275, 355])
Face([329, 315, 460, 280, 324])
Face([278, 317, 527, 284, 431])
Face([250, 490, 130, 246, 163])
Face([43, 275, 355, 218, 60])
Face([400, 49, 533, 598, 507])
Face([157, 83, 237, 368, 302])
Face([279, 115, 420, 589, 325])
Face([193, 192, 565, 593, 516])
Face([8, 288, 133, 372, 582])
Face([448, 411, 10, 90, 340])
Face([183, 28, 298, 240, 125])
Face([78, 434, 541, 476, 506])
Face([591, 316, 506, 78, 166])
Face([37, 348, 535, 111, 383])
Face([54, 496, 205, 355, 218])
Face([262, 495, 232, 584, 212])
Face([72, 105, 584, 212, 453])
Face([0, 560, 593, 565, 247])
Face([279, 57, 106, 184, 115])
Face([295, 89, 256, 542, 251])
Face([34, 182, 474, 291, 471])
Face([18, 577, 186, 322, 91])
Face([443, 134, 405, 488, 470])
Face([16, 161, 353, 282, 399])
Face([185, 149, 71, 336, 270])
Face([408, 363, 33, 331, 109])
Face([120, 269, 221, 514, 487])
Face([96, 491, 259, 281, 524])
Face([383, 196, 160, 597, 111])
Face([294, 204, 433, 429, 39])
Face([307, 42, 400, 49, 242])
Face([14, 190, 494, 384, 454])
Face([0, 532, 480, 579, 247])
Face([459, 569, 130, 246, 238])
Face([74, 402, 518, 231, 562])
Face([398, 314, 179, 77, 124])
Face([10, 90, 390, 470, 443])
Face([96, 105, 584, 232, 524])
Face([408, 267, 479, 371, 363])
Face([564, 568, 324, 280, 422])
Face([54, 496, 555, 85, 498])
Face([239, 300, 47, 375, 343])
Face([16, 161, 457, 202, 70])
Face([113, 557, 440, 296, 319])
Face([599, 73, 535, 111, 339])
Face([318, 355, 205, 168, 117])
Face([591, 97, 572, 129, 316])
Face([49, 533, 228, 539, 391])
Face([44, 370, 313, 146, 492])
Face([17, 101, 213, 151, 167])
Face([417, 386, 597, 111, 339])
Face([567, 155, 486, 426, 95])
Face([491, 259, 156, 382, 469])
Face([43, 424, 174, 317, 285])
Face([567, 82, 401, 68, 95])
Face([6, 561, 116, 255, 599])
Face([182, 474, 306, 592, 444])
Face([298, 240, 352, 159, 311])
Face([36, 157, 83, 548, 118])
Face([292, 553, 530, 585, 494])
Face([578, 415, 170, 531, 447])
Face([164, 409, 401, 82, 38])
Face([409, 208, 228, 201, 299])
Face([122, 515, 290, 463, 191])
Face([236, 216, 303, 57, 362])
Face([42, 144, 214, 463, 226])
Face([40, 553, 530, 343, 239])
Face([223, 131, 121, 570, 5])
Face([319, 129, 493, 378, 436])
Face([454, 384, 502, 144, 214])
Face([344, 508, 269, 347, 382])
Face([399, 307, 242, 166, 276])
Face([566, 221, 51, 573, 309])
Face([1, 24, 538, 229, 346])
Face([140, 356, 421, 456, 583])
Face([425, 201, 228, 533, 598])
Face([397, 523, 25, 367, 590])
Face([35, 99, 251, 542, 107])
Face([537, 434, 78, 533, 598])
Face([288, 133, 241, 194, 455])
Face([599, 73, 249, 287, 255])
Face([120, 75, 46, 347, 269])
Face([26, 497, 362, 57, 279])
Face([1, 24, 164, 38, 528])
Face([167, 497, 26, 67, 151])
Face([400, 49, 391, 314, 227])
Face([426, 366, 481, 491, 259])
Face([532, 480, 427, 27, 452])
Face([551, 88, 423, 222, 396])
Face([195, 108, 191, 122, 286])
Face([31, 488, 470, 390, 595])
Face([346, 229, 366, 426, 486])
Face([55, 145, 547, 340, 413])
Face([247, 281, 259, 156, 579])
Face([4, 432, 587, 19, 388])
Face([3, 120, 269, 508, 435])
Face([183, 187, 249, 287, 125])
Face([101, 146, 395, 462, 213])
Face([439, 485, 386, 596, 150])
Face([237, 368, 539, 228, 201])
Face([99, 251, 295, 71, 149])
Face([577, 186, 110, 512, 211])
Face([522, 297, 344, 508, 435])
Face([250, 163, 484, 342, 310])
Face([245, 224, 345, 142, 465])
Face([30, 484, 163, 246, 549])
Face([210, 114, 525, 145, 55])
Face([68, 312, 366, 426, 95])
Face([566, 221, 514, 449, 354])
Face([237, 201, 299, 312, 83])
Face([161, 353, 290, 529, 457])
Face([377, 104, 410, 216, 303])
Face([554, 563, 541, 434, 437])
Face([594, 80, 112, 439, 200])
Face([159, 284, 431, 334, 301])
Face([493, 378, 206, 518, 231])
Face([461, 372, 133, 51, 573])
Face([472, 315, 460, 119, 293])
Face([13, 61, 62, 28, 183])
Face([34, 477, 431, 334, 471])
Face([11, 197, 589, 420, 351])
Face([27, 248, 416, 82, 567])
Face([329, 536, 160, 597, 324])
Face([412, 138, 39, 429, 550])
Face([22, 512, 189, 93, 292])
Face([22, 202, 384, 494, 292])
Face([19, 344, 508, 88, 551])
Face([586, 472, 293, 553, 530])
Face([90, 340, 547, 595, 390])
Face([148, 252, 268, 513, 98])
Face([419, 132, 67, 445, 141])
Face([558, 345, 171, 466, 153])
Face([6, 448, 411, 273, 365])
Face([2, 467, 254, 5, 223])
Face([11, 21, 408, 267, 351])
Face([298, 265, 31, 140, 311])
Face([89, 256, 359, 187, 574])
Face([388, 19, 551, 58, 84])
Face([16, 70, 376, 526, 545])
Face([63, 72, 205, 168, 332])
Face([1, 528, 155, 486, 346])
Face([233, 274, 198, 207, 526])
Face([503, 473, 393, 169, 510])
Face([37, 52, 172, 196, 383])
Face([107, 466, 171, 256, 542])
Face([561, 265, 298, 240, 116])
Face([318, 65, 558, 153, 117])
Face([10, 504, 556, 147, 90])
Face([116, 240, 125, 287, 255])
Face([28, 298, 311, 559, 62])
Face([33, 331, 416, 82, 38])
Face([528, 155, 567, 82, 38])
Face([44, 536, 455, 194, 370])
Face([179, 258, 571, 227, 314])
Face([533, 228, 208, 506, 78])
Face([86, 194, 241, 514, 487])
Face([383, 131, 303, 216, 196])
Face([3, 120, 75, 580, 361])
Face([42, 144, 571, 227, 400])
Face([151, 213, 462, 234, 557])
Face([3, 361, 362, 236, 517])
Face([477, 490, 152, 136, 165])
Face([375, 266, 458, 283, 343])
Face([92, 369, 66, 48, 175])
Face([346, 152, 136, 320, 486])
Face([169, 509, 456, 421, 510])
Face([294, 261, 270, 185, 39])
Face([53, 25, 367, 575, 203])
Face([3, 120, 487, 86, 517])
Face([361, 580, 427, 480, 79])
Face([489, 545, 91, 162, 404])
Face([419, 531, 170, 389, 141])
Face([127, 337, 389, 170, 198])
Face([16, 70, 41, 307, 399])
Face([438, 442, 440, 296, 358])
Face([119, 293, 200, 439, 150])
Face([101, 410, 104, 418, 213])
Face([90, 147, 178, 413, 340])
Face([15, 233, 373, 97, 591])
Face([285, 569, 304, 584, 212])
Face([504, 556, 110, 512, 189])
Face([76, 417, 386, 485, 450])
Face([34, 182, 479, 371, 310])
Face([167, 497, 323, 379, 29])
Face([483, 465, 142, 89, 574])
Face([549, 215, 392, 238, 246])
Face([24, 164, 476, 541, 364])
Face([70, 41, 502, 384, 202])
Face([365, 273, 134, 405, 87])
Face([520, 80, 127, 198, 207])
Face([379, 323, 580, 75, 406])
Face([545, 91, 322, 207, 526])
Face([424, 286, 122, 94, 143])
Face([226, 282, 353, 290, 463])
Face([14, 454, 214, 204, 294])
Face([471, 291, 349, 301, 334])
Face([85, 555, 481, 366, 229])
Face([498, 459, 238, 338, 475])
Face([468, 444, 182, 479, 464])
Face([443, 50, 56, 128, 470])
Face([120, 75, 406, 176, 487])
Face([53, 203, 548, 83, 237])
Face([23, 425, 598, 507, 230])
Face([14, 190, 138, 39, 294])
Face([432, 482, 359, 543, 587])
Face([0, 468, 320, 281, 247])
Face([375, 266, 179, 258, 326])
Face([570, 121, 20, 210, 114])
Face([31, 488, 374, 583, 140])
Face([136, 232, 495, 540, 165])
Face([504, 189, 93, 119, 150])
Face([2, 467, 264, 348, 37])
Face([586, 505, 283, 343, 530])
Face([461, 137, 263, 309, 573])
Face([0, 560, 592, 444, 468])
Face([272, 248, 27, 452, 350])
Face([554, 563, 181, 199, 404])
Face([11, 385, 48, 451, 21])
Face([489, 545, 16, 399, 276])
Face([467, 264, 249, 287, 254])
Face([407, 336, 71, 271, 501])
Face([24, 538, 475, 338, 364])
Face([30, 45, 235, 369, 92])
Face([127, 198, 274, 234, 462])
Face([26, 67, 445, 325, 279])
Face([78, 434, 437, 276, 166])
Face([7, 180, 191, 108, 253])
Face([100, 552, 137, 461, 372])
Face([2, 522, 435, 52, 37])
Face([351, 474, 182, 479, 267])
Face([35, 81, 153, 466, 107])
Face([34, 310, 342, 175, 471])
Face([13, 193, 495, 262, 61])
Face([289, 446, 387, 69, 407])
Face([327, 226, 463, 191, 108])
Face([8, 288, 423, 222, 544])
Face([217, 97, 572, 562, 154])
Face([392, 195, 60, 459, 238])
Face([391, 154, 562, 231, 539])
Face([412, 585, 494, 190, 138])
Face([522, 297, 579, 480, 79])
Face([30, 45, 360, 215, 549])
Face([519, 529, 290, 515, 500])
Face([4, 96, 491, 469, 388])
Face([190, 138, 341, 173, 260])
Face([534, 421, 356, 301, 334])
Face([397, 433, 429, 511, 590])
Face([20, 377, 104, 450, 76])
Face([452, 464, 479, 267, 350])
Face([425, 201, 299, 538, 475])
Face([20, 121, 131, 303, 377])
Face([33, 331, 296, 358, 330])
Face([101, 146, 492, 305, 410])
Face([188, 328, 178, 147, 220])
Face([429, 550, 552, 137, 511])
Face([180, 123, 261, 294, 204])
Face([525, 116, 240, 352, 428])
Face([35, 81, 185, 149, 99])
Face([23, 425, 475, 498, 54])
Face([121, 339, 111, 383, 131])
Face([528, 371, 363, 33, 38])
Face([4, 388, 84, 332, 63])
Face([331, 296, 440, 132, 109])
Face([1, 24, 364, 163, 250])
Face([560, 593, 516, 219, 592])
Face([61, 546, 453, 212, 262])
Face([180, 123, 94, 122, 191])
Face([35, 107, 58, 573, 461])
Face([51, 88, 508, 269, 221])
Face([22, 64, 520, 110, 512])
Face([81, 185, 270, 558, 153])
Face([7, 180, 204, 433, 397])
Face([233, 274, 234, 513, 373])
Face([468, 320, 136, 165, 444])
Face([126, 169, 510, 369, 235])
Face([73, 244, 564, 568, 535])
Face([499, 360, 441, 353, 282])
Face([80, 112, 308, 337, 127])
Face([12, 100, 552, 550, 412])
Face([528, 371, 479, 464, 155])
Face([304, 152, 136, 232, 584])
Face([451, 48, 66, 578, 447])
Face([544, 568, 564, 295, 251])
Face([145, 394, 349, 428, 525])
Face([425, 475, 338, 537, 598])
Face([70, 376, 64, 22, 202])
Face([419, 531, 442, 440, 132])
Face([112, 308, 178, 147, 556])
Face([544, 568, 535, 348, 222])
Face([65, 257, 143, 94, 123])
Face([385, 48, 66, 59, 102])
Face([582, 99, 35, 461, 372])
Face([559, 311, 159, 284, 527])
Face([37, 52, 423, 222, 348])
Face([512, 211, 56, 50, 189])
Face([19, 344, 297, 135, 587])
Face([2, 37, 383, 131, 223])
Face([591, 97, 217, 242, 166])
Face([96, 105, 555, 481, 491])
Face([197, 588, 55, 210, 589])
Face([578, 162, 404, 199, 447])
Face([68, 312, 299, 409, 401])
Face([9, 289, 407, 501, 357])
Face([344, 297, 579, 156, 382])
Face([40, 553, 293, 200, 594])
Face([515, 500, 243, 509, 430])
Face([26, 272, 350, 115, 279])
Face([73, 249, 187, 574, 244])
Face([289, 261, 270, 336, 407])
Face([245, 224, 257, 143, 576])
Face([128, 393, 473, 390, 470])
Face([544, 251, 542, 396, 222])
Face([147, 220, 186, 110, 556])
Face([9, 357, 260, 190, 14])
Face([47, 217, 97, 373, 300])
Face([363, 371, 310, 342, 478])
Face([352, 219, 592, 306, 428])
Face([367, 590, 117, 168, 575])
Face([20, 121, 339, 417, 76])
Face([549, 215, 321, 381, 158])
Face([364, 338, 537, 434, 541])
Face([398, 368, 539, 391, 314])
Face([249, 264, 543, 359, 187])
Face([43, 275, 453, 212, 285])
Face([77, 124, 354, 449, 380])
Face([94, 122, 515, 500, 446])
Face([9, 289, 446, 500, 519])
Face([277, 184, 115, 420, 209])
Face([27, 427, 177, 95, 567])
Face([77, 552, 137, 263, 124])
Face([7, 318, 117, 590, 397])
Face([278, 317, 174, 381, 158])
Face([333, 68, 401, 378, 206])
Face([438, 442, 531, 447, 199])
Face([377, 104, 418, 445, 325])
Face([504, 556, 112, 439, 150])
Face([538, 475, 498, 85, 229])
Face([12, 586, 530, 585, 412])
Face([15, 233, 526, 545, 489])
Face([12, 139, 341, 138, 412])
Face([588, 328, 188, 59, 102])
Face([140, 583, 581, 559, 311])
Face([44, 536, 160, 305, 492])
Face([398, 368, 302, 354, 124])
Face([67, 132, 440, 557, 151])
Face([65, 257, 224, 345, 558])
Face([458, 283, 505, 403, 380])
Face([387, 576, 581, 583, 374])
Face([92, 175, 471, 334, 534])
Face([217, 154, 391, 49, 242])
Face([71, 271, 173, 341, 149])
Face([597, 160, 305, 485, 386])
Face([330, 476, 506, 316, 358])
Face([427, 177, 46, 75, 580])
Face([43, 424, 143, 257, 275])
Face([119, 460, 280, 596, 150])
Face([454, 529, 290, 463, 214])
Face([474, 306, 428, 349, 291])
Face([159, 352, 219, 540, 284])
Face([44, 472, 293, 200, 492])
Face([427, 480, 579, 156, 177])
Face([23, 53, 203, 496, 54])
Face([180, 204, 214, 463, 191])
Face([18, 91, 162, 235, 126])
Face([91, 162, 578, 415, 322])
Face([15, 438, 358, 316, 591])
Face([520, 110, 186, 322, 207])
Face([4, 432, 482, 335, 63])
Face([15, 489, 276, 166, 591])
Face([557, 440, 442, 274, 234])
Face([432, 192, 193, 13, 482])
Face([288, 133, 51, 88, 423])
Face([193, 516, 219, 540, 495])
Face([23, 425, 201, 237, 53])
Face([370, 505, 403, 241, 194])
Face([271, 501, 134, 273, 422])
Face([520, 80, 112, 556, 110])
Face([92, 369, 510, 421, 534])
Face([10, 504, 150, 596, 411])
Face([9, 357, 50, 56, 519])
Face([412, 585, 326, 258, 550])
Face([74, 458, 283, 252, 148])
Face([496, 555, 105, 72, 205])
Face([551, 88, 51, 573, 58])
Face([97, 572, 98, 513, 373])
Face([29, 113, 319, 436, 379])
Face([26, 272, 109, 132, 67])
Face([32, 537, 434, 437, 499])
Face([399, 282, 226, 42, 307])
Face([488, 374, 387, 69, 405])
Face([51, 221, 514, 241, 133])
Face([40, 594, 395, 268, 239])
Face([247, 281, 524, 192, 565])
Face([515, 290, 353, 441, 430])
Face([113, 98, 572, 129, 319])
Face([570, 121, 339, 599, 255])
Face([410, 305, 160, 196, 216])
Face([346, 152, 304, 85, 229])
Face([348, 264, 543, 396, 222])
Face([397, 433, 571, 227, 523])
Face([388, 469, 118, 103, 84])
Face([64, 520, 207, 526, 376])
Face([438, 358, 330, 181, 199])
Face([426, 259, 281, 320, 486])
Face([450, 104, 418, 337, 308])
Face([0, 560, 277, 184, 532])
Face([61, 546, 224, 245, 62])
Face([126, 441, 430, 509, 169])
Face([32, 392, 195, 108, 327])
Face([6, 448, 417, 339, 599])
Face([2, 522, 79, 106, 223])
Face([522, 435, 3, 361, 79])
Face([253, 218, 54, 23, 230])
Face([424, 174, 581, 576, 143])
Face([82, 416, 436, 378, 401])
