[0, 431]
[0, 810]
[0, 874]
[0, 987]
[0, 1214]
[0, 1340]
[1, 104]
[1, 360]
[1, 373]
[1, 842]
[1, 980]
[1, 1419]
[2, 38]
[2, 314]
[2, 358]
[2, 359]
[2, 1021]
[2, 1364]
[3, 397]
[3, 562]
[3, 645]
[3, 669]
[3, 933]
[3, 1119]
[4, 22]
[4, 113]
[4, 236]
[4, 261]
[4, 379]
[4, 1396]
[5, 19]
[5, 476]
[5, 566]
[5, 1044]
[5, 1096]
[5, 1257]
[6, 133]
[6, 506]
[6, 557]
[6, 732]
[6, 756]
[6, 1329]
[7, 407]
[7, 768]
[7, 854]
[7, 928]
[7, 1092]
[7, 1378]
[8, 553]
[8, 863]
[8, 885]
[8, 1129]
[8, 1300]
[8, 1390]
[9, 194]
[9, 536]
[9, 702]
[9, 864]
[9, 948]
[9, 1146]
[10, 154]
[10, 883]
[10, 1112]
[10, 1325]
[10, 1414]
[10, 1433]
[11, 153]
[11, 274]
[11, 399]
[11, 737]
[11, 918]
[11, 1422]
[12, 183]
[12, 213]
[12, 430]
[12, 579]
[12, 806]
[12, 1138]
[13, 111]
[13, 483]
[13, 956]
[13, 996]
[13, 1407]
[13, 1431]
[14, 333]
[14, 673]
[14, 761]
[14, 955]
[14, 1026]
[14, 1241]
[15, 267]
[15, 526]
[15, 574]
[15, 1074]
[15, 1188]
[15, 1271]
[16, 191]
[16, 255]
[16, 554]
[16, 809]
[16, 997]
[16, 1328]
[17, 486]
[17, 558]
[17, 982]
[17, 1083]
[17, 1128]
[17, 1245]
[18, 242]
[18, 717]
[18, 762]
[18, 1168]
[18, 1348]
[18, 1408]
[19, 144]
[19, 326]
[19, 566]
[19, 825]
[19, 1257]
[20, 215]
[20, 523]
[20, 613]
[20, 971]
[20, 1023]
[20, 1201]
[21, 50]
[21, 184]
[21, 327]
[21, 459]
[21, 474]
[21, 1194]
[22, 206]
[22, 385]
[22, 731]
[22, 797]
[22, 1035]
[23, 56]
[23, 245]
[23, 1109]
[23, 1184]
[23, 1383]
[23, 1388]
[24, 108]
[24, 177]
[24, 362]
[24, 917]
[24, 1083]
[24, 1430]
[25, 366]
[25, 406]
[25, 759]
[25, 911]
[25, 1297]
[25, 1305]
[26, 220]
[26, 505]
[26, 824]
[26, 896]
[26, 947]
[26, 1255]
[27, 303]
[27, 478]
[27, 748]
[27, 828]
[27, 964]
[27, 1056]
[28, 132]
[28, 303]
[28, 618]
[28, 663]
[28, 748]
[28, 1091]
[29, 230]
[29, 377]
[29, 437]
[29, 796]
[29, 927]
[29, 1162]
[30, 404]
[30, 604]
[30, 671]
[30, 1047]
[30, 1286]
[30, 1321]
[31, 51]
[31, 86]
[31, 888]
[31, 1048]
[31, 1170]
[31, 1395]
[32, 492]
[32, 511]
[32, 904]
[32, 1210]
[32, 1372]
[32, 1417]
[33, 481]
[33, 536]
[33, 547]
[33, 589]
[33, 1078]
[33, 1310]
[34, 204]
[34, 758]
[34, 1024]
[34, 1107]
[34, 1207]
[34, 1344]
[35, 78]
[35, 160]
[35, 1060]
[35, 1068]
[35, 1192]
[35, 1294]
[36, 378]
[36, 440]
[36, 696]
[36, 900]
[36, 1022]
[36, 1385]
[37, 231]
[37, 259]
[37, 877]
[37, 932]
[37, 1136]
[37, 1323]
[38, 314]
[38, 568]
[38, 600]
[38, 764]
[38, 1021]
[39, 74]
[39, 269]
[39, 772]
[39, 1068]
[39, 1294]
[39, 1411]
[40, 52]
[40, 165]
[40, 209]
[40, 533]
[40, 742]
[40, 1333]
[41, 328]
[41, 573]
[41, 803]
[41, 1123]
[41, 1208]
[41, 1224]
[42, 240]
[42, 509]
[42, 766]
[42, 857]
[42, 1203]
[42, 1215]
[43, 135]
[43, 482]
[43, 535]
[43, 773]
[43, 909]
[43, 1032]
[44, 312]
[44, 494]
[44, 1038]
[44, 1253]
[44, 1273]
[44, 1379]
[45, 186]
[45, 680]
[45, 743]
[45, 1289]
[45, 1383]
[45, 1388]
[46, 203]
[46, 550]
[46, 562]
[46, 594]
[46, 735]
[46, 1106]
[47, 151]
[47, 392]
[47, 581]
[47, 1313]
[47, 1324]
[47, 1342]
[48, 123]
[48, 373]
[48, 452]
[48, 813]
[48, 851]
[48, 906]
[49, 212]
[49, 317]
[49, 375]
[49, 577]
[49, 1089]
[49, 1100]
[50, 184]
[50, 305]
[50, 327]
[50, 442]
[50, 560]
[51, 60]
[51, 75]
[51, 329]
[51, 1048]
[51, 1395]
[52, 180]
[52, 533]
[52, 720]
[52, 742]
[52, 1316]
[53, 96]
[53, 258]
[53, 642]
[53, 1062]
[53, 1179]
[53, 1396]
[54, 213]
[54, 345]
[54, 462]
[54, 816]
[54, 1369]
[54, 1437]
[55, 84]
[55, 208]
[55, 435]
[55, 734]
[55, 1061]
[55, 1148]
[56, 90]
[56, 245]
[56, 652]
[56, 1109]
[56, 1330]
[57, 272]
[57, 315]
[57, 617]
[57, 649]
[57, 1075]
[57, 1229]
[58, 929]
[58, 1022]
[58, 1029]
[58, 1121]
[58, 1131]
[58, 1281]
[59, 115]
[59, 300]
[59, 350]
[59, 781]
[59, 782]
[59, 869]
[60, 75]
[60, 1048]
[60, 1145]
[60, 1316]
[60, 1401]
[61, 138]
[61, 673]
[61, 701]
[61, 761]
[61, 932]
[61, 936]
[62, 369]
[62, 490]
[62, 617]
[62, 958]
[62, 1018]
[62, 1221]
[63, 238]
[63, 599]
[63, 779]
[63, 995]
[63, 1105]
[63, 1115]
[64, 265]
[64, 307]
[64, 578]
[64, 839]
[64, 1098]
[64, 1183]
[65, 291]
[65, 425]
[65, 846]
[65, 878]
[65, 1172]
[65, 1351]
[66, 148]
[66, 390]
[66, 662]
[66, 675]
[66, 1116]
[66, 1310]
[67, 372]
[67, 446]
[67, 463]
[67, 1004]
[67, 1067]
[67, 1363]
[68, 400]
[68, 1055]
[68, 1115]
[68, 1317]
[68, 1358]
[68, 1438]
[69, 218]
[69, 455]
[69, 923]
[69, 1244]
[69, 1258]
[69, 1392]
[70, 214]
[70, 411]
[70, 669]
[70, 1097]
[70, 1119]
[70, 1391]
[71, 610]
[71, 700]
[71, 800]
[71, 937]
[71, 961]
[71, 1124]
[72, 508]
[72, 718]
[72, 889]
[72, 970]
[72, 1261]
[72, 1366]
[73, 118]
[73, 302]
[73, 663]
[73, 852]
[73, 950]
[73, 1114]
[74, 200]
[74, 340]
[74, 430]
[74, 785]
[74, 1256]
[75, 755]
[75, 1354]
[75, 1395]
[75, 1401]
[76, 780]
[76, 815]
[76, 855]
[76, 1135]
[76, 1251]
[76, 1258]
[77, 170]
[77, 493]
[77, 632]
[77, 991]
[77, 1375]
[77, 1393]
[78, 637]
[78, 772]
[78, 1060]
[78, 1294]
[78, 1402]
[79, 236]
[79, 597]
[79, 801]
[79, 1034]
[79, 1267]
[79, 1396]
[80, 163]
[80, 784]
[80, 1009]
[80, 1014]
[80, 1198]
[80, 1349]
[81, 216]
[81, 342]
[81, 466]
[81, 643]
[81, 940]
[81, 1134]
[82, 175]
[82, 418]
[82, 760]
[82, 984]
[82, 1241]
[82, 1432]
[83, 154]
[83, 520]
[83, 798]
[83, 921]
[83, 1112]
[83, 1435]
[84, 208]
[84, 468]
[84, 734]
[84, 751]
[84, 1025]
[85, 124]
[85, 498]
[85, 1000]
[85, 1075]
[85, 1229]
[85, 1339]
[86, 512]
[86, 888]
[86, 1224]
[86, 1354]
[86, 1395]
[87, 637]
[87, 811]
[87, 884]
[87, 886]
[87, 902]
[87, 957]
[88, 141]
[88, 306]
[88, 1185]
[88, 1260]
[88, 1309]
[88, 1419]
[89, 350]
[89, 781]
[89, 894]
[89, 1051]
[89, 1069]
[89, 1235]
[90, 652]
[90, 743]
[90, 851]
[90, 1109]
[90, 1289]
[91, 393]
[91, 421]
[91, 481]
[91, 770]
[91, 1078]
[91, 1104]
[92, 151]
[92, 369]
[92, 392]
[92, 1197]
[92, 1303]
[92, 1425]
[93, 207]
[93, 318]
[93, 332]
[93, 500]
[93, 587]
[93, 698]
[94, 235]
[94, 269]
[94, 626]
[94, 713]
[94, 879]
[94, 1420]
[95, 147]
[95, 445]
[95, 633]
[95, 792]
[95, 1090]
[95, 1222]
[96, 258]
[96, 385]
[96, 639]
[96, 1062]
[96, 1352]
[97, 199]
[97, 300]
[97, 363]
[97, 383]
[97, 575]
[97, 814]
[98, 178]
[98, 426]
[98, 441]
[98, 636]
[98, 960]
[98, 1364]
[99, 209]
[99, 219]
[99, 601]
[99, 878]
[99, 1163]
[99, 1172]
[100, 111]
[100, 248]
[100, 368]
[100, 1232]
[100, 1401]
[100, 1407]
[101, 247]
[101, 250]
[101, 691]
[101, 921]
[101, 1019]
[101, 1052]
[102, 149]
[102, 362]
[102, 613]
[102, 938]
[102, 946]
[102, 1023]
[103, 520]
[103, 798]
[103, 985]
[103, 1113]
[103, 1325]
[103, 1414]
[104, 360]
[104, 373]
[104, 442]
[104, 477]
[104, 1226]
[105, 283]
[105, 339]
[105, 488]
[105, 899]
[105, 908]
[105, 1229]
[106, 384]
[106, 1085]
[106, 1176]
[106, 1218]
[106, 1381]
[106, 1385]
[107, 758]
[107, 917]
[107, 919]
[107, 1272]
[107, 1302]
[107, 1430]
[108, 177]
[108, 264]
[108, 693]
[108, 1083]
[108, 1416]
[109, 192]
[109, 285]
[109, 724]
[109, 1044]
[109, 1169]
[109, 1413]
[110, 366]
[110, 538]
[110, 594]
[110, 643]
[110, 1106]
[110, 1322]
[111, 456]
[111, 956]
[111, 1232]
[111, 1407]
[112, 569]
[112, 811]
[112, 856]
[112, 902]
[112, 1249]
[112, 1424]
[113, 236]
[113, 261]
[113, 1034]
[113, 1069]
[113, 1318]
[114, 460]
[114, 628]
[114, 765]
[114, 1196]
[114, 1291]
[114, 1335]
[115, 376]
[115, 781]
[115, 869]
[115, 981]
[115, 1069]
[116, 575]
[116, 670]
[116, 774]
[116, 812]
[116, 903]
[116, 1036]
[117, 449]
[117, 457]
[117, 873]
[117, 901]
[117, 1394]
[117, 1415]
[118, 302]
[118, 548]
[118, 1086]
[118, 1114]
[118, 1142]
[119, 279]
[119, 669]
[119, 745]
[119, 807]
[119, 862]
[119, 1283]
[120, 178]
[120, 280]
[120, 329]
[120, 725]
[120, 1364]
[120, 1408]
[121, 130]
[121, 616]
[121, 850]
[121, 973]
[121, 1305]
[121, 1341]
[122, 262]
[122, 451]
[122, 516]
[122, 799]
[122, 1317]
[122, 1438]
[123, 224]
[123, 263]
[123, 452]
[123, 851]
[123, 999]
[124, 222]
[124, 272]
[124, 311]
[124, 1000]
[124, 1229]
[125, 710]
[125, 741]
[125, 904]
[125, 1030]
[125, 1280]
[125, 1417]
[126, 475]
[126, 592]
[126, 810]
[126, 987]
[126, 1147]
[126, 1298]
[127, 202]
[127, 639]
[127, 867]
[127, 868]
[127, 1299]
[127, 1360]
[128, 461]
[128, 706]
[128, 833]
[128, 886]
[128, 993]
[128, 1060]
[129, 454]
[129, 538]
[129, 604]
[129, 853]
[129, 973]
[129, 1321]
[130, 423]
[130, 688]
[130, 850]
[130, 973]
[130, 1257]
[131, 306]
[131, 602]
[131, 609]
[131, 631]
[131, 930]
[131, 1359]
[132, 254]
[132, 303]
[132, 663]
[132, 828]
[132, 1026]
[133, 424]
[133, 635]
[133, 732]
[133, 756]
[133, 1275]
[134, 275]
[134, 324]
[134, 634]
[134, 1185]
[134, 1202]
[134, 1227]
[135, 164]
[135, 550]
[135, 773]
[135, 909]
[135, 1077]
[136, 289]
[136, 370]
[136, 450]
[136, 941]
[136, 1182]
[136, 1337]
[137, 192]
[137, 619]
[137, 829]
[137, 1044]
[137, 1220]
[137, 1427]
[138, 546]
[138, 673]
[138, 894]
[138, 932]
[138, 955]
[139, 156]
[139, 221]
[139, 661]
[139, 1168]
[139, 1170]
[139, 1408]
[140, 237]
[140, 296]
[140, 439]
[140, 809]
[140, 997]
[140, 1156]
[141, 171]
[141, 1260]
[141, 1285]
[141, 1419]
[141, 1428]
[142, 522]
[142, 576]
[142, 826]
[142, 885]
[142, 1070]
[142, 1362]
[143, 250]
[143, 974]
[143, 1052]
[143, 1165]
[143, 1254]
[143, 1357]
[144, 309]
[144, 326]
[144, 492]
[144, 521]
[144, 566]
[145, 168]
[145, 728]
[145, 988]
[145, 1081]
[145, 1153]
[145, 1298]
[146, 396]
[146, 427]
[146, 495]
[146, 1053]
[146, 1173]
[146, 1237]
[147, 535]
[147, 594]
[147, 633]
[147, 1090]
[147, 1171]
[148, 675]
[148, 752]
[148, 1029]
[148, 1049]
[148, 1116]
[149, 227]
[149, 292]
[149, 362]
[149, 486]
[149, 938]
[150, 203]
[150, 226]
[150, 366]
[150, 735]
[150, 788]
[150, 1322]
[151, 392]
[151, 548]
[151, 1313]
[151, 1425]
[152, 339]
[152, 750]
[152, 908]
[152, 1183]
[152, 1431]
[152, 1439]
[153, 311]
[153, 399]
[153, 666]
[153, 795]
[153, 918]
[154, 774]
[154, 798]
[154, 1112]
[154, 1325]
[155, 390]
[155, 473]
[155, 481]
[155, 510]
[155, 786]
[155, 905]
[156, 611]
[156, 661]
[156, 953]
[156, 1170]
[156, 1208]
[157, 196]
[157, 363]
[157, 387]
[157, 626]
[157, 804]
[157, 814]
[158, 350]
[158, 612]
[158, 628]
[158, 747]
[158, 1143]
[158, 1335]
[159, 274]
[159, 861]
[159, 862]
[159, 1174]
[159, 1259]
[159, 1283]
[160, 524]
[160, 651]
[160, 771]
[160, 1040]
[160, 1130]
[161, 336]
[161, 357]
[161, 648]
[161, 736]
[161, 992]
[161, 1140]
[162, 534]
[162, 597]
[162, 920]
[162, 1159]
[162, 1405]
[162, 1406]
[163, 323]
[163, 887]
[163, 1009]
[163, 1126]
[163, 1198]
[164, 567]
[164, 739]
[164, 773]
[164, 831]
[164, 1077]
[165, 401]
[165, 533]
[165, 1043]
[165, 1274]
[165, 1333]
[166, 248]
[166, 368]
[166, 405]
[166, 483]
[166, 996]
[166, 1078]
[167, 185]
[167, 278]
[167, 670]
[167, 1110]
[167, 1154]
[167, 1325]
[168, 728]
[168, 730]
[168, 913]
[168, 1081]
[168, 1181]
[169, 296]
[169, 334]
[169, 394]
[169, 763]
[169, 1159]
[169, 1262]
[170, 182]
[170, 493]
[170, 632]
[170, 786]
[170, 1409]
[171, 273]
[171, 813]
[171, 1212]
[171, 1285]
[171, 1419]
[172, 205]
[172, 444]
[172, 664]
[172, 843]
[172, 1243]
[172, 1388]
[173, 181]
[173, 355]
[173, 380]
[173, 480]
[173, 1018]
[173, 1252]
[174, 290]
[174, 341]
[174, 406]
[174, 825]
[174, 1210]
[174, 1297]
[175, 679]
[175, 1100]
[175, 1241]
[175, 1269]
[175, 1432]
[176, 297]
[176, 446]
[176, 463]
[176, 1085]
[176, 1095]
[176, 1311]
[177, 693]
[177, 917]
[177, 1081]
[177, 1302]
[178, 329]
[178, 441]
[178, 724]
[178, 1364]
[179, 281]
[179, 331]
[179, 347]
[179, 398]
[179, 1281]
[179, 1345]
[180, 410]
[180, 448]
[180, 533]
[180, 720]
[180, 1274]
[181, 380]
[181, 480]
[181, 1197]
[181, 1386]
[181, 1403]
[182, 493]
[182, 1045]
[182, 1104]
[182, 1304]
[182, 1409]
[183, 213]
[183, 579]
[183, 647]
[183, 665]
[183, 1420]
[184, 382]
[184, 442]
[184, 459]
[184, 1002]
[185, 278]
[185, 340]
[185, 430]
[185, 462]
[185, 1110]
[186, 304]
[186, 461]
[186, 706]
[186, 783]
[186, 1161]
[187, 542]
[187, 631]
[187, 849]
[187, 897]
[187, 1119]
[187, 1359]
[188, 274]
[188, 399]
[188, 412]
[188, 666]
[188, 925]
[188, 1307]
[189, 433]
[189, 779]
[189, 1055]
[189, 1121]
[189, 1281]
[189, 1293]
[190, 719]
[190, 1072]
[190, 1137]
[190, 1182]
[190, 1315]
[190, 1426]
[191, 472]
[191, 598]
[191, 764]
[191, 1152]
[191, 1199]
[192, 619]
[192, 724]
[192, 830]
[192, 1044]
[193, 384]
[193, 552]
[193, 915]
[193, 1218]
[193, 1225]
[193, 1267]
[194, 605]
[194, 702]
[194, 730]
[194, 1146]
[194, 1409]
[195, 220]
[195, 361]
[195, 646]
[195, 660]
[195, 1255]
[195, 1330]
[196, 363]
[196, 383]
[196, 387]
[196, 772]
[196, 1231]
[197, 632]
[197, 917]
[197, 1206]
[197, 1304]
[197, 1375]
[197, 1409]
[198, 210]
[198, 275]
[198, 416]
[198, 934]
[198, 1202]
[198, 1240]
[199, 287]
[199, 300]
[199, 383]
[199, 1073]
[199, 1231]
[200, 554]
[200, 670]
[200, 785]
[200, 1154]
[200, 1256]
[201, 345]
[201, 537]
[201, 713]
[201, 962]
[201, 998]
[201, 1420]
[202, 205]
[202, 664]
[202, 741]
[202, 868]
[202, 1299]
[203, 700]
[203, 735]
[203, 1106]
[203, 1322]
[204, 249]
[204, 463]
[204, 965]
[204, 1107]
[204, 1344]
[205, 444]
[205, 664]
[205, 783]
[205, 868]
[206, 266]
[206, 385]
[206, 731]
[206, 927]
[206, 1236]
[207, 266]
[207, 318]
[207, 379]
[207, 395]
[207, 587]
[208, 435]
[208, 468]
[208, 1315]
[208, 1337]
[209, 601]
[209, 1042]
[209, 1101]
[209, 1163]
[210, 365]
[210, 634]
[210, 934]
[210, 1144]
[210, 1202]
[211, 299]
[211, 776]
[211, 946]
[211, 1312]
[211, 1421]
[211, 1430]
[212, 234]
[212, 418]
[212, 695]
[212, 787]
[212, 883]
[213, 623]
[213, 647]
[213, 1138]
[214, 411]
[214, 669]
[214, 753]
[214, 933]
[214, 945]
[215, 227]
[215, 362]
[215, 1023]
[215, 1064]
[215, 1201]
[216, 342]
[216, 419]
[216, 909]
[216, 940]
[216, 1017]
[217, 301]
[217, 409]
[217, 497]
[217, 559]
[217, 580]
[217, 1189]
[218, 219]
[218, 744]
[218, 1129]
[218, 1258]
[218, 1392]
[219, 914]
[219, 1008]
[219, 1129]
[219, 1258]
[220, 646]
[220, 896]
[220, 1255]
[220, 1387]
[221, 619]
[221, 724]
[221, 1123]
[221, 1220]
[221, 1413]
[222, 272]
[222, 276]
[222, 621]
[222, 649]
[222, 1000]
[223, 228]
[223, 434]
[223, 638]
[223, 822]
[223, 1082]
[223, 1435]
[224, 336]
[224, 357]
[224, 532]
[224, 586]
[224, 607]
[225, 401]
[225, 448]
[225, 720]
[225, 742]
[225, 967]
[225, 1333]
[226, 260]
[226, 328]
[226, 790]
[226, 803]
[226, 1215]
[227, 292]
[227, 308]
[227, 362]
[227, 1201]
[228, 565]
[228, 1079]
[228, 1191]
[228, 1211]
[228, 1382]
[229, 450]
[229, 782]
[229, 869]
[229, 894]
[229, 981]
[229, 1051]
[230, 377]
[230, 571]
[230, 1162]
[230, 1367]
[230, 1380]
[231, 259]
[231, 1051]
[231, 1148]
[231, 1306]
[231, 1323]
[232, 658]
[232, 989]
[232, 1003]
[232, 1006]
[232, 1175]
[232, 1260]
[233, 349]
[233, 486]
[233, 558]
[233, 746]
[233, 1279]
[233, 1355]
[234, 289]
[234, 417]
[234, 479]
[234, 787]
[234, 883]
[235, 532]
[235, 537]
[235, 879]
[235, 1204]
[235, 1420]
[236, 593]
[236, 1034]
[236, 1396]
[237, 439]
[237, 791]
[237, 939]
[237, 1156]
[237, 1353]
[238, 252]
[238, 270]
[238, 599]
[238, 821]
[238, 995]
[239, 290]
[239, 341]
[239, 659]
[239, 759]
[239, 844]
[239, 911]
[240, 504]
[240, 509]
[240, 603]
[240, 648]
[240, 1203]
[241, 569]
[241, 856]
[241, 884]
[241, 957]
[241, 1164]
[241, 1353]
[242, 291]
[242, 762]
[242, 953]
[242, 1170]
[242, 1408]
[243, 354]
[243, 541]
[243, 1037]
[243, 1074]
[243, 1188]
[243, 1350]
[244, 489]
[244, 610]
[244, 645]
[244, 735]
[244, 739]
[244, 1102]
[245, 652]
[245, 680]
[245, 1233]
[245, 1383]
[246, 517]
[246, 730]
[246, 929]
[246, 948]
[246, 1146]
[246, 1423]
[247, 250]
[247, 863]
[247, 1019]
[247, 1165]
[247, 1336]
[248, 368]
[248, 483]
[248, 969]
[248, 1407]
[249, 965]
[249, 994]
[249, 1017]
[249, 1107]
[249, 1184]
[250, 775]
[250, 1052]
[250, 1165]
[251, 282]
[251, 627]
[251, 697]
[251, 817]
[251, 848]
[251, 1180]
[252, 270]
[252, 389]
[252, 912]
[252, 995]
[252, 1166]
[253, 518]
[253, 681]
[253, 870]
[253, 963]
[253, 1097]
[253, 1418]
[254, 415]
[254, 663]
[254, 794]
[254, 828]
[254, 1056]
[255, 554]
[255, 600]
[255, 791]
[255, 939]
[255, 1328]
[256, 298]
[256, 337]
[256, 733]
[256, 827]
[256, 1238]
[256, 1367]
[257, 410]
[257, 543]
[257, 800]
[257, 969]
[257, 1124]
[257, 1368]
[258, 395]
[258, 556]
[258, 639]
[258, 1179]
[259, 457]
[259, 583]
[259, 1136]
[259, 1148]
[260, 328]
[260, 790]
[260, 961]
[260, 1028]
[260, 1224]
[261, 294]
[261, 379]
[261, 544]
[261, 1318]
[262, 354]
[262, 451]
[262, 709]
[262, 1115]
[262, 1438]
[263, 452]
[263, 711]
[263, 999]
[263, 1117]
[263, 1204]
[264, 693]
[264, 698]
[264, 758]
[264, 919]
[264, 1083]
[265, 307]
[265, 925]
[265, 1098]
[265, 1132]
[265, 1205]
[266, 288]
[266, 395]
[266, 587]
[266, 1157]
[267, 396]
[267, 574]
[267, 821]
[267, 1188]
[267, 1350]
[268, 341]
[268, 511]
[268, 524]
[268, 771]
[268, 847]
[268, 1427]
[269, 630]
[269, 772]
[269, 1402]
[269, 1411]
[270, 599]
[270, 912]
[270, 1001]
[270, 1053]
[271, 338]
[271, 840]
[271, 913]
[271, 1058]
[271, 1064]
[271, 1181]
[272, 455]
[272, 649]
[272, 1229]
[273, 478]
[273, 1149]
[273, 1212]
[273, 1253]
[273, 1285]
[274, 399]
[274, 925]
[274, 1422]
[275, 324]
[275, 609]
[275, 1202]
[275, 1240]
[276, 617]
[276, 620]
[276, 649]
[276, 1000]
[276, 1339]
[277, 325]
[277, 722]
[277, 739]
[277, 944]
[277, 1066]
[277, 1102]
[278, 340]
[278, 465]
[278, 670]
[278, 1256]
[279, 697]
[279, 800]
[279, 807]
[279, 1259]
[279, 1283]
[280, 329]
[280, 725]
[280, 895]
[280, 1186]
[280, 1351]
[281, 398]
[281, 424]
[281, 667]
[281, 882]
[281, 1345]
[282, 793]
[282, 848]
[282, 949]
[282, 1088]
[282, 1180]
[283, 339]
[283, 750]
[283, 899]
[283, 1160]
[283, 1219]
[284, 641]
[284, 823]
[284, 872]
[284, 1111]
[284, 1150]
[284, 1291]
[285, 322]
[285, 330]
[285, 755]
[285, 845]
[285, 1223]
[286, 455]
[286, 467]
[286, 914]
[286, 1129]
[286, 1265]
[286, 1392]
[287, 300]
[287, 387]
[287, 804]
[287, 1031]
[287, 1231]
[288, 395]
[288, 754]
[288, 867]
[288, 1095]
[288, 1157]
[289, 450]
[289, 873]
[289, 941]
[289, 1415]
[290, 341]
[290, 406]
[290, 432]
[290, 759]
[291, 425]
[291, 1042]
[291, 1101]
[291, 1351]
[292, 893]
[292, 938]
[292, 971]
[292, 1201]
[293, 590]
[293, 674]
[293, 819]
[293, 900]
[293, 920]
[293, 1406]
[294, 606]
[294, 866]
[294, 983]
[294, 1235]
[294, 1308]
[295, 502]
[295, 700]
[295, 961]
[295, 969]
[295, 979]
[295, 1368]
[296, 334]
[296, 394]
[296, 1073]
[296, 1373]
[297, 372]
[297, 446]
[297, 499]
[297, 556]
[297, 1085]
[298, 337]
[298, 352]
[298, 646]
[298, 827]
[298, 1046]
[299, 564]
[299, 946]
[299, 963]
[299, 1206]
[299, 1312]
[300, 804]
[300, 814]
[301, 438]
[301, 497]
[301, 1155]
[301, 1173]
[301, 1189]
[302, 449]
[302, 892]
[302, 950]
[302, 1086]
[303, 679]
[303, 748]
[303, 828]
[304, 432]
[304, 603]
[304, 706]
[304, 833]
[304, 1161]
[305, 428]
[305, 528]
[305, 834]
[305, 1190]
[305, 1284]
[306, 356]
[306, 602]
[306, 609]
[306, 777]
[307, 496]
[307, 578]
[307, 677]
[307, 1132]
[308, 348]
[308, 880]
[308, 954]
[308, 1346]
[308, 1416]
[309, 326]
[309, 521]
[309, 684]
[309, 690]
[309, 1371]
[310, 471]
[310, 638]
[310, 822]
[310, 1033]
[310, 1166]
[310, 1264]
[311, 412]
[311, 666]
[311, 805]
[311, 918]
[312, 313]
[312, 689]
[312, 1038]
[312, 1269]
[312, 1379]
[313, 539]
[313, 676]
[313, 689]
[313, 704]
[313, 1379]
[314, 335]
[314, 358]
[314, 600]
[314, 657]
[315, 374]
[315, 891]
[315, 923]
[315, 935]
[315, 1160]
[316, 344]
[316, 662]
[316, 688]
[316, 714]
[316, 1139]
[316, 1310]
[317, 333]
[317, 577]
[317, 618]
[317, 1100]
[317, 1133]
[318, 395]
[318, 698]
[318, 1095]
[318, 1218]
[319, 365]
[319, 381]
[319, 563]
[319, 715]
[319, 1228]
[319, 1247]
[320, 717]
[320, 968]
[320, 1012]
[320, 1138]
[320, 1365]
[320, 1366]
[321, 413]
[321, 528]
[321, 784]
[321, 916]
[321, 978]
[321, 1284]
[322, 330]
[322, 409]
[322, 541]
[322, 845]
[322, 1103]
[323, 644]
[323, 844]
[323, 1126]
[323, 1198]
[323, 1220]
[324, 738]
[324, 1015]
[324, 1227]
[324, 1240]
[325, 489]
[325, 722]
[325, 952]
[325, 1102]
[325, 1338]
[326, 1257]
[326, 1321]
[326, 1371]
[327, 560]
[327, 647]
[327, 922]
[327, 1194]
[328, 616]
[328, 803]
[328, 1224]
[329, 441]
[329, 895]
[330, 441]
[330, 541]
[330, 595]
[330, 755]
[331, 347]
[331, 986]
[331, 1120]
[331, 1345]
[331, 1438]
[332, 587]
[332, 698]
[332, 754]
[332, 982]
[332, 1157]
[333, 546]
[333, 892]
[333, 955]
[333, 1026]
[334, 376]
[334, 1072]
[334, 1073]
[334, 1262]
[335, 358]
[335, 600]
[335, 887]
[335, 1040]
[335, 1209]
[336, 357]
[336, 586]
[336, 1140]
[336, 1226]
[337, 352]
[337, 733]
[337, 875]
[337, 1279]
[338, 436]
[338, 523]
[338, 726]
[338, 789]
[338, 991]
[339, 750]
[339, 908]
[339, 1059]
[340, 430]
[340, 713]
[340, 1256]
[341, 659]
[341, 825]
[342, 633]
[342, 1017]
[342, 1134]
[342, 1363]
[343, 392]
[343, 443]
[343, 583]
[343, 653]
[343, 877]
[343, 1136]
[344, 371]
[344, 662]
[344, 675]
[344, 752]
[344, 1139]
[345, 462]
[345, 699]
[345, 816]
[345, 959]
[346, 396]
[346, 650]
[346, 668]
[346, 1053]
[346, 1374]
[346, 1429]
[347, 398]
[347, 495]
[347, 599]
[347, 1120]
[348, 501]
[348, 954]
[348, 1246]
[348, 1324]
[348, 1346]
[349, 558]
[349, 982]
[349, 990]
[349, 1087]
[349, 1279]
[350, 781]
[350, 782]
[350, 894]
[351, 610]
[351, 645]
[351, 722]
[351, 807]
[351, 952]
[351, 1066]
[352, 658]
[352, 836]
[352, 875]
[352, 1046]
[353, 626]
[353, 879]
[353, 962]
[353, 998]
[353, 1196]
[353, 1204]
[354, 821]
[354, 1007]
[354, 1037]
[354, 1350]
[355, 374]
[355, 480]
[355, 1059]
[355, 1252]
[355, 1398]
[356, 602]
[356, 777]
[356, 824]
[356, 849]
[356, 897]
[357, 607]
[357, 736]
[357, 1289]
[358, 359]
[358, 619]
[358, 887]
[359, 887]
[359, 924]
[359, 1021]
[359, 1168]
[360, 477]
[360, 487]
[360, 842]
[360, 944]
[361, 503]
[361, 646]
[361, 906]
[361, 1330]
[361, 1428]
[362, 1023]
[363, 383]
[363, 814]
[363, 1256]
[364, 624]
[364, 890]
[364, 989]
[364, 1175]
[364, 1278]
[364, 1384]
[365, 563]
[365, 1234]
[365, 1247]
[365, 1250]
[366, 643]
[366, 788]
[366, 1322]
[367, 462]
[367, 591]
[367, 699]
[367, 768]
[367, 1369]
[367, 1414]
[368, 405]
[368, 1232]
[368, 1370]
[369, 490]
[369, 513]
[369, 545]
[369, 1018]
[370, 901]
[370, 941]
[370, 1264]
[370, 1337]
[370, 1394]
[371, 799]
[371, 808]
[371, 845]
[371, 1103]
[371, 1223]
[372, 446]
[372, 499]
[372, 1004]
[372, 1030]
[373, 980]
[373, 1226]
[373, 1347]
[374, 891]
[374, 975]
[374, 1160]
[374, 1436]
[375, 591]
[375, 704]
[375, 1089]
[375, 1100]
[375, 1216]
[376, 593]
[376, 596]
[376, 1073]
[376, 1262]
[377, 437]
[377, 1157]
[377, 1277]
[377, 1380]
[378, 440]
[378, 1022]
[378, 1286]
[378, 1361]
[378, 1423]
[379, 544]
[379, 1267]
[379, 1396]
[380, 740]
[380, 1147]
[380, 1252]
[380, 1386]
[381, 563]
[381, 802]
[381, 835]
[381, 859]
[381, 1228]
[382, 442]
[382, 459]
[382, 588]
[382, 1125]
[382, 1212]
[383, 439]
[383, 1231]
[384, 915]
[384, 1179]
[384, 1218]
[384, 1385]
[385, 1035]
[385, 1236]
[385, 1249]
[386, 414]
[386, 711]
[386, 760]
[386, 984]
[386, 1149]
[386, 1314]
[387, 804]
[387, 872]
[387, 1231]
[388, 494]
[388, 738]
[388, 876]
[388, 1002]
[388, 1039]
[388, 1410]
[389, 453]
[389, 757]
[389, 912]
[389, 995]
[389, 1105]
[390, 510]
[390, 678]
[390, 905]
[390, 943]
[391, 507]
[391, 553]
[391, 625]
[391, 744]
[391, 1211]
[391, 1382]
[392, 1303]
[392, 1324]
[393, 703]
[393, 770]
[393, 945]
[393, 1099]
[393, 1104]
[394, 841]
[394, 1063]
[394, 1159]
[394, 1373]
[395, 1095]
[396, 1053]
[396, 1173]
[396, 1429]
[397, 562]
[397, 773]
[397, 1119]
[397, 1391]
[397, 1400]
[398, 424]
[398, 495]
[398, 590]
[399, 666]
[399, 934]
[400, 709]
[400, 1115]
[400, 1288]
[400, 1358]
[400, 1398]
[401, 448]
[401, 1274]
[401, 1333]
[401, 1422]
[402, 711]
[402, 813]
[402, 827]
[402, 906]
[402, 1054]
[402, 1117]
[403, 504]
[403, 833]
[403, 844]
[403, 1009]
[403, 1126]
[403, 1349]
[404, 585]
[404, 671]
[404, 792]
[404, 1004]
[404, 1047]
[405, 662]
[405, 956]
[405, 996]
[405, 1232]
[406, 466]
[406, 759]
[406, 1297]
[407, 885]
[407, 889]
[407, 928]
[407, 1092]
[407, 1300]
[408, 581]
[408, 656]
[408, 877]
[408, 881]
[408, 907]
[408, 1142]
[409, 497]
[409, 559]
[409, 830]
[409, 960]
[410, 800]
[410, 937]
[410, 969]
[410, 979]
[411, 945]
[411, 1045]
[411, 1391]
[411, 1400]
[412, 629]
[412, 666]
[412, 805]
[412, 925]
[413, 978]
[413, 1190]
[413, 1203]
[413, 1284]
[413, 1338]
[414, 760]
[414, 1125]
[414, 1149]
[414, 1269]
[414, 1432]
[415, 563]
[415, 663]
[415, 964]
[415, 1056]
[415, 1091]
[416, 518]
[416, 767]
[416, 1016]
[416, 1307]
[416, 1418]
[417, 479]
[417, 782]
[417, 787]
[417, 926]
[417, 1151]
[418, 655]
[418, 695]
[418, 787]
[418, 926]
[419, 687]
[419, 832]
[419, 940]
[419, 1017]
[419, 1383]
[420, 769]
[420, 923]
[420, 975]
[420, 1084]
[420, 1135]
[420, 1160]
[421, 496]
[421, 543]
[421, 578]
[421, 753]
[421, 839]
[422, 485]
[422, 860]
[422, 968]
[422, 1012]
[422, 1093]
[422, 1113]
[423, 688]
[423, 723]
[423, 850]
[423, 1223]
[423, 1370]
[424, 495]
[424, 580]
[424, 882]
[425, 601]
[425, 878]
[425, 970]
[425, 1042]
[426, 441]
[426, 636]
[426, 895]
[426, 1074]
[426, 1186]
[427, 635]
[427, 763]
[427, 1173]
[427, 1237]
[427, 1404]
[428, 464]
[428, 528]
[428, 834]
[428, 916]
[428, 1270]
[429, 492]
[429, 972]
[429, 1030]
[429, 1047]
[429, 1210]
[429, 1280]
[430, 785]
[430, 1110]
[431, 458]
[431, 734]
[431, 874]
[431, 1193]
[431, 1340]
[432, 530]
[432, 833]
[432, 993]
[432, 1161]
[433, 672]
[433, 740]
[433, 1041]
[433, 1055]
[433, 1293]
[434, 574]
[434, 638]
[434, 650]
[434, 1082]
[434, 1166]
[435, 572]
[435, 981]
[435, 1061]
[435, 1315]
[436, 470]
[436, 498]
[436, 726]
[436, 789]
[436, 1403]
[437, 527]
[437, 796]
[437, 1243]
[437, 1277]
[438, 608]
[438, 657]
[438, 1155]
[438, 1189]
[438, 1328]
[439, 554]
[439, 791]
[439, 809]
[440, 499]
[440, 696]
[440, 1239]
[440, 1286]
[441, 895]
[442, 560]
[442, 588]
[443, 583]
[443, 653]
[443, 1148]
[443, 1193]
[443, 1306]
[444, 641]
[444, 868]
[444, 1243]
[444, 1360]
[445, 702]
[445, 749]
[445, 1090]
[445, 1222]
[445, 1272]
[446, 463]
[446, 1299]
[447, 500]
[447, 866]
[447, 880]
[447, 951]
[447, 1246]
[447, 1346]
[448, 720]
[448, 1098]
[448, 1274]
[449, 838]
[449, 950]
[449, 1086]
[449, 1357]
[450, 457]
[450, 873]
[450, 1337]
[451, 516]
[451, 709]
[451, 1187]
[451, 1288]
[452, 588]
[452, 711]
[452, 813]
[453, 471]
[453, 545]
[453, 751]
[453, 1018]
[453, 1221]
[454, 538]
[454, 585]
[454, 1047]
[454, 1297]
[454, 1321]
[455, 467]
[455, 1244]
[455, 1392]
[456, 855]
[456, 1065]
[456, 1145]
[456, 1187]
[456, 1251]
[457, 873]
[457, 1337]
[457, 1394]
[458, 545]
[458, 592]
[458, 1147]
[458, 1193]
[458, 1340]
[459, 1038]
[459, 1125]
[459, 1194]
[460, 765]
[460, 977]
[460, 1094]
[460, 1117]
[460, 1196]
[461, 706]
[461, 783]
[461, 886]
[461, 1230]
[462, 699]
[462, 1369]
[463, 1067]
[463, 1311]
[464, 474]
[464, 561]
[464, 718]
[464, 1020]
[464, 1261]
[465, 479]
[465, 655]
[465, 695]
[465, 883]
[465, 1151]
[466, 570]
[466, 687]
[466, 940]
[466, 1134]
[467, 914]
[467, 918]
[467, 1008]
[467, 1244]
[468, 705]
[468, 1025]
[468, 1033]
[468, 1315]
[469, 527]
[469, 660]
[469, 796]
[469, 1054]
[469, 1162]
[469, 1367]
[470, 498]
[470, 629]
[470, 677]
[470, 726]
[470, 908]
[471, 751]
[471, 958]
[471, 1141]
[471, 1221]
[472, 526]
[472, 931]
[472, 1152]
[472, 1199]
[472, 1429]
[473, 510]
[473, 515]
[473, 578]
[473, 786]
[473, 1439]
[474, 508]
[474, 718]
[474, 910]
[474, 1020]
[475, 501]
[475, 592]
[475, 874]
[475, 987]
[475, 1193]
[476, 684]
[476, 845]
[476, 1096]
[476, 1257]
[476, 1371]
[477, 716]
[477, 944]
[477, 1190]
[477, 1226]
[478, 1185]
[478, 1253]
[478, 1260]
[478, 1285]
[479, 883]
[479, 903]
[479, 1151]
[480, 1059]
[480, 1075]
[480, 1403]
[481, 536]
[481, 1078]
[481, 1104]
[482, 567]
[482, 712]
[482, 773]
[482, 1005]
[482, 1032]
[483, 839]
[483, 996]
[483, 1407]
[484, 607]
[484, 708]
[484, 871]
[484, 966]
[484, 1108]
[484, 1230]
[485, 507]
[485, 846]
[485, 860]
[485, 1080]
[485, 1113]
[486, 558]
[486, 746]
[486, 1245]
[487, 514]
[487, 529]
[487, 930]
[487, 1002]
[487, 1410]
[488, 805]
[488, 899]
[488, 908]
[488, 967]
[488, 1183]
[489, 610]
[489, 790]
[489, 952]
[489, 1102]
[490, 513]
[490, 838]
[490, 958]
[490, 1141]
[491, 826]
[491, 865]
[491, 976]
[491, 1039]
[491, 1070]
[491, 1263]
[492, 904]
[492, 1210]
[492, 1280]
[493, 496]
[493, 1045]
[493, 1393]
[494, 555]
[494, 1038]
[494, 1273]
[494, 1295]
[495, 580]
[495, 1120]
[496, 578]
[496, 753]
[496, 1132]
[497, 960]
[497, 1155]
[497, 1188]
[498, 629]
[498, 789]
[498, 1282]
[499, 1004]
[499, 1013]
[499, 1085]
[500, 880]
[500, 951]
[500, 1397]
[500, 1416]
[501, 951]
[501, 954]
[501, 1246]
[501, 1397]
[502, 616]
[502, 723]
[502, 1213]
[502, 1341]
[502, 1370]
[503, 505]
[503, 824]
[503, 980]
[503, 1330]
[503, 1428]
[504, 644]
[504, 784]
[504, 844]
[504, 1349]
[505, 712]
[505, 824]
[505, 1255]
[505, 1330]
[506, 667]
[506, 690]
[506, 696]
[506, 900]
[506, 1239]
[507, 625]
[507, 1027]
[507, 1079]
[507, 1382]
[508, 718]
[508, 889]
[508, 910]
[508, 1437]
[509, 603]
[509, 759]
[509, 766]
[509, 1301]
[510, 943]
[510, 996]
[510, 1439]
[511, 584]
[511, 771]
[511, 847]
[511, 1130]
[512, 888]
[512, 979]
[512, 1316]
[512, 1354]
[512, 1401]
[513, 545]
[513, 583]
[513, 751]
[513, 1141]
[514, 529]
[514, 707]
[514, 722]
[514, 930]
[514, 949]
[515, 654]
[515, 726]
[515, 786]
[515, 1287]
[515, 1439]
[516, 956]
[516, 1288]
[516, 1317]
[516, 1358]
[517, 605]
[517, 730]
[517, 1242]
[517, 1381]
[517, 1423]
[518, 624]
[518, 870]
[518, 1016]
[518, 1418]
[519, 716]
[519, 831]
[519, 842]
[519, 944]
[519, 980]
[519, 1347]
[520, 798]
[520, 921]
[520, 985]
[520, 1382]
[521, 566]
[521, 684]
[521, 732]
[521, 1096]
[522, 601]
[522, 976]
[522, 1043]
[522, 1070]
[522, 1362]
[523, 789]
[523, 991]
[523, 1200]
[523, 1282]
[524, 771]
[524, 1040]
[524, 1126]
[524, 1427]
[525, 681]
[525, 767]
[525, 1076]
[525, 1097]
[525, 1132]
[525, 1307]
[526, 818]
[526, 931]
[526, 1071]
[526, 1199]
[527, 660]
[527, 796]
[527, 1109]
[527, 1277]
[528, 916]
[528, 1268]
[528, 1284]
[529, 834]
[529, 876]
[529, 949]
[529, 1002]
[530, 783]
[530, 886]
[530, 993]
[530, 1161]
[530, 1372]
[531, 733]
[531, 761]
[531, 836]
[531, 875]
[531, 1238]
[531, 1296]
[532, 586]
[532, 607]
[532, 682]
[532, 685]
[533, 817]
[533, 1274]
[534, 590]
[534, 920]
[534, 1118]
[534, 1237]
[534, 1405]
[535, 633]
[535, 1171]
[535, 1276]
[535, 1326]
[536, 547]
[536, 1099]
[536, 1104]
[537, 922]
[537, 998]
[537, 1204]
[537, 1420]
[538, 585]
[538, 792]
[538, 853]
[539, 555]
[539, 676]
[539, 689]
[539, 928]
[539, 1295]
[540, 614]
[540, 817]
[540, 848]
[540, 1042]
[540, 1088]
[540, 1331]
[541, 595]
[541, 799]
[541, 1103]
[542, 609]
[542, 631]
[542, 777]
[542, 849]
[542, 1418]
[543, 753]
[543, 839]
[543, 1098]
[543, 1205]
[544, 801]
[544, 951]
[544, 1267]
[544, 1318]
[545, 751]
[545, 1018]
[546, 873]
[546, 892]
[546, 932]
[546, 955]
[547, 589]
[547, 703]
[547, 853]
[547, 1099]
[548, 620]
[548, 838]
[548, 1086]
[548, 1114]
[549, 729]
[549, 837]
[549, 1248]
[549, 1265]
[549, 1266]
[549, 1390]
[550, 594]
[550, 643]
[550, 735]
[550, 788]
[551, 640]
[551, 692]
[551, 729]
[551, 837]
[551, 1091]
[551, 1320]
[552, 988]
[552, 1176]
[552, 1218]
[552, 1225]
[552, 1397]
[553, 854]
[553, 863]
[553, 1092]
[553, 1300]
[554, 791]
[554, 809]
[555, 689]
[555, 910]
[555, 1038]
[555, 1295]
[556, 639]
[556, 710]
[556, 1179]
[556, 1195]
[557, 756]
[557, 820]
[557, 841]
[557, 1164]
[557, 1329]
[558, 880]
[558, 982]
[559, 608]
[559, 830]
[559, 1096]
[559, 1189]
[560, 586]
[560, 588]
[560, 922]
[561, 615]
[561, 970]
[561, 1020]
[561, 1088]
[561, 1261]
[562, 933]
[562, 945]
[562, 1400]
[563, 835]
[563, 1234]
[564, 963]
[564, 1005]
[564, 1292]
[564, 1312]
[564, 1391]
[565, 582]
[565, 1027]
[565, 1079]
[565, 1191]
[565, 1271]
[566, 847]
[566, 1096]
[567, 712]
[567, 773]
[567, 831]
[567, 897]
[568, 600]
[568, 785]
[568, 924]
[568, 1021]
[568, 1209]
[569, 811]
[569, 856]
[569, 884]
[569, 1352]
[570, 687]
[570, 832]
[570, 972]
[570, 1134]
[570, 1363]
[571, 983]
[571, 1087]
[571, 1122]
[571, 1308]
[571, 1356]
[572, 705]
[572, 1061]
[572, 1262]
[572, 1315]
[572, 1412]
[573, 644]
[573, 803]
[573, 1178]
[573, 1208]
[573, 1215]
[574, 821]
[574, 1007]
[574, 1271]
[575, 719]
[575, 812]
[575, 903]
[575, 1072]
[576, 737]
[576, 826]
[576, 1248]
[576, 1263]
[576, 1362]
[577, 775]
[577, 1089]
[577, 1133]
[577, 1415]
[578, 839]
[579, 665]
[579, 806]
[579, 1014]
[579, 1411]
[580, 882]
[580, 986]
[580, 1120]
[581, 859]
[581, 881]
[581, 893]
[581, 1142]
[582, 625]
[582, 744]
[582, 815]
[582, 1027]
[582, 1191]
[583, 1136]
[583, 1148]
[584, 651]
[584, 694]
[584, 847]
[584, 1130]
[584, 1389]
[585, 792]
[585, 1047]
[585, 1134]
[586, 685]
[586, 1140]
[587, 1157]
[587, 1308]
[588, 922]
[588, 1125]
[589, 703]
[589, 770]
[589, 1078]
[589, 1213]
[590, 674]
[590, 920]
[590, 1118]
[591, 699]
[591, 768]
[591, 959]
[591, 1217]
[592, 1147]
[592, 1193]
[592, 1303]
[593, 596]
[593, 1063]
[593, 1159]
[593, 1262]
[594, 643]
[594, 1106]
[595, 755]
[595, 799]
[595, 808]
[595, 1065]
[596, 1035]
[596, 1063]
[596, 1073]
[596, 1373]
[597, 819]
[597, 1214]
[597, 1405]
[597, 1406]
[598, 622]
[598, 764]
[598, 1093]
[598, 1152]
[598, 1154]
[599, 779]
[599, 1001]
[600, 1209]
[601, 878]
[601, 1042]
[602, 842]
[602, 897]
[602, 1359]
[603, 648]
[603, 942]
[603, 1301]
[604, 671]
[604, 714]
[604, 853]
[604, 1321]
[605, 702]
[605, 730]
[605, 1242]
[605, 1302]
[606, 866]
[606, 936]
[606, 1235]
[606, 1323]
[606, 1399]
[607, 682]
[607, 736]
[608, 657]
[608, 694]
[608, 830]
[608, 1189]
[609, 631]
[609, 777]
[610, 645]
[610, 952]
[611, 661]
[611, 762]
[611, 916]
[611, 953]
[611, 1348]
[612, 628]
[612, 747]
[612, 926]
[612, 977]
[612, 1196]
[613, 870]
[613, 938]
[613, 971]
[613, 1023]
[614, 793]
[614, 953]
[614, 1088]
[614, 1327]
[614, 1331]
[615, 889]
[615, 910]
[615, 970]
[615, 1020]
[615, 1070]
[616, 723]
[616, 850]
[616, 1341]
[617, 649]
[617, 1075]
[617, 1339]
[618, 683]
[618, 704]
[618, 1100]
[618, 1133]
[619, 724]
[619, 1220]
[620, 838]
[620, 852]
[620, 1114]
[620, 1357]
[621, 640]
[621, 692]
[621, 795]
[621, 1265]
[621, 1266]
[622, 798]
[622, 818]
[622, 931]
[622, 1093]
[622, 1152]
[623, 647]
[623, 718]
[623, 1011]
[623, 1138]
[623, 1268]
[624, 715]
[624, 1003]
[624, 1175]
[624, 1384]
[625, 744]
[625, 1027]
[625, 1172]
[626, 713]
[626, 879]
[626, 962]
[627, 817]
[627, 937]
[627, 1180]
[627, 1327]
[627, 1331]
[628, 804]
[628, 1196]
[628, 1335]
[629, 677]
[629, 1200]
[629, 1282]
[630, 682]
[630, 1060]
[630, 1192]
[630, 1402]
[630, 1411]
[631, 745]
[631, 1359]
[632, 913]
[632, 1375]
[632, 1409]
[633, 1222]
[633, 1326]
[634, 964]
[634, 1144]
[634, 1202]
[634, 1227]
[635, 756]
[635, 841]
[635, 1275]
[635, 1343]
[636, 725]
[636, 1071]
[636, 1186]
[636, 1364]
[637, 902]
[637, 957]
[637, 1353]
[637, 1424]
[638, 822]
[638, 1166]
[638, 1177]
[639, 710]
[639, 1352]
[640, 692]
[640, 837]
[640, 852]
[640, 1266]
[641, 871]
[641, 1111]
[641, 1150]
[641, 1230]
[642, 820]
[642, 1062]
[642, 1179]
[642, 1195]
[642, 1406]
[643, 788]
[644, 784]
[644, 844]
[644, 1198]
[645, 739]
[645, 1066]
[646, 896]
[646, 1428]
[647, 665]
[647, 1268]
[648, 942]
[648, 1167]
[648, 1203]
[649, 1254]
[650, 1033]
[650, 1057]
[650, 1082]
[650, 1166]
[651, 694]
[651, 939]
[651, 1040]
[651, 1130]
[652, 680]
[652, 1289]
[652, 1347]
[653, 877]
[653, 1246]
[653, 1306]
[653, 1323]
[654, 678]
[654, 778]
[654, 943]
[654, 1287]
[654, 1439]
[655, 695]
[655, 926]
[655, 962]
[655, 1151]
[656, 881]
[656, 907]
[656, 1010]
[656, 1355]
[656, 1399]
[657, 830]
[657, 960]
[657, 1155]
[658, 989]
[658, 1006]
[658, 1158]
[658, 1278]
[659, 825]
[659, 829]
[659, 911]
[659, 1305]
[660, 1277]
[660, 1367]
[660, 1380]
[661, 1168]
[661, 1198]
[661, 1348]
[662, 675]
[662, 1310]
[663, 1091]
[664, 832]
[664, 843]
[664, 1299]
[665, 685]
[665, 1014]
[665, 1268]
[666, 1250]
[667, 690]
[667, 900]
[667, 1022]
[667, 1361]
[668, 763]
[668, 1137]
[668, 1374]
[668, 1404]
[668, 1429]
[669, 933]
[669, 1119]
[670, 1154]
[670, 1256]
[671, 792]
[671, 853]
[671, 864]
[672, 678]
[672, 929]
[672, 1029]
[672, 1041]
[672, 1055]
[673, 747]
[673, 761]
[673, 955]
[674, 819]
[674, 1118]
[674, 1121]
[674, 1214]
[675, 752]
[675, 1317]
[676, 729]
[676, 1273]
[676, 1295]
[676, 1379]
[677, 726]
[677, 991]
[677, 1200]
[678, 905]
[678, 943]
[678, 1287]
[679, 1149]
[679, 1241]
[679, 1269]
[679, 1314]
[680, 942]
[680, 1289]
[680, 1383]
[681, 870]
[681, 1076]
[681, 1097]
[681, 1393]
[682, 685]
[682, 736]
[682, 992]
[683, 704]
[683, 775]
[683, 837]
[683, 1133]
[683, 1216]
[684, 882]
[684, 1096]
[684, 1371]
[685, 992]
[685, 1140]
[686, 794]
[686, 859]
[686, 893]
[686, 1010]
[686, 1158]
[686, 1355]
[687, 832]
[687, 940]
[687, 1161]
[688, 973]
[688, 1213]
[688, 1370]
[689, 1038]
[689, 1217]
[690, 1239]
[690, 1286]
[690, 1361]
[691, 822]
[691, 974]
[691, 1019]
[691, 1052]
[691, 1290]
[692, 795]
[692, 1234]
[692, 1320]
[693, 919]
[693, 1176]
[693, 1302]
[694, 847]
[694, 1040]
[694, 1427]
[695, 699]
[695, 883]
[696, 900]
[696, 1195]
[696, 1239]
[697, 721]
[697, 807]
[697, 861]
[697, 1259]
[698, 754]
[698, 1095]
[699, 959]
[700, 961]
[700, 1124]
[700, 1368]
[701, 761]
[701, 892]
[701, 907]
[701, 932]
[701, 1026]
[702, 864]
[702, 1242]
[703, 770]
[703, 1099]
[703, 1106]
[704, 1100]
[704, 1216]
[705, 1025]
[705, 1315]
[705, 1374]
[705, 1412]
[706, 736]
[706, 833]
[707, 721]
[707, 738]
[707, 930]
[707, 949]
[707, 1039]
[708, 871]
[708, 999]
[708, 1108]
[708, 1150]
[708, 1291]
[709, 975]
[709, 1115]
[709, 1288]
[710, 820]
[710, 1195]
[710, 1352]
[711, 813]
[711, 1117]
[712, 831]
[712, 1032]
[712, 1233]
[713, 962]
[713, 1420]
[714, 1049]
[714, 1116]
[714, 1139]
[714, 1310]
[715, 1003]
[715, 1006]
[715, 1158]
[715, 1384]
[716, 944]
[716, 1167]
[716, 1226]
[716, 1347]
[717, 846]
[717, 860]
[717, 1012]
[717, 1366]
[718, 1261]
[719, 869]
[719, 903]
[719, 1072]
[719, 1182]
[720, 742]
[720, 1407]
[721, 745]
[721, 807]
[721, 861]
[721, 1174]
[722, 952]
[722, 1066]
[723, 850]
[723, 1354]
[723, 1370]
[724, 1413]
[725, 860]
[725, 1186]
[725, 1364]
[726, 991]
[727, 766]
[727, 857]
[727, 942]
[727, 1077]
[727, 1167]
[727, 1301]
[728, 1041]
[728, 1058]
[728, 1181]
[728, 1298]
[729, 837]
[729, 1248]
[729, 1320]
[730, 1146]
[731, 797]
[731, 927]
[731, 983]
[731, 1334]
[732, 1275]
[732, 1329]
[732, 1389]
[733, 875]
[733, 1238]
[733, 1356]
[734, 1025]
[734, 1061]
[734, 1412]
[735, 788]
[736, 992]
[737, 865]
[737, 1043]
[737, 1263]
[737, 1362]
[738, 930]
[738, 1039]
[738, 1410]
[739, 1066]
[739, 1102]
[740, 778]
[740, 1252]
[740, 1386]
[740, 1398]
[741, 972]
[741, 1030]
[741, 1372]
[741, 1417]
[742, 1251]
[742, 1333]
[743, 871]
[743, 1109]
[743, 1289]
[743, 1388]
[744, 1191]
[744, 1211]
[745, 807]
[745, 862]
[745, 1174]
[746, 1245]
[746, 1278]
[746, 1279]
[746, 1387]
[747, 977]
[747, 1094]
[747, 1143]
[748, 964]
[748, 1091]
[748, 1379]
[749, 1090]
[749, 1171]
[749, 1272]
[749, 1276]
[749, 1304]
[750, 1219]
[750, 1288]
[750, 1431]
[751, 1141]
[752, 1049]
[752, 1139]
[752, 1345]
[753, 1132]
[753, 1205]
[754, 1095]
[754, 1157]
[754, 1344]
[755, 808]
[755, 1223]
[756, 841]
[756, 920]
[757, 779]
[757, 912]
[757, 1001]
[757, 1105]
[757, 1340]
[758, 919]
[758, 1083]
[758, 1430]
[759, 911]
[760, 984]
[760, 998]
[760, 1432]
[761, 1026]
[762, 953]
[762, 1261]
[762, 1348]
[763, 1237]
[763, 1374]
[763, 1404]
[764, 1071]
[764, 1093]
[764, 1199]
[765, 1094]
[765, 1143]
[765, 1162]
[765, 1335]
[766, 788]
[766, 857]
[766, 1301]
[767, 862]
[767, 1097]
[767, 1307]
[767, 1418]
[768, 1217]
[768, 1369]
[768, 1437]
[769, 975]
[769, 1007]
[769, 1084]
[769, 1177]
[769, 1436]
[770, 1078]
[770, 1368]
[771, 993]
[771, 1130]
[772, 1294]
[772, 1402]
[774, 903]
[774, 1036]
[774, 1182]
[774, 1426]
[775, 1089]
[775, 1133]
[775, 1216]
[776, 947]
[776, 1005]
[776, 1024]
[776, 1312]
[776, 1421]
[777, 849]
[777, 1175]
[778, 1059]
[778, 1386]
[778, 1398]
[778, 1403]
[779, 1001]
[779, 1105]
[780, 815]
[780, 1145]
[780, 1163]
[780, 1251]
[780, 1377]
[781, 797]
[781, 1069]
[782, 869]
[782, 894]
[783, 886]
[783, 1161]
[784, 1198]
[784, 1349]
[785, 1110]
[785, 1154]
[786, 905]
[786, 1287]
[787, 926]
[787, 955]
[789, 1282]
[789, 1319]
[790, 1028]
[790, 1178]
[790, 1215]
[791, 939]
[791, 1294]
[792, 853]
[793, 1088]
[793, 1180]
[793, 1270]
[793, 1327]
[794, 859]
[794, 907]
[794, 1010]
[794, 1142]
[795, 1248]
[795, 1265]
[795, 1320]
[796, 1150]
[796, 1162]
[797, 1031]
[797, 1035]
[797, 1334]
[798, 1325]
[799, 808]
[799, 1103]
[800, 937]
[800, 1124]
[801, 874]
[801, 1034]
[801, 1267]
[801, 1318]
[802, 835]
[802, 858]
[802, 1127]
[802, 1228]
[802, 1313]
[803, 911]
[803, 1215]
[804, 814]
[805, 918]
[805, 925]
[805, 1422]
[806, 924]
[806, 1011]
[806, 1014]
[806, 1138]
[808, 1223]
[808, 1232]
[809, 812]
[809, 997]
[810, 987]
[810, 1147]
[810, 1293]
[810, 1340]
[811, 868]
[811, 884]
[811, 902]
[812, 1036]
[812, 1072]
[812, 1137]
[813, 906]
[814, 1151]
[815, 1135]
[815, 1376]
[815, 1377]
[816, 959]
[816, 1194]
[816, 1217]
[816, 1437]
[817, 848]
[817, 1331]
[818, 931]
[818, 1071]
[818, 1079]
[818, 1093]
[819, 915]
[819, 1214]
[819, 1406]
[820, 1062]
[820, 1195]
[820, 1352]
[821, 1007]
[821, 1350]
[822, 1264]
[822, 1435]
[823, 927]
[823, 1031]
[823, 1236]
[823, 1249]
[823, 1334]
[824, 896]
[824, 1428]
[825, 1297]
[825, 1305]
[826, 1070]
[826, 1263]
[826, 1295]
[827, 1046]
[827, 1238]
[827, 1296]
[828, 836]
[828, 1056]
[829, 1044]
[829, 1123]
[829, 1169]
[829, 1220]
[830, 960]
[831, 1077]
[831, 1233]
[832, 1017]
[832, 1363]
[833, 993]
[834, 1190]
[834, 1270]
[834, 1338]
[835, 1114]
[835, 1127]
[835, 1234]
[836, 875]
[836, 1046]
[836, 1296]
[837, 1266]
[838, 1086]
[838, 1357]
[839, 1098]
[840, 1050]
[840, 1058]
[840, 1064]
[840, 1153]
[840, 1298]
[841, 1164]
[841, 1343]
[842, 944]
[842, 980]
[843, 867]
[843, 965]
[843, 1243]
[843, 1299]
[844, 1126]
[845, 1103]
[845, 1223]
[846, 860]
[846, 1080]
[846, 1366]
[847, 1427]
[848, 976]
[848, 1088]
[849, 897]
[849, 1292]
[850, 1169]
[851, 906]
[851, 999]
[851, 1054]
[852, 950]
[852, 1114]
[852, 1357]
[854, 863]
[854, 985]
[854, 1092]
[854, 1378]
[855, 1135]
[855, 1187]
[855, 1219]
[855, 1251]
[856, 1353]
[856, 1373]
[856, 1424]
[857, 1102]
[857, 1167]
[857, 1203]
[858, 1127]
[858, 1228]
[858, 1247]
[858, 1250]
[858, 1282]
[859, 893]
[859, 1142]
[860, 1012]
[861, 865]
[861, 1174]
[861, 1259]
[862, 1174]
[862, 1283]
[863, 1378]
[863, 1390]
[864, 948]
[864, 1242]
[864, 1423]
[865, 976]
[865, 1043]
[865, 1263]
[866, 1087]
[866, 1308]
[866, 1399]
[867, 1243]
[867, 1299]
[867, 1360]
[868, 1360]
[869, 981]
[870, 1016]
[870, 1076]
[871, 1150]
[871, 1230]
[872, 966]
[872, 1108]
[872, 1111]
[872, 1291]
[873, 1415]
[874, 987]
[874, 1193]
[875, 1010]
[876, 949]
[876, 1002]
[876, 1020]
[876, 1039]
[877, 1136]
[877, 1323]
[878, 1172]
[878, 1300]
[879, 1108]
[879, 1204]
[880, 1346]
[880, 1416]
[881, 893]
[881, 1346]
[881, 1355]
[882, 986]
[882, 1345]
[884, 957]
[884, 1417]
[885, 928]
[885, 1300]
[885, 1390]
[886, 993]
[887, 924]
[887, 1209]
[888, 1048]
[888, 1316]
[888, 1331]
[889, 910]
[889, 970]
[890, 946]
[890, 947]
[890, 963]
[890, 1292]
[890, 1421]
[891, 935]
[891, 1177]
[891, 1221]
[891, 1436]
[892, 932]
[892, 1026]
[893, 1355]
[894, 1051]
[895, 1186]
[895, 1377]
[896, 989]
[896, 1428]
[897, 1359]
[898, 994]
[898, 1024]
[898, 1184]
[898, 1207]
[898, 1255]
[898, 1434]
[899, 967]
[899, 1219]
[899, 1244]
[900, 1022]
[901, 941]
[901, 1052]
[901, 1394]
[901, 1415]
[902, 1111]
[902, 1424]
[903, 1182]
[904, 1280]
[904, 1329]
[904, 1417]
[905, 1146]
[905, 1287]
[906, 1054]
[907, 1010]
[907, 1142]
[908, 1183]
[909, 1032]
[909, 1077]
[909, 1233]
[910, 1020]
[911, 1305]
[912, 1001]
[912, 1025]
[913, 1064]
[913, 1081]
[913, 1181]
[914, 1008]
[914, 1129]
[914, 1362]
[915, 1225]
[915, 1332]
[915, 1385]
[916, 978]
[916, 1270]
[917, 1302]
[917, 1430]
[918, 1422]
[919, 1302]
[919, 1311]
[920, 1406]
[921, 985]
[921, 1112]
[921, 1433]
[922, 1125]
[922, 1194]
[923, 935]
[923, 1084]
[923, 1160]
[924, 1021]
[924, 1209]
[925, 1422]
[926, 1151]
[927, 1236]
[927, 1334]
[928, 1378]
[928, 1390]
[929, 1029]
[929, 1041]
[929, 1131]
[930, 1410]
[931, 1082]
[931, 1152]
[933, 945]
[933, 1124]
[934, 1015]
[934, 1144]
[934, 1240]
[935, 1084]
[935, 1177]
[935, 1290]
[936, 1122]
[936, 1235]
[936, 1356]
[936, 1399]
[937, 961]
[937, 979]
[938, 971]
[938, 1384]
[939, 1156]
[939, 1328]
[940, 1301]
[941, 1112]
[941, 1415]
[942, 1167]
[942, 1301]
[943, 1358]
[943, 1439]
[945, 1400]
[946, 963]
[946, 1421]
[947, 1005]
[947, 1292]
[947, 1421]
[948, 1116]
[948, 1146]
[948, 1423]
[949, 1039]
[950, 1133]
[950, 1357]
[951, 1246]
[951, 1397]
[952, 1180]
[953, 1170]
[954, 1153]
[954, 1397]
[954, 1416]
[956, 996]
[956, 1232]
[957, 1130]
[957, 1353]
[958, 974]
[958, 1141]
[958, 1221]
[959, 1217]
[959, 1432]
[960, 1155]
[961, 979]
[962, 998]
[963, 1292]
[964, 1056]
[964, 1091]
[965, 1184]
[965, 1344]
[965, 1434]
[966, 1108]
[966, 1111]
[966, 1230]
[966, 1402]
[967, 1183]
[967, 1219]
[967, 1431]
[968, 1012]
[968, 1110]
[968, 1113]
[968, 1365]
[969, 979]
[969, 1368]
[970, 1261]
[971, 1201]
[971, 1228]
[972, 1030]
[972, 1210]
[972, 1372]
[973, 1213]
[973, 1341]
[974, 1052]
[974, 1254]
[974, 1290]
[975, 1160]
[975, 1436]
[976, 1043]
[976, 1070]
[977, 984]
[977, 1094]
[977, 1196]
[978, 1178]
[978, 1270]
[978, 1338]
[980, 1347]
[981, 1051]
[981, 1069]
[982, 990]
[982, 1128]
[983, 1122]
[983, 1235]
[983, 1308]
[984, 1241]
[984, 1314]
[985, 1414]
[985, 1433]
[986, 1103]
[986, 1120]
[986, 1345]
[987, 1225]
[988, 1176]
[988, 1225]
[988, 1332]
[988, 1381]
[989, 1175]
[989, 1278]
[990, 1128]
[990, 1279]
[990, 1380]
[990, 1387]
[991, 1200]
[992, 1140]
[992, 1349]
[994, 1024]
[994, 1032]
[994, 1107]
[994, 1184]
[995, 1105]
[995, 1436]
[997, 1156]
[997, 1328]
[997, 1404]
[998, 1204]
[999, 1054]
[999, 1117]
[1000, 1127]
[1000, 1339]
[1001, 1118]
[1002, 1410]
[1003, 1006]
[1003, 1175]
[1003, 1202]
[1004, 1013]
[1004, 1067]
[1005, 1292]
[1005, 1312]
[1006, 1056]
[1006, 1158]
[1007, 1037]
[1007, 1271]
[1008, 1244]
[1008, 1258]
[1008, 1333]
[1009, 1126]
[1009, 1192]
[1009, 1349]
[1010, 1355]
[1011, 1014]
[1011, 1138]
[1011, 1268]
[1011, 1348]
[1012, 1021]
[1013, 1067]
[1013, 1085]
[1013, 1242]
[1013, 1311]
[1014, 1268]
[1015, 1144]
[1015, 1227]
[1015, 1240]
[1015, 1263]
[1016, 1076]
[1016, 1247]
[1016, 1307]
[1017, 1363]
[1018, 1221]
[1019, 1211]
[1019, 1290]
[1019, 1336]
[1022, 1361]
[1023, 1375]
[1024, 1107]
[1024, 1207]
[1025, 1412]
[1027, 1079]
[1027, 1186]
[1028, 1178]
[1028, 1208]
[1028, 1224]
[1028, 1327]
[1029, 1055]
[1029, 1281]
[1030, 1280]
[1031, 1035]
[1031, 1249]
[1031, 1334]
[1032, 1233]
[1033, 1057]
[1033, 1166]
[1033, 1264]
[1034, 1061]
[1034, 1318]
[1035, 1249]
[1036, 1137]
[1036, 1152]
[1036, 1426]
[1037, 1074]
[1037, 1271]
[1037, 1376]
[1040, 1427]
[1041, 1131]
[1041, 1293]
[1042, 1101]
[1043, 1362]
[1044, 1169]
[1045, 1206]
[1045, 1304]
[1045, 1393]
[1046, 1285]
[1046, 1296]
[1047, 1321]
[1048, 1101]
[1048, 1316]
[1049, 1116]
[1049, 1139]
[1049, 1361]
[1050, 1197]
[1050, 1303]
[1050, 1319]
[1050, 1324]
[1050, 1342]
[1051, 1069]
[1053, 1237]
[1053, 1374]
[1054, 1117]
[1055, 1281]
[1057, 1082]
[1057, 1264]
[1057, 1426]
[1057, 1435]
[1058, 1181]
[1058, 1298]
[1058, 1386]
[1059, 1398]
[1059, 1403]
[1060, 1192]
[1060, 1402]
[1061, 1412]
[1062, 1063]
[1062, 1352]
[1063, 1159]
[1063, 1373]
[1064, 1081]
[1064, 1153]
[1065, 1145]
[1065, 1187]
[1065, 1376]
[1065, 1377]
[1066, 1359]
[1067, 1222]
[1067, 1311]
[1068, 1192]
[1068, 1209]
[1068, 1294]
[1068, 1411]
[1071, 1093]
[1071, 1199]
[1072, 1137]
[1073, 1373]
[1074, 1188]
[1074, 1271]
[1075, 1229]
[1075, 1339]
[1076, 1200]
[1076, 1307]
[1077, 1233]
[1079, 1382]
[1080, 1092]
[1080, 1113]
[1080, 1365]
[1080, 1366]
[1081, 1153]
[1082, 1435]
[1083, 1430]
[1084, 1177]
[1084, 1191]
[1085, 1311]
[1086, 1136]
[1087, 1308]
[1087, 1356]
[1087, 1399]
[1089, 1216]
[1089, 1433]
[1090, 1099]
[1090, 1171]
[1092, 1300]
[1094, 1143]
[1094, 1238]
[1097, 1418]
[1098, 1205]
[1099, 1104]
[1101, 1163]
[1101, 1351]
[1105, 1252]
[1106, 1322]
[1107, 1326]
[1108, 1291]
[1109, 1388]
[1110, 1154]
[1111, 1230]
[1112, 1433]
[1113, 1365]
[1115, 1438]
[1116, 1310]
[1118, 1214]
[1118, 1405]
[1119, 1391]
[1120, 1350]
[1121, 1131]
[1121, 1281]
[1121, 1293]
[1122, 1143]
[1122, 1235]
[1122, 1356]
[1123, 1169]
[1123, 1220]
[1123, 1413]
[1124, 1368]
[1125, 1194]
[1127, 1234]
[1127, 1250]
[1128, 1207]
[1128, 1245]
[1128, 1387]
[1129, 1392]
[1131, 1293]
[1131, 1332]
[1132, 1205]
[1134, 1363]
[1135, 1187]
[1135, 1376]
[1137, 1426]
[1139, 1371]
[1140, 1284]
[1141, 1394]
[1143, 1335]
[1144, 1227]
[1144, 1320]
[1145, 1251]
[1145, 1377]
[1147, 1340]
[1148, 1306]
[1149, 1269]
[1149, 1314]
[1150, 1291]
[1153, 1298]
[1155, 1199]
[1156, 1328]
[1156, 1343]
[1158, 1278]
[1158, 1384]
[1159, 1262]
[1162, 1367]
[1163, 1172]
[1163, 1351]
[1164, 1329]
[1164, 1343]
[1164, 1389]
[1165, 1254]
[1165, 1266]
[1165, 1336]
[1167, 1203]
[1168, 1348]
[1168, 1408]
[1169, 1413]
[1170, 1408]
[1171, 1276]
[1171, 1400]
[1172, 1351]
[1173, 1404]
[1173, 1429]
[1174, 1240]
[1176, 1218]
[1176, 1381]
[1177, 1436]
[1178, 1208]
[1178, 1215]
[1179, 1195]
[1180, 1327]
[1181, 1287]
[1182, 1426]
[1183, 1431]
[1184, 1434]
[1185, 1253]
[1185, 1260]
[1185, 1309]
[1187, 1376]
[1188, 1350]
[1189, 1275]
[1190, 1284]
[1190, 1338]
[1191, 1211]
[1192, 1411]
[1197, 1303]
[1197, 1319]
[1197, 1425]
[1200, 1282]
[1201, 1342]
[1205, 1283]
[1206, 1304]
[1206, 1375]
[1206, 1393]
[1207, 1344]
[1207, 1434]
[1208, 1224]
[1210, 1372]
[1211, 1382]
[1212, 1253]
[1212, 1309]
[1212, 1419]
[1213, 1341]
[1213, 1370]
[1214, 1405]
[1216, 1378]
[1217, 1437]
[1219, 1431]
[1222, 1272]
[1222, 1326]
[1225, 1332]
[1226, 1347]
[1227, 1273]
[1228, 1247]
[1231, 1424]
[1234, 1250]
[1236, 1249]
[1236, 1360]
[1237, 1374]
[1238, 1296]
[1239, 1280]
[1239, 1286]
[1241, 1314]
[1242, 1423]
[1243, 1360]
[1244, 1258]
[1245, 1387]
[1245, 1421]
[1246, 1346]
[1247, 1250]
[1248, 1265]
[1248, 1320]
[1252, 1398]
[1253, 1309]
[1254, 1290]
[1254, 1336]
[1255, 1330]
[1257, 1371]
[1259, 1274]
[1259, 1283]
[1260, 1285]
[1264, 1435]
[1265, 1266]
[1267, 1396]
[1269, 1432]
[1270, 1338]
[1272, 1276]
[1272, 1326]
[1273, 1295]
[1273, 1379]
[1275, 1343]
[1275, 1389]
[1276, 1312]
[1276, 1326]
[1277, 1380]
[1277, 1434]
[1278, 1384]
[1279, 1387]
[1286, 1361]
[1288, 1358]
[1290, 1336]
[1296, 1314]
[1297, 1305]
[1303, 1324]
[1304, 1409]
[1306, 1318]
[1306, 1323]
[1309, 1410]
[1309, 1419]
[1313, 1319]
[1313, 1342]
[1313, 1425]
[1316, 1401]
[1317, 1358]
[1317, 1438]
[1319, 1342]
[1319, 1425]
[1322, 1341]
[1324, 1342]
[1325, 1414]
[1327, 1331]
[1329, 1389]
[1332, 1381]
[1332, 1385]
[1334, 1335]
[1336, 1392]
[1337, 1394]
[1339, 1425]
[1343, 1389]
[1344, 1434]
[1353, 1424]
[1354, 1395]
[1354, 1401]
[1356, 1399]
[1365, 1366]
[1365, 1369]
[1367, 1380]
[1369, 1437]
[1372, 1417]
[1375, 1393]
[1376, 1377]
[1378, 1390]
[1381, 1385]
[1383, 1388]
[1386, 1403]
[1391, 1400]
[1395, 1413]
[1397, 1416]
[1404, 1429]
[1405, 1412]
[1414, 1433]
