[25, 5, 4, 0]
[0, 4, 38]
[38, 40, 21, 0]
[0, 21, 58, 1, 25]
[1, 3, 33, 25]
[51, 3, 1]
[58, 45, 51, 1]
[2, 17, 8, 20]
[36, 17, 2]
[2, 20, 59, 54, 22]
[2, 22, 50, 36]
[51, 15, 14, 3]
[3, 14, 37, 23, 33]
[4, 5, 42, 18, 6]
[4, 6, 49, 38]
[5, 25, 33]
[5, 33, 23, 42]
[6, 18, 52, 41]
[6, 41, 49]
[31, 30, 10, 7]
[7, 10, 59]
[59, 20, 29, 7]
[7, 29, 56, 34, 31]
[8, 17, 24, 27, 57]
[29, 20, 8]
[57, 56, 29, 8]
[53, 23, 37, 9]
[9, 37, 55]
[55, 28, 46, 9]
[9, 46, 44, 11, 53]
[10, 30, 47, 12, 39]
[10, 39, 54, 59]
[11, 18, 42, 53]
[52, 18, 11]
[11, 44, 16, 52]
[12, 28, 26, 39]
[46, 28, 12]
[47, 44, 46, 12]
[13, 32, 34, 56]
[40, 38, 49, 32, 13]
[57, 27, 40, 13]
[13, 56, 57]
[14, 15, 35]
[14, 35, 55, 37]
[50, 43, 35, 15]
[51, 45, 36, 50, 15]
[47, 30, 19, 16]
[16, 19, 48, 41, 52]
[16, 44, 47]
[36, 45, 24, 17]
[19, 30, 31]
[19, 31, 34, 48]
[21, 27, 24, 58]
[40, 27, 21]
[54, 26, 43, 22]
[22, 43, 50]
[53, 42, 23]
[24, 45, 58]
[26, 28, 55, 35, 43]
[54, 39, 26]
[48, 34, 32]
[49, 41, 48, 32]
