[0, 415]
[0, 617]
[0, 665]
[0, 700]
[0, 867]
[0, 878]
[1, 268]
[1, 537]
[1, 838]
[1, 1109]
[1, 1118]
[1, 1124]
[2, 11]
[2, 79]
[2, 388]
[2, 631]
[2, 663]
[2, 1136]
[3, 124]
[3, 567]
[3, 841]
[3, 1049]
[3, 1052]
[3, 1197]
[4, 60]
[4, 431]
[4, 500]
[4, 648]
[4, 743]
[4, 1005]
[5, 78]
[5, 106]
[5, 236]
[5, 295]
[5, 320]
[5, 575]
[6, 32]
[6, 62]
[6, 207]
[6, 225]
[6, 263]
[6, 829]
[7, 137]
[7, 217]
[7, 287]
[7, 582]
[7, 586]
[7, 854]
[8, 44]
[8, 226]
[8, 237]
[8, 297]
[8, 1073]
[8, 1146]
[9, 169]
[9, 210]
[9, 359]
[9, 654]
[9, 716]
[9, 868]
[10, 116]
[10, 210]
[10, 269]
[10, 403]
[10, 588]
[10, 732]
[11, 48]
[11, 388]
[11, 581]
[11, 631]
[11, 842]
[12, 48]
[12, 306]
[12, 782]
[12, 870]
[12, 933]
[12, 962]
[13, 25]
[13, 346]
[13, 443]
[13, 583]
[13, 880]
[13, 1024]
[14, 292]
[14, 345]
[14, 592]
[14, 926]
[14, 1098]
[14, 1190]
[15, 103]
[15, 128]
[15, 418]
[15, 520]
[15, 880]
[15, 901]
[16, 172]
[16, 225]
[16, 531]
[16, 715]
[16, 900]
[16, 970]
[17, 88]
[17, 693]
[17, 755]
[17, 896]
[17, 1084]
[17, 1117]
[18, 99]
[18, 121]
[18, 205]
[18, 590]
[18, 1080]
[18, 1101]
[19, 140]
[19, 497]
[19, 746]
[19, 967]
[19, 1062]
[19, 1084]
[20, 103]
[20, 120]
[20, 302]
[20, 371]
[20, 583]
[20, 890]
[21, 86]
[21, 97]
[21, 141]
[21, 456]
[21, 484]
[21, 813]
[22, 59]
[22, 147]
[22, 492]
[22, 604]
[22, 800]
[22, 811]
[23, 60]
[23, 107]
[23, 361]
[23, 820]
[23, 905]
[23, 1072]
[24, 37]
[24, 186]
[24, 416]
[24, 466]
[24, 623]
[24, 1069]
[25, 583]
[25, 812]
[25, 1024]
[25, 1105]
[25, 1183]
[26, 39]
[26, 354]
[26, 364]
[26, 462]
[26, 895]
[26, 1140]
[27, 295]
[27, 305]
[27, 465]
[27, 754]
[27, 772]
[27, 815]
[28, 38]
[28, 196]
[28, 266]
[28, 354]
[28, 370]
[28, 421]
[29, 90]
[29, 181]
[29, 305]
[29, 684]
[29, 912]
[29, 1167]
[30, 92]
[30, 435]
[30, 727]
[30, 938]
[30, 1070]
[30, 1148]
[31, 175]
[31, 202]
[31, 439]
[31, 479]
[31, 964]
[31, 1112]
[32, 207]
[32, 252]
[32, 263]
[32, 642]
[32, 657]
[33, 114]
[33, 222]
[33, 587]
[33, 625]
[33, 950]
[33, 1043]
[34, 100]
[34, 574]
[34, 825]
[34, 978]
[34, 1031]
[34, 1089]
[35, 36]
[35, 75]
[35, 620]
[35, 656]
[35, 917]
[35, 1078]
[36, 75]
[36, 282]
[36, 284]
[36, 757]
[36, 917]
[37, 79]
[37, 85]
[37, 416]
[37, 466]
[37, 1143]
[38, 236]
[38, 354]
[38, 370]
[38, 373]
[38, 382]
[39, 364]
[39, 421]
[39, 755]
[39, 892]
[39, 895]
[40, 110]
[40, 281]
[40, 304]
[40, 711]
[40, 914]
[40, 1135]
[41, 134]
[41, 177]
[41, 477]
[41, 593]
[41, 594]
[41, 899]
[42, 218]
[42, 529]
[42, 588]
[42, 597]
[42, 1011]
[42, 1177]
[43, 55]
[43, 324]
[43, 708]
[43, 942]
[43, 1045]
[43, 1121]
[44, 63]
[44, 817]
[44, 861]
[44, 1073]
[44, 1146]
[45, 67]
[45, 138]
[45, 339]
[45, 406]
[45, 695]
[45, 1119]
[46, 57]
[46, 148]
[46, 150]
[46, 962]
[46, 1116]
[46, 1185]
[47, 77]
[47, 375]
[47, 481]
[47, 829]
[47, 900]
[47, 943]
[48, 581]
[48, 842]
[48, 933]
[48, 962]
[49, 338]
[49, 381]
[49, 545]
[49, 965]
[49, 1079]
[49, 1119]
[50, 153]
[50, 202]
[50, 389]
[50, 392]
[50, 644]
[50, 734]
[51, 296]
[51, 512]
[51, 626]
[51, 722]
[51, 826]
[51, 1176]
[52, 400]
[52, 417]
[52, 490]
[52, 689]
[52, 795]
[52, 806]
[53, 338]
[53, 360]
[53, 548]
[53, 629]
[53, 668]
[53, 1136]
[54, 120]
[54, 209]
[54, 278]
[54, 578]
[54, 636]
[54, 896]
[55, 84]
[55, 160]
[55, 655]
[55, 708]
[55, 1121]
[56, 297]
[56, 482]
[56, 497]
[56, 652]
[56, 720]
[56, 861]
[57, 84]
[57, 148]
[57, 473]
[57, 969]
[57, 1185]
[58, 66]
[58, 182]
[58, 645]
[58, 792]
[58, 937]
[58, 1110]
[59, 604]
[59, 800]
[59, 855]
[59, 1106]
[59, 1144]
[60, 361]
[60, 431]
[60, 743]
[60, 1072]
[61, 67]
[61, 846]
[61, 848]
[61, 941]
[61, 946]
[61, 1008]
[62, 225]
[62, 450]
[62, 614]
[62, 829]
[62, 1056]
[63, 82]
[63, 817]
[63, 861]
[63, 955]
[63, 1175]
[64, 265]
[64, 306]
[64, 561]
[64, 635]
[64, 713]
[64, 776]
[65, 199]
[65, 557]
[65, 562]
[65, 833]
[65, 992]
[65, 1197]
[66, 524]
[66, 645]
[66, 701]
[66, 883]
[66, 1110]
[67, 138]
[67, 695]
[67, 848]
[67, 946]
[68, 171]
[68, 273]
[68, 681]
[68, 745]
[68, 832]
[68, 1159]
[69, 191]
[69, 650]
[69, 653]
[69, 672]
[69, 677]
[69, 895]
[70, 532]
[70, 579]
[70, 643]
[70, 665]
[70, 1031]
[70, 1037]
[71, 280]
[71, 293]
[71, 542]
[71, 547]
[71, 806]
[71, 944]
[72, 238]
[72, 331]
[72, 387]
[72, 568]
[72, 649]
[72, 1144]
[73, 444]
[73, 559]
[73, 615]
[73, 864]
[73, 1152]
[73, 1159]
[74, 83]
[74, 248]
[74, 323]
[74, 456]
[74, 504]
[74, 743]
[75, 393]
[75, 522]
[75, 917]
[75, 960]
[76, 168]
[76, 479]
[76, 682]
[76, 694]
[76, 793]
[76, 1172]
[77, 246]
[77, 375]
[77, 386]
[77, 412]
[77, 829]
[78, 106]
[78, 235]
[78, 236]
[78, 603]
[78, 973]
[79, 85]
[79, 663]
[79, 1136]
[79, 1143]
[80, 242]
[80, 555]
[80, 879]
[80, 965]
[80, 993]
[80, 1094]
[81, 333]
[81, 433]
[81, 577]
[81, 716]
[81, 1026]
[81, 1195]
[82, 257]
[82, 537]
[82, 955]
[82, 989]
[82, 1175]
[83, 123]
[83, 361]
[83, 456]
[83, 478]
[83, 504]
[84, 160]
[84, 473]
[84, 655]
[84, 969]
[85, 115]
[85, 446]
[85, 1094]
[85, 1143]
[86, 478]
[86, 484]
[86, 522]
[86, 813]
[86, 824]
[87, 239]
[87, 546]
[87, 612]
[87, 741]
[87, 1009]
[87, 1134]
[88, 595]
[88, 677]
[88, 755]
[88, 896]
[88, 927]
[89, 360]
[89, 381]
[89, 556]
[89, 587]
[89, 673]
[89, 877]
[90, 193]
[90, 305]
[90, 521]
[90, 684]
[90, 863]
[91, 667]
[91, 689]
[91, 691]
[91, 869]
[91, 974]
[91, 1063]
[92, 435]
[92, 701]
[92, 938]
[92, 968]
[92, 1150]
[93, 362]
[93, 482]
[93, 729]
[93, 747]
[93, 939]
[93, 1117]
[94, 221]
[94, 457]
[94, 632]
[94, 959]
[94, 1165]
[94, 1174]
[95, 104]
[95, 380]
[95, 557]
[95, 634]
[95, 841]
[95, 1155]
[96, 208]
[96, 404]
[96, 581]
[96, 788]
[96, 999]
[96, 1188]
[97, 141]
[97, 158]
[97, 456]
[97, 1122]
[97, 1137]
[98, 183]
[98, 198]
[98, 260]
[98, 324]
[98, 572]
[98, 675]
[99, 121]
[99, 192]
[99, 205]
[99, 258]
[99, 1011]
[100, 570]
[100, 574]
[100, 856]
[100, 878]
[100, 1031]
[101, 350]
[101, 489]
[101, 533]
[101, 769]
[101, 961]
[101, 1100]
[102, 344]
[102, 410]
[102, 573]
[102, 1024]
[102, 1130]
[102, 1194]
[103, 120]
[103, 418]
[103, 583]
[103, 901]
[104, 557]
[104, 634]
[104, 682]
[104, 783]
[104, 919]
[105, 196]
[105, 301]
[105, 382]
[105, 864]
[105, 876]
[105, 1035]
[106, 127]
[106, 236]
[106, 367]
[106, 615]
[107, 654]
[107, 820]
[107, 905]
[107, 922]
[107, 1192]
[108, 116]
[108, 223]
[108, 586]
[108, 866]
[108, 944]
[108, 1164]
[109, 227]
[109, 410]
[109, 455]
[109, 607]
[109, 762]
[109, 1139]
[110, 528]
[110, 691]
[110, 711]
[110, 914]
[110, 986]
[111, 577]
[111, 601]
[111, 751]
[111, 1002]
[111, 1072]
[111, 1192]
[112, 150]
[112, 342]
[112, 407]
[112, 741]
[112, 782]
[112, 1066]
[113, 504]
[113, 536]
[113, 753]
[113, 1135]
[113, 1137]
[113, 1157]
[114, 146]
[114, 625]
[114, 1043]
[114, 1061]
[114, 1071]
[115, 139]
[115, 446]
[115, 631]
[115, 1094]
[115, 1188]
[116, 269]
[116, 586]
[116, 732]
[116, 866]
[117, 179]
[117, 277]
[117, 343]
[117, 807]
[117, 953]
[117, 975]
[118, 133]
[118, 146]
[118, 187]
[118, 474]
[118, 752]
[118, 835]
[119, 131]
[119, 189]
[119, 264]
[119, 366]
[119, 881]
[119, 1075]
[120, 578]
[120, 583]
[120, 636]
[121, 205]
[121, 632]
[121, 908]
[121, 1147]
[122, 685]
[122, 723]
[122, 797]
[122, 966]
[122, 1010]
[122, 1131]
[123, 304]
[123, 361]
[123, 478]
[123, 840]
[123, 917]
[124, 270]
[124, 385]
[124, 1052]
[124, 1059]
[124, 1197]
[125, 252]
[125, 569]
[125, 799]
[125, 853]
[125, 935]
[125, 1180]
[126, 661]
[126, 882]
[126, 921]
[126, 925]
[126, 1148]
[126, 1150]
[127, 367]
[127, 615]
[127, 772]
[127, 991]
[127, 995]
[128, 173]
[128, 520]
[128, 750]
[128, 880]
[128, 967]
[129, 216]
[129, 436]
[129, 1057]
[129, 1090]
[129, 1092]
[129, 1161]
[130, 330]
[130, 429]
[130, 449]
[130, 707]
[130, 815]
[130, 894]
[131, 177]
[131, 264]
[131, 424]
[131, 470]
[131, 1075]
[132, 341]
[132, 554]
[132, 591]
[132, 710]
[132, 876]
[132, 889]
[133, 146]
[133, 378]
[133, 752]
[133, 924]
[133, 980]
[134, 594]
[134, 734]
[134, 899]
[134, 1101]
[134, 1133]
[135, 143]
[135, 170]
[135, 414]
[135, 596]
[135, 1103]
[135, 1165]
[136, 231]
[136, 263]
[136, 799]
[136, 860]
[136, 873]
[136, 904]
[137, 344]
[137, 510]
[137, 586]
[137, 854]
[137, 1088]
[138, 166]
[138, 195]
[138, 695]
[138, 888]
[139, 628]
[139, 631]
[139, 719]
[139, 1038]
[139, 1188]
[140, 497]
[140, 616]
[140, 910]
[140, 1062]
[140, 1175]
[141, 283]
[141, 427]
[141, 456]
[141, 1178]
[142, 285]
[142, 399]
[142, 527]
[142, 727]
[142, 1020]
[142, 1196]
[143, 194]
[143, 414]
[143, 454]
[143, 457]
[143, 596]
[144, 399]
[144, 554]
[144, 863]
[144, 1083]
[144, 1152]
[144, 1171]
[145, 444]
[145, 553]
[145, 681]
[145, 845]
[145, 1000]
[145, 1067]
[146, 752]
[146, 1061]
[146, 1071]
[147, 287]
[147, 492]
[147, 552]
[147, 811]
[147, 920]
[148, 472]
[148, 787]
[148, 982]
[148, 1185]
[149, 294]
[149, 451]
[149, 458]
[149, 719]
[149, 774]
[149, 999]
[150, 342]
[150, 962]
[150, 1066]
[150, 1116]
[151, 395]
[151, 610]
[151, 833]
[151, 884]
[151, 1055]
[151, 1182]
[152, 271]
[152, 736]
[152, 885]
[152, 955]
[152, 1109]
[152, 1111]
[153, 593]
[153, 644]
[153, 734]
[153, 954]
[153, 1107]
[154, 298]
[154, 422]
[154, 770]
[154, 839]
[154, 1017]
[154, 1028]
[155, 264]
[155, 448]
[155, 738]
[155, 920]
[155, 972]
[155, 1076]
[156, 159]
[156, 523]
[156, 543]
[156, 555]
[156, 658]
[156, 951]
[157, 447]
[157, 521]
[157, 579]
[157, 617]
[157, 1001]
[157, 1167]
[158, 735]
[158, 977]
[158, 1091]
[158, 1122]
[158, 1137]
[159, 299]
[159, 543]
[159, 658]
[159, 879]
[159, 1081]
[160, 487]
[160, 580]
[160, 655]
[160, 1021]
[161, 307]
[161, 576]
[161, 730]
[161, 855]
[161, 931]
[161, 948]
[162, 376]
[162, 433]
[162, 518]
[162, 549]
[162, 778]
[162, 904]
[163, 207]
[163, 411]
[163, 412]
[163, 530]
[163, 1065]
[163, 1168]
[164, 176]
[164, 315]
[164, 596]
[164, 949]
[164, 1045]
[164, 1047]
[165, 459]
[165, 585]
[165, 740]
[165, 751]
[165, 1102]
[165, 1184]
[166, 195]
[166, 526]
[166, 527]
[166, 540]
[166, 888]
[167, 251]
[167, 502]
[167, 570]
[167, 808]
[167, 827]
[167, 907]
[168, 475]
[168, 682]
[168, 694]
[168, 1068]
[168, 1082]
[169, 377]
[169, 597]
[169, 608]
[169, 654]
[169, 716]
[170, 460]
[170, 808]
[170, 1103]
[170, 1165]
[170, 1193]
[171, 273]
[171, 832]
[171, 1032]
[171, 1097]
[171, 1127]
[172, 225]
[172, 283]
[172, 531]
[172, 642]
[172, 804]
[173, 383]
[173, 616]
[173, 633]
[173, 750]
[173, 967]
[174, 316]
[174, 467]
[174, 523]
[174, 1046]
[174, 1055]
[174, 1129]
[175, 369]
[175, 439]
[175, 775]
[175, 964]
[175, 1164]
[176, 655]
[176, 703]
[176, 791]
[176, 949]
[176, 1045]
[177, 424]
[177, 470]
[177, 477]
[177, 593]
[178, 191]
[178, 442]
[178, 483]
[178, 599]
[178, 859]
[178, 983]
[179, 183]
[179, 564]
[179, 622]
[179, 953]
[179, 975]
[180, 189]
[180, 254]
[180, 320]
[180, 465]
[180, 509]
[180, 1023]
[181, 216]
[181, 754]
[181, 912]
[181, 1167]
[181, 1170]
[182, 261]
[182, 499]
[182, 792]
[182, 937]
[182, 1006]
[183, 324]
[183, 564]
[183, 622]
[183, 675]
[184, 212]
[184, 495]
[184, 761]
[184, 901]
[184, 1102]
[184, 1125]
[185, 415]
[185, 432]
[185, 514]
[185, 1001]
[185, 1006]
[185, 1128]
[186, 197]
[186, 623]
[186, 737]
[186, 851]
[186, 1069]
[187, 474]
[187, 539]
[187, 646]
[187, 660]
[187, 835]
[188, 242]
[188, 662]
[188, 668]
[188, 717]
[188, 883]
[188, 1143]
[189, 366]
[189, 465]
[189, 509]
[189, 881]
[190, 352]
[190, 601]
[190, 740]
[190, 802]
[190, 824]
[190, 935]
[191, 483]
[191, 599]
[191, 650]
[191, 672]
[192, 258]
[192, 764]
[192, 1011]
[192, 1133]
[192, 1199]
[193, 402]
[193, 521]
[193, 559]
[193, 863]
[193, 995]
[194, 454]
[194, 457]
[194, 647]
[194, 760]
[194, 988]
[195, 226]
[195, 318]
[195, 535]
[195, 888]
[196, 266]
[196, 301]
[196, 421]
[196, 1035]
[197, 309]
[197, 678]
[197, 737]
[197, 801]
[197, 851]
[198, 204]
[198, 260]
[198, 309]
[198, 572]
[198, 671]
[199, 512]
[199, 562]
[199, 919]
[199, 992]
[199, 1154]
[200, 603]
[200, 637]
[200, 664]
[200, 811]
[200, 1074]
[200, 1138]
[201, 291]
[201, 326]
[201, 398]
[201, 460]
[201, 856]
[201, 1100]
[202, 389]
[202, 392]
[202, 479]
[202, 1112]
[203, 254]
[203, 609]
[203, 1049]
[203, 1053]
[203, 1060]
[203, 1156]
[204, 233]
[204, 309]
[204, 327]
[204, 629]
[204, 671]
[205, 454]
[205, 498]
[205, 822]
[206, 208]
[206, 276]
[206, 296]
[206, 932]
[206, 1004]
[206, 1064]
[207, 263]
[207, 411]
[207, 412]
[208, 276]
[208, 932]
[208, 999]
[208, 1188]
[209, 278]
[209, 418]
[209, 723]
[209, 746]
[209, 896]
[210, 359]
[210, 403]
[210, 588]
[210, 868]
[211, 288]
[211, 669]
[211, 871]
[211, 930]
[211, 956]
[211, 1067]
[212, 459]
[212, 534]
[212, 901]
[212, 966]
[212, 1125]
[213, 347]
[213, 383]
[213, 396]
[213, 926]
[213, 960]
[213, 989]
[214, 411]
[214, 566]
[214, 825]
[214, 928]
[214, 963]
[214, 1187]
[215, 386]
[215, 830]
[215, 907]
[215, 924]
[215, 1089]
[215, 1108]
[216, 754]
[216, 1090]
[216, 1092]
[216, 1170]
[217, 287]
[217, 371]
[217, 582]
[217, 714]
[217, 771]
[218, 588]
[218, 597]
[218, 706]
[218, 852]
[218, 1126]
[219, 310]
[219, 516]
[219, 533]
[219, 688]
[219, 1014]
[219, 1107]
[220, 388]
[220, 556]
[220, 789]
[220, 936]
[220, 1038]
[220, 1166]
[221, 255]
[221, 959]
[221, 1165]
[221, 1168]
[221, 1187]
[222, 230]
[222, 250]
[222, 587]
[222, 726]
[222, 950]
[223, 374]
[223, 621]
[223, 944]
[223, 1088]
[223, 1164]
[224, 261]
[224, 326]
[224, 589]
[224, 700]
[224, 893]
[224, 961]
[225, 531]
[225, 829]
[226, 237]
[226, 297]
[226, 318]
[226, 535]
[227, 441]
[227, 455]
[227, 757]
[227, 759]
[227, 762]
[228, 334]
[228, 606]
[228, 690]
[228, 884]
[228, 886]
[228, 1140]
[229, 503]
[229, 516]
[229, 737]
[229, 831]
[229, 1027]
[229, 1068]
[230, 250]
[230, 355]
[230, 726]
[230, 798]
[230, 1124]
[231, 357]
[231, 372]
[231, 799]
[231, 904]
[231, 1033]
[232, 337]
[232, 499]
[232, 598]
[232, 645]
[232, 801]
[232, 1120]
[233, 327]
[233, 390]
[233, 629]
[233, 660]
[233, 1104]
[234, 572]
[234, 816]
[234, 842]
[234, 929]
[234, 953]
[234, 1116]
[235, 274]
[235, 370]
[235, 603]
[235, 686]
[235, 973]
[236, 373]
[236, 382]
[237, 297]
[237, 332]
[237, 401]
[237, 956]
[238, 298]
[238, 387]
[238, 568]
[238, 758]
[238, 790]
[239, 340]
[239, 546]
[239, 667]
[239, 680]
[239, 741]
[240, 311]
[240, 494]
[240, 643]
[240, 871]
[240, 978]
[240, 1186]
[241, 380]
[241, 541]
[241, 694]
[241, 954]
[241, 1112]
[241, 1142]
[242, 668]
[242, 879]
[242, 965]
[242, 1143]
[243, 573]
[243, 621]
[243, 725]
[243, 767]
[243, 823]
[243, 1058]
[244, 323]
[244, 427]
[244, 560]
[244, 641]
[244, 1021]
[244, 1096]
[245, 316]
[245, 419]
[245, 543]
[245, 606]
[245, 733]
[245, 1087]
[246, 251]
[246, 386]
[246, 412]
[246, 627]
[246, 777]
[247, 349]
[247, 695]
[247, 814]
[247, 903]
[247, 1040]
[247, 1198]
[248, 323]
[248, 743]
[248, 760]
[248, 990]
[248, 1158]
[249, 272]
[249, 356]
[249, 524]
[249, 548]
[249, 752]
[249, 938]
[250, 384]
[250, 420]
[250, 485]
[250, 726]
[251, 627]
[251, 777]
[251, 808]
[251, 827]
[252, 569]
[252, 642]
[252, 657]
[252, 799]
[253, 564]
[253, 718]
[253, 906]
[253, 909]
[253, 997]
[253, 1027]
[254, 320]
[254, 1023]
[254, 1053]
[254, 1156]
[255, 275]
[255, 648]
[255, 1013]
[255, 1168]
[255, 1187]
[256, 407]
[256, 508]
[256, 713]
[256, 756]
[256, 1091]
[256, 1157]
[257, 537]
[257, 592]
[257, 821]
[257, 989]
[257, 1015]
[258, 293]
[258, 706]
[258, 1011]
[258, 1151]
[259, 486]
[259, 492]
[259, 676]
[259, 714]
[259, 985]
[259, 1138]
[260, 390]
[260, 572]
[260, 708]
[260, 1185]
[261, 499]
[261, 589]
[261, 961]
[261, 1006]
[262, 325]
[262, 798]
[262, 810]
[262, 970]
[262, 982]
[262, 1191]
[263, 860]
[263, 873]
[264, 738]
[264, 1075]
[264, 1076]
[265, 325]
[265, 561]
[265, 735]
[265, 776]
[265, 838]
[266, 278]
[266, 421]
[266, 685]
[266, 837]
[267, 299]
[267, 406]
[267, 496]
[267, 889]
[267, 903]
[267, 921]
[268, 781]
[268, 821]
[268, 838]
[268, 857]
[268, 1124]
[269, 303]
[269, 732]
[269, 762]
[269, 865]
[270, 385]
[270, 448]
[270, 666]
[270, 818]
[270, 1059]
[271, 368]
[271, 372]
[271, 885]
[271, 955]
[271, 1180]
[272, 545]
[272, 625]
[272, 697]
[272, 752]
[272, 938]
[273, 486]
[273, 832]
[273, 1010]
[273, 1022]
[274, 370]
[274, 686]
[274, 784]
[274, 859]
[274, 945]
[275, 480]
[275, 648]
[275, 765]
[275, 1013]
[275, 1174]
[276, 446]
[276, 467]
[276, 916]
[276, 932]
[277, 343]
[277, 718]
[277, 807]
[277, 1082]
[277, 1163]
[278, 685]
[278, 837]
[278, 896]
[279, 416]
[279, 662]
[279, 828]
[279, 851]
[279, 1025]
[279, 1110]
[280, 547]
[280, 823]
[280, 944]
[280, 974]
[280, 1114]
[281, 304]
[281, 508]
[281, 780]
[281, 1078]
[281, 1135]
[282, 284]
[282, 495]
[282, 520]
[282, 757]
[282, 809]
[283, 427]
[283, 642]
[283, 804]
[283, 1178]
[284, 443]
[284, 607]
[284, 757]
[284, 913]
[285, 288]
[285, 468]
[285, 527]
[285, 558]
[285, 1196]
[286, 476]
[286, 676]
[286, 890]
[286, 958]
[286, 1125]
[286, 1169]
[287, 552]
[287, 582]
[287, 920]
[288, 468]
[288, 558]
[288, 669]
[288, 871]
[289, 818]
[289, 945]
[289, 1052]
[289, 1095]
[289, 1156]
[289, 1182]
[290, 319]
[290, 346]
[290, 565]
[290, 858]
[290, 902]
[290, 1132]
[291, 460]
[291, 744]
[291, 856]
[291, 959]
[291, 1115]
[292, 314]
[292, 413]
[292, 592]
[292, 747]
[292, 1190]
[293, 542]
[293, 706]
[293, 806]
[293, 1151]
[294, 458]
[294, 947]
[294, 999]
[294, 1004]
[294, 1085]
[295, 305]
[295, 320]
[295, 575]
[295, 772]
[296, 722]
[296, 1004]
[296, 1064]
[296, 1176]
[297, 652]
[297, 720]
[298, 758]
[298, 790]
[298, 839]
[298, 1017]
[299, 406]
[299, 879]
[299, 921]
[299, 1081]
[300, 704]
[300, 843]
[300, 852]
[300, 914]
[300, 981]
[300, 1036]
[301, 544]
[301, 652]
[301, 696]
[301, 1035]
[302, 371]
[302, 854]
[302, 865]
[302, 890]
[302, 1130]
[303, 507]
[303, 762]
[303, 865]
[303, 868]
[303, 1169]
[304, 840]
[304, 917]
[304, 1135]
[305, 684]
[305, 772]
[306, 635]
[306, 713]
[306, 782]
[306, 870]
[307, 363]
[307, 707]
[307, 730]
[307, 931]
[307, 1179]
[308, 408]
[308, 434]
[308, 453]
[308, 703]
[308, 805]
[308, 1041]
[309, 671]
[309, 678]
[309, 801]
[310, 516]
[310, 533]
[310, 644]
[310, 909]
[310, 1030]
[311, 845]
[311, 849]
[311, 871]
[311, 1028]
[311, 1186]
[312, 475]
[312, 551]
[312, 783]
[312, 834]
[312, 911]
[312, 1069]
[313, 425]
[313, 574]
[313, 702]
[313, 744]
[313, 790]
[313, 963]
[314, 413]
[314, 451]
[314, 630]
[314, 747]
[314, 887]
[315, 350]
[315, 596]
[315, 898]
[315, 1047]
[315, 1193]
[316, 543]
[316, 606]
[316, 1055]
[316, 1129]
[317, 563]
[317, 729]
[317, 814]
[317, 887]
[317, 946]
[317, 1044]
[318, 341]
[318, 349]
[318, 535]
[318, 544]
[319, 452]
[319, 565]
[319, 728]
[319, 858]
[319, 1019]
[320, 575]
[320, 1023]
[321, 653]
[321, 891]
[321, 951]
[321, 1016]
[321, 1044]
[321, 1093]
[322, 405]
[322, 489]
[322, 590]
[322, 822]
[322, 1030]
[322, 1047]
[323, 427]
[323, 641]
[323, 743]
[324, 675]
[324, 942]
[324, 1045]
[325, 735]
[325, 838]
[325, 982]
[325, 1191]
[326, 398]
[326, 700]
[326, 893]
[326, 1100]
[327, 356]
[327, 629]
[327, 835]
[327, 1120]
[328, 469]
[328, 513]
[328, 684]
[328, 710]
[328, 882]
[328, 1171]
[329, 345]
[329, 565]
[329, 635]
[329, 687]
[329, 874]
[329, 897]
[330, 425]
[330, 429]
[330, 532]
[330, 707]
[330, 1042]
[331, 649]
[331, 839]
[331, 850]
[331, 1032]
[331, 1144]
[332, 357]
[332, 401]
[332, 506]
[332, 525]
[332, 956]
[333, 433]
[333, 577]
[333, 698]
[333, 1029]
[333, 1184]
[334, 373]
[334, 591]
[334, 618]
[334, 690]
[334, 1140]
[335, 551]
[335, 788]
[335, 826]
[335, 915]
[335, 932]
[335, 987]
[336, 369]
[336, 552]
[336, 738]
[336, 748]
[336, 866]
[336, 875]
[337, 499]
[337, 538]
[337, 598]
[337, 769]
[337, 1039]
[338, 381]
[338, 545]
[338, 548]
[338, 668]
[339, 406]
[339, 540]
[339, 697]
[339, 1070]
[339, 1119]
[340, 434]
[340, 667]
[340, 680]
[340, 975]
[340, 1066]
[341, 349]
[341, 544]
[341, 554]
[341, 876]
[342, 408]
[342, 753]
[342, 969]
[342, 1066]
[343, 519]
[343, 680]
[343, 807]
[343, 1018]
[344, 510]
[344, 573]
[344, 1088]
[344, 1194]
[345, 565]
[345, 897]
[345, 926]
[345, 1098]
[346, 443]
[346, 880]
[346, 902]
[346, 1132]
[347, 396]
[347, 620]
[347, 756]
[347, 897]
[347, 960]
[348, 464]
[348, 483]
[348, 638]
[348, 812]
[348, 1099]
[348, 1194]
[349, 544]
[349, 695]
[349, 903]
[350, 489]
[350, 898]
[350, 1100]
[350, 1193]
[351, 359]
[351, 613]
[351, 649]
[351, 800]
[351, 958]
[351, 1195]
[352, 393]
[352, 633]
[352, 740]
[352, 802]
[352, 809]
[353, 378]
[353, 379]
[353, 474]
[353, 502]
[353, 514]
[353, 598]
[354, 370]
[354, 462]
[354, 1140]
[355, 531]
[355, 798]
[355, 1111]
[355, 1124]
[355, 1160]
[356, 524]
[356, 548]
[356, 835]
[356, 1120]
[357, 372]
[357, 506]
[357, 525]
[357, 1033]
[358, 403]
[358, 529]
[358, 576]
[358, 604]
[358, 748]
[358, 766]
[359, 800]
[359, 868]
[359, 958]
[360, 556]
[360, 629]
[360, 673]
[360, 1136]
[361, 478]
[361, 1072]
[362, 729]
[362, 747]
[362, 817]
[362, 1008]
[362, 1015]
[363, 594]
[363, 605]
[363, 651]
[363, 707]
[363, 1179]
[364, 584]
[364, 891]
[364, 895]
[364, 1040]
[365, 488]
[365, 612]
[365, 836]
[365, 1019]
[365, 1058]
[365, 1162]
[366, 730]
[366, 773]
[366, 881]
[366, 894]
[367, 615]
[367, 803]
[367, 832]
[367, 1074]
[368, 372]
[368, 699]
[368, 802]
[368, 910]
[368, 1180]
[369, 738]
[369, 775]
[369, 875]
[369, 1164]
[370, 686]
[371, 714]
[371, 771]
[371, 890]
[372, 1033]
[372, 1180]
[373, 382]
[373, 591]
[373, 618]
[374, 397]
[374, 621]
[374, 847]
[374, 964]
[374, 1088]
[375, 611]
[375, 829]
[375, 1061]
[375, 1108]
[376, 433]
[376, 549]
[376, 569]
[376, 1002]
[376, 1005]
[377, 480]
[377, 505]
[377, 597]
[377, 608]
[377, 923]
[378, 502]
[378, 514]
[378, 924]
[378, 980]
[379, 474]
[379, 598]
[379, 739]
[379, 827]
[379, 1173]
[380, 541]
[380, 694]
[380, 841]
[380, 1155]
[381, 545]
[381, 587]
[381, 877]
[382, 864]
[382, 876]
[383, 616]
[383, 633]
[383, 926]
[383, 989]
[384, 420]
[384, 485]
[384, 888]
[384, 941]
[384, 1073]
[385, 847]
[385, 971]
[385, 992]
[385, 1059]
[386, 412]
[386, 907]
[386, 1089]
[387, 568]
[387, 721]
[387, 948]
[387, 1149]
[388, 556]
[388, 631]
[388, 789]
[389, 392]
[389, 542]
[389, 775]
[389, 1199]
[390, 660]
[390, 708]
[390, 1104]
[390, 1185]
[391, 505]
[391, 549]
[391, 568]
[391, 670]
[391, 1013]
[391, 1026]
[392, 417]
[392, 571]
[392, 906]
[393, 522]
[393, 633]
[393, 809]
[393, 960]
[394, 402]
[394, 785]
[394, 849]
[394, 1017]
[394, 1037]
[394, 1042]
[395, 462]
[395, 672]
[395, 784]
[395, 884]
[395, 1182]
[396, 813]
[396, 960]
[396, 977]
[396, 1118]
[397, 463]
[397, 793]
[397, 847]
[397, 964]
[397, 1154]
[398, 605]
[398, 862]
[398, 1080]
[398, 1100]
[399, 727]
[399, 863]
[399, 1020]
[399, 1171]
[400, 405]
[400, 490]
[400, 795]
[400, 997]
[400, 1153]
[401, 553]
[401, 786]
[401, 956]
[401, 1054]
[402, 559]
[402, 849]
[402, 995]
[402, 1037]
[403, 588]
[403, 604]
[403, 748]
[404, 581]
[404, 788]
[404, 870]
[404, 1009]
[404, 1034]
[405, 822]
[405, 997]
[405, 1047]
[405, 1153]
[406, 921]
[406, 1119]
[407, 508]
[407, 741]
[407, 782]
[407, 1157]
[408, 453]
[408, 703]
[408, 753]
[408, 969]
[409, 471]
[409, 720]
[409, 745]
[409, 786]
[409, 797]
[409, 1035]
[410, 607]
[410, 1024]
[410, 1130]
[410, 1139]
[411, 412]
[411, 566]
[411, 825]
[413, 683]
[413, 693]
[413, 742]
[413, 747]
[414, 596]
[414, 791]
[414, 990]
[414, 1096]
[415, 514]
[415, 700]
[415, 878]
[415, 1006]
[416, 466]
[416, 662]
[416, 828]
[417, 571]
[417, 689]
[417, 806]
[417, 906]
[418, 723]
[418, 746]
[418, 901]
[419, 438]
[419, 709]
[419, 733]
[419, 1077]
[419, 1087]
[420, 485]
[420, 517]
[420, 526]
[420, 1043]
[421, 755]
[421, 892]
[422, 518]
[422, 770]
[422, 918]
[422, 984]
[422, 1028]
[423, 503]
[423, 541]
[423, 659]
[423, 674]
[423, 1014]
[423, 1025]
[424, 470]
[424, 509]
[424, 1060]
[424, 1090]
[425, 532]
[425, 702]
[425, 790]
[425, 1042]
[426, 637]
[426, 881]
[426, 972]
[426, 973]
[426, 1023]
[426, 1095]
[427, 641]
[427, 1178]
[428, 437]
[428, 445]
[428, 683]
[428, 902]
[428, 927]
[428, 1105]
[429, 550]
[429, 707]
[429, 867]
[429, 1170]
[430, 511]
[430, 610]
[430, 650]
[430, 1046]
[430, 1064]
[430, 1093]
[431, 743]
[431, 765]
[431, 819]
[431, 988]
[432, 731]
[432, 792]
[432, 968]
[432, 1001]
[432, 1128]
[433, 549]
[433, 577]
[434, 805]
[434, 975]
[434, 1041]
[434, 1066]
[435, 600]
[435, 938]
[435, 980]
[435, 1128]
[436, 674]
[436, 937]
[436, 994]
[436, 1057]
[436, 1161]
[437, 452]
[437, 902]
[437, 952]
[437, 1085]
[437, 1105]
[438, 513]
[438, 661]
[438, 709]
[438, 779]
[438, 1077]
[439, 619]
[439, 964]
[439, 1059]
[439, 1076]
[440, 656]
[440, 763]
[440, 768]
[440, 858]
[440, 913]
[440, 1162]
[441, 507]
[441, 757]
[441, 759]
[441, 761]
[441, 922]
[442, 578]
[442, 705]
[442, 771]
[442, 859]
[442, 983]
[443, 607]
[443, 880]
[443, 913]
[444, 559]
[444, 845]
[444, 1067]
[444, 1152]
[445, 630]
[445, 683]
[445, 927]
[445, 947]
[445, 1016]
[446, 467]
[446, 916]
[446, 1094]
[447, 521]
[447, 579]
[447, 600]
[447, 998]
[447, 1020]
[448, 666]
[448, 818]
[448, 920]
[448, 972]
[449, 602]
[449, 785]
[449, 815]
[449, 894]
[449, 991]
[450, 485]
[450, 614]
[450, 639]
[450, 1056]
[450, 1160]
[451, 630]
[451, 719]
[451, 774]
[451, 887]
[452, 728]
[452, 952]
[452, 1019]
[452, 1085]
[453, 536]
[453, 703]
[453, 979]
[453, 1158]
[454, 457]
[454, 498]
[454, 822]
[455, 749]
[455, 762]
[455, 843]
[455, 1051]
[456, 504]
[457, 632]
[457, 1174]
[458, 687]
[458, 728]
[458, 999]
[458, 1034]
[459, 534]
[459, 585]
[459, 966]
[459, 1184]
[460, 808]
[460, 856]
[460, 1193]
[461, 515]
[461, 778]
[461, 1007]
[461, 1029]
[461, 1033]
[461, 1054]
[462, 672]
[462, 784]
[462, 1140]
[463, 767]
[463, 793]
[463, 844]
[463, 1086]
[463, 1154]
[464, 722]
[464, 812]
[464, 836]
[464, 952]
[464, 1194]
[465, 509]
[465, 754]
[465, 815]
[466, 911]
[466, 916]
[466, 940]
[467, 523]
[467, 916]
[467, 1046]
[468, 494]
[468, 558]
[468, 830]
[468, 998]
[469, 513]
[469, 575]
[469, 618]
[469, 684]
[469, 1003]
[470, 567]
[470, 619]
[470, 1142]
[471, 720]
[471, 786]
[471, 1062]
[471, 1123]
[471, 1131]
[472, 561]
[472, 787]
[472, 789]
[472, 933]
[472, 982]
[473, 969]
[473, 1050]
[473, 1122]
[473, 1191]
[474, 598]
[474, 835]
[475, 834]
[475, 1068]
[475, 1069]
[475, 1082]
[476, 534]
[476, 676]
[476, 958]
[476, 1022]
[476, 1189]
[477, 593]
[477, 724]
[477, 796]
[477, 1092]
[478, 522]
[478, 824]
[479, 793]
[479, 1112]
[479, 1172]
[480, 505]
[480, 765]
[480, 923]
[480, 1174]
[481, 580]
[481, 627]
[481, 640]
[481, 900]
[481, 943]
[482, 497]
[482, 861]
[482, 939]
[482, 1117]
[483, 599]
[483, 638]
[483, 1099]
[484, 736]
[484, 804]
[484, 813]
[484, 853]
[485, 639]
[485, 1160]
[486, 985]
[486, 1010]
[486, 1022]
[486, 1138]
[487, 580]
[487, 715]
[487, 1021]
[487, 1050]
[487, 1178]
[488, 626]
[488, 836]
[488, 1012]
[488, 1058]
[488, 1086]
[489, 590]
[489, 1030]
[489, 1100]
[490, 501]
[490, 795]
[490, 805]
[490, 869]
[491, 498]
[491, 647]
[491, 795]
[491, 872]
[491, 1036]
[491, 1151]
[492, 676]
[492, 714]
[492, 811]
[493, 726]
[493, 781]
[493, 846]
[493, 877]
[493, 936]
[493, 996]
[494, 643]
[494, 830]
[494, 978]
[494, 998]
[495, 520]
[495, 761]
[495, 809]
[495, 1102]
[496, 584]
[496, 658]
[496, 690]
[496, 889]
[496, 903]
[497, 861]
[497, 1062]
[498, 795]
[498, 822]
[498, 1151]
[499, 598]
[499, 1006]
[500, 641]
[500, 648]
[500, 657]
[500, 1005]
[500, 1065]
[501, 711]
[501, 805]
[501, 869]
[501, 872]
[501, 979]
[502, 514]
[502, 570]
[502, 907]
[503, 541]
[503, 737]
[503, 1014]
[503, 1068]
[504, 536]
[504, 1135]
[505, 568]
[505, 923]
[505, 1026]
[506, 525]
[506, 614]
[506, 669]
[506, 873]
[507, 761]
[507, 868]
[507, 922]
[507, 1169]
[508, 780]
[508, 1078]
[508, 1157]
[509, 1060]
[509, 1090]
[510, 692]
[510, 971]
[510, 1088]
[510, 1099]
[511, 562]
[511, 610]
[511, 638]
[511, 650]
[511, 1176]
[512, 626]
[512, 826]
[512, 919]
[512, 1154]
[513, 661]
[513, 684]
[513, 779]
[514, 1006]
[515, 585]
[515, 699]
[515, 1033]
[515, 1054]
[515, 1123]
[516, 533]
[516, 831]
[516, 1027]
[517, 526]
[517, 558]
[517, 611]
[517, 1043]
[517, 1056]
[518, 778]
[518, 904]
[518, 918]
[518, 984]
[519, 680]
[519, 712]
[519, 844]
[519, 1018]
[519, 1063]
[520, 809]
[520, 880]
[521, 579]
[521, 863]
[522, 824]
[522, 960]
[523, 555]
[523, 951]
[523, 1046]
[524, 548]
[524, 701]
[524, 883]
[525, 639]
[525, 885]
[525, 1146]
[526, 527]
[526, 540]
[526, 1043]
[527, 540]
[527, 1196]
[528, 546]
[528, 691]
[528, 763]
[528, 780]
[528, 986]
[529, 576]
[529, 766]
[529, 1011]
[529, 1177]
[530, 560]
[530, 777]
[530, 1065]
[530, 1103]
[530, 1168]
[531, 1111]
[531, 1160]
[532, 665]
[532, 1031]
[532, 1042]
[533, 769]
[533, 961]
[534, 966]
[534, 1022]
[534, 1189]
[535, 930]
[535, 1083]
[535, 1196]
[536, 979]
[536, 1135]
[536, 1158]
[537, 989]
[537, 1109]
[537, 1118]
[538, 739]
[538, 769]
[538, 898]
[538, 942]
[538, 1039]
[539, 624]
[539, 646]
[539, 660]
[539, 943]
[539, 1071]
[540, 697]
[540, 1070]
[541, 694]
[541, 1014]
[542, 775]
[542, 806]
[542, 1199]
[543, 606]
[543, 658]
[544, 652]
[544, 696]
[545, 625]
[545, 697]
[546, 741]
[546, 763]
[546, 780]
[547, 732]
[547, 944]
[547, 1051]
[547, 1126]
[548, 668]
[549, 670]
[549, 1013]
[550, 651]
[550, 796]
[550, 867]
[550, 893]
[550, 1170]
[551, 783]
[551, 826]
[551, 911]
[551, 932]
[552, 748]
[552, 866]
[552, 920]
[553, 681]
[553, 786]
[553, 1000]
[553, 1054]
[554, 876]
[554, 1083]
[554, 1152]
[555, 951]
[555, 993]
[555, 1094]
[556, 673]
[556, 789]
[557, 634]
[557, 833]
[557, 1197]
[558, 611]
[558, 1056]
[559, 995]
[559, 1152]
[560, 777]
[560, 1021]
[560, 1096]
[560, 1103]
[561, 776]
[561, 789]
[561, 933]
[562, 638]
[562, 992]
[562, 1176]
[563, 628]
[563, 887]
[563, 993]
[563, 1044]
[563, 1145]
[564, 622]
[564, 718]
[564, 1027]
[565, 858]
[565, 897]
[566, 825]
[566, 860]
[566, 918]
[566, 1186]
[567, 619]
[567, 841]
[567, 1049]
[567, 1142]
[568, 1026]
[569, 799]
[569, 1002]
[569, 1005]
[570, 856]
[570, 878]
[570, 907]
[571, 712]
[571, 906]
[571, 1163]
[571, 1172]
[572, 953]
[572, 1116]
[573, 725]
[573, 1058]
[573, 1194]
[574, 744]
[574, 963]
[574, 1031]
[575, 618]
[575, 1003]
[576, 766]
[576, 855]
[576, 948]
[577, 751]
[577, 1192]
[578, 636]
[578, 705]
[578, 771]
[579, 643]
[579, 1037]
[580, 627]
[580, 640]
[580, 1021]
[581, 788]
[581, 842]
[582, 666]
[582, 692]
[582, 983]
[583, 1024]
[584, 658]
[584, 690]
[584, 891]
[584, 1040]
[585, 699]
[585, 1123]
[585, 1184]
[586, 854]
[586, 866]
[587, 877]
[587, 950]
[588, 597]
[589, 688]
[589, 724]
[589, 961]
[589, 994]
[590, 1030]
[590, 1080]
[590, 1101]
[591, 618]
[591, 710]
[591, 889]
[592, 821]
[592, 1015]
[592, 1190]
[593, 954]
[593, 1107]
[594, 605]
[594, 651]
[594, 899]
[595, 599]
[595, 636]
[595, 677]
[595, 927]
[595, 1183]
[596, 1047]
[597, 608]
[599, 636]
[599, 1183]
[600, 980]
[600, 998]
[600, 1020]
[600, 1128]
[601, 824]
[601, 935]
[601, 1002]
[601, 1072]
[602, 785]
[602, 803]
[602, 850]
[602, 991]
[602, 1048]
[603, 973]
[603, 1074]
[603, 1138]
[604, 748]
[604, 800]
[605, 651]
[605, 862]
[605, 1080]
[606, 884]
[606, 886]
[607, 913]
[607, 1139]
[608, 704]
[608, 819]
[608, 905]
[609, 1049]
[609, 1060]
[609, 1077]
[609, 1113]
[609, 1161]
[610, 650]
[610, 833]
[610, 1055]
[611, 1056]
[611, 1061]
[611, 1108]
[612, 1009]
[612, 1019]
[612, 1134]
[612, 1162]
[613, 649]
[613, 698]
[613, 1127]
[613, 1189]
[613, 1195]
[614, 669]
[614, 873]
[614, 1056]
[615, 864]
[615, 1159]
[616, 633]
[616, 910]
[616, 1175]
[617, 665]
[617, 867]
[617, 1001]
[617, 1167]
[618, 1003]
[619, 1059]
[619, 1076]
[619, 1142]
[620, 656]
[620, 756]
[620, 897]
[620, 1078]
[621, 767]
[621, 823]
[621, 1088]
[622, 949]
[622, 1041]
[622, 1153]
[623, 663]
[623, 671]
[623, 816]
[623, 1069]
[624, 810]
[624, 943]
[624, 950]
[624, 1071]
[624, 1181]
[625, 697]
[625, 1043]
[626, 826]
[626, 1012]
[626, 1086]
[627, 640]
[627, 777]
[628, 719]
[628, 993]
[628, 1038]
[628, 1145]
[629, 1136]
[630, 887]
[630, 947]
[630, 1016]
[631, 1188]
[632, 908]
[632, 1147]
[632, 1174]
[633, 809]
[634, 934]
[634, 940]
[634, 1129]
[635, 687]
[635, 713]
[635, 874]
[636, 1183]
[637, 664]
[637, 811]
[637, 881]
[637, 972]
[638, 1099]
[638, 1176]
[639, 885]
[639, 1146]
[639, 1160]
[640, 646]
[640, 1121]
[640, 1173]
[641, 657]
[641, 1065]
[642, 657]
[642, 804]
[643, 978]
[643, 1037]
[644, 734]
[644, 909]
[644, 1030]
[645, 801]
[645, 1110]
[645, 1120]
[646, 660]
[646, 1121]
[646, 1173]
[647, 760]
[647, 872]
[647, 988]
[647, 1036]
[648, 1005]
[648, 1013]
[649, 1144]
[649, 1195]
[650, 672]
[651, 796]
[651, 893]
[652, 696]
[652, 720]
[653, 677]
[653, 895]
[653, 1016]
[653, 1093]
[654, 716]
[654, 922]
[654, 1192]
[655, 703]
[655, 791]
[656, 858]
[656, 913]
[656, 1078]
[657, 1065]
[658, 690]
[659, 674]
[659, 976]
[659, 1025]
[659, 1113]
[659, 1155]
[660, 1104]
[661, 779]
[661, 925]
[661, 1150]
[662, 717]
[662, 828]
[662, 883]
[663, 671]
[663, 816]
[663, 1136]
[664, 773]
[664, 811]
[664, 1048]
[664, 1106]
[665, 867]
[665, 1031]
[666, 692]
[666, 818]
[666, 983]
[667, 680]
[667, 691]
[667, 869]
[668, 1143]
[669, 871]
[669, 873]
[670, 758]
[670, 928]
[670, 984]
[670, 1013]
[671, 816]
[672, 784]
[673, 787]
[673, 1104]
[673, 1181]
[674, 937]
[674, 994]
[674, 1025]
[675, 678]
[675, 831]
[675, 1039]
[676, 714]
[676, 958]
[677, 895]
[677, 927]
[678, 801]
[678, 831]
[678, 1039]
[679, 774]
[679, 776]
[679, 857]
[679, 874]
[679, 1166]
[679, 1190]
[680, 1018]
[681, 745]
[681, 1000]
[681, 1159]
[682, 694]
[682, 783]
[682, 919]
[683, 693]
[683, 742]
[683, 927]
[685, 797]
[685, 837]
[685, 1010]
[686, 705]
[686, 837]
[686, 985]
[687, 728]
[687, 874]
[687, 1034]
[688, 724]
[688, 994]
[688, 1014]
[688, 1107]
[689, 806]
[689, 974]
[689, 1063]
[690, 1140]
[691, 869]
[691, 986]
[692, 971]
[692, 983]
[692, 1099]
[693, 742]
[693, 1084]
[693, 1117]
[695, 903]
[696, 892]
[696, 939]
[696, 1198]
[697, 1070]
[698, 1029]
[698, 1127]
[698, 1184]
[698, 1189]
[699, 802]
[699, 910]
[699, 1123]
[700, 878]
[700, 893]
[701, 883]
[701, 968]
[701, 1150]
[702, 721]
[702, 790]
[702, 957]
[702, 1179]
[703, 791]
[704, 819]
[704, 852]
[704, 905]
[704, 1036]
[705, 771]
[705, 837]
[705, 985]
[706, 852]
[706, 1126]
[706, 1151]
[707, 1179]
[708, 1121]
[708, 1185]
[709, 886]
[709, 1003]
[709, 1053]
[709, 1077]
[710, 882]
[710, 889]
[710, 1171]
[711, 872]
[711, 914]
[711, 979]
[712, 844]
[712, 1063]
[712, 1163]
[712, 1172]
[713, 756]
[713, 1091]
[714, 771]
[715, 900]
[715, 970]
[715, 1050]
[715, 1178]
[716, 1026]
[716, 1195]
[717, 733]
[717, 883]
[717, 925]
[717, 1081]
[718, 1027]
[718, 1082]
[718, 1163]
[719, 774]
[719, 1038]
[720, 786]
[721, 948]
[721, 957]
[721, 1149]
[721, 1179]
[722, 836]
[722, 952]
[722, 1176]
[723, 746]
[723, 966]
[723, 1131]
[724, 796]
[724, 994]
[724, 1092]
[725, 768]
[725, 1058]
[725, 1139]
[725, 1141]
[726, 781]
[726, 846]
[727, 1020]
[727, 1070]
[727, 1148]
[728, 1019]
[728, 1034]
[729, 747]
[729, 814]
[729, 946]
[730, 773]
[730, 894]
[730, 931]
[731, 779]
[731, 792]
[731, 912]
[731, 968]
[731, 1057]
[732, 1051]
[732, 1126]
[733, 925]
[733, 1081]
[733, 1087]
[734, 1101]
[734, 1133]
[735, 838]
[735, 977]
[735, 1091]
[736, 804]
[736, 853]
[736, 1109]
[736, 1111]
[737, 851]
[737, 1068]
[738, 875]
[738, 1076]
[739, 827]
[739, 898]
[739, 942]
[739, 1173]
[740, 751]
[740, 802]
[740, 1102]
[741, 782]
[742, 750]
[742, 1098]
[742, 1132]
[744, 959]
[744, 963]
[744, 1115]
[745, 797]
[745, 1035]
[745, 1159]
[746, 967]
[746, 1084]
[748, 866]
[749, 843]
[749, 986]
[749, 1051]
[749, 1114]
[749, 1141]
[750, 967]
[750, 1098]
[750, 1132]
[751, 1102]
[751, 1192]
[752, 938]
[753, 969]
[753, 1137]
[753, 1157]
[754, 815]
[754, 1170]
[755, 892]
[755, 896]
[756, 897]
[756, 1091]
[757, 759]
[758, 790]
[758, 928]
[758, 984]
[759, 820]
[759, 840]
[759, 981]
[760, 988]
[760, 990]
[760, 1158]
[761, 922]
[761, 1102]
[762, 865]
[763, 768]
[763, 780]
[763, 1162]
[764, 766]
[764, 794]
[764, 875]
[764, 1133]
[764, 1199]
[765, 819]
[765, 988]
[765, 1174]
[766, 794]
[766, 875]
[767, 823]
[767, 844]
[767, 1086]
[768, 1139]
[768, 1141]
[768, 1162]
[769, 961]
[769, 1039]
[770, 1000]
[770, 1007]
[770, 1028]
[770, 1097]
[772, 991]
[772, 995]
[773, 894]
[773, 1048]
[773, 1106]
[774, 874]
[774, 1190]
[775, 1164]
[775, 1199]
[776, 857]
[776, 1166]
[777, 1103]
[778, 904]
[778, 1007]
[778, 1029]
[779, 912]
[779, 1057]
[780, 1078]
[781, 821]
[781, 846]
[781, 857]
[782, 870]
[783, 911]
[783, 919]
[784, 859]
[784, 945]
[785, 991]
[785, 1017]
[785, 1042]
[786, 1054]
[787, 982]
[787, 1104]
[787, 1181]
[788, 915]
[788, 987]
[789, 933]
[791, 990]
[791, 1096]
[792, 937]
[792, 968]
[793, 1154]
[793, 1172]
[794, 875]
[794, 899]
[794, 931]
[794, 1075]
[795, 1151]
[796, 893]
[796, 1092]
[797, 1010]
[797, 1035]
[798, 810]
[798, 970]
[798, 1124]
[799, 904]
[800, 958]
[801, 1120]
[802, 910]
[803, 832]
[803, 850]
[803, 1048]
[803, 1074]
[804, 853]
[805, 869]
[805, 1041]
[807, 834]
[807, 929]
[807, 987]
[808, 827]
[808, 1193]
[810, 950]
[810, 970]
[810, 1181]
[812, 1105]
[812, 1183]
[812, 1194]
[813, 977]
[813, 1118]
[814, 946]
[814, 1040]
[814, 1198]
[815, 894]
[816, 842]
[816, 929]
[817, 861]
[817, 1008]
[817, 1015]
[818, 945]
[818, 1095]
[819, 905]
[819, 988]
[820, 840]
[820, 905]
[820, 981]
[821, 857]
[821, 1015]
[822, 1047]
[823, 974]
[823, 1114]
[824, 935]
[825, 978]
[825, 1089]
[826, 932]
[827, 1173]
[828, 934]
[828, 976]
[828, 1087]
[830, 924]
[830, 998]
[830, 1108]
[831, 1027]
[831, 1039]
[832, 1074]
[833, 1055]
[833, 1197]
[834, 929]
[834, 987]
[834, 1069]
[835, 1120]
[836, 952]
[836, 1058]
[837, 985]
[838, 1124]
[839, 850]
[839, 1017]
[839, 1032]
[840, 917]
[840, 981]
[841, 1049]
[841, 1155]
[842, 929]
[843, 914]
[843, 981]
[843, 1051]
[844, 1063]
[844, 1086]
[845, 849]
[845, 1028]
[845, 1067]
[846, 941]
[846, 1008]
[847, 964]
[847, 971]
[847, 992]
[848, 946]
[848, 996]
[848, 1079]
[848, 1145]
[849, 1028]
[849, 1037]
[850, 1032]
[850, 1048]
[851, 1025]
[851, 1110]
[852, 1036]
[852, 1126]
[853, 935]
[853, 1180]
[854, 865]
[854, 1130]
[855, 948]
[855, 1106]
[855, 1144]
[856, 878]
[857, 1166]
[858, 913]
[859, 945]
[859, 983]
[860, 873]
[860, 918]
[860, 1186]
[862, 908]
[862, 957]
[862, 1080]
[862, 1115]
[863, 1171]
[864, 876]
[864, 1159]
[865, 1130]
[867, 1170]
[868, 1169]
[870, 1009]
[870, 1034]
[871, 1186]
[872, 979]
[872, 1036]
[874, 1190]
[877, 936]
[877, 996]
[879, 965]
[879, 1081]
[881, 972]
[882, 921]
[882, 1148]
[882, 1171]
[884, 886]
[884, 1182]
[885, 955]
[885, 1146]
[886, 1003]
[886, 1053]
[887, 1044]
[888, 941]
[888, 1073]
[889, 903]
[890, 1125]
[890, 1169]
[891, 951]
[891, 1040]
[891, 1044]
[892, 939]
[892, 1198]
[898, 942]
[898, 1193]
[899, 931]
[899, 1075]
[900, 943]
[900, 970]
[901, 1125]
[902, 1105]
[902, 1132]
[906, 909]
[906, 997]
[907, 1089]
[908, 957]
[908, 1115]
[908, 1147]
[909, 997]
[909, 1030]
[910, 1175]
[911, 916]
[911, 940]
[912, 1057]
[912, 1167]
[914, 981]
[915, 987]
[915, 1012]
[915, 1018]
[915, 1134]
[916, 940]
[918, 984]
[918, 1186]
[919, 1154]
[920, 972]
[921, 1148]
[922, 1192]
[923, 1147]
[923, 1149]
[923, 1177]
[924, 980]
[924, 1108]
[925, 1081]
[925, 1150]
[926, 989]
[926, 1098]
[928, 963]
[928, 984]
[928, 1187]
[929, 987]
[930, 956]
[930, 1067]
[930, 1083]
[930, 1196]
[931, 1075]
[933, 962]
[934, 940]
[934, 976]
[934, 1087]
[934, 1129]
[935, 1180]
[936, 996]
[936, 1038]
[936, 1166]
[937, 994]
[939, 1117]
[939, 1198]
[940, 1129]
[941, 1008]
[941, 1073]
[942, 1045]
[943, 1071]
[944, 1164]
[945, 1095]
[947, 1004]
[947, 1016]
[947, 1085]
[948, 1149]
[949, 1041]
[949, 1045]
[949, 1153]
[950, 1181]
[951, 1044]
[952, 1085]
[953, 975]
[953, 1116]
[954, 1107]
[954, 1112]
[954, 1142]
[955, 1175]
[956, 1067]
[957, 1115]
[957, 1179]
[959, 1115]
[959, 1165]
[962, 1116]
[963, 1187]
[965, 1079]
[965, 1119]
[966, 1131]
[967, 1084]
[968, 1150]
[971, 992]
[971, 1099]
[973, 1023]
[973, 1095]
[974, 1063]
[974, 1114]
[975, 1066]
[976, 1087]
[976, 1113]
[976, 1155]
[977, 1091]
[977, 1118]
[978, 1089]
[979, 1158]
[980, 1128]
[982, 1191]
[985, 1138]
[986, 1114]
[986, 1141]
[990, 1096]
[990, 1158]
[991, 995]
[993, 1094]
[993, 1145]
[996, 1079]
[996, 1145]
[997, 1153]
[998, 1020]
[999, 1188]
[1000, 1007]
[1000, 1097]
[1001, 1128]
[1001, 1167]
[1002, 1005]
[1002, 1072]
[1003, 1053]
[1004, 1064]
[1004, 1085]
[1007, 1029]
[1007, 1097]
[1008, 1015]
[1009, 1034]
[1009, 1134]
[1010, 1022]
[1011, 1177]
[1012, 1018]
[1012, 1086]
[1012, 1134]
[1014, 1107]
[1016, 1093]
[1017, 1042]
[1018, 1134]
[1019, 1162]
[1021, 1096]
[1022, 1189]
[1023, 1095]
[1024, 1130]
[1025, 1110]
[1026, 1195]
[1029, 1184]
[1032, 1097]
[1032, 1127]
[1033, 1054]
[1038, 1166]
[1040, 1198]
[1041, 1153]
[1046, 1064]
[1046, 1093]
[1048, 1106]
[1049, 1060]
[1050, 1122]
[1050, 1178]
[1050, 1191]
[1051, 1126]
[1052, 1156]
[1052, 1182]
[1052, 1197]
[1053, 1156]
[1055, 1129]
[1057, 1161]
[1059, 1076]
[1060, 1090]
[1061, 1071]
[1061, 1108]
[1062, 1123]
[1062, 1131]
[1064, 1093]
[1065, 1168]
[1068, 1082]
[1070, 1148]
[1073, 1146]
[1074, 1138]
[1077, 1113]
[1077, 1161]
[1079, 1119]
[1079, 1145]
[1080, 1101]
[1082, 1163]
[1083, 1152]
[1083, 1196]
[1084, 1117]
[1090, 1092]
[1097, 1127]
[1098, 1132]
[1101, 1133]
[1103, 1165]
[1104, 1181]
[1105, 1183]
[1106, 1144]
[1109, 1111]
[1109, 1118]
[1111, 1160]
[1112, 1142]
[1113, 1155]
[1113, 1161]
[1114, 1141]
[1121, 1173]
[1122, 1137]
[1122, 1191]
[1123, 1131]
[1125, 1169]
[1127, 1189]
[1133, 1199]
[1137, 1157]
[1139, 1141]
[1147, 1149]
[1147, 1177]
[1149, 1177]
[1156, 1182]
[1163, 1172]
[1168, 1187]
