(0, 386, 451, 44, 53, 603)->[(-1-1*r5), (1-1*r5), 2, -4]
(0, 129, 541, 669, 457, 555, 44, 591, 369, 117, 603, 285)->[(-1-1*r5), (-1-1*r5), (1+1*r5), (-1-1*r5)]
(0, 451, 457, 44, 217, 442)->[-2, -2, 2, (0-2*r5)]
(0, 356, 521, 591, 91, 541)->[-2, (1-1*r5), 4, (-1-1*r5)]
(0, 386, 356, 603, 283, 541)->[(-1-1*r5), (-3+1*r5), (1+1*r5), (-1-1*r5)]
(0, 353, 386, 451, 356, 581, 611, 263, 707, 521, 586, 442)->[-2, 0, (1+1*r5), (-3-1*r5)]
(0, 457, 521, 591, 276, 442)->[(1-1*r5), -2, (1+1*r5), -4]
(224, 7, 208, 209, 210, 316)->[(-1-1*r5), (0-2*r5), 0, (1-1*r5)]
(197, 265, 268, 434, 20, 502)->[(0+2*r5), 0, (-1-1*r5), (1-1*r5)]
(516, 199, 239, 434, 663, 253)->[(1+1*r5), (3-1*r5), (-1-1*r5), (-1-1*r5)]
(580, 298, 331, 494, 241, 150)->[(3+1*r5), (-3+1*r5), 0, 2]
(196, 68, 717, 374, 695, 121)->[2, 0, (3-1*r5), (3+1*r5)]
(449, 515, 102, 73, 492, 589)->[(1+1*r5), 2, 4, (-1+1*r5)]
(549, 645, 109, 47, 309, 315)->[0, (-1-1*r5), (0+2*r5), (-1+1*r5)]
(367, 111, 113, 694, 30, 574)->[(-1-1*r5), 0, (1-1*r5), (0+2*r5)]
(296, 211, 248, 251, 158, 671)->[(3+1*r5), (-3+1*r5), 0, -2]
(67, 269, 303, 594, 467, 532)->[(1-1*r5), (1+1*r5), -4, -2]
(256, 321, 274, 281, 187, 284)->[(1+1*r5), (0-2*r5), 0, (-1+1*r5)]
(233, 369, 117, 603, 508, 607)->[(0-2*r5), -2, 2, -2]
(192, 487, 75, 527, 719, 660)->[-4, (-1+1*r5), (-1-1*r5), -2]
(513, 393, 684, 112, 208, 244)->[-2, (0-2*r5), -2, -2]
(225, 290, 10, 719, 254, 287)->[-4, (1-1*r5), (-1-1*r5), -2]
(227, 167, 330, 471, 473, 447)->[2, -4, (1+1*r5), (1-1*r5)]
(704, 424, 170, 48, 87, 414)->[4, 2, (-1+1*r5), (1+1*r5)]
(544, 8, 553, 204, 52, 539)->[-2, (0+2*r5), 2, -2]
(516, 202, 437, 502, 247, 378)->[(0+2*r5), 2, -2, -2]
(248, 197, 358, 265, 502, 24)->[(3+1*r5), 0, -2, (-3+1*r5)]
(552, 270, 273, 529, 405, 56)->[2, (1-1*r5), 4, (1+1*r5)]
(325, 135, 429, 145, 63, 287)->[-4, -2, (1-1*r5), (-1-1*r5)]
(705, 486, 295, 619, 243, 440)->[(-3+1*r5), (1+1*r5), (1+1*r5), (1+1*r5)]
(320, 354, 16, 214, 409, 539)->[0, (3+1*r5), (3-1*r5), -2]
(224, 545, 642, 690, 62, 543)->[-2, (-3-1*r5), 0, (3-1*r5)]
(646, 520, 271, 239, 662, 319)->[2, 2, (0-2*r5), -2]
(192, 706, 388, 617, 501, 54)->[(-1-1*r5), (-1+1*r5), -2, -4]
(396, 206, 14, 372, 600, 249)->[(1-1*r5), (1+1*r5), -4, 2]
(198, 297, 80, 146, 313, 475)->[(3-1*r5), (1+1*r5), (1+1*r5), (-1-1*r5)]
(386, 611, 586, 692, 314, 507)->[(-1-1*r5), (-1+1*r5), 2, -4]
(361, 426, 396, 505, 503, 25)->[(-1-1*r5), 2, -4, (-1+1*r5)]
(579, 174, 179, 280, 571, 95)->[(-1-1*r5), (-1+1*r5), 2, 4]
(67, 303, 467, 23, 408, 444)->[(-3+1*r5), (1+1*r5), (-1-1*r5), (-1-1*r5)]
(288, 14, 600, 249, 410, 191)->[0, (1+1*r5), (0-2*r5), (-1+1*r5)]
(480, 45, 124, 568, 380, 223)->[(1+1*r5), (1-1*r5), 2, -4]
(449, 105, 556, 560, 305, 216)->[4, 0, 4, 0]
(257, 323, 686, 175, 631, 57)->[(-3-1*r5), (1-1*r5), (1-1*r5), (-1+1*r5)]
(321, 136, 49, 151, 445, 511)->[(0+2*r5), (-1-1*r5), (1-1*r5), 0]
(417, 578, 162, 205, 281, 637)->[(-1+1*r5), (-3-1*r5), (1-1*r5), (-1+1*r5)]
(711, 203, 716, 176, 188, 701)->[0, (1-1*r5), (-1-1*r5), (0+2*r5)]
(512, 612, 440, 458, 588, 152)->[(-1+1*r5), 4, 2, (1+1*r5)]
(384, 134, 168, 12, 21, 469)->[-4, 0, 4, 0]
(195, 389, 302, 627, 666, 123)->[(-3-1*r5), (-1+1*r5), (-1+1*r5), (1-1*r5)]
(709, 74, 653, 271, 498, 28)->[2, 4, (-1-1*r5), (1-1*r5)]
(225, 194, 673, 267, 43, 59)->[-2, -2, (0-2*r5), -2]
(7, 10, 684, 429, 528, 435)->[-4, (-1-1*r5), -2, (1-1*r5)]
(551, 360, 76, 274, 120, 382)->[4, (-1-1*r5), 2, (-1+1*r5)]
(384, 708, 240, 569, 411, 446)->[(-1-1*r5), 2, 4, (1-1*r5)]
(513, 644, 267, 43, 59, 60)->[(1-1*r5), (-1-1*r5), -4, -2]
(512, 362, 619, 492, 432, 415)->[(-1+1*r5), (1+1*r5), 4, 2]
(228, 517, 260, 644, 592, 340)->[(3-1*r5), (-1-1*r5), (-1-1*r5), (-1-1*r5)]
(193, 454, 587, 689, 306, 118)->[(1-1*r5), -4, -2, (1+1*r5)]
(360, 298, 238, 494, 341, 150)->[(3+1*r5), (1-1*r5), (-1+1*r5), (-1+1*r5)]
(74, 269, 373, 600, 410, 191)->[0, 4, -4, 0]
(385, 293, 614, 688, 218, 125)->[-2, (1+1*r5), (1-1*r5), 4]
(362, 13, 463, 697, 342, 537)->[0, 4, 4, 0]
(705, 387, 295, 619, 537, 61)->[(1-1*r5), (1+1*r5), 4, 2]
(224, 416, 642, 208, 210, 690)->[-2, (-3-1*r5), 0, (-3+1*r5)]
(160, 514, 494, 48, 278, 185)->[(3+1*r5), (-1+1*r5), (-1+1*r5), (-1+1*r5)]
(549, 645, 47, 563, 51, 436)->[0, -2, (3+1*r5), (3-1*r5)]
(229, 72, 392, 155, 687, 379)->[(1+1*r5), 4, (1-1*r5), 2]
(546, 3, 677, 241, 114, 629)->[4, -2, (1-1*r5), (1+1*r5)]
(485, 327, 650, 626, 693, 472)->[-4, 4, 0, 0]
(161, 193, 329, 564, 252, 543)->[(-1-1*r5), -4, (1-1*r5), 2]
(544, 576, 8, 553, 697, 411)->[-2, 4, (1+1*r5), (1-1*r5)]
(455, 679, 237, 468, 598, 315)->[(1-1*r5), (0-2*r5), (1+1*r5), 0]
(192, 452, 527, 660, 213, 222)->[(0-2*r5), 2, -2, -2]
(608, 66, 72, 404, 437, 441)->[(0+2*r5), (1+1*r5), (1-1*r5), 0]
(482, 131, 392, 712, 81, 665)->[2, (1+1*r5), (1-1*r5), 4]
(517, 6, 393, 428, 620, 219)->[0, (0-2*r5), (1-1*r5), (-1-1*r5)]
(640, 710, 467, 408, 444, 351)->[(1-1*r5), 4, -2, (-1-1*r5)]
(332, 565, 407, 346, 188, 574)->[(1-1*r5), (1-1*r5), (1-1*r5), (3+1*r5)]
(135, 429, 112, 630, 316, 63)->[(-1-1*r5), (-1-1*r5), (-3+1*r5), (-1-1*r5)]
(391, 362, 13, 463, 26, 221)->[(-1+1*r5), (0+2*r5), (1+1*r5), 0]
(226, 293, 688, 19, 628, 218)->[(-1-1*r5), (1+1*r5), (-3+1*r5), (1+1*r5)]
(129, 209, 210, 369, 316, 285)->[(-1-1*r5), -4, (-1+1*r5), -2]
(42, 332, 306, 570, 188, 574)->[-2, -2, -2, (0+2*r5)]
(514, 494, 238, 305, 341, 185)->[(3+1*r5), 0, 2, (3-1*r5)]
(160, 608, 643, 524, 278, 185)->[(3+1*r5), 2, (3-1*r5), 0]
(514, 102, 424, 170, 48, 278)->[(0+2*r5), 2, 2, 2]
(110, 654, 115, 567, 568, 251)->[4, 0, 0, -4]
(34, 419, 515, 102, 492, 221)->[(1+1*r5), (1+1*r5), (1+1*r5), (3-1*r5)]
(398, 92, 244, 186, 60, 413)->[(1-1*r5), (0-2*r5), (-1-1*r5), 0]
(325, 135, 233, 106, 145, 53)->[(0-2*r5), (1-1*r5), 0, (-1-1*r5)]
(498, 404, 437, 247, 441, 378)->[4, (1+1*r5), -2, (1-1*r5)]
(455, 300, 625, 468, 308, 315)->[-2, -4, (1+1*r5), (-1+1*r5)]
(484, 165, 166, 520, 23, 253)->[(-1+1*r5), 2, (-1-1*r5), -4]
(487, 75, 532, 660, 86, 25)->[(-1-1*r5), 2, -4, (1-1*r5)]
(260, 107, 79, 633, 345, 219)->[2, (0-2*r5), -2, -2]
(673, 523, 491, 651, 84, 412)->[(-3+1*r5), 0, (-3-1*r5), -2]
(326, 554, 471, 634, 638, 127)->[(1+1*r5), -4, (-1+1*r5), -2]
(288, 675, 613, 582, 657, 377)->[2, 2, (0-2*r5), 2]
(37, 328, 269, 400, 373, 600)->[(1-1*r5), (0+2*r5), (-1-1*r5), 0]
(391, 71, 80, 214, 536, 318)->[2, (0+2*r5), 2, -2]
(704, 97, 482, 687, 623, 85)->[4, 2, (1-1*r5), (1+1*r5)]
(299, 557, 83, 563, 538, 540)->[(-1+1*r5), (1-1*r5), (3+1*r5), (1-1*r5)]
(647, 104, 558, 656, 596, 90)->[0, (-3+1*r5), -2, (-3-1*r5)]
(136, 360, 298, 671, 341, 479)->[(3+1*r5), -2, (3-1*r5), 0]
(167, 299, 275, 538, 540, 542)->[2, -2, (0+2*r5), -2]
(706, 710, 9, 213, 312, 58)->[(-1-1*r5), (1+1*r5), (-3+1*r5), (-1-1*r5)]
(705, 579, 486, 334, 243, 664)->[(1-1*r5), 2, (1+1*r5), 4]
(160, 580, 331, 494, 623, 48)->[(3+1*r5), (3-1*r5), 0, 2]
(485, 327, 395, 626, 19, 476)->[(-1-1*r5), (0+2*r5), 0, (-1+1*r5)]
(161, 257, 42, 301, 111, 559)->[-4, -2, (1-1*r5), (1+1*r5)]
(133, 268, 657, 599, 668, 319)->[(1+1*r5), (-1+1*r5), (0-2*r5), 0]
(659, 661, 632, 635, 349, 381)->[(-1+1*r5), (-1-1*r5), 0, (0+2*r5)]
(327, 40, 628, 503, 88, 31)->[-4, (1+1*r5), -2, (-1+1*r5)]
(162, 578, 637, 118, 317, 62)->[0, (-3-1*r5), (-3+1*r5), 2]
(421, 556, 83, 563, 184, 538)->[2, (-3+1*r5), (3+1*r5), 0]
(388, 106, 145, 53, 55, 314)->[-4, 0, 0, -4]
(70, 651, 594, 84, 86, 412)->[(1-1*r5), (-1+1*r5), (-3-1*r5), (1-1*r5)]
(583, 671, 211, 341, 158, 479)->[(3+1*r5), (1-1*r5), (-1+1*r5), (1-1*r5)]
(354, 261, 522, 566, 282, 28)->[(-1+1*r5), (3+1*r5), (1-1*r5), (1-1*r5)]
(138, 171, 554, 45, 431, 575)->[2, (-1-1*r5), (-1+1*r5), -4]
(138, 428, 431, 335, 573, 575)->[(-1+1*r5), (-1-1*r5), 0, (0-2*r5)]
(32, 320, 141, 626, 52, 702)->[-2, (3+1*r5), 0, (-3+1*r5)]
(36, 297, 553, 204, 116, 539)->[(1-1*r5), 4, 2, (-1-1*r5)]
(34, 643, 230, 71, 462, 402)->[4, (1+1*r5), 2, (1-1*r5)]
(260, 489, 107, 79, 699, 572)->[2, -4, (-1-1*r5), (1-1*r5)]
(100, 713, 717, 374, 183, 121)->[2, 0, (-3+1*r5), (3+1*r5)]
(293, 327, 19, 628, 476, 31)->[(-1-1*r5), 4, (1-1*r5), 2]
(384, 195, 708, 507, 283, 446)->[-4, (-1+1*r5), (1+1*r5), -2]
(4, 76, 273, 499, 184, 216)->[(1+1*r5), -2, 4, (-1+1*r5)]
(65, 259, 365, 142, 602, 220)->[(1+1*r5), -2, -4, (-1+1*r5)]
(168, 169, 531, 277, 666, 255)->[(-3-1*r5), 0, 2, (3-1*r5)]
(326, 138, 554, 45, 500, 127)->[(1+1*r5), (-1-1*r5), (3-1*r5), (-1-1*r5)]
(168, 12, 718, 531, 469, 255)->[(0-2*r5), 0, (1+1*r5), (-1+1*r5)]
(352, 548, 69, 18, 531, 95)->[(0-2*r5), 2, 2, 2]
(353, 707, 164, 678, 521, 347)->[0, 0, 4, -4]
(610, 241, 114, 629, 151, 220)->[(0+2*r5), -2, -2, 2]
(613, 133, 653, 15, 404, 155)->[(1+1*r5), (1+1*r5), (-1-1*r5), (3-1*r5)]
(324, 357, 682, 602, 122, 701)->[2, (1-1*r5), -4, (1+1*r5)]
(547, 677, 551, 683, 150, 22)->[4, -2, (-1+1*r5), (1+1*r5)]
(229, 392, 715, 658, 375, 155)->[2, (0+2*r5), -2, 2]
(448, 452, 472, 302, 88, 153)->[(-3-1*r5), 2, (-3+1*r5), 0]
(36, 9, 204, 242, 116, 692)->[-2, (1+1*r5), (-1+1*r5), -4]
(450, 453, 648, 490, 82, 504)->[(-1+1*r5), (1+1*r5), 0, (0-2*r5)]
(33, 645, 552, 109, 499, 309)->[(-1+1*r5), (-1-1*r5), 4, 2]
(390, 40, 328, 532, 660, 25)->[(-1-1*r5), (1+1*r5), (-1-1*r5), (-3+1*r5)]
(457, 139, 555, 591, 562, 276)->[(-3+1*r5), (-1-1*r5), (1+1*r5), (-1-1*r5)]
(645, 552, 270, 273, 499, 184)->[2, -2, (0+2*r5), 2]
(577, 487, 361, 426, 86, 25)->[(-1-1*r5), (-1+1*r5), (0-2*r5), 0]
(609, 578, 132, 338, 317, 62)->[0, (-3-1*r5), (3-1*r5), 2]
(160, 66, 580, 623, 24, 156)->[(3+1*r5), (-1+1*r5), (1-1*r5), (-1+1*r5)]
(38, 681, 685, 47, 308, 478)->[-2, -2, (0+2*r5), 2]
(707, 262, 521, 276, 442, 347)->[0, (1-1*r5), (1+1*r5), (0-2*r5)]
(674, 5, 199, 103, 397, 592)->[2, (1-1*r5), -4, (-1-1*r5)]
(613, 653, 658, 375, 410, 155)->[2, 4, (-1-1*r5), (-1+1*r5)]
(605, 587, 332, 590, 272, 381)->[(1-1*r5), (-1-1*r5), 0, (0+2*r5)]
(550, 200, 41, 77, 83, 443)->[(-1+1*r5), (-1+1*r5), (3+1*r5), (1-1*r5)]
(290, 325, 10, 429, 528, 287)->[(0-2*r5), -2, -2, -2]
(33, 552, 143, 464, 309, 310)->[(3-1*r5), (-1-1*r5), (1+1*r5), (1+1*r5)]
(103, 647, 108, 340, 573, 510)->[2, -2, -2, (0-2*r5)]
(549, 299, 557, 401, 51, 563)->[0, -2, (3+1*r5), (-3+1*r5)]
(450, 709, 166, 343, 282, 444)->[(-1+1*r5), 4, -2, (-1-1*r5)]
(416, 642, 593, 210, 598, 279)->[(1-1*r5), (-3-1*r5), (-1+1*r5), (1-1*r5)]
(672, 258, 104, 525, 596, 90)->[(1-1*r5), (1-1*r5), (1-1*r5), (-3-1*r5)]
(355, 685, 51, 212, 21, 344)->[-2, (-3+1*r5), (3+1*r5), 0]
(526, 144, 496, 601, 667, 126)->[(1-1*r5), (1-1*r5), (-3-1*r5), (-1+1*r5)]
(525, 145, 597, 54, 63, 287)->[(-1-1*r5), (1-1*r5), -2, -4]
(640, 450, 409, 282, 444, 351)->[0, (0+2*r5), (1-1*r5), (-1-1*r5)]
(391, 71, 13, 80, 636, 221)->[2, 4, (1+1*r5), (1-1*r5)]
(289, 585, 144, 147, 601, 667)->[(-3+1*r5), 0, (-3-1*r5), 2]
(165, 649, 714, 558, 504, 604)->[(-1+1*r5), (-1+1*r5), (1-1*r5), (-3-1*r5)]
(33, 641, 132, 143, 310, 635)->[(-1+1*r5), -4, 2, (1+1*r5)]
(512, 419, 362, 492, 26, 221)->[2, 4, (1+1*r5), (-1+1*r5)]
(64, 229, 261, 182, 189, 703)->[2, (3+1*r5), 0, (3-1*r5)]
(577, 194, 526, 496, 84, 667)->[-2, (-3+1*r5), (-3-1*r5), 0]
(136, 360, 274, 634, 382, 479)->[(0+2*r5), (-1-1*r5), (-1+1*r5), 0]
(99, 35, 550, 200, 41, 342)->[0, 2, (3+1*r5), (-3+1*r5)]
(164, 77, 177, 146, 119, 606)->[2, (-1+1*r5), 4, (-1-1*r5)]
(421, 645, 270, 563, 436, 184)->[(-1+1*r5), (1-1*r5), (3+1*r5), (-1+1*r5)]
(426, 396, 505, 147, 372, 249)->[-2, 2, (0-2*r5), 2]
(488, 398, 368, 406, 439, 126)->[0, (-1-1*r5), (0-2*r5), (-1+1*r5)]
(100, 231, 713, 81, 374, 246)->[(-1+1*r5), (-1+1*r5), (1-1*r5), (3+1*r5)]
(169, 173, 148, 277, 57, 255)->[(-3-1*r5), (1-1*r5), (-1+1*r5), (-1+1*r5)]
(452, 472, 40, 327, 693, 88)->[(0-2*r5), (1+1*r5), (1-1*r5), 0]
(383, 403, 245, 279, 638, 447)->[(-1+1*r5), (-3-1*r5), (-1+1*r5), (1-1*r5)]
(205, 245, 633, 187, 638, 383)->[2, (-3-1*r5), 0, (-3+1*r5)]
(398, 406, 439, 186, 60, 572)->[0, -4, -4, 0]
(326, 633, 634, 187, 445, 638)->[(1+1*r5), (0-2*r5), 0, (1-1*r5)]
(129, 555, 593, 210, 598, 285)->[-2, (0-2*r5), 2, -2]
(663, 649, 108, 654, 110, 567)->[(1+1*r5), 0, (1-1*r5), (0-2*r5)]
(495, 272, 465, 497, 407, 509)->[(1-1*r5), (1-1*r5), (-1+1*r5), (3+1*r5)]
(230, 423, 234, 490, 530, 318)->[(1+1*r5), (1+1*r5), (3-1*r5), (-1-1*r5)]
(672, 104, 617, 525, 207, 55)->[-2, 0, (-3+1*r5), (-3-1*r5)]
(421, 73, 41, 535, 506, 415)->[(-1+1*r5), (-1+1*r5), (3+1*r5), (-1+1*r5)]
(266, 364, 178, 152, 477, 703)->[0, (3+1*r5), (3-1*r5), 2]
(669, 591, 401, 344, 91, 541)->[-2, -2, (0+2*r5), -2]
(228, 5, 647, 656, 691, 596)->[0, (1-1*r5), (-1-1*r5), (0-2*r5)]
(353, 350, 611, 356, 624, 446)->[-2, (-1+1*r5), 4, (-1-1*r5)]
(544, 364, 463, 16, 399, 702)->[(-3+1*r5), (3+1*r5), 2, 0]
(488, 333, 144, 496, 406, 126)->[0, -2, (-3-1*r5), (3-1*r5)]
(227, 4, 167, 438, 471, 382)->[(1+1*r5), (-1-1*r5), (1+1*r5), (-3+1*r5)]
(425, 460, 625, 468, 308, 94)->[(-1-1*r5), (-1-1*r5), (1+1*r5), (3-1*r5)]
(203, 176, 306, 348, 570, 188)->[(1-1*r5), -2, (-1-1*r5), 4]
(672, 1, 258, 335, 217, 90)->[(-3+1*r5), -2, 0, (-3-1*r5)]
(64, 229, 39, 72, 379, 189)->[(1+1*r5), (0+2*r5), 0, (-1+1*r5)]
(99, 387, 41, 342, 535, 415)->[0, 2, (3+1*r5), (3-1*r5)]
(128, 9, 204, 692, 312, 58)->[(-1-1*r5), (1+1*r5), (3-1*r5), (-1-1*r5)]
(576, 295, 366, 399, 537, 61)->[-2, 4, (1+1*r5), (-1+1*r5)]
(482, 131, 231, 713, 236, 81)->[2, 2, -2, (0+2*r5)]
(322, 201, 301, 173, 250, 29)->[-4, -2, (-1+1*r5), (1+1*r5)]
(516, 663, 649, 110, 311, 253)->[(1+1*r5), (-1+1*r5), -2, -4]
(11, 464, 337, 50, 497, 529)->[0, (1-1*r5), (1+1*r5), (0+2*r5)]
(128, 195, 708, 389, 507, 123)->[(0-2*r5), 2, 2, -2]
(606, 275, 347, 540, 542, 223)->[2, (1-1*r5), 4, (-1-1*r5)]
(135, 233, 44, 369, 53, 603)->[-4, -2, (-1+1*r5), (-1-1*r5)]
(574, 42, 559, 111, 570, 30)->[(-1-1*r5), (1-1*r5), -2, 4]
(385, 676, 304, 149, 246, 157)->[(-3+1*r5), 2, 0, (3+1*r5)]
(449, 514, 102, 424, 427, 589)->[4, (-1+1*r5), (1+1*r5), 2]
(320, 354, 522, 409, 282, 351)->[0, (3+1*r5), (-3+1*r5), -2]
(550, 77, 177, 146, 443, 636)->[2, 2, (0+2*r5), -2]
(293, 294, 37, 206, 476, 31)->[-2, (0+2*r5), -2, 2]
(227, 4, 76, 499, 120, 382)->[(1+1*r5), (-1-1*r5), (1+1*r5), (3-1*r5)]
(131, 582, 232, 14, 658, 595)->[(3-1*r5), (1+1*r5), (-1-1*r5), (1+1*r5)]
(225, 456, 719, 597, 54, 287)->[(-1-1*r5), (-3+1*r5), (-1-1*r5), (-1-1*r5)]
(101, 422, 559, 655, 370, 631)->[-4, (1-1*r5), (-1-1*r5), 2]
(419, 39, 170, 588, 379, 189)->[(1+1*r5), 4, (-1+1*r5), 2]
(449, 514, 427, 238, 305, 216)->[(0+2*r5), 0, (1+1*r5), (-1+1*r5)]
(355, 557, 401, 51, 344, 91)->[(1-1*r5), (1-1*r5), (3+1*r5), (1-1*r5)]
(323, 548, 652, 277, 153, 190)->[(-3-1*r5), (3-1*r5), 0, 2]
(288, 289, 481, 70, 249, 191)->[0, 2, (-3-1*r5), (3-1*r5)]
(32, 37, 294, 178, 476, 159)->[(1-1*r5), (3+1*r5), (1-1*r5), (-1+1*r5)]
(385, 304, 149, 89, 218, 125)->[(1-1*r5), (1+1*r5), 0, (0+2*r5)]
(3, 519, 622, 659, 632, 349)->[2, (-1-1*r5), (1-1*r5), 4]
(681, 300, 464, 433, 309, 310)->[(-3+1*r5), (-1-1*r5), (1+1*r5), (1+1*r5)]
(98, 643, 172, 524, 185, 158)->[(3+1*r5), (-1+1*r5), (-1+1*r5), (1-1*r5)]
(226, 69, 264, 174, 19, 218)->[(-1-1*r5), (1+1*r5), (3-1*r5), (1+1*r5)]
(1, 335, 371, 90, 573, 575)->[(3-1*r5), -2, 0, (-3-1*r5)]
(67, 456, 75, 501, 696, 412)->[-2, (-1+1*r5), -4, (-1-1*r5)]
(583, 127, 211, 438, 380, 479)->[(0+2*r5), -2, 2, -2]
(547, 196, 683, 461, 405, 22)->[(1+1*r5), (1-1*r5), 2, 4]
(390, 710, 141, 213, 693, 312)->[(-1-1*r5), 4, (1-1*r5), -2]
(483, 68, 518, 374, 695, 157)->[(-1+1*r5), (-1+1*r5), (-1+1*r5), (3+1*r5)]
(483, 518, 458, 336, 695, 414)->[2, 2, 2, (0+2*r5)]
(480, 2, 137, 177, 119, 606)->[(1+1*r5), (3-1*r5), (1+1*r5), (-1-1*r5)]
(129, 457, 44, 621, 630, 217)->[-2, (-1-1*r5), (-1+1*r5), -4]
(193, 454, 329, 118, 92, 543)->[-2, (0-2*r5), -2, 2]
(483, 486, 458, 363, 336, 432)->[(-1+1*r5), 2, (1+1*r5), 4]
(228, 5, 103, 647, 592, 340)->[(-1+1*r5), -2, (-1-1*r5), -4]
(417, 205, 79, 307, 186, 637)->[(3-1*r5), (-3-1*r5), -2, 0]
(709, 646, 520, 74, 303, 271)->[(-1+1*r5), (1+1*r5), -4, -2]
(704, 482, 392, 712, 687, 379)->[(1+1*r5), (1+1*r5), (-3+1*r5), (1+1*r5)]
(167, 330, 299, 562, 275, 473)->[(-1+1*r5), (-1-1*r5), 4, -2]
(6, 620, 428, 621, 431, 335)->[0, -4, 0, -4]
(673, 194, 267, 491, 496, 84)->[(1-1*r5), (1-1*r5), (-3-1*r5), (1-1*r5)]
(363, 270, 529, 56, 506, 27)->[(-1+1*r5), 0, (0+2*r5), (1+1*r5)]
(260, 517, 428, 340, 345, 219)->[(-1+1*r5), -4, -2, (-1-1*r5)]
(2, 583, 105, 172, 560, 305)->[(0+2*r5), 0, (1+1*r5), (1-1*r5)]
(65, 359, 489, 107, 49, 699)->[(1+1*r5), (-1-1*r5), (-1-1*r5), (-3+1*r5)]
(518, 81, 149, 374, 246, 157)->[(3-1*r5), 2, 0, (3+1*r5)]
(134, 669, 425, 117, 344, 541)->[(-1-1*r5), -2, 4, (1-1*r5)]
(96, 329, 370, 435, 413, 639)->[(-1-1*r5), (-1-1*r5), (-1-1*r5), (3-1*r5)]
(385, 291, 614, 688, 694, 474)->[-2, 2, -2, (0+2*r5)]
(420, 584, 169, 148, 57, 508)->[(-3-1*r5), -2, (3-1*r5), 0]
(227, 237, 109, 78, 473, 447)->[(-1+1*r5), (0-2*r5), (1+1*r5), 0]
(417, 79, 439, 186, 699, 572)->[(-1+1*r5), (0-2*r5), (-1-1*r5), 0]
(363, 11, 334, 529, 50, 27)->[0, 0, 4, 4]
(416, 6, 593, 403, 245, 279)->[0, (-3-1*r5), (3-1*r5), -2]
(453, 234, 618, 430, 119, 475)->[2, 2, 2, (0-2*r5)]
(584, 209, 148, 534, 508, 94)->[(0-2*r5), (-1-1*r5), (-1+1*r5), 0]
(577, 70, 426, 84, 86, 667)->[-2, (3-1*r5), (-3-1*r5), 0]
(515, 105, 462, 177, 443, 636)->[(1+1*r5), 2, 4, (1-1*r5)]
(33, 641, 132, 78, 120, 284)->[2, (0-2*r5), 2, 2]
(386, 611, 356, 507, 283, 446)->[(-1-1*r5), (3-1*r5), (1+1*r5), (-1-1*r5)]
(484, 199, 520, 239, 662, 253)->[2, (-1+1*r5), -4, (-1-1*r5)]
(45, 211, 500, 568, 380, 127)->[4, -2, (-1+1*r5), (-1-1*r5)]
(73, 492, 589, 432, 506, 415)->[2, 2, (0+2*r5), 2]
(226, 548, 652, 367, 280, 190)->[(0-2*r5), (-1+1*r5), 0, (1+1*r5)]
(358, 136, 298, 671, 151, 511)->[(3+1*r5), -2, (-3+1*r5), 0]
(352, 12, 561, 181, 569, 61)->[(-1-1*r5), 2, 4, (-1+1*r5)]
(422, 361, 180, 470, 503, 505)->[-4, (-1+1*r5), (-1-1*r5), 2]
(99, 387, 292, 561, 212, 535)->[(1-1*r5), (-1+1*r5), (3+1*r5), (-1+1*r5)]
(483, 68, 495, 50, 664, 157)->[0, (3-1*r5), 2, (3+1*r5)]
(418, 590, 272, 433, 250, 605)->[-2, (-1-1*r5), (-1+1*r5), 4]
(96, 225, 194, 10, 59, 254)->[(-1-1*r5), -2, -4, (1-1*r5)]
(324, 519, 711, 682, 203, 701)->[(-1+1*r5), -2, (-1-1*r5), 4]
(549, 679, 299, 401, 562, 473)->[0, (-1-1*r5), (0+2*r5), (1-1*r5)]
(640, 706, 710, 9, 339, 408)->[-2, (1+1*r5), (1-1*r5), -4]
(67, 235, 696, 501, 23, 408)->[(1-1*r5), 2, (-1-1*r5), -4]
(162, 519, 622, 689, 632, 700)->[(-1+1*r5), -4, -2, (1+1*r5)]
(705, 387, 292, 561, 181, 61)->[-2, 2, (0+2*r5), 2]
(40, 328, 396, 503, 25, 31)->[(-1-1*r5), (1+1*r5), (-1-1*r5), (3-1*r5)]
(454, 329, 398, 92, 413, 639)->[-2, -4, (-1-1*r5), (-1+1*r5)]
(257, 323, 173, 277, 57, 190)->[(-3-1*r5), (-3+1*r5), 0, 2]
(577, 101, 487, 361, 17, 254)->[-4, 0, -4, 0]
(610, 580, 197, 358, 24, 156)->[(3+1*r5), 0, -2, (3-1*r5)]
(388, 617, 525, 145, 54, 55)->[(-1-1*r5), 0, (1-1*r5), (0-2*r5)]
(226, 652, 367, 688, 628, 470)->[-4, 2, (1-1*r5), (1+1*r5)]
(164, 678, 77, 347, 540, 606)->[(-1+1*r5), 0, (0+2*r5), (-1-1*r5)]
(707, 581, 263, 616, 430, 533)->[0, (3-1*r5), 2, (-3-1*r5)]
(672, 451, 263, 586, 207, 55)->[-2, 0, (3-1*r5), (-3-1*r5)]
(36, 198, 297, 553, 624, 313)->[(-3+1*r5), (1+1*r5), (1+1*r5), (-1-1*r5)]
(64, 608, 39, 72, 402, 441)->[4, 4, 0, 0]
(4, 167, 560, 438, 538, 542)->[(1+1*r5), -2, 4, (1-1*r5)]
(196, 143, 337, 405, 22, 661)->[2, -2, 2, (0+2*r5)]
(576, 708, 8, 376, 569, 411)->[(-1-1*r5), (1+1*r5), (1+1*r5), (-3+1*r5)]
(618, 654, 371, 533, 124, 604)->[2, 0, (3-1*r5), (-3-1*r5)]
(359, 296, 265, 46, 215, 511)->[(0+2*r5), -2, -2, -2]
(264, 174, 304, 243, 89, 218)->[-2, (1+1*r5), (-1+1*r5), 4]
(416, 393, 208, 690, 307, 244)->[(1-1*r5), (-3-1*r5), (1-1*r5), (1-1*r5)]
(680, 106, 302, 627, 123, 222)->[(-3-1*r5), (3-1*r5), 0, -2]
(448, 323, 686, 17, 180, 631)->[(-3-1*r5), 0, -2, (3-1*r5)]
(101, 422, 361, 17, 180, 631)->[(0-2*r5), 0, (-1-1*r5), (-1+1*r5)]
(427, 683, 461, 273, 405, 56)->[(1+1*r5), (-3+1*r5), (1+1*r5), (1+1*r5)]
(423, 498, 566, 343, 441, 247)->[(1+1*r5), 4, (1-1*r5), -2]
(673, 456, 523, 691, 696, 412)->[(1-1*r5), 0, (0-2*r5), (-1-1*r5)]
(129, 457, 139, 555, 621, 593)->[(1-1*r5), -4, 2, (-1-1*r5)]
(438, 471, 634, 127, 382, 479)->[4, (-1-1*r5), 2, (1-1*r5)]
(289, 70, 426, 147, 249, 667)->[(1-1*r5), (-1+1*r5), (-3-1*r5), (-1+1*r5)]
(295, 264, 266, 395, 366, 399)->[-2, (0+2*r5), 2, 2]
(258, 620, 112, 630, 93, 63)->[-2, (-1-1*r5), (1-1*r5), -4]
(386, 451, 586, 53, 55, 314)->[(-1-1*r5), 0, (-1+1*r5), (0-2*r5)]
(449, 515, 73, 105, 556, 443)->[(1+1*r5), (-1+1*r5), (0+2*r5), 0]
(132, 590, 338, 310, 635, 317)->[0, (0-2*r5), (-1+1*r5), (1+1*r5)]
(326, 138, 500, 215, 345, 510)->[(1+1*r5), (-1-1*r5), (-3+1*r5), (-1-1*r5)]
(516, 202, 110, 530, 311, 247)->[4, 2, (1-1*r5), (-1-1*r5)]
(290, 487, 527, 719, 17, 254)->[(0-2*r5), 0, (-1-1*r5), (1-1*r5)]
(546, 547, 331, 717, 85, 87)->[4, 0, 0, 4]
(615, 147, 372, 505, 474, 670)->[-2, (-1+1*r5), -4, (1+1*r5)]
(417, 459, 142, 439, 699, 700)->[2, -4, (-1-1*r5), (-1+1*r5)]
(289, 130, 585, 144, 377, 122)->[(3-1*r5), 0, (-3-1*r5), 2]
(98, 643, 230, 137, 172, 462)->[(0+2*r5), 2, 2, -2]
(647, 108, 558, 371, 90, 573)->[(-1+1*r5), (1-1*r5), (1-1*r5), (-3-1*r5)]
(225, 673, 456, 43, 691, 597)->[-2, (1-1*r5), -4, (-1-1*r5)]
(291, 100, 231, 716, 565, 246)->[0, (3-1*r5), -2, (3+1*r5)]
(256, 3, 677, 622, 629, 349)->[(1+1*r5), (-1-1*r5), (-3+1*r5), (1+1*r5)]
(640, 450, 648, 82, 116, 409)->[0, 4, 0, -4]
(484, 5, 523, 656, 691, 696)->[0, 0, -4, -4]
(420, 325, 680, 233, 106, 627)->[(-3-1*r5), (-3+1*r5), 0, -2]
(68, 495, 337, 50, 465, 497)->[0, (-3+1*r5), 2, (3+1*r5)]
(130, 259, 394, 493, 333, 668)->[2, (-3+1*r5), (-3-1*r5), 0]
(128, 314, 692, 507, 58, 123)->[-4, 2, (-1+1*r5), (-1-1*r5)]
(674, 359, 265, 46, 434, 20)->[4, (1-1*r5), (-1-1*r5), -2]
(484, 165, 235, 656, 23, 696)->[0, (-1+1*r5), (-1-1*r5), (0-2*r5)]
(259, 488, 682, 142, 602, 122)->[2, -2, (0-2*r5), 2]
(37, 328, 396, 206, 600, 31)->[-2, 4, (-1-1*r5), (-1+1*r5)]
(427, 76, 683, 238, 273, 216)->[4, (1-1*r5), (1+1*r5), 2]
(649, 108, 558, 654, 371, 604)->[2, 0, (-3+1*r5), (-3-1*r5)]
(65, 259, 394, 365, 20, 668)->[(1+1*r5), (1-1*r5), (0-2*r5), 0]
(706, 617, 235, 339, 501, 408)->[-2, 2, -2, (0-2*r5)]
(483, 486, 363, 334, 50, 664)->[0, (-1+1*r5), (1+1*r5), (0+2*r5)]
(131, 582, 231, 232, 236, 466)->[(-1+1*r5), 2, (-1-1*r5), 4]
(291, 614, 232, 372, 474, 670)->[(1-1*r5), 2, (-1-1*r5), 4]
(674, 489, 394, 397, 592, 154)->[2, -2, (0-2*r5), -2]
(2, 583, 560, 438, 380, 542)->[4, (1-1*r5), (1+1*r5), -2]
(546, 547, 677, 331, 241, 150)->[(0+2*r5), (1-1*r5), 0, (1+1*r5)]
(676, 495, 304, 179, 664, 157)->[(1-1*r5), (-1+1*r5), (-1+1*r5), (3+1*r5)]
(385, 291, 676, 565, 246, 694)->[(1-1*r5), (-1+1*r5), (1-1*r5), (3+1*r5)]
(195, 168, 169, 627, 666, 607)->[(-3-1*r5), 0, 2, (-3+1*r5)]
(544, 576, 463, 399, 697, 537)->[(1-1*r5), (0+2*r5), (1+1*r5), 0]
(425, 460, 685, 308, 469, 478)->[(-1-1*r5), -2, 4, (-1+1*r5)]
(7, 684, 429, 112, 208, 316)->[(-1-1*r5), -4, (1-1*r5), -2]
(34, 419, 102, 39, 170, 278)->[4, (1+1*r5), 2, (-1+1*r5)]
(7, 584, 175, 528, 435, 564)->[(0-2*r5), (-1-1*r5), (1-1*r5), 0]
(2, 105, 137, 172, 462, 177)->[4, (-1+1*r5), (1+1*r5), -2]
(128, 708, 389, 8, 650, 376)->[-4, (1+1*r5), 2, (1-1*r5)]
(390, 710, 141, 400, 467, 351)->[-2, (0+2*r5), -2, -2]
(3, 324, 519, 711, 659, 183)->[2, -2, -2, (0+2*r5)]
(6, 139, 621, 431, 593, 403)->[0, (0-2*r5), (-1+1*r5), (-1-1*r5)]
(201, 718, 698, 571, 478, 286)->[(-1-1*r5), (-3+1*r5), (1+1*r5), (1+1*r5)]
(579, 718, 181, 571, 286, 95)->[(-1-1*r5), (3-1*r5), (1+1*r5), (1+1*r5)]
(549, 679, 237, 109, 473, 315)->[0, -4, 4, 0]
(418, 322, 301, 250, 252, 605)->[(-1-1*r5), (-1-1*r5), (3-1*r5), (1+1*r5)]
(35, 550, 198, 13, 342, 697)->[0, (1+1*r5), (0+2*r5), (1-1*r5)]
(681, 11, 464, 433, 497, 698)->[(1-1*r5), -2, (1+1*r5), 4]
(224, 7, 584, 209, 564, 534)->[-4, -4, 0, 0]
(272, 433, 497, 698, 250, 509)->[-2, -2, 2, (0+2*r5)]
(450, 166, 490, 343, 504, 311)->[2, (1+1*r5), (1-1*r5), -4]
(675, 357, 582, 236, 466, 377)->[2, (-1+1*r5), -4, (1+1*r5)]
(201, 460, 718, 469, 478, 255)->[-4, (1-1*r5), (1+1*r5), 2]
(454, 203, 368, 689, 306, 348)->[(-3+1*r5), (-1-1*r5), (-1-1*r5), (1+1*r5)]
(262, 171, 275, 276, 347, 223)->[(-1+1*r5), -2, (1+1*r5), -4]
(197, 268, 365, 20, 599, 668)->[4, 0, -4, 0]
(32, 320, 522, 141, 400, 351)->[(1-1*r5), (3+1*r5), (1-1*r5), (1-1*r5)]
(64, 354, 261, 182, 566, 536)->[2, (3+1*r5), 0, (-3+1*r5)]
(615, 655, 176, 601, 570, 348)->[-2, (1-1*r5), -4, (1+1*r5)]
(709, 166, 520, 303, 23, 444)->[(3-1*r5), (1+1*r5), (-1-1*r5), (-1-1*r5)]
(226, 548, 69, 174, 280, 95)->[-4, 2, (-1+1*r5), (1+1*r5)]
(103, 663, 108, 46, 567, 510)->[(1+1*r5), (1-1*r5), -2, -4]
(98, 202, 110, 530, 115, 251)->[(0+2*r5), (-1+1*r5), 0, (-1-1*r5)]
(363, 589, 336, 432, 56, 506)->[2, (-1+1*r5), 4, (1+1*r5)]
(293, 294, 614, 206, 595, 125)->[(1-1*r5), 4, -2, (1+1*r5)]
(481, 130, 493, 657, 668, 319)->[2, (3-1*r5), (-3-1*r5), 0]
(481, 646, 651, 493, 662, 319)->[(-1+1*r5), (-1+1*r5), (-3-1*r5), (1-1*r5)]
(384, 12, 240, 561, 21, 569)->[(-1-1*r5), (-1+1*r5), (0+2*r5), 0]
(358, 296, 265, 671, 248, 511)->[(3+1*r5), (1-1*r5), (1-1*r5), (1-1*r5)]
(104, 617, 714, 235, 207, 339)->[(1-1*r5), (-1+1*r5), (1-1*r5), (-3-1*r5)]
(585, 716, 176, 466, 701, 670)->[0, 0, -4, 4]
(709, 498, 566, 343, 282, 28)->[2, (0+2*r5), -2, -2]
(159, 294, 715, 178, 477, 703)->[0, (3+1*r5), (-3+1*r5), 2]
(608, 34, 643, 39, 402, 278)->[(0+2*r5), (1+1*r5), (-1+1*r5), 0]
(610, 163, 365, 114, 602, 220)->[4, (1-1*r5), (-1-1*r5), 2]
(609, 383, 237, 78, 279, 447)->[(3-1*r5), (-3-1*r5), 2, 0]
(74, 653, 373, 375, 410, 28)->[(-1+1*r5), (0+2*r5), (-1-1*r5), 0]
(163, 324, 357, 140, 114, 602)->[(1+1*r5), (-3+1*r5), (-1-1*r5), (1+1*r5)]
(350, 35, 240, 624, 411, 446)->[-2, 2, (0+2*r5), -2]
(394, 491, 333, 397, 493, 154)->[(-1+1*r5), (1-1*r5), (-3-1*r5), (1-1*r5)]
(609, 578, 132, 78, 284, 383)->[(-1+1*r5), (-3-1*r5), (-1+1*r5), (-1+1*r5)]
(644, 267, 406, 154, 60, 572)->[0, (-1-1*r5), (0-2*r5), (1-1*r5)]
(384, 195, 134, 168, 283, 607)->[(0-2*r5), 0, (1+1*r5), (1-1*r5)]
(248, 202, 524, 437, 502, 24)->[(3+1*r5), (-1+1*r5), (1-1*r5), (1-1*r5)]
(228, 43, 691, 596, 597, 93)->[(1-1*r5), -2, (-1-1*r5), -4]
(322, 460, 625, 148, 534, 94)->[-4, (-1-1*r5), 2, (-1+1*r5)]
(321, 136, 274, 634, 187, 445)->[4, -4, 0, 0]
(704, 712, 170, 588, 379, 414)->[(1+1*r5), (1+1*r5), (3-1*r5), (1+1*r5)]
(130, 259, 488, 333, 144, 122)->[(-1+1*r5), (1-1*r5), (-3-1*r5), (-1+1*r5)]
(669, 425, 468, 117, 285, 94)->[(-1-1*r5), (-1-1*r5), (1+1*r5), (-3+1*r5)]
(292, 38, 436, 212, 535, 27)->[(-3+1*r5), 0, (3+1*r5), 2]
(609, 642, 455, 237, 598, 279)->[(-3+1*r5), (-3-1*r5), 2, 0]
(100, 711, 716, 565, 346, 188)->[0, (-3+1*r5), -2, (3+1*r5)]
(96, 10, 684, 435, 59, 413)->[(-1-1*r5), (-1-1*r5), (-1-1*r5), (-3+1*r5)]
(391, 364, 463, 16, 182, 26)->[(3-1*r5), (3+1*r5), 2, 0]
(612, 440, 266, 152, 89, 477)->[0, (0+2*r5), (-1+1*r5), (1+1*r5)]
(262, 171, 45, 575, 124, 223)->[2, -2, 2, (0-2*r5)]
(330, 554, 403, 471, 638, 447)->[2, (0-2*r5), 2, -2]
(332, 272, 465, 407, 346, 381)->[(-3+1*r5), -2, 0, (3+1*r5)]
(4, 556, 560, 184, 538, 216)->[(1+1*r5), (1-1*r5), (0+2*r5), 0]
(424, 695, 461, 336, 87, 414)->[(1+1*r5), (-1+1*r5), 2, 4]
(387, 362, 619, 342, 537, 415)->[0, (1+1*r5), (0+2*r5), (-1+1*r5)]
(290, 420, 325, 680, 686, 528)->[(-3-1*r5), (1-1*r5), (1-1*r5), (1-1*r5)]
(38, 685, 47, 51, 436, 212)->[(1-1*r5), (1-1*r5), (3+1*r5), (-1+1*r5)]
(480, 2, 606, 380, 542, 223)->[(1+1*r5), (-3+1*r5), (1+1*r5), (-1-1*r5)]
(292, 38, 11, 334, 27, 286)->[(1-1*r5), 0, (0+2*r5), (1+1*r5)]
(32, 37, 522, 400, 373, 159)->[(-3+1*r5), (3+1*r5), -2, 0]
(164, 430, 146, 119, 313, 475)->[(-1+1*r5), 2, (1+1*r5), -4]
(1, 707, 262, 263, 533, 442)->[0, (-3+1*r5), 2, (-3-1*r5)]
(256, 641, 677, 551, 22, 349)->[(1+1*r5), (-1-1*r5), (3-1*r5), (1+1*r5)]
(546, 713, 140, 717, 85, 183)->[(1+1*r5), 0, (1-1*r5), (0+2*r5)]
(581, 263, 616, 586, 207, 242)->[(1-1*r5), (-1+1*r5), (-1+1*r5), (-3-1*r5)]
(99, 35, 355, 200, 240, 350)->[(1-1*r5), (-1+1*r5), (3+1*r5), (1-1*r5)]
(353, 611, 36, 581, 624, 313)->[(1-1*r5), 2, (1+1*r5), -4]
(485, 389, 472, 650, 18, 376)->[(0-2*r5), (1+1*r5), (-1+1*r5), 0]
(367, 688, 470, 694, 474, 30)->[(-1-1*r5), (-1+1*r5), -2, 4]
(420, 584, 686, 175, 528, 57)->[(-3-1*r5), -2, (-3+1*r5), 0]
(162, 587, 689, 118, 632, 317)->[0, (0-2*r5), (1-1*r5), (1+1*r5)]
(465, 659, 661, 121, 346, 381)->[(3-1*r5), -2, 0, (3+1*r5)]
(612, 518, 712, 458, 588, 414)->[2, (1+1*r5), (-1+1*r5), 4]
(97, 482, 713, 236, 140, 85)->[(1+1*r5), (-1+1*r5), -2, 4]
(421, 73, 41, 556, 83, 443)->[2, (3-1*r5), (3+1*r5), 0]
(224, 7, 329, 684, 208, 690, 435, 244, 564, 92, 413, 543)->[(-1-1*r5), (-3-1*r5), -2, 0]
(674, 199, 394, 268, 397, 493, 239, 434, 20, 662, 668, 319)->[(1+1*r5), 0, (-3-1*r5), -2]
(484, 165, 5, 199, 103, 647, 649, 108, 558, 656, 663, 253)->[2, 0, (-1-1*r5), (-3-1*r5)]
(256, 321, 677, 551, 136, 360, 298, 241, 274, 629, 150, 151)->[(3+1*r5), (-1-1*r5), 0, 2]
(678, 521, 91, 299, 557, 591, 401, 562, 275, 276, 347, 540)->[0, -2, (3+1*r5), (-1-1*r5)]
(407, 100, 68, 676, 495, 465, 565, 246, 374, 121, 346, 157)->[0, 0, 0, (2+2*r5)]
(449, 34, 514, 515, 643, 102, 105, 172, 462, 305, 278, 185)->[(3+1*r5), 2, (1+1*r5), 0]
(33, 609, 132, 455, 300, 109, 78, 237, 338, 309, 310, 315)->[0, (-3-1*r5), (1+1*r5), 2]
(509, 605, 42, 332, 301, 111, 272, 113, 407, 250, 29, 574)->[(-1-1*r5), -2, 0, (3+1*r5)]
(516, 296, 265, 202, 663, 110, 46, 434, 502, 567, 248, 251)->[(3+1*r5), 0, -2, (-1-1*r5)]
(192, 706, 67, 390, 710, 75, 467, 532, 213, 501, 660, 408)->[(-1-1*r5), (1+1*r5), (-1-1*r5), (-1-1*r5)]
(321, 417, 107, 459, 205, 79, 49, 633, 699, 281, 187, 445)->[(1+1*r5), (-3-1*r5), -2, 0]
(420, 325, 135, 7, 233, 584, 429, 508, 528, 209, 369, 316)->[(-3-1*r5), (-1-1*r5), 0, -2]
(513, 260, 517, 644, 393, 79, 307, 244, 186, 219, 60, 572)->[0, (-3-1*r5), (-1-1*r5), -2]
(192, 290, 388, 325, 680, 106, 527, 719, 145, 54, 222, 287)->[(-3-1*r5), 0, -2, (-1-1*r5)]
(227, 4, 549, 645, 167, 299, 109, 499, 563, 184, 473, 538)->[2, (-1-1*r5), (3+1*r5), 0]
(160, 608, 66, 704, 39, 72, 170, 623, 48, 687, 278, 379)->[(3+1*r5), (1+1*r5), 0, 2]
(128, 611, 36, 708, 8, 553, 204, 624, 692, 507, 411, 446)->[(-1-1*r5), (1+1*r5), (1+1*r5), (-1-1*r5)]
(66, 133, 197, 268, 15, 404, 437, 502, 599, 24, 378, 156)->[(3+1*r5), 2, (-1-1*r5), 0]
(65, 610, 197, 358, 359, 265, 365, 49, 20, 151, 220, 511)->[(3+1*r5), -2, (-1-1*r5), 0]
(645, 38, 552, 681, 11, 270, 47, 464, 529, 436, 309, 27)->[0, -2, (3+1*r5), (1+1*r5)]
(483, 612, 486, 518, 458, 664, 304, 243, 149, 440, 89, 157)->[0, (1+1*r5), 2, (3+1*r5)]
(32, 320, 354, 261, 522, 364, 16, 703, 178, 182, 702, 159)->[0, (2+2*r5), 0, 0]
(193, 418, 545, 605, 587, 590, 338, 118, 252, 317, 62, 543)->[-2, (-3-1*r5), 0, (1+1*r5)]
(516, 709, 166, 520, 271, 239, 311, 498, 247, 378, 253, 343)->[(1+1*r5), (1+1*r5), (-1-1*r5), (-1-1*r5)]
(104, 456, 617, 235, 525, 656, 691, 596, 501, 54, 597, 696)->[-2, 0, (-1-1*r5), (-3-1*r5)]
(288, 289, 582, 232, 377, 585, 14, 466, 147, 372, 249, 670)->[0, 2, (-3-1*r5), (1+1*r5)]
(483, 196, 68, 363, 461, 336, 337, 50, 529, 405, 695, 56)->[2, 0, (1+1*r5), (3+1*r5)]
(36, 453, 581, 616, 297, 648, 430, 82, 242, 116, 313, 475)->[0, (1+1*r5), 2, (-3-1*r5)]
(577, 101, 422, 615, 361, 426, 526, 655, 601, 147, 505, 667)->[(-1-1*r5), 0, (-3-1*r5), 2]
(385, 226, 676, 174, 367, 304, 113, 688, 179, 694, 280, 218)->[(-1-1*r5), 2, 0, (3+1*r5)]
(67, 484, 646, 520, 523, 651, 303, 594, 662, 23, 696, 412)->[0, 2, (-3-1*r5), (-1-1*r5)]
(480, 2, 98, 583, 137, 172, 115, 211, 568, 251, 380, 158)->[(3+1*r5), 0, 2, (-1-1*r5)]
(2, 105, 606, 556, 77, 560, 177, 83, 538, 443, 540, 542)->[(1+1*r5), 0, (3+1*r5), -2]
(96, 290, 101, 10, 686, 175, 528, 17, 370, 435, 631, 254)->[(-3-1*r5), -2, (-1-1*r5), 0]
(326, 136, 296, 479, 511, 671, 211, 500, 215, 634, 445, 127)->[(3+1*r5), (-1-1*r5), 0, -2]
(519, 711, 203, 332, 587, 689, 306, 659, 632, 346, 188, 381)->[0, (-1-1*r5), -2, (3+1*r5)]
(512, 440, 295, 266, 362, 364, 619, 399, 463, 152, 537, 26)->[0, (3+1*r5), (1+1*r5), 2]
(134, 168, 169, 425, 460, 607, 148, 117, 469, 508, 94, 255)->[(-3-1*r5), -2, (1+1*r5), 0]
(448, 153, 323, 420, 680, 169, 302, 686, 627, 277, 57, 666)->[(-2-2*r5), 0, 0, 0]
(96, 194, 267, 398, 526, 496, 406, 59, 60, 413, 126, 639)->[-2, (-1-1*r5), (-3-1*r5), 0]
(352, 384, 195, 708, 389, 168, 12, 18, 531, 376, 569, 666)->[(-3-1*r5), 2, (1+1*r5), 0]
(225, 513, 287, 10, 43, 684, 429, 112, 597, 59, 93, 63)->[(-1-1*r5), (-1-1*r5), (-1-1*r5), (-1-1*r5)]
(515, 550, 73, 41, 362, 492, 13, 342, 443, 636, 221, 415)->[2, (1+1*r5), (3+1*r5), 0]
(417, 162, 700, 454, 398, 368, 689, 118, 439, 186, 92, 637)->[0, (-3-1*r5), (-1-1*r5), 2]
(37, 294, 715, 206, 14, 658, 595, 373, 375, 600, 410, 159)->[0, (3+1*r5), (-1-1*r5), 2]
(385, 131, 291, 614, 231, 232, 81, 595, 149, 246, 665, 125)->[0, (1+1*r5), -2, (3+1*r5)]
(416, 609, 578, 642, 205, 690, 307, 245, 279, 637, 62, 383)->[0, (-2-2*r5), 0, 0]
(514, 547, 424, 331, 427, 461, 238, 494, 48, 683, 150, 87)->[(3+1*r5), 0, 2, (1+1*r5)]
(99, 355, 421, 200, 41, 557, 83, 51, 212, 436, 535, 563)->[0, 0, (2+2*r5), 0]
(97, 482, 131, 675, 613, 582, 392, 236, 15, 687, 658, 155)->[(1+1*r5), (1+1*r5), (-1-1*r5), (1+1*r5)]
(97, 546, 163, 580, 610, 331, 140, 623, 241, 114, 85, 156)->[(3+1*r5), 0, -2, (1+1*r5)]
(544, 576, 485, 8, 650, 395, 366, 399, 626, 52, 376, 702)->[(-1-1*r5), (3+1*r5), 2, 0]
(544, 198, 391, 297, 553, 13, 463, 16, 80, 214, 697, 539)->[0, (3+1*r5), (1+1*r5), -2]
(705, 387, 292, 486, 363, 619, 334, 432, 535, 506, 27, 415)->[0, 2, (3+1*r5), (1+1*r5)]
(477, 612, 229, 392, 712, 715, 588, 152, 665, 379, 189, 703)->[2, (3+1*r5), 0, (1+1*r5)]
(326, 6, 138, 554, 428, 431, 633, 403, 245, 345, 219, 638)->[2, (-3-1*r5), 0, (-1-1*r5)]
(320, 640, 710, 9, 204, 141, 116, 52, 312, 409, 539, 351)->[-2, (3+1*r5), 0, (-1-1*r5)]
(512, 419, 102, 424, 170, 458, 492, 588, 589, 336, 432, 414)->[(1+1*r5), (1+1*r5), (1+1*r5), (1+1*r5)]
(138, 108, 45, 654, 371, 500, 567, 568, 124, 573, 510, 575)->[(1+1*r5), -2, 0, (-3-1*r5)]
(386, 195, 603, 233, 106, 283, 627, 53, 507, 314, 123, 607)->[(-3-1*r5), 0, 2, (-1-1*r5)]
(64, 229, 261, 72, 653, 498, 404, 566, 375, 441, 155, 28)->[(1+1*r5), (3+1*r5), -2, 0]
(224, 545, 642, 455, 209, 210, 625, 468, 534, 598, 285, 94)->[(-1-1*r5), (-3-1*r5), 2, 0]
(673, 228, 5, 644, 267, 43, 397, 491, 523, 592, 691, 154)->[0, -2, (-3-1*r5), (-1-1*r5)]
(32, 37, 390, 327, 40, 328, 141, 400, 626, 693, 476, 31)->[(-1-1*r5), (3+1*r5), -2, 0]
(230, 71, 137, 234, 462, 80, 177, 146, 119, 475, 636, 318)->[(1+1*r5), (1+1*r5), (1+1*r5), (-1-1*r5)]
(672, 1, 263, 104, 616, 714, 558, 207, 371, 533, 90, 604)->[0, 0, 0, (-2-2*r5)]
(33, 641, 551, 552, 683, 76, 143, 273, 499, 405, 22, 120)->[(1+1*r5), (-1-1*r5), (1+1*r5), (1+1*r5)]
(128, 452, 389, 472, 650, 302, 213, 693, 312, 58, 123, 222)->[(-3-1*r5), (1+1*r5), 0, -2]
(579, 11, 334, 495, 497, 50, 179, 664, 698, 571, 509, 286)->[-2, 0, (1+1*r5), (3+1*r5)]
(248, 160, 580, 358, 298, 524, 494, 341, 24, 185, 158, 671)->[(2+2*r5), 0, 0, 0]
(161, 257, 322, 584, 173, 301, 175, 148, 564, 534, 57, 252)->[(-3-1*r5), (-1-1*r5), 0, 2]
(288, 481, 133, 319, 613, 646, 74, 653, 271, 657, 410, 191)->[2, (1+1*r5), (-3-1*r5), 0]
(448, 452, 487, 40, 361, 527, 17, 180, 660, 503, 88, 25)->[(-3-1*r5), 2, (-1-1*r5), 0]
(255, 548, 201, 173, 718, 531, 277, 280, 571, 29, 190, 95)->[(-3-1*r5), 0, 2, (1+1*r5)]
(227, 447, 638, 78, 274, 471, 120, 634, 187, 284, 382, 383)->[(1+1*r5), (-3-1*r5), 2, 0]
(249, 70, 328, 426, 396, 269, 594, 532, 86, 600, 25, 191)->[-2, (1+1*r5), (-3-1*r5), 0]
(1, 262, 457, 139, 171, 621, 335, 431, 276, 217, 442, 575)->[0, (-1-1*r5), 2, (-3-1*r5)]
(608, 98, 643, 230, 423, 202, 524, 402, 530, 437, 247, 441)->[(3+1*r5), (1+1*r5), 0, -2]
(65, 259, 488, 489, 394, 333, 142, 406, 439, 154, 699, 572)->[2, (-1-1*r5), (-3-1*r5), 0]
(226, 548, 69, 485, 327, 472, 652, 18, 19, 628, 88, 153)->[(-3-1*r5), (1+1*r5), 0, 2]
(353, 35, 164, 198, 550, 200, 678, 77, 624, 146, 313, 350)->[0, 2, (3+1*r5), (-1-1*r5)]
(130, 259, 163, 357, 675, 365, 657, 602, 599, 377, 122, 668)->[(1+1*r5), 0, (-3-1*r5), 2]
(546, 3, 196, 547, 677, 717, 659, 661, 22, 183, 121, 349)->[(1+1*r5), -2, 0, (3+1*r5)]
(706, 388, 9, 586, 617, 314, 207, 242, 339, 692, 55, 58)->[(-1-1*r5), 2, 0, (-3-1*r5)]
(453, 649, 234, 490, 618, 110, 654, 530, 115, 311, 504, 604)->[(1+1*r5), 2, 0, (-3-1*r5)]
(225, 194, 577, 673, 487, 456, 75, 719, 84, 86, 412, 254)->[(-1-1*r5), 0, (-3-1*r5), -2]
(293, 614, 396, 206, 688, 372, 628, 470, 503, 505, 474, 31)->[(-1-1*r5), (1+1*r5), (-1-1*r5), (1+1*r5)]
(549, 679, 425, 685, 47, 401, 51, 308, 468, 344, 315, 669)->[-2, (-1-1*r5), (3+1*r5), 0]
(64, 34, 419, 71, 39, 391, 536, 402, 182, 221, 26, 189)->[(1+1*r5), (3+1*r5), 2, 0]
(674, 260, 103, 359, 489, 107, 46, 592, 340, 215, 345, 510)->[(1+1*r5), (-1-1*r5), (-1-1*r5), (-1-1*r5)]
(354, 450, 423, 648, 490, 214, 343, 536, 409, 282, 566, 318)->[2, (3+1*r5), 0, (-1-1*r5)]
(679, 330, 139, 555, 237, 593, 562, 403, 598, 279, 473, 447)->[0, (-3-1*r5), (1+1*r5), -2]
(258, 573, 228, 517, 647, 428, 620, 335, 340, 596, 90, 93)->[0, (-1-1*r5), -2, (-3-1*r5)]
(384, 355, 356, 446, 134, 91, 240, 21, 344, 283, 541, 350)->[(-1-1*r5), 0, (3+1*r5), -2]
(488, 585, 682, 203, 144, 176, 368, 601, 122, 348, 701, 126)->[0, -2, (-3-1*r5), (1+1*r5)]
(672, 258, 451, 135, 44, 525, 145, 53, 630, 55, 217, 63)->[(-1-1*r5), -2, 0, (-3-1*r5)]
(289, 130, 481, 70, 491, 651, 333, 493, 144, 496, 84, 667)->[0, 0, (-2-2*r5), 0]
(256, 641, 162, 578, 132, 349, 622, 632, 281, 635, 284, 317)->[2, (-3-1*r5), 0, (1+1*r5)]
(480, 707, 164, 262, 618, 430, 533, 119, 347, 124, 606, 223)->[2, 0, (1+1*r5), (-3-1*r5)]
(167, 330, 171, 554, 45, 275, 438, 471, 380, 127, 542, 223)->[(1+1*r5), (-1-1*r5), (1+1*r5), (-1-1*r5)]
(449, 421, 73, 427, 556, 589, 270, 273, 56, 506, 184, 216)->[(1+1*r5), 0, (3+1*r5), 2]
(352, 705, 579, 69, 295, 264, 174, 366, 243, 181, 61, 95)->[(-1-1*r5), (1+1*r5), (1+1*r5), (1+1*r5)]
(161, 193, 454, 329, 42, 559, 655, 306, 370, 570, 348, 639)->[(-1-1*r5), (-1-1*r5), (-1-1*r5), (1+1*r5)]
(4, 583, 360, 76, 238, 560, 305, 341, 438, 216, 382, 479)->[(3+1*r5), -2, (1+1*r5), 0]
(590, 143, 272, 337, 433, 464, 465, 497, 310, 661, 635, 381)->[0, (-1-1*r5), 2, (3+1*r5)]
(477, 293, 294, 264, 266, 395, 178, 19, 89, 218, 476, 125)->[-2, (3+1*r5), 0, (1+1*r5)]
(640, 450, 165, 166, 504, 714, 235, 82, 339, 23, 408, 444)->[0, (1+1*r5), -2, (-3-1*r5)]
(416, 129, 6, 393, 620, 621, 112, 208, 210, 593, 630, 316)->[-2, (-3-1*r5), 0, (-1-1*r5)]
(576, 99, 35, 387, 569, 240, 561, 697, 342, 537, 411, 61)->[-2, (1+1*r5), (3+1*r5), 0]
(291, 615, 574, 670, 716, 176, 570, 565, 694, 474, 188, 30)->[-2, 0, (-1-1*r5), (3+1*r5)]
(257, 323, 422, 631, 652, 111, 367, 559, 180, 470, 30, 190)->[(-3-1*r5), 0, -2, (1+1*r5)]
(322, 418, 201, 681, 300, 460, 433, 625, 308, 698, 250, 478)->[(-1-1*r5), (-1-1*r5), (1+1*r5), (1+1*r5)]
(700, 3, 324, 519, 682, 459, 142, 622, 114, 629, 602, 220)->[(1+1*r5), (-1-1*r5), (-1-1*r5), (1+1*r5)]
(704, 482, 518, 712, 695, 713, 717, 81, 85, 374, 87, 414)->[(1+1*r5), 2, 0, (3+1*r5)]
(444, 709, 74, 522, 269, 303, 400, 467, 373, 282, 28, 351)->[0, (3+1*r5), (-1-1*r5), -2]
(100, 324, 357, 231, 711, 713, 140, 236, 716, 466, 183, 701)->[2, 0, (-1-1*r5), (3+1*r5)]
(292, 478, 38, 12, 685, 718, 561, 212, 21, 181, 469, 286)->[(-1-1*r5), 0, (3+1*r5), 2]
(516, 268, 239, 434, 502, 378)->[4, (-1+1*r5), (-1-1*r5), -2]
(674, 199, 103, 46, 434, 663)->[(1+1*r5), (-3+1*r5), (-1-1*r5), (-1-1*r5)]
(610, 580, 358, 298, 241, 151)->[(3+1*r5), (1-1*r5), (1-1*r5), (-1+1*r5)]
(353, 356, 678, 521, 91, 350)->[(1-1*r5), 0, (0+2*r5), (-1-1*r5)]
(196, 68, 337, 465, 661, 121)->[(-1+1*r5), (1-1*r5), (-1+1*r5), (3+1*r5)]
(676, 113, 565, 694, 407, 574)->[-2, 0, (-3+1*r5), (3+1*r5)]
(98, 202, 524, 248, 251, 158)->[(3+1*r5), (3-1*r5), 0, -2]
(390, 328, 269, 400, 467, 532)->[-2, 4, (-1-1*r5), (1-1*r5)]
(256, 321, 459, 622, 629, 281)->[(1+1*r5), -4, (1-1*r5), 2]
(420, 169, 233, 627, 508, 607)->[(-3-1*r5), (1-1*r5), (-1+1*r5), (1-1*r5)]
(192, 456, 75, 719, 501, 54)->[(-1-1*r5), (3-1*r5), (-1-1*r5), (-1-1*r5)]
(704, 331, 623, 48, 85, 87)->[(0+2*r5), (-1+1*r5), 0, (1+1*r5)]
(552, 143, 464, 337, 529, 405)->[(-1+1*r5), -2, (1+1*r5), 4]
(512, 486, 458, 619, 432, 440)->[(3-1*r5), (1+1*r5), (1+1*r5), (1+1*r5)]
(545, 609, 642, 455, 338, 62)->[(1-1*r5), (-3-1*r5), (-1+1*r5), (-1+1*r5)]
(133, 268, 271, 239, 378, 319)->[(1+1*r5), 2, -4, (1-1*r5)]
(480, 618, 654, 115, 568, 124)->[(1+1*r5), 0, (-1+1*r5), (0-2*r5)]
(359, 107, 49, 215, 445, 511)->[4, (-1-1*r5), -2, (1-1*r5)]
(417, 162, 459, 622, 281, 700)->[2, (0-2*r5), -2, 2]
(512, 419, 588, 152, 26, 189)->[2, (0+2*r5), 2, 2]
(256, 641, 551, 274, 120, 284)->[(1+1*r5), -4, (-1+1*r5), 2]
(551, 360, 683, 76, 238, 150)->[(0+2*r5), -2, 2, 2]
(66, 72, 15, 687, 404, 155)->[4, (1+1*r5), -2, (-1+1*r5)]
(650, 141, 626, 52, 693, 312)->[(-1-1*r5), (0+2*r5), 0, (1-1*r5)]
(161, 193, 42, 301, 252, 605)->[(-1-1*r5), (-1-1*r5), (-3+1*r5), (1+1*r5)]
(448, 452, 680, 302, 527, 222)->[(-3-1*r5), (-1+1*r5), (1-1*r5), (1-1*r5)]
(160, 608, 66, 524, 437, 24)->[(3+1*r5), 2, (-3+1*r5), 0]
(612, 518, 712, 81, 149, 665)->[(-1+1*r5), (1+1*r5), 0, (0+2*r5)]
(416, 6, 393, 307, 245, 219)->[0, (-3-1*r5), (-3+1*r5), -2]
(690, 307, 244, 186, 92, 637)->[(-3+1*r5), (-3-1*r5), -2, 0]
(205, 79, 307, 245, 633, 219)->[(-1+1*r5), (-3-1*r5), (1-1*r5), (1-1*r5)]
(288, 289, 130, 481, 657, 377)->[(-1+1*r5), (-1+1*r5), (-3-1*r5), (-1+1*r5)]
(648, 297, 80, 214, 475, 318)->[(-1+1*r5), 4, 2, (-1-1*r5)]
(97, 66, 623, 15, 687, 156)->[(0+2*r5), 2, -2, 2]
(705, 579, 292, 334, 181, 286)->[-2, (-1+1*r5), 4, (1+1*r5)]
(32, 395, 178, 626, 476, 702)->[-2, (3+1*r5), 0, (3-1*r5)]
(133, 653, 271, 498, 404, 378)->[(1+1*r5), (1+1*r5), (-1-1*r5), (-3+1*r5)]
(675, 613, 133, 15, 657, 599)->[(1+1*r5), 2, -4, (-1+1*r5)]
(652, 628, 180, 470, 503, 88)->[(0-2*r5), 2, -2, 2]
(690, 118, 92, 637, 62, 543)->[(1-1*r5), (-3-1*r5), (1-1*r5), (-1+1*r5)]
(67, 75, 594, 532, 86, 412)->[-2, 2, (0-2*r5), -2]
(330, 139, 171, 554, 431, 403)->[(-1+1*r5), -4, 2, (-1-1*r5)]
(260, 644, 489, 592, 154, 572)->[(-1+1*r5), (-1-1*r5), -4, -2]
(100, 711, 659, 183, 121, 346)->[(-1+1*r5), (1-1*r5), (1-1*r5), (3+1*r5)]
(352, 12, 718, 531, 181, 95)->[-4, (-1+1*r5), (1+1*r5), 2]
(352, 69, 485, 366, 18, 376)->[-4, (1+1*r5), 2, (-1+1*r5)]
(321, 459, 49, 629, 151, 220)->[4, (-1-1*r5), -2, (-1+1*r5)]
(357, 585, 466, 377, 122, 701)->[(-1+1*r5), 0, (0-2*r5), (1+1*r5)]
(131, 392, 715, 658, 595, 665)->[(-1+1*r5), 4, -2, (1+1*r5)]
(611, 36, 581, 586, 242, 692)->[-2, 2, 2, (0-2*r5)]
(295, 264, 266, 243, 440, 89)->[(1-1*r5), 4, 2, (1+1*r5)]
(635, 587, 590, 632, 317, 381)->[0, -4, 0, 4]
(138, 428, 340, 345, 573, 510)->[2, (-1-1*r5), (1-1*r5), -4]
(544, 320, 16, 52, 539, 702)->[(1-1*r5), (3+1*r5), (-1+1*r5), (1-1*r5)]
(134, 425, 685, 21, 469, 344)->[(-1-1*r5), (1-1*r5), (0+2*r5), 0]
(526, 655, 601, 348, 126, 639)->[-2, -2, (0-2*r5), 2]
(134, 283, 117, 603, 541, 607)->[-4, (1-1*r5), (1+1*r5), -2]
(550, 198, 13, 80, 146, 636)->[(-1+1*r5), (1+1*r5), 4, -2]
(159, 261, 229, 715, 375, 703)->[(-1+1*r5), (3+1*r5), (1-1*r5), (-1+1*r5)]
(546, 3, 324, 140, 114, 183)->[(1+1*r5), (1-1*r5), -2, 4]
(421, 270, 436, 535, 506, 27)->[(3-1*r5), 0, (3+1*r5), 2]
(454, 398, 368, 348, 126, 639)->[(1-1*r5), (-1-1*r5), -4, 2]
(423, 490, 530, 311, 247, 343)->[(1+1*r5), (1+1*r5), (-3+1*r5), (-1-1*r5)]
(364, 182, 152, 26, 189, 703)->[(-1+1*r5), (3+1*r5), (-1+1*r5), (-1+1*r5)]
(679, 555, 591, 401, 562, 669)->[(1-1*r5), (-1-1*r5), 4, -2]
(267, 491, 333, 496, 406, 154)->[0, -2, (-3-1*r5), (-3+1*r5)]
(258, 620, 621, 335, 630, 217)->[(1-1*r5), (-1-1*r5), 0, (0-2*r5)]
(128, 8, 650, 204, 52, 312)->[(-1-1*r5), 4, (-1+1*r5), -2]
(257, 173, 301, 111, 29, 190)->[(0-2*r5), (1-1*r5), 0, (1+1*r5)]
(129, 135, 44, 369, 630, 316)->[(-1-1*r5), (-1-1*r5), (3-1*r5), (-1-1*r5)]
(296, 211, 500, 567, 568, 251)->[(0+2*r5), (1-1*r5), 0, (-1-1*r5)]
(513, 228, 517, 644, 43, 93)->[(-3+1*r5), (-1-1*r5), (-1-1*r5), (-1-1*r5)]
(33, 227, 109, 78, 499, 120)->[2, -4, (1+1*r5), (-1+1*r5)]
(288, 613, 582, 14, 658, 410)->[(-1+1*r5), (1+1*r5), -4, 2]
(96, 101, 526, 655, 370, 639)->[(-1-1*r5), -2, -4, (-1+1*r5)]
(548, 18, 531, 277, 153, 666)->[(-3-1*r5), (-1+1*r5), (-1+1*r5), (-1+1*r5)]
(69, 485, 264, 395, 366, 19)->[(-1-1*r5), 4, (-1+1*r5), 2]
(612, 665, 125, 149, 89, 477)->[0, 4, 0, 4]
(547, 196, 461, 717, 87, 695)->[(1+1*r5), 0, (-1+1*r5), (0+2*r5)]
(681, 300, 47, 308, 309, 315)->[(1-1*r5), (-1-1*r5), 4, 2]
(669, 679, 555, 468, 598, 285)->[-2, -4, (1+1*r5), (1-1*r5)]
(678, 200, 557, 77, 83, 540)->[(3-1*r5), 0, (3+1*r5), -2]
(452, 390, 40, 660, 213, 693)->[-4, (1+1*r5), -2, (1-1*r5)]
(35, 198, 553, 624, 697, 411)->[(1-1*r5), (1+1*r5), 4, -2]
(453, 648, 490, 234, 475, 318)->[2, (1+1*r5), (-1+1*r5), -4]
(34, 515, 71, 462, 636, 221)->[(1+1*r5), (1+1*r5), (1+1*r5), (-3+1*r5)]
(98, 230, 137, 234, 530, 115)->[4, 2, (-1+1*r5), (-1-1*r5)]
(484, 5, 199, 523, 397, 662)->[(-1+1*r5), 0, (0-2*r5), (-1-1*r5)]
(111, 367, 113, 280, 29, 190)->[-4, 0, 0, 4]
(355, 99, 240, 561, 212, 21)->[-2, (3-1*r5), (3+1*r5), 0]
(330, 139, 171, 562, 275, 276)->[(3-1*r5), (-1-1*r5), (1+1*r5), (-1-1*r5)]
(352, 576, 366, 376, 569, 61)->[(-1-1*r5), (1+1*r5), (1+1*r5), (3-1*r5)]
(96, 577, 194, 101, 526, 254)->[(-1-1*r5), (1-1*r5), (0-2*r5), 0]
(480, 137, 234, 618, 115, 119)->[(1+1*r5), (-1+1*r5), 2, -4]
(192, 706, 388, 213, 58, 222)->[-4, 2, (1-1*r5), (-1-1*r5)]
(583, 172, 305, 341, 185, 158)->[(3+1*r5), 0, 2, (-3+1*r5)]
(64, 423, 402, 566, 536, 441)->[(1+1*r5), (0+2*r5), 0, (1-1*r5)]
(354, 391, 16, 214, 182, 536)->[(-1+1*r5), (3+1*r5), (-1+1*r5), (1-1*r5)]
(1, 262, 371, 533, 124, 575)->[(-1+1*r5), (1-1*r5), (-1+1*r5), (-3-1*r5)]
(388, 106, 314, 58, 123, 222)->[(0-2*r5), (-1+1*r5), 0, (-1-1*r5)]
(448, 290, 680, 686, 527, 17)->[(-3-1*r5), 0, -2, (-3+1*r5)]
(424, 427, 461, 589, 336, 56)->[(1+1*r5), (3-1*r5), (1+1*r5), (1+1*r5)]
(453, 616, 618, 430, 533, 604)->[(-1+1*r5), (-1+1*r5), (-1+1*r5), (-3-1*r5)]
(513, 517, 393, 620, 112, 93)->[(1-1*r5), -4, -2, (-1-1*r5)]
(672, 1, 451, 263, 217, 442)->[(1-1*r5), (1-1*r5), (-1+1*r5), (-3-1*r5)]
(418, 300, 590, 433, 338, 310)->[(1-1*r5), -4, 2, (1+1*r5)]
(161, 329, 175, 370, 435, 564)->[-4, (-1-1*r5), -2, (-1+1*r5)]
(224, 545, 564, 534, 252, 543)->[(-1-1*r5), (0-2*r5), 0, (-1+1*r5)]
(291, 231, 232, 716, 466, 670)->[0, (-1+1*r5), (-1-1*r5), (0+2*r5)]
(640, 9, 82, 339, 242, 116)->[(1-1*r5), (1+1*r5), 0, (0-2*r5)]
(65, 674, 359, 489, 394, 20)->[(1+1*r5), -2, -4, (1-1*r5)]
(509, 201, 698, 250, 571, 29)->[(-1-1*r5), (1-1*r5), 2, 4]
(513, 684, 244, 59, 60, 413)->[-2, -4, (-1-1*r5), (1-1*r5)]
(353, 707, 164, 581, 430, 313)->[0, (-1+1*r5), (1+1*r5), (0-2*r5)]
(38, 681, 11, 698, 478, 286)->[-2, (1-1*r5), 4, (1+1*r5)]
(422, 615, 559, 655, 570, 30)->[(-1-1*r5), (-3+1*r5), (-1-1*r5), (1+1*r5)]
(165, 104, 714, 235, 558, 656)->[0, (3-1*r5), -2, (-3-1*r5)]
(97, 163, 675, 357, 140, 236)->[(1+1*r5), (3-1*r5), (-1-1*r5), (1+1*r5)]
(567, 296, 46, 500, 215, 510)->[4, -2, (1-1*r5), (-1-1*r5)]
(615, 585, 176, 147, 601, 670)->[(1-1*r5), 0, (0-2*r5), (1+1*r5)]
(294, 715, 595, 125, 665, 477)->[0, (0+2*r5), (1-1*r5), (1+1*r5)]
(616, 714, 207, 82, 339, 242)->[(-3+1*r5), 2, 0, (-3-1*r5)]
(578, 205, 281, 187, 284, 383)->[2, (-3-1*r5), 0, (3-1*r5)]
(646, 74, 269, 303, 594, 191)->[0, (1+1*r5), (0-2*r5), (1-1*r5)]
(488, 682, 142, 368, 439, 700)->[(-1+1*r5), (-1-1*r5), -4, 2]
(355, 678, 200, 557, 91, 350)->[(-3+1*r5), 0, (3+1*r5), -2]
(579, 174, 304, 179, 243, 664)->[-2, 2, 2, (0+2*r5)]
(209, 369, 117, 508, 285, 94)->[-4, (-1-1*r5), 2, (1-1*r5)]
(509, 113, 179, 280, 571, 29)->[(-1-1*r5), 0, (-1+1*r5), (0+2*r5)]
(545, 418, 322, 625, 534, 252)->[(-1-1*r5), -4, (-1+1*r5), 2]
(648, 297, 116, 214, 409, 539)->[0, (0+2*r5), (-1+1*r5), (-1-1*r5)]
(676, 495, 113, 179, 407, 509)->[-2, 0, (3-1*r5), (3+1*r5)]
(97, 163, 675, 15, 599, 156)->[4, (-1+1*r5), (-1-1*r5), 2]
(389, 302, 18, 472, 153, 666)->[(-3-1*r5), 2, (3-1*r5), 0]
(641, 143, 661, 22, 635, 349)->[2, (-1-1*r5), (-1+1*r5), 4]
(519, 682, 203, 368, 689, 700)->[(3-1*r5), (-1-1*r5), (-1-1*r5), (1+1*r5)]
(258, 525, 596, 597, 93, 63)->[-2, -2, -2, (0-2*r5)]
(165, 166, 649, 311, 504, 253)->[2, 2, -2, (0-2*r5)]
(545, 418, 455, 300, 625, 338)->[-2, (0-2*r5), 2, 2]
(481, 646, 70, 651, 594, 191)->[0, 2, (-3-1*r5), (-3+1*r5)]
(523, 491, 493, 651, 397, 662)->[(3-1*r5), 0, (-3-1*r5), -2]
(610, 163, 197, 365, 599, 156)->[(0+2*r5), 0, (-1-1*r5), (-1+1*r5)]
(453, 616, 714, 82, 504, 604)->[(3-1*r5), 2, 0, (-3-1*r5)]
(322, 201, 460, 173, 148, 255)->[(0-2*r5), -2, 2, 2]
(266, 395, 364, 399, 178, 702)->[(1-1*r5), (3+1*r5), (-1+1*r5), (-1+1*r5)]
(422, 615, 470, 505, 474, 30)->[(-1-1*r5), (3-1*r5), (-1-1*r5), (1+1*r5)]
(230, 423, 71, 402, 536, 318)->[(1+1*r5), 4, (-1+1*r5), -2]
(65, 459, 142, 49, 699, 220)->[(1+1*r5), (-1-1*r5), (-1-1*r5), (3-1*r5)]
(161, 257, 559, 175, 370, 631)->[(0-2*r5), -2, -2, 2]
(261, 522, 373, 375, 28, 159)->[(3-1*r5), (3+1*r5), -2, 0]
(193, 42, 587, 332, 306, 605)->[-2, (-1-1*r5), (1-1*r5), 4]
(448, 323, 652, 180, 88, 153)->[(-3-1*r5), (-1+1*r5), (1-1*r5), (-1+1*r5)]
(326, 107, 633, 215, 345, 445)->[(1+1*r5), -4, (1-1*r5), -2]
(614, 232, 206, 14, 595, 372)->[(-3+1*r5), (1+1*r5), (-1-1*r5), (1+1*r5)]
