[0, 44]
[0, 356]
[0, 386]
[0, 442]
[0, 451]
[0, 457]
[0, 521]
[0, 541]
[0, 591]
[0, 603]
[1, 90]
[1, 217]
[1, 262]
[1, 263]
[1, 335]
[1, 371]
[1, 442]
[1, 533]
[1, 575]
[1, 672]
[2, 105]
[2, 137]
[2, 172]
[2, 177]
[2, 380]
[2, 480]
[2, 542]
[2, 560]
[2, 583]
[2, 606]
[3, 114]
[3, 183]
[3, 324]
[3, 349]
[3, 519]
[3, 546]
[3, 622]
[3, 629]
[3, 659]
[3, 677]
[4, 76]
[4, 167]
[4, 184]
[4, 216]
[4, 227]
[4, 382]
[4, 438]
[4, 499]
[4, 538]
[4, 560]
[5, 103]
[5, 199]
[5, 228]
[5, 397]
[5, 484]
[5, 523]
[5, 592]
[5, 647]
[5, 656]
[5, 691]
[6, 219]
[6, 245]
[6, 393]
[6, 403]
[6, 416]
[6, 428]
[6, 431]
[6, 593]
[6, 620]
[6, 621]
[7, 208]
[7, 209]
[7, 224]
[7, 316]
[7, 429]
[7, 435]
[7, 528]
[7, 564]
[7, 584]
[7, 684]
[8, 52]
[8, 128]
[8, 204]
[8, 376]
[8, 411]
[8, 544]
[8, 553]
[8, 576]
[8, 650]
[8, 708]
[9, 58]
[9, 116]
[9, 204]
[9, 242]
[9, 312]
[9, 339]
[9, 640]
[9, 692]
[9, 706]
[9, 710]
[10, 59]
[10, 96]
[10, 225]
[10, 254]
[10, 287]
[10, 290]
[10, 429]
[10, 435]
[10, 528]
[10, 684]
[11, 27]
[11, 38]
[11, 50]
[11, 286]
[11, 334]
[11, 464]
[11, 497]
[11, 529]
[11, 681]
[11, 698]
[12, 21]
[12, 168]
[12, 181]
[12, 352]
[12, 384]
[12, 469]
[12, 531]
[12, 561]
[12, 569]
[12, 718]
[13, 80]
[13, 198]
[13, 221]
[13, 342]
[13, 362]
[13, 391]
[13, 463]
[13, 550]
[13, 636]
[13, 697]
[14, 206]
[14, 232]
[14, 249]
[14, 288]
[14, 372]
[14, 410]
[14, 582]
[14, 595]
[14, 600]
[14, 658]
[15, 66]
[15, 97]
[15, 133]
[15, 155]
[15, 156]
[15, 404]
[15, 599]
[15, 613]
[15, 675]
[15, 687]
[16, 182]
[16, 214]
[16, 320]
[16, 354]
[16, 364]
[16, 391]
[16, 463]
[16, 539]
[16, 544]
[16, 702]
[17, 101]
[17, 180]
[17, 254]
[17, 290]
[17, 361]
[17, 448]
[17, 487]
[17, 527]
[17, 631]
[17, 686]
[18, 69]
[18, 153]
[18, 352]
[18, 376]
[18, 389]
[18, 472]
[18, 485]
[18, 531]
[18, 548]
[18, 666]
[19, 69]
[19, 218]
[19, 226]
[19, 264]
[19, 293]
[19, 327]
[19, 395]
[19, 476]
[19, 485]
[19, 628]
[20, 65]
[20, 197]
[20, 265]
[20, 268]
[20, 359]
[20, 365]
[20, 394]
[20, 434]
[20, 668]
[20, 674]
[21, 134]
[21, 212]
[21, 240]
[21, 344]
[21, 355]
[21, 384]
[21, 469]
[21, 561]
[21, 685]
[22, 143]
[22, 196]
[22, 349]
[22, 405]
[22, 547]
[22, 551]
[22, 641]
[22, 661]
[22, 677]
[22, 683]
[23, 67]
[23, 165]
[23, 166]
[23, 235]
[23, 303]
[23, 408]
[23, 444]
[23, 484]
[23, 520]
[23, 696]
[24, 66]
[24, 156]
[24, 160]
[24, 197]
[24, 248]
[24, 358]
[24, 437]
[24, 502]
[24, 524]
[24, 580]
[25, 40]
[25, 86]
[25, 328]
[25, 361]
[25, 396]
[25, 426]
[25, 487]
[25, 503]
[25, 532]
[25, 660]
[26, 152]
[26, 182]
[26, 189]
[26, 221]
[26, 362]
[26, 364]
[26, 391]
[26, 419]
[26, 463]
[26, 512]
[27, 38]
[27, 270]
[27, 292]
[27, 334]
[27, 363]
[27, 436]
[27, 506]
[27, 529]
[27, 535]
[28, 74]
[28, 261]
[28, 282]
[28, 373]
[28, 375]
[28, 498]
[28, 522]
[28, 566]
[28, 653]
[28, 709]
[29, 111]
[29, 113]
[29, 173]
[29, 190]
[29, 201]
[29, 250]
[29, 280]
[29, 301]
[29, 509]
[29, 571]
[30, 111]
[30, 367]
[30, 422]
[30, 470]
[30, 474]
[30, 559]
[30, 570]
[30, 574]
[30, 615]
[30, 694]
[31, 37]
[31, 40]
[31, 206]
[31, 293]
[31, 327]
[31, 328]
[31, 396]
[31, 476]
[31, 503]
[31, 628]
[32, 37]
[32, 141]
[32, 159]
[32, 178]
[32, 320]
[32, 400]
[32, 476]
[32, 522]
[32, 626]
[32, 702]
[33, 78]
[33, 109]
[33, 120]
[33, 132]
[33, 143]
[33, 309]
[33, 310]
[33, 499]
[33, 552]
[33, 641]
[34, 39]
[34, 71]
[34, 102]
[34, 221]
[34, 278]
[34, 402]
[34, 419]
[34, 462]
[34, 515]
[34, 643]
[35, 99]
[35, 198]
[35, 200]
[35, 240]
[35, 342]
[35, 350]
[35, 411]
[35, 550]
[35, 624]
[35, 697]
[36, 116]
[36, 204]
[36, 242]
[36, 297]
[36, 313]
[36, 553]
[36, 581]
[36, 611]
[36, 624]
[36, 692]
[37, 159]
[37, 206]
[37, 294]
[37, 328]
[37, 373]
[37, 400]
[37, 476]
[37, 600]
[38, 47]
[38, 212]
[38, 286]
[38, 292]
[38, 436]
[38, 478]
[38, 681]
[38, 685]
[39, 64]
[39, 72]
[39, 170]
[39, 189]
[39, 278]
[39, 379]
[39, 402]
[39, 419]
[39, 608]
[40, 88]
[40, 327]
[40, 328]
[40, 390]
[40, 452]
[40, 503]
[40, 660]
[40, 693]
[41, 73]
[41, 83]
[41, 99]
[41, 200]
[41, 342]
[41, 415]
[41, 421]
[41, 443]
[41, 535]
[41, 550]
[42, 111]
[42, 161]
[42, 193]
[42, 301]
[42, 306]
[42, 332]
[42, 559]
[42, 570]
[42, 574]
[42, 605]
[43, 59]
[43, 93]
[43, 225]
[43, 228]
[43, 267]
[43, 513]
[43, 597]
[43, 644]
[43, 673]
[43, 691]
[44, 53]
[44, 129]
[44, 135]
[44, 217]
[44, 369]
[44, 451]
[44, 457]
[44, 603]
[44, 630]
[45, 124]
[45, 127]
[45, 138]
[45, 171]
[45, 223]
[45, 380]
[45, 500]
[45, 554]
[45, 568]
[45, 575]
[46, 103]
[46, 215]
[46, 265]
[46, 296]
[46, 359]
[46, 434]
[46, 510]
[46, 567]
[46, 663]
[46, 674]
[47, 51]
[47, 308]
[47, 309]
[47, 315]
[47, 436]
[47, 549]
[47, 645]
[47, 681]
[47, 685]
[48, 87]
[48, 160]
[48, 170]
[48, 278]
[48, 331]
[48, 424]
[48, 494]
[48, 514]
[48, 623]
[48, 704]
[49, 65]
[49, 107]
[49, 151]
[49, 220]
[49, 321]
[49, 359]
[49, 445]
[49, 459]
[49, 511]
[49, 699]
[50, 68]
[50, 334]
[50, 337]
[50, 363]
[50, 483]
[50, 495]
[50, 497]
[50, 529]
[50, 664]
[51, 212]
[51, 344]
[51, 355]
[51, 401]
[51, 436]
[51, 549]
[51, 557]
[51, 563]
[51, 685]
[52, 141]
[52, 204]
[52, 312]
[52, 320]
[52, 539]
[52, 544]
[52, 626]
[52, 650]
[52, 702]
[53, 55]
[53, 106]
[53, 135]
[53, 145]
[53, 233]
[53, 314]
[53, 386]
[53, 451]
[53, 603]
[54, 145]
[54, 192]
[54, 287]
[54, 388]
[54, 456]
[54, 501]
[54, 525]
[54, 597]
[54, 617]
[54, 719]
[55, 145]
[55, 207]
[55, 314]
[55, 388]
[55, 451]
[55, 525]
[55, 586]
[55, 617]
[55, 672]
[56, 270]
[56, 273]
[56, 336]
[56, 363]
[56, 405]
[56, 427]
[56, 461]
[56, 506]
[56, 529]
[56, 589]
[57, 148]
[57, 169]
[57, 173]
[57, 175]
[57, 257]
[57, 277]
[57, 323]
[57, 420]
[57, 584]
[57, 686]
[58, 123]
[58, 128]
[58, 213]
[58, 222]
[58, 312]
[58, 314]
[58, 388]
[58, 692]
[58, 706]
[59, 60]
[59, 96]
[59, 194]
[59, 225]
[59, 267]
[59, 413]
[59, 513]
[59, 684]
[60, 186]
[60, 244]
[60, 267]
[60, 398]
[60, 406]
[60, 413]
[60, 513]
[60, 572]
[60, 644]
[61, 181]
[61, 295]
[61, 352]
[61, 366]
[61, 387]
[61, 537]
[61, 561]
[61, 569]
[61, 576]
[61, 705]
[62, 118]
[62, 317]
[62, 338]
[62, 543]
[62, 545]
[62, 578]
[62, 609]
[62, 637]
[62, 642]
[62, 690]
[63, 93]
[63, 112]
[63, 135]
[63, 145]
[63, 258]
[63, 287]
[63, 429]
[63, 525]
[63, 597]
[63, 630]
[64, 72]
[64, 182]
[64, 189]
[64, 229]
[64, 261]
[64, 402]
[64, 441]
[64, 536]
[64, 566]
[65, 142]
[65, 220]
[65, 259]
[65, 359]
[65, 365]
[65, 394]
[65, 489]
[65, 699]
[66, 72]
[66, 156]
[66, 160]
[66, 404]
[66, 437]
[66, 608]
[66, 623]
[66, 687]
[67, 75]
[67, 303]
[67, 408]
[67, 412]
[67, 467]
[67, 501]
[67, 532]
[67, 594]
[67, 696]
[68, 121]
[68, 157]
[68, 196]
[68, 337]
[68, 374]
[68, 465]
[68, 483]
[68, 495]
[68, 695]
[69, 95]
[69, 174]
[69, 226]
[69, 264]
[69, 352]
[69, 366]
[69, 485]
[69, 548]
[70, 84]
[70, 86]
[70, 191]
[70, 249]
[70, 289]
[70, 426]
[70, 481]
[70, 594]
[70, 651]
[70, 667]
[71, 80]
[71, 221]
[71, 230]
[71, 318]
[71, 391]
[71, 402]
[71, 462]
[71, 536]
[71, 636]
[72, 155]
[72, 229]
[72, 379]
[72, 404]
[72, 441]
[72, 608]
[72, 687]
[73, 415]
[73, 421]
[73, 443]
[73, 449]
[73, 492]
[73, 506]
[73, 515]
[73, 556]
[73, 589]
[74, 191]
[74, 269]
[74, 271]
[74, 303]
[74, 373]
[74, 410]
[74, 646]
[74, 653]
[74, 709]
[75, 86]
[75, 192]
[75, 412]
[75, 456]
[75, 487]
[75, 501]
[75, 532]
[75, 660]
[75, 719]
[76, 120]
[76, 216]
[76, 238]
[76, 273]
[76, 360]
[76, 382]
[76, 499]
[76, 551]
[76, 683]
[77, 83]
[77, 146]
[77, 164]
[77, 177]
[77, 200]
[77, 443]
[77, 540]
[77, 550]
[77, 606]
[77, 678]
[78, 109]
[78, 120]
[78, 132]
[78, 227]
[78, 237]
[78, 284]
[78, 383]
[78, 447]
[78, 609]
[79, 107]
[79, 186]
[79, 205]
[79, 219]
[79, 260]
[79, 307]
[79, 417]
[79, 572]
[79, 633]
[79, 699]
[80, 146]
[80, 198]
[80, 214]
[80, 297]
[80, 318]
[80, 391]
[80, 475]
[80, 636]
[81, 131]
[81, 149]
[81, 231]
[81, 246]
[81, 374]
[81, 482]
[81, 518]
[81, 665]
[81, 712]
[81, 713]
[82, 116]
[82, 242]
[82, 339]
[82, 450]
[82, 453]
[82, 504]
[82, 616]
[82, 640]
[82, 648]
[82, 714]
[83, 200]
[83, 421]
[83, 443]
[83, 538]
[83, 540]
[83, 556]
[83, 557]
[83, 563]
[84, 86]
[84, 194]
[84, 412]
[84, 491]
[84, 496]
[84, 577]
[84, 651]
[84, 667]
[84, 673]
[85, 87]
[85, 97]
[85, 140]
[85, 331]
[85, 482]
[85, 546]
[85, 623]
[85, 704]
[85, 713]
[85, 717]
[86, 412]
[86, 426]
[86, 487]
[86, 532]
[86, 577]
[86, 594]
[87, 331]
[87, 414]
[87, 424]
[87, 461]
[87, 547]
[87, 695]
[87, 704]
[87, 717]
[88, 153]
[88, 180]
[88, 327]
[88, 448]
[88, 452]
[88, 472]
[88, 503]
[88, 628]
[88, 652]
[89, 125]
[89, 149]
[89, 218]
[89, 243]
[89, 264]
[89, 266]
[89, 304]
[89, 440]
[89, 477]
[89, 612]
[90, 104]
[90, 258]
[90, 335]
[90, 371]
[90, 558]
[90, 573]
[90, 596]
[90, 647]
[90, 672]
[91, 344]
[91, 350]
[91, 355]
[91, 356]
[91, 401]
[91, 521]
[91, 541]
[91, 557]
[91, 591]
[91, 678]
[92, 118]
[92, 186]
[92, 244]
[92, 329]
[92, 398]
[92, 413]
[92, 454]
[92, 543]
[92, 637]
[92, 690]
[93, 112]
[93, 228]
[93, 258]
[93, 513]
[93, 517]
[93, 596]
[93, 597]
[93, 620]
[94, 117]
[94, 148]
[94, 209]
[94, 285]
[94, 425]
[94, 460]
[94, 468]
[94, 508]
[94, 534]
[94, 625]
[95, 174]
[95, 181]
[95, 280]
[95, 352]
[95, 531]
[95, 548]
[95, 571]
[95, 579]
[95, 718]
[96, 101]
[96, 194]
[96, 254]
[96, 370]
[96, 413]
[96, 435]
[96, 526]
[96, 639]
[97, 140]
[97, 156]
[97, 163]
[97, 236]
[97, 482]
[97, 623]
[97, 675]
[97, 687]
[98, 115]
[98, 137]
[98, 158]
[98, 172]
[98, 202]
[98, 230]
[98, 251]
[98, 524]
[98, 530]
[98, 643]
[99, 200]
[99, 212]
[99, 240]
[99, 342]
[99, 355]
[99, 387]
[99, 535]
[99, 561]
[100, 121]
[100, 183]
[100, 231]
[100, 246]
[100, 346]
[100, 374]
[100, 565]
[100, 711]
[100, 713]
[100, 716]
[101, 254]
[101, 361]
[101, 370]
[101, 422]
[101, 526]
[101, 577]
[101, 631]
[101, 655]
[102, 170]
[102, 278]
[102, 419]
[102, 424]
[102, 449]
[102, 492]
[102, 514]
[102, 515]
[102, 589]
[103, 108]
[103, 199]
[103, 340]
[103, 510]
[103, 592]
[103, 647]
[103, 663]
[103, 674]
[104, 207]
[104, 235]
[104, 525]
[104, 558]
[104, 596]
[104, 617]
[104, 656]
[104, 672]
[104, 714]
[105, 172]
[105, 177]
[105, 305]
[105, 443]
[105, 449]
[105, 462]
[105, 515]
[105, 556]
[105, 560]
[106, 123]
[106, 145]
[106, 222]
[106, 233]
[106, 314]
[106, 325]
[106, 388]
[106, 627]
[106, 680]
[107, 215]
[107, 260]
[107, 345]
[107, 359]
[107, 445]
[107, 489]
[107, 633]
[107, 699]
[108, 371]
[108, 510]
[108, 558]
[108, 567]
[108, 573]
[108, 647]
[108, 649]
[108, 654]
[108, 663]
[109, 227]
[109, 237]
[109, 309]
[109, 315]
[109, 473]
[109, 499]
[109, 549]
[109, 645]
[110, 115]
[110, 202]
[110, 251]
[110, 311]
[110, 516]
[110, 530]
[110, 567]
[110, 649]
[110, 654]
[110, 663]
[111, 113]
[111, 190]
[111, 257]
[111, 301]
[111, 367]
[111, 559]
[111, 574]
[112, 208]
[112, 316]
[112, 393]
[112, 429]
[112, 513]
[112, 620]
[112, 630]
[112, 684]
[113, 179]
[113, 280]
[113, 367]
[113, 407]
[113, 509]
[113, 574]
[113, 676]
[113, 694]
[114, 140]
[114, 163]
[114, 220]
[114, 241]
[114, 324]
[114, 546]
[114, 602]
[114, 610]
[114, 629]
[115, 137]
[115, 234]
[115, 251]
[115, 480]
[115, 530]
[115, 568]
[115, 618]
[115, 654]
[116, 204]
[116, 242]
[116, 297]
[116, 409]
[116, 539]
[116, 640]
[116, 648]
[117, 134]
[117, 285]
[117, 369]
[117, 425]
[117, 508]
[117, 541]
[117, 603]
[117, 607]
[117, 669]
[118, 162]
[118, 193]
[118, 317]
[118, 454]
[118, 543]
[118, 587]
[118, 637]
[118, 689]
[119, 137]
[119, 146]
[119, 164]
[119, 177]
[119, 234]
[119, 430]
[119, 475]
[119, 480]
[119, 606]
[119, 618]
[120, 227]
[120, 274]
[120, 284]
[120, 382]
[120, 499]
[120, 551]
[120, 641]
[121, 183]
[121, 196]
[121, 346]
[121, 374]
[121, 465]
[121, 659]
[121, 661]
[121, 717]
[122, 130]
[122, 144]
[122, 259]
[122, 357]
[122, 377]
[122, 488]
[122, 585]
[122, 602]
[122, 682]
[122, 701]
[123, 128]
[123, 195]
[123, 222]
[123, 302]
[123, 314]
[123, 389]
[123, 507]
[123, 627]
[124, 223]
[124, 262]
[124, 371]
[124, 480]
[124, 533]
[124, 568]
[124, 575]
[124, 618]
[124, 654]
[125, 149]
[125, 218]
[125, 293]
[125, 294]
[125, 385]
[125, 477]
[125, 595]
[125, 614]
[125, 665]
[126, 144]
[126, 348]
[126, 368]
[126, 398]
[126, 406]
[126, 488]
[126, 496]
[126, 526]
[126, 601]
[126, 639]
[127, 211]
[127, 326]
[127, 380]
[127, 438]
[127, 471]
[127, 479]
[127, 500]
[127, 554]
[127, 634]
[128, 204]
[128, 312]
[128, 389]
[128, 507]
[128, 650]
[128, 692]
[128, 708]
[129, 210]
[129, 285]
[129, 316]
[129, 369]
[129, 457]
[129, 555]
[129, 593]
[129, 621]
[129, 630]
[130, 144]
[130, 259]
[130, 289]
[130, 333]
[130, 377]
[130, 481]
[130, 493]
[130, 657]
[130, 668]
[131, 231]
[131, 232]
[131, 236]
[131, 392]
[131, 482]
[131, 582]
[131, 595]
[131, 658]
[131, 665]
[132, 284]
[132, 310]
[132, 317]
[132, 338]
[132, 578]
[132, 609]
[132, 635]
[132, 641]
[133, 268]
[133, 271]
[133, 319]
[133, 378]
[133, 404]
[133, 599]
[133, 613]
[133, 653]
[133, 657]
[134, 168]
[134, 283]
[134, 344]
[134, 384]
[134, 425]
[134, 469]
[134, 541]
[134, 607]
[135, 145]
[135, 233]
[135, 316]
[135, 325]
[135, 369]
[135, 429]
[135, 630]
[136, 151]
[136, 274]
[136, 298]
[136, 321]
[136, 360]
[136, 445]
[136, 479]
[136, 511]
[136, 634]
[136, 671]
[137, 172]
[137, 177]
[137, 230]
[137, 234]
[137, 462]
[137, 480]
[138, 326]
[138, 345]
[138, 428]
[138, 431]
[138, 500]
[138, 510]
[138, 554]
[138, 573]
[138, 575]
[139, 171]
[139, 276]
[139, 330]
[139, 403]
[139, 431]
[139, 457]
[139, 555]
[139, 562]
[139, 593]
[139, 621]
[140, 163]
[140, 183]
[140, 236]
[140, 324]
[140, 357]
[140, 546]
[140, 713]
[141, 312]
[141, 320]
[141, 351]
[141, 390]
[141, 400]
[141, 626]
[141, 693]
[141, 710]
[142, 220]
[142, 259]
[142, 439]
[142, 459]
[142, 488]
[142, 602]
[142, 682]
[142, 699]
[142, 700]
[143, 310]
[143, 337]
[143, 405]
[143, 464]
[143, 552]
[143, 635]
[143, 641]
[143, 661]
[144, 289]
[144, 333]
[144, 488]
[144, 496]
[144, 585]
[144, 601]
[144, 667]
[145, 287]
[145, 325]
[145, 388]
[145, 525]
[146, 164]
[146, 177]
[146, 198]
[146, 313]
[146, 475]
[146, 550]
[146, 636]
[147, 249]
[147, 289]
[147, 372]
[147, 426]
[147, 505]
[147, 585]
[147, 601]
[147, 615]
[147, 667]
[147, 670]
[148, 169]
[148, 173]
[148, 255]
[148, 322]
[148, 460]
[148, 508]
[148, 534]
[148, 584]
[149, 157]
[149, 246]
[149, 304]
[149, 385]
[149, 518]
[149, 612]
[149, 665]
[150, 238]
[150, 241]
[150, 298]
[150, 331]
[150, 360]
[150, 494]
[150, 547]
[150, 551]
[150, 677]
[150, 683]
[151, 220]
[151, 241]
[151, 298]
[151, 321]
[151, 358]
[151, 511]
[151, 610]
[151, 629]
[152, 189]
[152, 266]
[152, 364]
[152, 440]
[152, 477]
[152, 512]
[152, 588]
[152, 612]
[152, 703]
[153, 277]
[153, 302]
[153, 323]
[153, 448]
[153, 472]
[153, 548]
[153, 652]
[153, 666]
[154, 267]
[154, 333]
[154, 394]
[154, 397]
[154, 406]
[154, 489]
[154, 491]
[154, 572]
[154, 592]
[154, 644]
[155, 229]
[155, 375]
[155, 392]
[155, 404]
[155, 613]
[155, 653]
[155, 658]
[155, 687]
[156, 163]
[156, 197]
[156, 580]
[156, 599]
[156, 610]
[156, 623]
[157, 246]
[157, 304]
[157, 374]
[157, 483]
[157, 495]
[157, 518]
[157, 664]
[157, 676]
[158, 172]
[158, 185]
[158, 211]
[158, 248]
[158, 251]
[158, 341]
[158, 524]
[158, 583]
[158, 671]
[159, 178]
[159, 261]
[159, 294]
[159, 373]
[159, 375]
[159, 522]
[159, 703]
[159, 715]
[160, 185]
[160, 278]
[160, 494]
[160, 524]
[160, 580]
[160, 608]
[160, 623]
[161, 175]
[161, 193]
[161, 252]
[161, 257]
[161, 301]
[161, 329]
[161, 370]
[161, 559]
[161, 564]
[162, 281]
[162, 317]
[162, 417]
[162, 578]
[162, 622]
[162, 632]
[162, 637]
[162, 689]
[162, 700]
[163, 357]
[163, 365]
[163, 599]
[163, 602]
[163, 610]
[163, 675]
[164, 313]
[164, 347]
[164, 353]
[164, 430]
[164, 606]
[164, 678]
[164, 707]
[165, 166]
[165, 235]
[165, 253]
[165, 484]
[165, 504]
[165, 558]
[165, 649]
[165, 656]
[165, 714]
[166, 253]
[166, 311]
[166, 343]
[166, 444]
[166, 450]
[166, 504]
[166, 520]
[166, 709]
[167, 227]
[167, 275]
[167, 299]
[167, 330]
[167, 438]
[167, 471]
[167, 473]
[167, 538]
[167, 542]
[168, 169]
[168, 195]
[168, 255]
[168, 384]
[168, 469]
[168, 531]
[168, 607]
[168, 666]
[169, 255]
[169, 277]
[169, 420]
[169, 508]
[169, 607]
[169, 627]
[169, 666]
[170, 278]
[170, 379]
[170, 414]
[170, 419]
[170, 424]
[170, 588]
[170, 704]
[171, 223]
[171, 262]
[171, 275]
[171, 276]
[171, 330]
[171, 431]
[171, 554]
[171, 575]
[172, 185]
[172, 305]
[172, 462]
[172, 583]
[172, 643]
[173, 190]
[173, 201]
[173, 255]
[173, 257]
[173, 277]
[173, 301]
[173, 322]
[174, 179]
[174, 218]
[174, 226]
[174, 243]
[174, 264]
[174, 280]
[174, 304]
[174, 579]
[175, 257]
[175, 370]
[175, 435]
[175, 528]
[175, 564]
[175, 584]
[175, 631]
[175, 686]
[176, 188]
[176, 203]
[176, 348]
[176, 570]
[176, 585]
[176, 601]
[176, 615]
[176, 670]
[176, 701]
[176, 716]
[177, 443]
[177, 462]
[177, 606]
[177, 636]
[178, 266]
[178, 294]
[178, 364]
[178, 395]
[178, 476]
[178, 477]
[178, 702]
[178, 703]
[179, 280]
[179, 304]
[179, 495]
[179, 509]
[179, 571]
[179, 579]
[179, 664]
[179, 676]
[180, 323]
[180, 361]
[180, 422]
[180, 448]
[180, 470]
[180, 503]
[180, 631]
[180, 652]
[181, 286]
[181, 292]
[181, 352]
[181, 561]
[181, 579]
[181, 705]
[181, 718]
[182, 189]
[182, 261]
[182, 354]
[182, 364]
[182, 391]
[182, 536]
[182, 703]
[183, 324]
[183, 546]
[183, 659]
[183, 711]
[183, 713]
[183, 717]
[184, 216]
[184, 270]
[184, 273]
[184, 421]
[184, 499]
[184, 538]
[184, 556]
[184, 563]
[184, 645]
[185, 278]
[185, 305]
[185, 341]
[185, 494]
[185, 514]
[185, 524]
[185, 643]
[186, 244]
[186, 307]
[186, 398]
[186, 417]
[186, 439]
[186, 572]
[186, 637]
[187, 205]
[187, 274]
[187, 281]
[187, 284]
[187, 321]
[187, 383]
[187, 445]
[187, 633]
[187, 634]
[187, 638]
[188, 203]
[188, 306]
[188, 332]
[188, 346]
[188, 565]
[188, 570]
[188, 574]
[188, 711]
[188, 716]
[189, 229]
[189, 379]
[189, 419]
[189, 588]
[189, 703]
[190, 257]
[190, 277]
[190, 280]
[190, 323]
[190, 367]
[190, 548]
[190, 652]
[191, 249]
[191, 269]
[191, 288]
[191, 410]
[191, 481]
[191, 594]
[191, 600]
[191, 646]
[192, 213]
[192, 222]
[192, 388]
[192, 501]
[192, 527]
[192, 660]
[192, 706]
[192, 719]
[193, 252]
[193, 306]
[193, 329]
[193, 454]
[193, 543]
[193, 587]
[193, 605]
[194, 225]
[194, 254]
[194, 267]
[194, 496]
[194, 526]
[194, 577]
[194, 673]
[195, 283]
[195, 384]
[195, 389]
[195, 507]
[195, 607]
[195, 627]
[195, 666]
[195, 708]
[196, 337]
[196, 405]
[196, 461]
[196, 547]
[196, 661]
[196, 695]
[196, 717]
[197, 265]
[197, 268]
[197, 358]
[197, 365]
[197, 502]
[197, 599]
[197, 610]
[198, 297]
[198, 313]
[198, 550]
[198, 553]
[198, 624]
[198, 697]
[199, 239]
[199, 253]
[199, 397]
[199, 434]
[199, 484]
[199, 662]
[199, 663]
[199, 674]
[200, 350]
[200, 355]
[200, 550]
[200, 557]
[200, 678]
[201, 250]
[201, 255]
[201, 322]
[201, 460]
[201, 478]
[201, 571]
[201, 698]
[201, 718]
[202, 247]
[202, 248]
[202, 251]
[202, 437]
[202, 502]
[202, 516]
[202, 524]
[202, 530]
[203, 306]
[203, 348]
[203, 368]
[203, 519]
[203, 682]
[203, 689]
[203, 701]
[203, 711]
[204, 312]
[204, 539]
[204, 553]
[204, 692]
[205, 245]
[205, 281]
[205, 307]
[205, 383]
[205, 417]
[205, 578]
[205, 633]
[205, 637]
[206, 293]
[206, 294]
[206, 372]
[206, 396]
[206, 595]
[206, 600]
[206, 614]
[207, 242]
[207, 263]
[207, 339]
[207, 586]
[207, 616]
[207, 617]
[207, 672]
[207, 714]
[208, 210]
[208, 224]
[208, 244]
[208, 316]
[208, 393]
[208, 416]
[208, 684]
[208, 690]
[209, 210]
[209, 224]
[209, 285]
[209, 316]
[209, 369]
[209, 508]
[209, 534]
[209, 584]
[210, 224]
[210, 285]
[210, 316]
[210, 416]
[210, 593]
[210, 598]
[210, 642]
[211, 251]
[211, 296]
[211, 380]
[211, 479]
[211, 500]
[211, 568]
[211, 583]
[211, 671]
[212, 292]
[212, 355]
[212, 436]
[212, 535]
[212, 561]
[212, 685]
[213, 222]
[213, 312]
[213, 390]
[213, 452]
[213, 660]
[213, 693]
[213, 706]
[213, 710]
[214, 297]
[214, 318]
[214, 354]
[214, 391]
[214, 409]
[214, 536]
[214, 539]
[214, 648]
[215, 296]
[215, 326]
[215, 345]
[215, 359]
[215, 445]
[215, 500]
[215, 510]
[215, 511]
[216, 238]
[216, 273]
[216, 305]
[216, 427]
[216, 449]
[216, 556]
[216, 560]
[217, 258]
[217, 335]
[217, 442]
[217, 451]
[217, 457]
[217, 621]
[217, 630]
[217, 672]
[218, 226]
[218, 264]
[218, 293]
[218, 304]
[218, 385]
[218, 688]
[219, 245]
[219, 260]
[219, 307]
[219, 345]
[219, 393]
[219, 428]
[219, 517]
[219, 633]
[220, 365]
[220, 459]
[220, 602]
[220, 610]
[220, 629]
[221, 362]
[221, 391]
[221, 419]
[221, 492]
[221, 515]
[221, 636]
[222, 302]
[222, 388]
[222, 452]
[222, 527]
[222, 680]
[223, 262]
[223, 275]
[223, 347]
[223, 380]
[223, 480]
[223, 542]
[223, 606]
[224, 534]
[224, 543]
[224, 545]
[224, 564]
[224, 642]
[224, 690]
[225, 254]
[225, 287]
[225, 456]
[225, 597]
[225, 673]
[225, 719]
[226, 280]
[226, 367]
[226, 548]
[226, 628]
[226, 652]
[226, 688]
[227, 382]
[227, 447]
[227, 471]
[227, 473]
[227, 499]
[228, 340]
[228, 517]
[228, 592]
[228, 596]
[228, 644]
[228, 647]
[228, 691]
[229, 261]
[229, 375]
[229, 379]
[229, 392]
[229, 703]
[229, 715]
[230, 234]
[230, 318]
[230, 402]
[230, 423]
[230, 462]
[230, 530]
[230, 643]
[231, 232]
[231, 236]
[231, 246]
[231, 291]
[231, 466]
[231, 713]
[231, 716]
[232, 291]
[232, 372]
[232, 466]
[232, 582]
[232, 595]
[232, 614]
[232, 670]
[233, 325]
[233, 369]
[233, 420]
[233, 508]
[233, 603]
[233, 607]
[233, 627]
[234, 318]
[234, 453]
[234, 475]
[234, 490]
[234, 530]
[234, 618]
[235, 339]
[235, 408]
[235, 501]
[235, 617]
[235, 656]
[235, 696]
[235, 714]
[236, 357]
[236, 466]
[236, 482]
[236, 582]
[236, 675]
[236, 713]
[237, 279]
[237, 315]
[237, 447]
[237, 455]
[237, 473]
[237, 598]
[237, 609]
[237, 679]
[238, 305]
[238, 341]
[238, 360]
[238, 427]
[238, 494]
[238, 514]
[238, 683]
[239, 253]
[239, 268]
[239, 271]
[239, 319]
[239, 378]
[239, 434]
[239, 516]
[239, 520]
[239, 662]
[240, 350]
[240, 355]
[240, 384]
[240, 411]
[240, 446]
[240, 561]
[240, 569]
[241, 298]
[241, 331]
[241, 546]
[241, 580]
[241, 610]
[241, 629]
[241, 677]
[242, 339]
[242, 581]
[242, 586]
[242, 616]
[242, 692]
[243, 264]
[243, 295]
[243, 304]
[243, 440]
[243, 486]
[243, 579]
[243, 664]
[243, 705]
[244, 307]
[244, 393]
[244, 413]
[244, 513]
[244, 684]
[244, 690]
[245, 279]
[245, 307]
[245, 383]
[245, 403]
[245, 416]
[245, 633]
[245, 638]
[246, 291]
[246, 374]
[246, 385]
[246, 565]
[246, 676]
[247, 311]
[247, 343]
[247, 378]
[247, 423]
[247, 437]
[247, 441]
[247, 498]
[247, 516]
[247, 530]
[248, 251]
[248, 265]
[248, 296]
[248, 358]
[248, 502]
[248, 524]
[248, 671]
[249, 288]
[249, 289]
[249, 372]
[249, 396]
[249, 426]
[249, 600]
[250, 272]
[250, 301]
[250, 322]
[250, 418]
[250, 433]
[250, 509]
[250, 605]
[250, 698]
[251, 296]
[251, 567]
[251, 568]
[252, 301]
[252, 322]
[252, 418]
[252, 534]
[252, 543]
[252, 545]
[252, 564]
[252, 605]
[253, 311]
[253, 484]
[253, 516]
[253, 520]
[253, 649]
[253, 663]
[254, 290]
[254, 487]
[254, 577]
[254, 719]
[255, 277]
[255, 460]
[255, 469]
[255, 531]
[255, 718]
[256, 274]
[256, 281]
[256, 284]
[256, 321]
[256, 349]
[256, 551]
[256, 622]
[256, 629]
[256, 641]
[256, 677]
[257, 301]
[257, 323]
[257, 559]
[257, 631]
[258, 335]
[258, 525]
[258, 596]
[258, 620]
[258, 630]
[258, 672]
[259, 333]
[259, 365]
[259, 394]
[259, 488]
[259, 602]
[259, 668]
[260, 340]
[260, 345]
[260, 489]
[260, 517]
[260, 572]
[260, 592]
[260, 644]
[261, 354]
[261, 375]
[261, 522]
[261, 566]
[261, 703]
[262, 276]
[262, 347]
[262, 442]
[262, 533]
[262, 575]
[262, 707]
[263, 442]
[263, 451]
[263, 533]
[263, 581]
[263, 586]
[263, 616]
[263, 672]
[263, 707]
[264, 266]
[264, 295]
[264, 366]
[264, 395]
[265, 296]
[265, 358]
[265, 359]
[265, 434]
[265, 502]
[265, 511]
[266, 295]
[266, 364]
[266, 395]
[266, 399]
[266, 440]
[266, 477]
[267, 406]
[267, 491]
[267, 496]
[267, 644]
[267, 673]
[268, 319]
[268, 378]
[268, 434]
[268, 502]
[268, 599]
[268, 668]
[269, 303]
[269, 328]
[269, 373]
[269, 400]
[269, 467]
[269, 532]
[269, 594]
[269, 600]
[270, 273]
[270, 421]
[270, 436]
[270, 506]
[270, 529]
[270, 552]
[270, 645]
[271, 319]
[271, 378]
[271, 498]
[271, 520]
[271, 646]
[271, 653]
[271, 709]
[272, 332]
[272, 381]
[272, 407]
[272, 433]
[272, 465]
[272, 497]
[272, 509]
[272, 590]
[272, 605]
[273, 405]
[273, 427]
[273, 499]
[273, 552]
[273, 683]
[274, 284]
[274, 321]
[274, 360]
[274, 382]
[274, 551]
[274, 634]
[275, 276]
[275, 299]
[275, 330]
[275, 347]
[275, 540]
[275, 542]
[275, 562]
[276, 347]
[276, 442]
[276, 457]
[276, 521]
[276, 562]
[276, 591]
[277, 323]
[277, 531]
[277, 548]
[277, 666]
[278, 514]
[278, 608]
[278, 643]
[279, 383]
[279, 403]
[279, 416]
[279, 447]
[279, 593]
[279, 598]
[279, 609]
[279, 642]
[280, 367]
[280, 548]
[280, 571]
[281, 284]
[281, 321]
[281, 417]
[281, 459]
[281, 578]
[281, 622]
[282, 343]
[282, 351]
[282, 354]
[282, 409]
[282, 444]
[282, 450]
[282, 522]
[282, 566]
[282, 709]
[283, 356]
[283, 384]
[283, 386]
[283, 446]
[283, 507]
[283, 541]
[283, 603]
[283, 607]
[284, 383]
[284, 578]
[284, 641]
[285, 369]
[285, 468]
[285, 555]
[285, 598]
[285, 669]
[286, 292]
[286, 334]
[286, 478]
[286, 571]
[286, 579]
[286, 698]
[286, 718]
[287, 290]
[287, 325]
[287, 429]
[287, 597]
[287, 719]
[288, 289]
[288, 377]
[288, 410]
[288, 481]
[288, 582]
[288, 613]
[288, 657]
[289, 377]
[289, 481]
[289, 585]
[289, 667]
[290, 325]
[290, 527]
[290, 528]
[290, 680]
[290, 686]
[290, 719]
[291, 385]
[291, 474]
[291, 565]
[291, 614]
[291, 670]
[291, 694]
[291, 716]
[292, 334]
[292, 387]
[292, 535]
[292, 561]
[292, 705]
[293, 294]
[293, 476]
[293, 614]
[293, 628]
[293, 688]
[294, 476]
[294, 477]
[294, 595]
[294, 715]
[295, 366]
[295, 399]
[295, 440]
[295, 537]
[295, 619]
[295, 705]
[296, 500]
[296, 511]
[296, 567]
[296, 671]
[297, 313]
[297, 475]
[297, 539]
[297, 553]
[297, 648]
[298, 341]
[298, 358]
[298, 360]
[298, 494]
[298, 580]
[298, 671]
[299, 401]
[299, 473]
[299, 538]
[299, 540]
[299, 549]
[299, 557]
[299, 562]
[299, 563]
[300, 308]
[300, 309]
[300, 310]
[300, 315]
[300, 338]
[300, 418]
[300, 433]
[300, 455]
[300, 625]
[300, 681]
[301, 322]
[301, 605]
[302, 389]
[302, 448]
[302, 452]
[302, 472]
[302, 627]
[302, 666]
[302, 680]
[303, 444]
[303, 467]
[303, 520]
[303, 594]
[303, 646]
[303, 709]
[304, 385]
[304, 664]
[304, 676]
[305, 341]
[305, 449]
[305, 514]
[305, 560]
[305, 583]
[306, 332]
[306, 348]
[306, 454]
[306, 570]
[306, 587]
[306, 689]
[307, 393]
[307, 416]
[307, 637]
[307, 690]
[308, 315]
[308, 425]
[308, 460]
[308, 468]
[308, 478]
[308, 625]
[308, 681]
[308, 685]
[309, 310]
[309, 315]
[309, 464]
[309, 552]
[309, 645]
[309, 681]
[310, 338]
[310, 433]
[310, 464]
[310, 590]
[310, 635]
[311, 343]
[311, 490]
[311, 504]
[311, 516]
[311, 530]
[311, 649]
[312, 650]
[312, 693]
[312, 710]
[313, 353]
[313, 430]
[313, 475]
[313, 581]
[313, 624]
[314, 386]
[314, 388]
[314, 507]
[314, 586]
[314, 692]
[315, 455]
[315, 468]
[315, 549]
[315, 679]
[316, 369]
[316, 429]
[316, 630]
[317, 338]
[317, 578]
[317, 587]
[317, 590]
[317, 632]
[317, 635]
[318, 423]
[318, 475]
[318, 490]
[318, 536]
[318, 648]
[319, 481]
[319, 493]
[319, 646]
[319, 657]
[319, 662]
[319, 668]
[320, 351]
[320, 354]
[320, 409]
[320, 522]
[320, 539]
[320, 702]
[321, 445]
[321, 459]
[321, 629]
[322, 418]
[322, 460]
[322, 534]
[322, 625]
[323, 448]
[323, 631]
[323, 652]
[323, 686]
[324, 357]
[324, 519]
[324, 602]
[324, 682]
[324, 701]
[324, 711]
[325, 420]
[325, 429]
[325, 528]
[325, 680]
[326, 345]
[326, 445]
[326, 500]
[326, 554]
[326, 633]
[326, 634]
[326, 638]
[327, 472]
[327, 476]
[327, 485]
[327, 626]
[327, 628]
[327, 693]
[328, 390]
[328, 396]
[328, 400]
[328, 532]
[328, 600]
[329, 370]
[329, 413]
[329, 435]
[329, 454]
[329, 543]
[329, 564]
[329, 639]
[330, 403]
[330, 447]
[330, 471]
[330, 473]
[330, 554]
[330, 562]
[331, 494]
[331, 546]
[331, 547]
[331, 580]
[331, 623]
[332, 346]
[332, 381]
[332, 407]
[332, 574]
[332, 587]
[332, 605]
[333, 394]
[333, 406]
[333, 488]
[333, 491]
[333, 493]
[333, 496]
[334, 363]
[334, 486]
[334, 579]
[334, 664]
[334, 705]
[335, 428]
[335, 431]
[335, 573]
[335, 575]
[335, 620]
[335, 621]
[336, 363]
[336, 414]
[336, 424]
[336, 432]
[336, 458]
[336, 461]
[336, 483]
[336, 589]
[336, 695]
[337, 405]
[337, 464]
[337, 465]
[337, 497]
[337, 529]
[337, 661]
[338, 418]
[338, 455]
[338, 545]
[338, 590]
[338, 609]
[339, 408]
[339, 617]
[339, 640]
[339, 706]
[339, 714]
[340, 345]
[340, 428]
[340, 510]
[340, 517]
[340, 573]
[340, 592]
[340, 647]
[341, 360]
[341, 479]
[341, 494]
[341, 583]
[341, 671]
[342, 362]
[342, 387]
[342, 415]
[342, 537]
[342, 550]
[342, 697]
[343, 423]
[343, 450]
[343, 490]
[343, 498]
[343, 566]
[343, 709]
[344, 355]
[344, 401]
[344, 425]
[344, 541]
[344, 669]
[344, 685]
[345, 428]
[345, 510]
[345, 633]
[346, 381]
[346, 407]
[346, 465]
[346, 565]
[346, 659]
[346, 711]
[347, 521]
[347, 540]
[347, 606]
[347, 678]
[347, 707]
[348, 368]
[348, 454]
[348, 570]
[348, 601]
[348, 639]
[348, 655]
[349, 622]
[349, 632]
[349, 635]
[349, 641]
[349, 659]
[349, 661]
[349, 677]
[350, 353]
[350, 355]
[350, 356]
[350, 446]
[350, 624]
[350, 678]
[351, 400]
[351, 409]
[351, 444]
[351, 467]
[351, 522]
[351, 640]
[351, 710]
[352, 366]
[352, 376]
[352, 531]
[352, 569]
[353, 356]
[353, 521]
[353, 581]
[353, 611]
[353, 624]
[353, 678]
[353, 707]
[354, 409]
[354, 522]
[354, 536]
[354, 566]
[355, 557]
[356, 386]
[356, 446]
[356, 521]
[356, 541]
[356, 611]
[357, 377]
[357, 466]
[357, 602]
[357, 675]
[357, 701]
[358, 511]
[358, 580]
[358, 610]
[358, 671]
[359, 489]
[359, 511]
[359, 674]
[360, 382]
[360, 479]
[360, 551]
[361, 422]
[361, 426]
[361, 487]
[361, 503]
[361, 505]
[361, 577]
[362, 415]
[362, 463]
[362, 492]
[362, 512]
[362, 537]
[362, 619]
[363, 432]
[363, 483]
[363, 486]
[363, 506]
[363, 529]
[364, 399]
[364, 463]
[364, 702]
[364, 703]
[365, 599]
[365, 602]
[365, 610]
[365, 668]
[366, 376]
[366, 395]
[366, 399]
[366, 485]
[366, 576]
[367, 470]
[367, 652]
[367, 688]
[367, 694]
[368, 398]
[368, 439]
[368, 454]
[368, 488]
[368, 682]
[368, 689]
[368, 700]
[369, 508]
[369, 603]
[370, 435]
[370, 559]
[370, 631]
[370, 639]
[370, 655]
[371, 533]
[371, 558]
[371, 573]
[371, 575]
[371, 604]
[371, 654]
[372, 396]
[372, 474]
[372, 505]
[372, 614]
[372, 670]
[373, 375]
[373, 400]
[373, 410]
[373, 522]
[373, 600]
[374, 518]
[374, 695]
[374, 713]
[374, 717]
[375, 410]
[375, 653]
[375, 658]
[375, 715]
[376, 389]
[376, 485]
[376, 569]
[376, 576]
[376, 650]
[376, 708]
[377, 466]
[377, 582]
[377, 585]
[377, 657]
[377, 675]
[378, 404]
[378, 437]
[378, 498]
[378, 502]
[378, 516]
[379, 392]
[379, 588]
[379, 687]
[379, 704]
[379, 712]
[380, 438]
[380, 480]
[380, 542]
[380, 568]
[380, 583]
[381, 465]
[381, 587]
[381, 590]
[381, 632]
[381, 635]
[381, 659]
[381, 661]
[382, 438]
[382, 471]
[382, 479]
[382, 634]
[383, 447]
[383, 578]
[383, 609]
[383, 638]
[384, 446]
[384, 569]
[384, 708]
[385, 614]
[385, 676]
[385, 688]
[385, 694]
[386, 451]
[386, 507]
[386, 586]
[386, 603]
[386, 611]
[387, 415]
[387, 535]
[387, 537]
[387, 561]
[387, 619]
[387, 705]
[388, 617]
[388, 706]
[389, 472]
[389, 650]
[389, 666]
[389, 708]
[390, 400]
[390, 467]
[390, 532]
[390, 660]
[390, 693]
[390, 710]
[391, 463]
[391, 536]
[392, 482]
[392, 658]
[392, 665]
[392, 687]
[392, 712]
[392, 715]
[393, 416]
[393, 513]
[393, 517]
[393, 620]
[394, 397]
[394, 489]
[394, 493]
[394, 668]
[394, 674]
[395, 399]
[395, 476]
[395, 485]
[395, 626]
[395, 702]
[396, 426]
[396, 503]
[396, 505]
[396, 600]
[397, 491]
[397, 493]
[397, 523]
[397, 592]
[397, 662]
[397, 674]
[398, 406]
[398, 413]
[398, 439]
[398, 454]
[398, 639]
[399, 463]
[399, 537]
[399, 544]
[399, 576]
[399, 702]
[400, 467]
[400, 522]
[401, 549]
[401, 557]
[401, 562]
[401, 591]
[401, 669]
[401, 679]
[402, 423]
[402, 441]
[402, 536]
[402, 608]
[402, 643]
[403, 431]
[403, 447]
[403, 554]
[403, 593]
[403, 638]
[404, 437]
[404, 441]
[404, 498]
[404, 653]
[405, 461]
[405, 529]
[405, 552]
[405, 683]
[406, 439]
[406, 488]
[406, 496]
[406, 572]
[407, 465]
[407, 495]
[407, 509]
[407, 565]
[407, 574]
[407, 676]
[408, 444]
[408, 467]
[408, 501]
[408, 640]
[408, 706]
[408, 710]
[409, 450]
[409, 539]
[409, 640]
[409, 648]
[410, 600]
[410, 613]
[410, 653]
[410, 658]
[411, 446]
[411, 553]
[411, 569]
[411, 576]
[411, 624]
[411, 697]
[411, 708]
[412, 456]
[412, 523]
[412, 594]
[412, 651]
[412, 673]
[412, 696]
[413, 435]
[413, 639]
[413, 684]
[414, 424]
[414, 458]
[414, 518]
[414, 588]
[414, 695]
[414, 704]
[414, 712]
[415, 432]
[415, 492]
[415, 506]
[415, 535]
[415, 619]
[416, 593]
[416, 642]
[416, 690]
[417, 439]
[417, 459]
[417, 637]
[417, 699]
[417, 700]
[418, 433]
[418, 545]
[418, 590]
[418, 605]
[418, 625]
[419, 492]
[419, 512]
[419, 588]
[420, 508]
[420, 528]
[420, 584]
[420, 627]
[420, 680]
[420, 686]
[421, 436]
[421, 506]
[421, 535]
[421, 556]
[421, 563]
[422, 470]
[422, 505]
[422, 559]
[422, 615]
[422, 631]
[422, 655]
[423, 441]
[423, 490]
[423, 530]
[423, 536]
[423, 566]
[424, 427]
[424, 461]
[424, 514]
[424, 589]
[425, 460]
[425, 468]
[425, 469]
[425, 669]
[425, 685]
[426, 505]
[426, 577]
[426, 667]
[427, 449]
[427, 461]
[427, 514]
[427, 589]
[427, 683]
[428, 431]
[428, 517]
[428, 573]
[428, 620]
[429, 528]
[429, 684]
[430, 453]
[430, 475]
[430, 533]
[430, 581]
[430, 616]
[430, 618]
[430, 707]
[431, 554]
[431, 575]
[431, 621]
[432, 458]
[432, 486]
[432, 492]
[432, 506]
[432, 512]
[432, 589]
[432, 619]
[433, 464]
[433, 497]
[433, 590]
[433, 681]
[433, 698]
[434, 502]
[434, 516]
[434, 663]
[434, 674]
[435, 528]
[435, 564]
[435, 684]
[436, 535]
[436, 563]
[436, 645]
[437, 441]
[437, 502]
[437, 524]
[437, 608]
[438, 471]
[438, 479]
[438, 542]
[438, 560]
[438, 583]
[439, 488]
[439, 572]
[439, 699]
[439, 700]
[440, 458]
[440, 486]
[440, 512]
[440, 612]
[440, 619]
[441, 498]
[441, 566]
[441, 608]
[442, 451]
[442, 457]
[442, 521]
[442, 707]
[443, 515]
[443, 550]
[443, 556]
[443, 636]
[444, 450]
[444, 467]
[444, 640]
[444, 709]
[445, 511]
[445, 633]
[445, 634]
[446, 507]
[446, 611]
[446, 624]
[446, 708]
[447, 471]
[447, 473]
[447, 638]
[448, 452]
[448, 527]
[448, 680]
[448, 686]
[449, 514]
[449, 515]
[449, 556]
[449, 589]
[450, 490]
[450, 504]
[450, 640]
[450, 648]
[451, 586]
[451, 672]
[452, 472]
[452, 527]
[452, 660]
[452, 693]
[453, 475]
[453, 490]
[453, 504]
[453, 604]
[453, 616]
[453, 618]
[453, 648]
[454, 639]
[454, 689]
[455, 468]
[455, 545]
[455, 598]
[455, 609]
[455, 625]
[455, 642]
[456, 501]
[456, 597]
[456, 673]
[456, 691]
[456, 696]
[456, 719]
[457, 555]
[457, 591]
[457, 621]
[458, 483]
[458, 486]
[458, 512]
[458, 518]
[458, 588]
[458, 612]
[459, 622]
[459, 629]
[459, 699]
[459, 700]
[460, 469]
[460, 478]
[460, 625]
[461, 547]
[461, 683]
[461, 695]
[462, 515]
[462, 636]
[462, 643]
[463, 537]
[463, 544]
[463, 697]
[464, 497]
[464, 529]
[464, 552]
[464, 681]
[465, 495]
[465, 497]
[465, 661]
[466, 582]
[466, 585]
[466, 670]
[466, 701]
[466, 716]
[467, 532]
[467, 710]
[468, 598]
[468, 625]
[468, 669]
[468, 679]
[469, 478]
[469, 685]
[469, 718]
[470, 474]
[470, 503]
[470, 505]
[470, 628]
[470, 652]
[470, 688]
[471, 554]
[471, 634]
[471, 638]
[472, 485]
[472, 650]
[472, 693]
[473, 549]
[473, 562]
[473, 679]
[474, 505]
[474, 614]
[474, 615]
[474, 670]
[474, 688]
[474, 694]
[475, 648]
[476, 626]
[477, 612]
[477, 665]
[477, 703]
[477, 715]
[478, 681]
[478, 685]
[478, 698]
[478, 718]
[479, 583]
[479, 634]
[479, 671]
[480, 568]
[480, 606]
[480, 618]
[481, 493]
[481, 646]
[481, 651]
[481, 657]
[482, 687]
[482, 704]
[482, 712]
[482, 713]
[483, 486]
[483, 518]
[483, 664]
[483, 695]
[484, 520]
[484, 523]
[484, 656]
[484, 662]
[484, 696]
[485, 626]
[485, 650]
[486, 619]
[486, 664]
[486, 705]
[487, 527]
[487, 577]
[487, 660]
[487, 719]
[488, 682]
[489, 572]
[489, 592]
[489, 674]
[489, 699]
[490, 504]
[490, 530]
[490, 648]
[491, 493]
[491, 496]
[491, 523]
[491, 651]
[491, 673]
[492, 512]
[492, 515]
[492, 589]
[493, 651]
[493, 662]
[493, 668]
[494, 514]
[494, 580]
[495, 497]
[495, 509]
[495, 664]
[495, 676]
[496, 526]
[496, 667]
[497, 509]
[497, 698]
[498, 566]
[498, 653]
[498, 709]
[499, 552]
[499, 645]
[500, 510]
[500, 567]
[500, 568]
[501, 617]
[501, 696]
[501, 706]
[502, 516]
[503, 505]
[503, 628]
[504, 604]
[504, 649]
[504, 714]
[505, 615]
[506, 535]
[506, 589]
[507, 611]
[507, 692]
[507, 708]
[508, 584]
[508, 607]
[509, 571]
[509, 698]
[510, 567]
[510, 573]
[511, 671]
[512, 588]
[512, 619]
[513, 517]
[513, 644]
[513, 684]
[515, 636]
[516, 663]
[517, 620]
[517, 644]
[518, 612]
[518, 695]
[518, 712]
[519, 622]
[519, 632]
[519, 659]
[519, 682]
[519, 689]
[519, 700]
[519, 711]
[520, 646]
[520, 662]
[520, 709]
[521, 591]
[521, 678]
[521, 707]
[523, 651]
[523, 662]
[523, 673]
[523, 691]
[523, 696]
[524, 608]
[524, 643]
[525, 596]
[525, 597]
[525, 617]
[525, 672]
[526, 577]
[526, 601]
[526, 639]
[526, 655]
[526, 667]
[527, 660]
[527, 680]
[527, 719]
[528, 584]
[528, 686]
[529, 552]
[531, 548]
[531, 666]
[531, 718]
[532, 594]
[532, 660]
[533, 604]
[533, 616]
[533, 618]
[533, 707]
[534, 545]
[534, 564]
[534, 584]
[534, 625]
[536, 566]
[537, 576]
[537, 619]
[537, 697]
[538, 540]
[538, 542]
[538, 556]
[538, 560]
[538, 563]
[539, 544]
[539, 553]
[540, 542]
[540, 557]
[540, 606]
[540, 678]
[541, 591]
[541, 603]
[541, 669]
[542, 560]
[542, 606]
[543, 545]
[543, 564]
[543, 690]
[544, 553]
[544, 576]
[544, 697]
[544, 702]
[545, 625]
[545, 642]
[546, 547]
[546, 677]
[546, 717]
[547, 677]
[547, 683]
[547, 717]
[548, 652]
[549, 563]
[549, 645]
[549, 679]
[550, 636]
[551, 641]
[551, 677]
[551, 683]
[552, 645]
[553, 624]
[553, 697]
[554, 638]
[555, 562]
[555, 591]
[555, 593]
[555, 598]
[555, 669]
[555, 679]
[556, 560]
[557, 563]
[557, 678]
[558, 604]
[558, 647]
[558, 649]
[558, 656]
[558, 714]
[559, 570]
[559, 631]
[559, 655]
[560, 583]
[561, 569]
[562, 591]
[562, 679]
[563, 645]
[564, 584]
[565, 574]
[565, 676]
[565, 694]
[565, 716]
[567, 568]
[567, 654]
[567, 663]
[568, 654]
[569, 576]
[569, 708]
[570, 574]
[570, 615]
[570, 655]
[571, 579]
[571, 698]
[571, 718]
[572, 644]
[572, 699]
[573, 575]
[573, 647]
[574, 694]
[576, 697]
[577, 667]
[578, 609]
[578, 637]
[579, 664]
[579, 705]
[580, 610]
[580, 623]
[581, 586]
[581, 611]
[581, 616]
[581, 707]
[582, 613]
[582, 658]
[582, 675]
[585, 601]
[585, 670]
[585, 701]
[586, 611]
[586, 692]
[587, 590]
[587, 605]
[587, 632]
[587, 689]
[588, 612]
[588, 712]
[590, 605]
[590, 635]
[591, 669]
[592, 644]
[592, 674]
[593, 598]
[593, 621]
[594, 646]
[594, 651]
[595, 614]
[595, 658]
[595, 665]
[595, 715]
[596, 597]
[596, 647]
[596, 656]
[596, 691]
[597, 691]
[598, 642]
[598, 679]
[599, 657]
[599, 668]
[599, 675]
[601, 615]
[601, 655]
[601, 667]
[602, 682]
[603, 607]
[604, 616]
[604, 618]
[604, 649]
[604, 654]
[604, 714]
[607, 627]
[608, 643]
[609, 642]
[611, 624]
[611, 692]
[612, 665]
[612, 712]
[613, 653]
[613, 657]
[613, 658]
[613, 675]
[614, 688]
[615, 655]
[615, 670]
[616, 714]
[617, 706]
[618, 654]
[619, 705]
[620, 621]
[620, 630]
[621, 630]
[622, 629]
[622, 632]
[622, 700]
[623, 687]
[623, 704]
[626, 650]
[626, 693]
[626, 702]
[627, 666]
[627, 680]
[628, 652]
[628, 688]
[629, 677]
[631, 686]
[632, 635]
[632, 659]
[632, 689]
[633, 638]
[634, 638]
[635, 641]
[635, 661]
[637, 690]
[639, 655]
[640, 710]
[642, 690]
[646, 651]
[646, 662]
[647, 656]
[649, 654]
[649, 663]
[650, 693]
[651, 662]
[656, 691]
[656, 696]
[657, 668]
[657, 675]
[658, 715]
[659, 661]
[659, 711]
[665, 712]
[665, 715]
[669, 679]
[670, 716]
[673, 691]
[676, 694]
[680, 686]
[681, 698]
[682, 700]
[682, 701]
[687, 704]
[688, 694]
[689, 700]
[691, 696]
[695, 717]
[701, 711]
[701, 716]
[703, 715]
[704, 712]
[706, 710]
[711, 716]
[713, 717]
