(0, 1538, 667, 1436, 164, 432, 2233, 1087, 1601, 206, 722, 2263, 1752, 600, 486, 1897, 1519, 1903, 1137, 2046)->[(1-1*r5), (-4+2*r5), (3-1*r5), 0]
(1920, 770, 907, 15, 1942, 1559, 2328, 1048, 1439, 2342, 810, 1066, 1069, 2094, 303, 2349, 1076, 338, 2282, 624)->[0, (1-1*r5), (3-1*r5), (-4+2*r5)]
(259, 1291, 1292, 1937, 1312, 1825, 934, 1965, 1329, 50, 1970, 443, 1094, 590, 1617, 1362, 1751, 222, 363, 1270)->[(3-1*r5), (1-1*r5), (4-2*r5), 0]
(649, 11, 1810, 1299, 1044, 407, 2205, 289, 36, 1828, 1840, 1462, 1593, 323, 1480, 1869, 467, 503, 891, 1661)->[(-4+2*r5), (-1+1*r5), 0, (-3+1*r5)]
(1804, 18, 1683, 1690, 1319, 565, 1718, 1720, 957, 2110, 191, 2111, 1864, 1740, 994, 365, 376, 762, 1020, 125)->[(3-1*r5), 0, (-1+1*r5), (-4+2*r5)]
(2313, 397, 1936, 145, 1433, 26, 794, 1577, 1453, 54, 828, 2241, 1350, 1096, 2006, 238, 1774, 113, 881, 1653)->[(-3+1*r5), (1-1*r5), (-4+2*r5), 0]
(131, 2073, 2329, 1947, 1706, 1839, 1852, 60, 1857, 837, 583, 841, 1359, 1492, 2010, 742, 2150, 2028, 2037, 508)->[(3-1*r5), (3-1*r5), (-3+1*r5), (3-1*r5)]
(5, 781, 787, 2074, 2332, 159, 35, 1188, 1198, 827, 318, 979, 980, 2133, 1753, 1257, 748, 623, 1779, 2168)->[(-4+2*r5), (-1+1*r5), 0, (3-1*r5)]
(2072, 2215, 2348, 946, 1984, 449, 1985, 451, 1479, 848, 856, 2137, 90, 745, 1900, 110, 1392, 1394, 246, 2042)->[(-4+2*r5), 0, (3-1*r5), (-1+1*r5)]
(1158, 1042, 405, 917, 151, 1941, 921, 1950, 799, 1697, 1699, 39, 203, 1239, 1367, 2272, 226, 1260, 2030, 1790)->[(-6+2*r5), 0, 0, 0]
(1030, 2312, 2200, 672, 1186, 2104, 568, 1210, 1600, 1231, 346, 354, 611, 231, 2023, 876, 1773, 1136, 1521, 2298)->[0, (4-2*r5), (1-1*r5), (-3+1*r5)]
(1541, 1672, 13, 526, 14, 2068, 1813, 1316, 805, 1063, 1447, 44, 559, 2363, 2368, 2114, 1640, 2154, 1899, 494)->[(3-1*r5), (-3+1*r5), (3-1*r5), (-3+1*r5)]
(521, 1034, 1929, 1038, 149, 1567, 1712, 1586, 1976, 2361, 320, 1484, 718, 1003, 1006, 367, 887, 1911, 2297, 1403)->[0, (1-1*r5), (3-1*r5), (4-2*r5)]
(1665, 392, 1296, 401, 1054, 160, 2097, 1847, 2367, 68, 712, 981, 1237, 2008, 1114, 2275, 1638, 2278, 1148, 2303)->[(1-1*r5), (3-1*r5), 0, (-4+2*r5)]
(1537, 1803, 269, 1556, 1437, 2206, 1845, 2247, 1226, 1100, 461, 1233, 1113, 1630, 350, 613, 1509, 1895, 1390, 754)->[(4-2*r5), 0, (-3+1*r5), (1-1*r5)]
(1287, 1544, 923, 1310, 2334, 675, 1591, 954, 1861, 2123, 465, 1109, 472, 1244, 865, 872, 2153, 1011, 247, 1533)->[(1-1*r5), (-3+1*r5), 0, (-4+2*r5)]
(384, 10, 2319, 1321, 1450, 1962, 2225, 824, 573, 716, 845, 2386, 859, 2268, 2018, 869, 751, 241, 2290, 1396)->[(-3+1*r5), (-3+1*r5), (3-1*r5), (-3+1*r5)]
(1410, 1669, 24, 1049, 1050, 28, 1955, 1574, 430, 178, 51, 179, 1859, 1220, 1349, 2384, 2139, 1119, 489, 1916)->[(-4+2*r5), (3-1*r5), (-1+1*r5), 0]
(896, 2320, 1425, 279, 1445, 2347, 1713, 1459, 190, 710, 468, 734, 2142, 1121, 2017, 614, 871, 2161, 1917, 1919)->[(-3+1*r5), (3-1*r5), (-3+1*r5), (-3+1*r5)]
(2307, 645, 519, 273, 2077, 2335, 552, 1197, 1070, 1968, 1205, 582, 213, 2393, 239, 1648, 120, 121, 124, 2045)->[(3-1*r5), (-1+1*r5), (-4+2*r5), 0]
(2309, 391, 903, 2192, 1297, 1811, 29, 673, 162, 2088, 302, 174, 945, 1851, 1982, 198, 347, 1761, 490, 374)->[(-1+1*r5), 0, (4-2*r5), (-3+1*r5)]
(267, 144, 922, 545, 806, 2346, 820, 704, 2389, 988, 732, 478, 2015, 361, 236, 2286, 2159, 1905, 1652, 2174)->[(3-1*r5), (4-2*r5), 0, (1-1*r5)]
(1539, 650, 1290, 2081, 931, 1317, 2090, 811, 52, 2100, 55, 188, 334, 721, 1110, 729, 94, 1766, 1645, 894)->[(3-1*r5), 0, (-1+1*r5), (4-2*r5)]
(2181, 1035, 912, 147, 659, 1687, 1944, 2202, 1693, 296, 696, 1853, 1855, 319, 714, 2127, 2131, 599, 2277, 619)->[(4-2*r5), (-3+1*r5), (1-1*r5), 0]
(262, 135, 265, 780, 2069, 792, 1320, 2089, 941, 1589, 2103, 1978, 1466, 469, 2012, 866, 868, 362, 2040, 511)->[(1-1*r5), 0, (-4+2*r5), (3-1*r5)]
(1412, 1679, 529, 2197, 663, 553, 1835, 1836, 1838, 1455, 1587, 2101, 1216, 1494, 1502, 606, 735, 2283, 1901, 1268)->[(3-1*r5), (3-1*r5), (-3+1*r5), (-3+1*r5)]
(1946, 158, 1056, 1703, 1082, 1472, 1606, 79, 336, 976, 2009, 89, 1499, 1637, 102, 232, 495, 752, 2163, 380)->[(1-1*r5), (4-2*r5), (-3+1*r5), 0]
(2048, 513, 1795, 774, 2315, 1168, 2064, 2338, 163, 186, 1089, 578, 1230, 2394, 2273, 1763, 369, 1265, 2295, 1789)->[(1-1*r5), (-3+1*r5), 0, (4-2*r5)]
(2050, 777, 1307, 1824, 1960, 1964, 1201, 1334, 1721, 832, 70, 1222, 1351, 2379, 2143, 96, 608, 1522, 243, 895)->[(1-1*r5), 0, (4-2*r5), (3-1*r5)]
(1153, 1160, 1545, 1548, 1684, 1313, 955, 1469, 322, 707, 1095, 1992, 75, 1870, 2260, 1500, 1126, 105, 1516, 1791)->[(-1+1*r5), (-3+1*r5), 0, (-4+2*r5)]
(388, 1162, 785, 1817, 1952, 1187, 932, 809, 1833, 1991, 970, 2003, 342, 1371, 92, 1635, 1636, 1128, 1130, 1135)->[(-1+1*r5), (3-1*r5), 0, (4-2*r5)]
(1282, 773, 2188, 533, 789, 538, 1055, 38, 184, 964, 1741, 80, 343, 88, 216, 349, 227, 997, 1904, 2033)->[0, (-1+1*r5), (3-1*r5), (4-2*r5)]
(2317, 1183, 1461, 823, 59, 701, 1983, 1223, 456, 2249, 975, 85, 738, 1251, 2021, 870, 2024, 1131, 1393, 1269)->[(-3+1*r5), (-4+2*r5), 0, (-1+1*r5)]
(648, 905, 910, 1170, 788, 1300, 540, 2218, 813, 2228, 699, 840, 2124, 1760, 98, 2027, 381, 1657, 2173, 1407)->[0, (-3+1*r5), (-4+2*r5), (-1+1*r5)]
(642, 2051, 2179, 1798, 2311, 9, 393, 2199, 924, 546, 1576, 570, 1989, 1736, 1227, 1744, 1254, 1771, 877, 1399)->[0, (-1+1*r5), (-3+1*r5), (-4+2*r5)]
(2185, 2187, 270, 152, 665, 288, 1963, 306, 1206, 2230, 1862, 2246, 1353, 2254, 1360, 2007, 1755, 1764, 1782, 1913)->[(-1+1*r5), (-4+2*r5), (-3+1*r5), 0]
(2052, 1543, 17, 914, 531, 2070, 282, 1196, 1719, 1979, 1211, 2240, 833, 1730, 2370, 1348, 973, 477, 1520, 510)->[(-4+2*r5), (-3+1*r5), (-1+1*r5), 0]
(1670, 1159, 783, 666, 412, 1951, 1959, 1449, 48, 1072, 309, 567, 572, 1093, 457, 1234, 1235, 2004, 991, 1386)->[(-4+2*r5), 0, (-3+1*r5), (-1+1*r5)]
(514, 776, 1681, 1174, 2344, 1451, 557, 563, 1203, 1715, 2231, 63, 73, 971, 1873, 1880, 345, 1377, 488, 1405)->[0, (-4+2*r5), (-1+1*r5), (3-1*r5)]
(1423, 400, 1815, 2333, 2214, 307, 2229, 1592, 569, 830, 69, 74, 1105, 1106, 2267, 1120, 1765, 235, 2287, 372)->[(-3+1*r5), (3-1*r5), (-3+1*r5), (3-1*r5)]
(2305, 1680, 2195, 404, 2327, 1438, 418, 816, 1330, 2099, 442, 1850, 1086, 966, 1613, 1878, 2391, 2398, 1770, 2294)->[(-1+1*r5), 0, (-4+2*r5), (3-1*r5)]
(1536, 2177, 1922, 389, 2055, 1935, 1685, 1302, 27, 32, 423, 299, 1858, 1998, 850, 1623, 1374, 993, 1381, 107)->[(4-2*r5), 0, (3-1*r5), (-1+1*r5)]
(1283, 1938, 2194, 1940, 1914, 161, 801, 428, 1581, 58, 577, 2245, 586, 1228, 2259, 1369, 218, 1013, 378, 2044)->[0, (4-2*r5), (-1+1*r5), (3-1*r5)]
(1026, 1165, 2193, 409, 1059, 812, 942, 1342, 1605, 2117, 1739, 76, 720, 2392, 601, 219, 604, 237, 493, 757)->[(-3+1*r5), (-1+1*r5), (4-2*r5), 0]
(264, 1566, 800, 294, 1705, 2092, 1709, 1967, 453, 2375, 2145, 99, 1767, 1515, 1261, 500, 886, 2038, 1528, 2299)->[(3-1*r5), 0, (1-1*r5), (-4+2*r5)]
(515, 1924, 1678, 1551, 669, 1571, 293, 438, 1081, 314, 2105, 1595, 846, 603, 1125, 364, 621, 1772, 2170, 379)->[(4-2*r5), (1-1*r5), 0, (-3+1*r5)]
(512, 520, 139, 652, 779, 767, 2330, 1694, 2082, 37, 297, 937, 1322, 691, 2175, 2244, 1352, 1143, 1145, 1279)->[(4-2*r5), (1-1*r5), 0, (3-1*r5)]
(1409, 1411, 1797, 7, 1799, 1674, 791, 43, 1331, 450, 452, 2121, 1999, 211, 1619, 2261, 1373, 2269, 97, 255)->[(-3+1*r5), (-4+2*r5), 0, (1-1*r5)]
(1028, 1550, 399, 1045, 959, 1473, 1483, 2125, 1102, 214, 1884, 863, 995, 2280, 618, 1517, 1009, 1526, 2167, 1276)->[(-1+1*r5), 0, (-4+2*r5), (-3+1*r5)]
(2306, 1667, 2056, 1180, 671, 2080, 415, 1442, 420, 1956, 682, 1212, 61, 72, 329, 2382, 977, 1875, 1626, 348)->[0, (-6+2*r5), 0, 0]
(769, 1155, 133, 775, 1673, 2057, 268, 1816, 793, 424, 1325, 1711, 985, 737, 1250, 1890, 1388, 114, 1016, 1788)->[(-3+1*r5), (-1+1*r5), (-4+2*r5), 0]
(897, 387, 153, 1820, 421, 935, 168, 1191, 1583, 561, 2107, 965, 1108, 474, 739, 230, 487, 1395, 761, 127)->[(-3+1*r5), 0, (1-1*r5), (4-2*r5)]
(664, 156, 1184, 1314, 183, 2108, 1477, 968, 2122, 1355, 204, 332, 210, 2262, 605, 1249, 879, 1651, 1017, 1787)->[(3-1*r5), (4-2*r5), 0, (-1+1*r5)]
(1029, 1542, 1427, 1429, 1061, 2102, 316, 1981, 1219, 1868, 2383, 597, 1628, 224, 740, 106, 1775, 1138, 1012, 502)->[(4-2*r5), (3-1*r5), (1-1*r5), 0]
(1024, 1284, 1033, 916, 925, 2078, 1444, 1830, 1195, 814, 431, 53, 2362, 2237, 836, 337, 1489, 2136, 473, 501)->[(-3+1*r5), 0, (-1+1*r5), (-4+2*r5)]
(1547, 2191, 403, 1939, 2324, 1304, 1051, 1700, 549, 2217, 2354, 1084, 1474, 1475, 1731, 2371, 1225, 463, 123, 1660)->[(4-2*r5), (-3+1*r5), (-1+1*r5), 0]
(1666, 1676, 918, 2071, 2339, 1961, 685, 1073, 818, 181, 311, 1849, 574, 2242, 195, 2266, 476, 484, 1272, 254)->[0, (3-1*r5), (-4+2*r5), (-1+1*r5)]
(516, 2186, 2210, 291, 1969, 821, 1848, 952, 2106, 1209, 1213, 703, 1092, 724, 987, 93, 2276, 1133, 122, 1659)->[(-4+2*r5), (-3+1*r5), (1-1*r5), 0]
(1152, 1921, 1415, 2067, 1172, 1182, 175, 433, 187, 834, 77, 1618, 1634, 1252, 1127, 492, 1644, 1007, 1267, 1531)->[(-3+1*r5), (1-1*r5), (4-2*r5), 0]
(768, 1792, 1805, 1294, 1688, 2204, 930, 1579, 687, 950, 1339, 2238, 587, 475, 1501, 1132, 878, 1391, 251, 1275)->[0, (3-1*r5), (4-2*r5), (1-1*r5)]
(1934, 1043, 1689, 2207, 31, 1185, 2213, 2345, 698, 1597, 1598, 706, 325, 2000, 229, 1510, 1902, 2032, 2035, 1655)->[(4-2*r5), (-1+1*r5), 0, (3-1*r5)]
(1796, 8, 1801, 1552, 1809, 661, 536, 2075, 414, 1584, 576, 1097, 1117, 1508, 874, 1262, 2292, 252, 509, 1150)->[(-4+2*r5), (3-1*r5), (1-1*r5), 0]
(1928, 2184, 138, 2061, 1040, 2331, 1570, 1827, 305, 2359, 2258, 1365, 598, 855, 1882, 479, 355, 358, 1918, 1151)->[0, 0, 0, (-6+2*r5)]
(4, 660, 2203, 1568, 2212, 1831, 2216, 2226, 1470, 2115, 1481, 1493, 1757, 1122, 233, 2281, 496, 1778, 1656, 1144)->[0, (3-1*r5), (-4+2*r5), (1-1*r5)]
(898, 646, 2318, 1710, 1463, 1722, 1083, 447, 1728, 1363, 1748, 1881, 1883, 2016, 482, 1643, 1907, 1142, 249, 126)->[0, (-1+1*r5), (3-1*r5), (-4+2*r5)]
(518, 136, 266, 653, 2196, 1177, 537, 30, 2341, 427, 1725, 579, 2120, 459, 460, 1632, 753, 1139, 888, 1023)->[(-3+1*r5), 0, (-1+1*r5), (4-2*r5)]
(1413, 651, 1176, 283, 2296, 940, 429, 1454, 2220, 1202, 575, 82, 1111, 607, 998, 999, 1898, 498, 1524, 1784)->[(-4+2*r5), (1-1*r5), 0, (3-1*r5)]
(137, 276, 280, 1058, 167, 1065, 1834, 555, 1067, 1585, 1980, 445, 1090, 1099, 1491, 1246, 1505, 626, 2034, 2291)->[(-1+1*r5), (4-2*r5), (-3+1*r5), 0]
(771, 134, 1163, 141, 272, 530, 1814, 679, 45, 1071, 1199, 1204, 440, 57, 1988, 1238, 2279, 1906, 371, 763)->[(3-1*r5), 0, (1-1*r5), (4-2*r5)]
(385, 1419, 909, 21, 1557, 290, 1452, 688, 177, 1726, 711, 1996, 1614, 339, 1372, 357, 2029, 1646, 497, 1274)->[0, (6-2*r5), 0, 0]
(128, 1156, 1549, 782, 1308, 541, 40, 1323, 829, 1091, 1737, 2126, 1749, 86, 2005, 2151, 2289, 118, 1530, 764)->[(-3+1*r5), 0, (1-1*r5), (-4+2*r5)]
(1416, 1037, 2190, 535, 2087, 308, 1994, 1229, 1615, 593, 87, 1497, 1115, 2397, 225, 2274, 1253, 234, 1002, 882)->[0, (-3+1*r5), (-4+2*r5), (1-1*r5)]
(656, 657, 1562, 413, 2085, 1457, 1467, 328, 972, 209, 984, 95, 100, 1255, 1512, 617, 1781, 1912, 635, 1278)->[0, (-4+2*r5), (1-1*r5), (-3+1*r5)]
(1027, 2198, 927, 1953, 2084, 677, 422, 1702, 425, 683, 1986, 324, 202, 723, 1879, 986, 860, 2288, 115, 1527)->[(-3+1*r5), (-3+1*r5), (-3+1*r5), (-3+1*r5)]
(1280, 257, 1154, 786, 154, 1564, 1954, 2227, 56, 444, 2374, 71, 1232, 1872, 858, 2396, 2271, 1639, 1387, 1005)->[(-4+2*r5), 0, (-3+1*r5), (1-1*r5)]
(2304, 263, 394, 1169, 1298, 1311, 678, 2091, 826, 189, 2113, 839, 1865, 462, 2385, 1877, 240, 499, 1398, 1019)->[0, (1-1*r5), (-3+1*r5), (4-2*r5)]
(2178, 899, 2054, 893, 1301, 548, 815, 1727, 709, 1221, 1738, 1866, 996, 360, 2025, 2031, 112, 368, 2300, 1149)->[(-1+1*r5), (3-1*r5), 0, (-4+2*r5)]
(1408, 658, 275, 539, 543, 416, 1958, 301, 310, 185, 448, 196, 708, 2372, 1486, 1103, 1888, 353, 1378, 1633)->[(4-2*r5), (3-1*r5), (-1+1*r5), 0]
(901, 1420, 790, 1046, 1948, 1829, 551, 304, 312, 1080, 1729, 2373, 2251, 1487, 1245, 223, 1376, 1529, 1402, 1147)->[(-1+1*r5), (-4+2*r5), (3-1*r5), 0]
(132, 1418, 1295, 1682, 662, 284, 1443, 298, 819, 1344, 208, 852, 725, 1504, 1379, 2019, 1894, 615, 1650, 629)->[(3-1*r5), (-3+1*r5), (3-1*r5), (3-1*r5)]
(130, 1923, 1926, 2316, 1424, 1309, 292, 166, 1075, 1590, 2239, 588, 592, 352, 1384, 2026, 884, 245, 1785, 1663)->[(4-2*r5), 0, (3-1*r5), (1-1*r5)]
(765, 1161, 2059, 140, 2060, 1422, 1696, 2083, 2222, 47, 2236, 584, 2376, 331, 1995, 1107, 253, 1776, 1401, 2301)->[(3-1*r5), (-4+2*r5), 0, (-1+1*r5)]
(2065, 2322, 1823, 1064, 1324, 2353, 947, 1974, 1975, 65, 2118, 1997, 2381, 1616, 470, 983, 728, 220, 109, 1783)->[(1-1*r5), (-4+2*r5), (-3+1*r5), 0]
(2180, 1671, 1931, 524, 528, 1553, 1173, 1558, 408, 281, 42, 558, 1972, 194, 1987, 842, 78, 849, 875, 2039)->[0, (-1+1*r5), (-3+1*r5), (4-2*r5)]
(1932, 784, 1554, 2041, 1565, 680, 313, 330, 2001, 466, 1624, 1240, 730, 2011, 864, 2147, 1259, 1397, 1654, 1273)->[(1-1*r5), (4-2*r5), (3-1*r5), 0]
(643, 908, 20, 406, 287, 180, 1844, 2366, 2112, 847, 2129, 2013, 1118, 1247, 743, 1004, 628, 759, 1915, 892)->[(3-1*r5), (-1+1*r5), (4-2*r5), 0]
(1, 915, 25, 550, 1448, 172, 1208, 962, 2377, 851, 1364, 731, 1885, 2155, 755, 1140, 885, 2293, 1015, 1786)->[(-1+1*r5), 0, (4-2*r5), (3-1*r5)]
(261, 525, 655, 1171, 808, 169, 681, 2351, 1214, 960, 1856, 1990, 2248, 1871, 1368, 1627, 741, 880, 883, 756)->[(3-1*r5), (-4+2*r5), 0, (1-1*r5)]
(278, 157, 1328, 2355, 697, 1471, 321, 201, 1867, 717, 1747, 1375, 992, 101, 620, 242, 2162, 117, 250, 1662)->[(3-1*r5), (-3+1*r5), (-3+1*r5), (3-1*r5)]
(904, 1933, 674, 1446, 936, 938, 1456, 2364, 831, 1745, 1496, 483, 104, 1642, 2156, 1777, 1780, 2164, 630, 2165)->[(-3+1*r5), (3-1*r5), (3-1*r5), (3-1*r5)]
(2176, 1031, 398, 1812, 23, 2201, 1305, 285, 2337, 1582, 315, 2369, 589, 464, 2132, 2390, 215, 2270, 2158, 889)->[0, (-4+2*r5), (1-1*r5), (3-1*r5)]
(1925, 778, 906, 2326, 1175, 2208, 2350, 1843, 1464, 956, 192, 1860, 197, 326, 1485, 91, 1887, 616, 1008, 116)->[0, 0, (6-2*r5), 0]
(640, 1794, 517, 1164, 1819, 1052, 686, 1333, 1336, 2109, 702, 446, 2253, 595, 217, 1498, 1511, 2157, 1266, 1523)->[(6-2*r5), 0, 0, 0]
(271, 150, 1053, 1572, 295, 46, 176, 949, 1723, 1599, 1476, 1735, 1361, 341, 103, 744, 366, 244, 373, 1021)->[(-3+1*r5), (3-1*r5), (3-1*r5), (-3+1*r5)]
(2183, 277, 670, 2079, 33, 1193, 182, 2232, 1217, 1478, 1610, 719, 733, 1631, 1503, 1129, 2284, 1400, 636, 382)->[(1-1*r5), (3-1*r5), 0, (4-2*r5)]
(772, 143, 1167, 1818, 1821, 1701, 1194, 173, 1966, 689, 1332, 1465, 1602, 1732, 333, 1366, 610, 1893, 1010, 1018)->[(3-1*r5), (3-1*r5), (3-1*r5), (3-1*r5)]
(1289, 1546, 1293, 142, 1560, 1704, 171, 434, 1724, 1340, 705, 1612, 1104, 726, 1625, 2140, 2149, 750, 631, 1022)->[0, (-4+2*r5), (-1+1*r5), (-3+1*r5)]
(1808, 274, 534, 2076, 1181, 1698, 1062, 562, 948, 694, 1846, 200, 2002, 2399, 736, 1507, 612, 1768, 248, 2047)->[0, (4-2*r5), (1-1*r5), (3-1*r5)]
(129, 1157, 1417, 1675, 1166, 417, 419, 547, 426, 1716, 2357, 1079, 1215, 1607, 1863, 591, 84, 344, 1241, 1383)->[(3-1*r5), (3-1*r5), (3-1*r5), (-3+1*r5)]
(260, 1668, 902, 1041, 2066, 2323, 1957, 1578, 2224, 1207, 1218, 1482, 1358, 2130, 1759, 2020, 1256, 108, 1910, 506)->[(-3+1*r5), (-3+1*r5), (3-1*r5), (3-1*r5)]
(1800, 1421, 913, 1555, 926, 2340, 822, 953, 1468, 843, 2252, 207, 1750, 857, 1756, 485, 1385, 622, 1404, 1535)->[(-1+1*r5), (4-2*r5), (3-1*r5), 0]
(641, 1540, 647, 795, 1949, 34, 825, 1594, 1338, 967, 713, 1611, 854, 2264, 1762, 2146, 1000, 1389, 1532, 1277)->[(-4+2*r5), 0, (3-1*r5), (1-1*r5)]
(2049, 1032, 638, 12, 1807, 1431, 2336, 1060, 1580, 1326, 1200, 437, 1734, 585, 2380, 2255, 1248, 2152, 111, 766)->[(-3+1*r5), (4-2*r5), 0, (-1+1*r5)]
(258, 1426, 22, 1432, 410, 1695, 804, 1575, 556, 1708, 2093, 435, 199, 1609, 990, 867, 1382, 491, 1518, 758)->[(4-2*r5), (-1+1*r5), 0, (-3+1*r5)]
(1664, 1281, 1288, 395, 1945, 542, 676, 1842, 436, 1603, 454, 1620, 1629, 351, 1123, 749, 1647, 1264, 119, 890)->[0, (4-2*r5), (-1+1*r5), (-3+1*r5)]
(522, 1930, 2314, 16, 1822, 1569, 1841, 690, 1971, 1460, 566, 961, 67, 1354, 2250, 974, 1746, 471, 1112, 1641)->[(-3+1*r5), (4-2*r5), 0, (1-1*r5)]
(1025, 2310, 2062, 1047, 1315, 1573, 1190, 1068, 2221, 943, 1714, 335, 1488, 1490, 2014, 481, 228, 1649, 1909, 1146)->[(-4+2*r5), (1-1*r5), 0, (-3+1*r5)]
(1430, 1179, 544, 2209, 165, 1318, 692, 1717, 695, 581, 1098, 2378, 1101, 1506, 1896, 873, 1769, 1134, 1141, 632)->[(-1+1*r5), (-3+1*r5), 0, (4-2*r5)]
(1802, 148, 919, 1327, 2095, 1977, 1085, 1854, 66, 455, 1608, 1993, 1356, 1357, 2128, 2141, 2148, 627, 1271, 2171)->[(3-1*r5), (1-1*r5), (-4+2*r5), 0]
(1286, 155, 796, 1440, 803, 41, 1707, 560, 1733, 2119, 1224, 978, 1876, 1370, 602, 1380, 1908, 1658, 2172, 2302)->[0, 0, (-6+2*r5), 0]
(396, 532, 1943, 798, 554, 1837, 944, 1458, 958, 64, 2243, 205, 1743, 2256, 1621, 2395, 221, 1513, 2043, 1534)->[(4-2*r5), 0, (-3+1*r5), (-1+1*r5)]
(3, 644, 1285, 1036, 1303, 1832, 2219, 2352, 564, 1335, 571, 317, 1343, 327, 715, 727, 989, 480, 2036, 637)->[(1-1*r5), 0, (4-2*r5), (-3+1*r5)]
(256, 6, 527, 2325, 928, 170, 2223, 2356, 1077, 700, 62, 963, 340, 2388, 2135, 359, 1258, 634, 1406, 383)->[0, (-3+1*r5), (4-2*r5), (1-1*r5)]
(1414, 911, 1039, 1178, 1826, 2343, 2098, 441, 2235, 1346, 1347, 969, 2257, 1874, 982, 1622, 1889, 356, 1001, 633)->[(-3+1*r5), (-3+1*r5), (-3+1*r5), (3-1*r5)]
(900, 1927, 146, 1434, 1306, 933, 807, 693, 439, 1341, 838, 596, 2138, 1116, 1891, 2160, 370, 504, 507, 639)->[(1-1*r5), 0, (-4+2*r5), (-3+1*r5)]
(2, 390, 2182, 523, 654, 1686, 920, 1435, 411, 802, 2086, 2096, 951, 1742, 81, 1754, 1243, 1124, 746, 1525)->[0, (3-1*r5), (4-2*r5), (-1+1*r5)]
(1793, 2308, 1806, 1192, 49, 1074, 1078, 2358, 1088, 193, 835, 458, 2134, 2265, 1886, 2022, 1514, 1263, 375, 2169)->[(3-1*r5), (-3+1*r5), (-3+1*r5), (-3+1*r5)]
(2053, 2058, 1677, 2189, 2321, 1428, 1563, 1441, 2211, 1189, 2360, 580, 2116, 853, 1242, 1758, 862, 1892, 2166, 505)->[0, (1-1*r5), (-3+1*r5), (-4+2*r5)]
(402, 19, 1561, 797, 286, 929, 1057, 684, 1588, 1337, 1596, 1604, 83, 212, 1236, 1495, 609, 747, 1014, 377)->[0, 0, 0, (6-2*r5)]
(386, 2063, 1691, 1692, 668, 939, 300, 817, 1973, 2234, 2365, 1345, 844, 594, 2387, 861, 2144, 2285, 625, 760)->[0, (-3+1*r5), (4-2*r5), (-1+1*r5)]
