(0, 257, 283, 161, 175, 431, 460, 80, 209, 597, 344, 218, 225, 230, 487, 494, 495, 496, 117, 126)->[0, -2, (-3-1*r5), (-1-1*r5)]
(0, 388, 522, 267, 12, 17, 33, 551, 436, 461, 206, 80, 338, 476, 477, 230, 242, 117, 373, 126)->[(-1-1*r5), (-1-1*r5), (-1-1*r5), (-1-1*r5)]
(0, 399, 144, 22, 283, 28, 161, 431, 311, 571, 316, 455, 332, 461, 477, 221, 242, 500, 245, 126)->[0, (-1-1*r5), -2, (-3-1*r5)]
(0, 262, 535, 25, 156, 431, 311, 194, 200, 206, 84, 344, 218, 476, 221, 351, 481, 230, 360, 242)->[-2, 0, (-1-1*r5), (-3-1*r5)]
(393, 13, 527, 157, 546, 42, 43, 174, 71, 201, 458, 204, 208, 211, 595, 94, 237, 365, 505, 125)->[(-3-1*r5), (1+1*r5), 0, -2]
(261, 11, 143, 16, 277, 29, 173, 564, 182, 570, 186, 66, 578, 459, 334, 596, 86, 106, 109, 367)->[2, (3+1*r5), 0, (1+1*r5)]
(256, 138, 394, 270, 37, 293, 439, 183, 57, 574, 65, 193, 324, 69, 580, 210, 467, 342, 224, 501)->[0, -2, (-3-1*r5), (1+1*r5)]
(268, 270, 154, 554, 562, 313, 65, 324, 580, 327, 464, 81, 465, 473, 219, 224, 362, 236, 113, 499)->[0, 2, (-3-1*r5), (1+1*r5)]
(512, 513, 134, 262, 141, 408, 25, 298, 55, 189, 194, 214, 215, 351, 98, 360, 498, 120, 378, 509)->[0, (1+1*r5), -2, (-3-1*r5)]
(129, 258, 518, 401, 276, 287, 416, 544, 552, 170, 300, 428, 312, 576, 329, 599, 222, 239, 116, 375)->[0, 0, (2+2*r5), 0]
(135, 396, 159, 545, 421, 168, 429, 430, 47, 185, 573, 62, 207, 85, 471, 475, 352, 361, 241, 381)->[0, (-3-1*r5), (1+1*r5), 2]
(1, 516, 391, 393, 13, 398, 21, 191, 323, 581, 201, 76, 333, 208, 472, 482, 249, 103, 503, 505)->[(-3-1*r5), 0, 2, (-1-1*r5)]
(534, 280, 154, 290, 548, 432, 307, 574, 65, 193, 450, 330, 463, 210, 95, 224, 113, 499, 121, 255)->[(1+1*r5), 0, (-3-1*r5), 2]
(386, 266, 149, 416, 547, 167, 428, 441, 314, 445, 68, 593, 87, 599, 347, 93, 229, 240, 116, 375)->[0, 2, (3+1*r5), (-1-1*r5)]
(133, 143, 16, 285, 30, 288, 295, 173, 49, 564, 448, 451, 459, 205, 592, 341, 354, 356, 102, 489)->[(1+1*r5), (3+1*r5), 2, 0]
(131, 521, 525, 529, 404, 532, 410, 34, 325, 326, 585, 74, 466, 598, 97, 486, 492, 254, 250, 510)->[(-1-1*r5), -2, 0, (3+1*r5)]
(128, 2, 134, 520, 408, 281, 541, 546, 38, 42, 556, 174, 587, 204, 595, 90, 120, 378, 509, 127)->[-2, (3+1*r5), 0, (-1-1*r5)]
(256, 257, 517, 136, 426, 427, 178, 307, 183, 568, 193, 450, 67, 209, 210, 487, 494, 495, 501, 121)->[2, (-1-1*r5), (-3-1*r5), 0]
(385, 132, 406, 23, 534, 279, 154, 539, 424, 562, 56, 572, 575, 453, 330, 219, 95, 358, 236, 113)->[2, (1+1*r5), (-3-1*r5), 0]
(256, 138, 19, 417, 548, 426, 303, 574, 320, 450, 67, 198, 75, 589, 210, 342, 470, 115, 118, 255)->[(1+1*r5), (-1-1*r5), (-1-1*r5), (1+1*r5)]
(394, 270, 34, 37, 554, 57, 61, 63, 449, 579, 324, 326, 327, 585, 203, 81, 359, 234, 492, 254)->[-2, 0, (-1-1*r5), (3+1*r5)]
(6, 269, 146, 30, 158, 289, 302, 49, 435, 566, 315, 187, 451, 586, 591, 341, 353, 354, 232, 491)->[(3+1*r5), 2, (1+1*r5), 0]
(3, 259, 265, 144, 412, 286, 162, 39, 434, 571, 447, 319, 328, 332, 478, 493, 114, 243, 500, 245)->[2, (-3-1*r5), 0, (-1-1*r5)]
(139, 396, 147, 276, 278, 155, 544, 545, 168, 170, 561, 185, 444, 576, 468, 85, 96, 233, 108, 239)->[-2, (-1-1*r5), (3+1*r5), 0]
(261, 389, 403, 539, 172, 179, 182, 313, 572, 575, 464, 596, 86, 345, 473, 219, 227, 236, 367, 377)->[0, (3+1*r5), (-1-1*r5), 2]
(261, 389, 523, 268, 425, 554, 313, 186, 317, 61, 195, 203, 464, 81, 86, 228, 359, 106, 109, 508)->[0, (1+1*r5), -2, (3+1*r5)]
(528, 149, 533, 151, 163, 292, 41, 169, 553, 54, 445, 68, 196, 217, 89, 347, 93, 226, 100, 101)->[2, 0, (1+1*r5), (-3-1*r5)]
(133, 134, 263, 400, 285, 419, 420, 556, 309, 55, 443, 448, 587, 205, 90, 223, 98, 102, 498, 509)->[2, (3+1*r5), 0, (-1-1*r5)]
(522, 12, 527, 21, 535, 537, 33, 165, 43, 581, 200, 201, 458, 331, 206, 336, 84, 472, 476, 505)->[(-3-1*r5), 0, -2, (-1-1*r5)]
(260, 523, 405, 410, 542, 36, 171, 52, 64, 195, 326, 203, 466, 228, 486, 231, 359, 234, 492, 379)->[0, 0, 0, (2+2*r5)]
(130, 3, 265, 526, 271, 26, 411, 286, 162, 166, 39, 40, 50, 53, 440, 192, 77, 366, 504, 507)->[(3+1*r5), (-1-1*r5), 0, -2]
(1, 516, 390, 147, 278, 282, 155, 160, 291, 555, 561, 444, 323, 73, 76, 79, 484, 485, 103, 374)->[(-3-1*r5), -2, (1+1*r5), 0]
(390, 392, 397, 404, 160, 291, 164, 442, 188, 452, 74, 79, 598, 91, 97, 122, 364, 374, 250, 380)->[(-3-1*r5), (-1-1*r5), 0, 2]
(512, 385, 515, 132, 263, 141, 402, 23, 420, 297, 438, 55, 56, 443, 453, 70, 340, 215, 98, 383)->[(1+1*r5), (1+1*r5), (-1-1*r5), (-1-1*r5)]
(128, 386, 400, 407, 152, 281, 285, 288, 556, 190, 592, 593, 87, 90, 99, 229, 102, 489, 240, 127)->[0, (3+1*r5), (1+1*r5), -2]
(517, 136, 265, 145, 411, 412, 162, 426, 558, 178, 319, 192, 67, 197, 198, 110, 366, 115, 243, 118)->[(1+1*r5), (-3-1*r5), -2, 0]
(3, 259, 399, 22, 26, 28, 418, 163, 292, 39, 565, 577, 77, 217, 100, 101, 500, 245, 504, 253)->[(1+1*r5), -2, 0, (-3-1*r5)]
(384, 388, 392, 524, 17, 409, 164, 551, 44, 305, 436, 442, 462, 335, 91, 123, 244, 373, 122, 251)->[(-1-1*r5), (-3-1*r5), -2, 0]
(10, 394, 530, 150, 415, 550, 304, 433, 439, 63, 449, 324, 580, 327, 465, 467, 213, 362, 111, 382)->[(-1-1*r5), 0, (-3-1*r5), 2]
(4, 11, 16, 18, 29, 158, 30, 289, 302, 564, 310, 184, 578, 456, 584, 78, 88, 354, 356, 235)->[(3+1*r5), (1+1*r5), 0, 2]
(2, 520, 14, 403, 546, 549, 38, 172, 51, 337, 211, 339, 595, 345, 474, 227, 237, 365, 248, 377)->[(-1-1*r5), (3+1*r5), -2, 0]
(259, 519, 399, 533, 151, 284, 32, 163, 292, 176, 571, 316, 447, 196, 455, 82, 479, 480, 493, 500)->[0, (-1-1*r5), 2, (-3-1*r5)]
(512, 513, 402, 22, 283, 28, 418, 297, 431, 565, 340, 597, 215, 218, 92, 221, 351, 360, 496, 253)->[2, 0, (-1-1*r5), (-3-1*r5)]
(130, 6, 264, 140, 269, 526, 275, 414, 50, 566, 440, 591, 83, 355, 491, 369, 502, 376, 507, 124)->[(3+1*r5), -2, (1+1*r5), 0]
(514, 387, 529, 531, 532, 410, 540, 542, 559, 446, 64, 325, 457, 343, 346, 486, 363, 368, 247, 379)->[-2, 0, (1+1*r5), (3+1*r5)]
(137, 395, 142, 15, 20, 148, 277, 295, 302, 435, 564, 570, 187, 578, 584, 459, 341, 348, 354, 252)->[(1+1*r5), (1+1*r5), (1+1*r5), (1+1*r5)]
(4, 18, 280, 413, 31, 290, 548, 180, 310, 567, 454, 199, 75, 589, 463, 470, 88, 235, 371, 255)->[(3+1*r5), 0, -2, (1+1*r5)]
(130, 6, 140, 271, 413, 158, 289, 166, 423, 180, 53, 308, 567, 440, 310, 184, 586, 469, 235, 491)->[(2+2*r5), 0, 0, 0]
(514, 131, 147, 404, 532, 282, 159, 168, 561, 185, 62, 325, 74, 79, 207, 343, 96, 363, 374, 380)->[(-1-1*r5), (-1-1*r5), (1+1*r5), (1+1*r5)]
(9, 10, 14, 527, 537, 415, 294, 550, 43, 304, 51, 331, 336, 211, 339, 220, 350, 365, 111, 125)->[(-3-1*r5), 2, (-1-1*r5), 0]
(7, 139, 528, 149, 151, 284, 32, 544, 547, 576, 196, 599, 347, 222, 480, 357, 233, 108, 375, 506)->[0, -2, (3+1*r5), (-1-1*r5)]
(388, 9, 10, 12, 397, 530, 33, 165, 550, 188, 452, 331, 336, 338, 213, 91, 244, 373, 122, 382)->[(-3-1*r5), -2, (-1-1*r5), 0]
(9, 10, 521, 397, 27, 294, 304, 560, 63, 449, 579, 452, 585, 598, 350, 97, 488, 364, 254, 382)->[(-3-1*r5), 0, -2, (1+1*r5)]
(388, 5, 522, 267, 21, 160, 33, 291, 165, 436, 442, 188, 323, 581, 73, 462, 103, 238, 503, 122)->[(-3-1*r5), (-1-1*r5), 0, -2]
(514, 387, 518, 396, 273, 531, 276, 540, 552, 47, 185, 322, 329, 207, 343, 96, 104, 239, 246, 381)->[0, -2, (3+1*r5), (1+1*r5)]
(129, 274, 152, 287, 416, 35, 167, 296, 300, 428, 557, 190, 583, 72, 593, 349, 99, 483, 229, 119)->[-2, (1+1*r5), (3+1*r5), 0]
(264, 273, 275, 153, 538, 414, 430, 47, 48, 177, 58, 318, 475, 352, 355, 104, 497, 246, 376, 381)->[(1+1*r5), (-1-1*r5), (1+1*r5), (1+1*r5)]
(150, 279, 406, 534, 175, 433, 562, 60, 193, 580, 460, 209, 467, 224, 225, 362, 495, 113, 501, 121)->[0, 0, (-2-2*r5), 0]
(521, 529, 410, 27, 425, 563, 181, 61, 446, 195, 579, 585, 203, 588, 212, 346, 488, 492, 379, 508)->[(-1-1*r5), 2, 0, (3+1*r5)]
(257, 136, 144, 22, 411, 283, 161, 162, 418, 39, 40, 178, 568, 594, 597, 92, 494, 243, 245, 504)->[(1+1*r5), (-1-1*r5), (-1-1*r5), (-1-1*r5)]
(7, 32, 545, 421, 301, 46, 429, 176, 434, 59, 573, 447, 468, 85, 478, 480, 233, 108, 493, 114)->[0, (-3-1*r5), (1+1*r5), -2]
(258, 518, 264, 395, 15, 273, 401, 148, 538, 414, 552, 435, 566, 312, 315, 187, 322, 591, 104, 369)->[(1+1*r5), 0, (3+1*r5), 2]
(14, 150, 279, 415, 172, 562, 60, 575, 465, 339, 473, 474, 220, 227, 358, 105, 362, 236, 111, 112)->[-2, (1+1*r5), (-3-1*r5), 0]
(258, 269, 528, 146, 149, 169, 553, 312, 441, 315, 445, 591, 599, 222, 232, 369, 116, 502, 506, 124)->[(1+1*r5), 0, (3+1*r5), -2]
(130, 140, 526, 19, 275, 413, 166, 558, 48, 177, 567, 58, 192, 199, 75, 589, 355, 366, 115, 118)->[(3+1*r5), (-1-1*r5), 0, 2]
(4, 261, 11, 268, 18, 280, 154, 539, 29, 424, 182, 313, 317, 454, 330, 78, 463, 219, 109, 499)->[(1+1*r5), (1+1*r5), (-1-1*r5), (1+1*r5)]
(260, 19, 405, 153, 31, 417, 36, 171, 299, 303, 177, 306, 58, 318, 199, 75, 470, 231, 497, 371)->[(1+1*r5), -2, 0, (3+1*r5)]
(1, 390, 9, 13, 160, 165, 43, 560, 188, 321, 452, 581, 201, 336, 350, 94, 484, 103, 364, 125)->[(-2-2*r5), 0, 0, 0]
(530, 551, 427, 175, 433, 439, 183, 69, 335, 80, 209, 338, 467, 213, 487, 244, 117, 373, 501, 251)->[-2, (-1-1*r5), (-3-1*r5), 0]
(1, 13, 274, 157, 35, 555, 557, 569, 321, 71, 72, 202, 76, 208, 349, 94, 484, 485, 370, 249)->[(-3-1*r5), 2, (1+1*r5), 0]
(135, 272, 19, 24, 299, 430, 303, 48, 177, 558, 318, 320, 197, 198, 471, 475, 490, 110, 241, 115)->[2, (-3-1*r5), 0, (1+1*r5)]
(135, 524, 272, 145, 409, 412, 421, 44, 305, 434, 59, 573, 319, 197, 328, 478, 361, 110, 241, 123)->[0, (-2-2*r5), 0, 0]
(132, 133, 263, 143, 16, 539, 29, 420, 424, 179, 309, 182, 56, 572, 448, 456, 78, 596, 356, 383)->[(1+1*r5), (3+1*r5), -2, 0]
(5, 267, 17, 44, 301, 176, 436, 59, 316, 571, 328, 332, 461, 462, 82, 477, 478, 493, 238, 123)->[-2, (-3-1*r5), 0, (-1-1*r5)]
(4, 260, 137, 11, 523, 20, 277, 31, 306, 52, 317, 578, 454, 584, 88, 228, 231, 106, 109, 371)->[(1+1*r5), 2, 0, (3+1*r5)]
(129, 514, 147, 531, 282, 155, 287, 35, 170, 555, 559, 72, 329, 202, 119, 96, 485, 363, 239, 247)->[(-1-1*r5), 0, (3+1*r5), 2]
(134, 400, 541, 543, 41, 54, 314, 189, 68, 214, 87, 90, 93, 223, 226, 240, 498, 372, 120, 127)->[0, (1+1*r5), 2, (-3-1*r5)]
(256, 384, 517, 138, 272, 145, 409, 293, 427, 305, 437, 183, 320, 67, 69, 197, 198, 335, 490, 251)->[0, (-3-1*r5), (-1-1*r5), 2]
(12, 530, 150, 537, 156, 415, 550, 175, 433, 60, 331, 80, 338, 84, 344, 220, 476, 225, 230, 105)->[(-1-1*r5), 0, (-3-1*r5), -2]
(517, 144, 17, 145, 161, 551, 427, 305, 178, 319, 328, 332, 461, 335, 487, 494, 243, 117, 123, 126)->[0, (-3-1*r5), (-1-1*r5), -2]
(516, 5, 519, 139, 278, 284, 32, 301, 176, 444, 191, 323, 73, 82, 468, 482, 357, 233, 238, 503)->[(-1-1*r5), (-1-1*r5), (1+1*r5), (-1-1*r5)]
(515, 132, 18, 23, 280, 290, 423, 424, 432, 180, 308, 310, 184, 70, 582, 456, 330, 78, 95, 383)->[(3+1*r5), 2, (-1-1*r5), 0]
(142, 20, 277, 52, 570, 186, 64, 66, 195, 457, 588, 216, 346, 228, 106, 107, 368, 252, 379, 508)->[0, (1+1*r5), 2, (3+1*r5)]
(3, 259, 7, 528, 286, 292, 553, 46, 50, 447, 196, 77, 83, 480, 101, 114, 502, 506, 507, 124)->[(1+1*r5), (-1-1*r5), (1+1*r5), (-1-1*r5)]
(2, 262, 527, 535, 408, 537, 25, 156, 42, 298, 458, 339, 84, 595, 474, 220, 105, 365, 112, 378)->[(-1-1*r5), (1+1*r5), (-1-1*r5), (-1-1*r5)]
(513, 399, 533, 28, 163, 41, 54, 311, 189, 194, 455, 590, 214, 217, 221, 479, 351, 481, 372, 253)->[0, 0, 0, (-2-2*r5)]
(385, 141, 406, 279, 25, 156, 298, 60, 453, 460, 340, 215, 344, 218, 225, 358, 360, 105, 112, 496)->[0, 2, (-3-1*r5), (-1-1*r5)]
(386, 395, 401, 146, 152, 288, 416, 295, 296, 300, 435, 312, 441, 315, 451, 592, 593, 341, 348, 116)->[2, (1+1*r5), (3+1*r5), 0]
(516, 391, 266, 139, 155, 287, 544, 547, 167, 170, 428, 444, 191, 72, 76, 349, 357, 485, 375, 249)->[(-1-1*r5), 0, (3+1*r5), -2]
(407, 152, 288, 422, 295, 296, 45, 173, 570, 66, 583, 459, 334, 216, 348, 99, 483, 489, 107, 252)->[0, (3+1*r5), (1+1*r5), 2]
(389, 14, 27, 549, 294, 425, 172, 304, 51, 61, 63, 579, 327, 464, 81, 465, 212, 473, 111, 377)->[(-1-1*r5), (1+1*r5), (-1-1*r5), (1+1*r5)]
(136, 271, 411, 290, 548, 166, 40, 426, 432, 307, 180, 308, 567, 568, 450, 582, 589, 594, 366, 118)->[(3+1*r5), -2, (-1-1*r5), 0]
(262, 393, 398, 535, 541, 543, 42, 189, 194, 200, 458, 204, 333, 590, 472, 481, 372, 120, 505, 378)->[(-1-1*r5), 2, 0, (-3-1*r5)]
(536, 27, 157, 549, 294, 560, 51, 563, 181, 569, 321, 211, 212, 350, 94, 488, 237, 370, 248, 125)->[(-3-1*r5), (1+1*r5), 0, 2]
(515, 271, 402, 26, 418, 423, 40, 297, 308, 53, 438, 565, 577, 70, 582, 594, 469, 92, 504, 511)->[(3+1*r5), 0, -2, (-1-1*r5)]
(264, 137, 140, 275, 148, 153, 538, 413, 31, 289, 302, 306, 566, 58, 187, 199, 584, 88, 235, 491)->[(3+1*r5), 0, 2, (1+1*r5)]
(131, 405, 24, 540, 542, 159, 171, 299, 430, 47, 318, 325, 207, 466, 471, 343, 486, 497, 246, 510)->[0, (-1-1*r5), 2, (3+1*r5)]
(519, 522, 267, 21, 311, 316, 455, 200, 333, 206, 590, 82, 472, 477, 479, 481, 482, 238, 242, 503)->[(-1-1*r5), -2, 0, (-3-1*r5)]
(138, 525, 405, 24, 417, 34, 36, 37, 293, 299, 303, 437, 57, 320, 326, 466, 342, 234, 490, 510)->[0, (-1-1*r5), -2, (3+1*r5)]
(5, 524, 278, 291, 164, 168, 44, 301, 561, 442, 59, 573, 62, 73, 462, 468, 85, 361, 374, 380)->[(-1-1*r5), (-3-1*r5), 2, 0]
(389, 403, 536, 549, 422, 425, 45, 181, 186, 66, 588, 334, 337, 212, 86, 107, 367, 248, 377, 508)->[-2, (3+1*r5), 0, (1+1*r5)]
(129, 387, 395, 142, 15, 401, 531, 296, 552, 300, 322, 583, 329, 457, 216, 247, 348, 368, 119, 252)->[0, 2, (3+1*r5), (1+1*r5)]
(258, 518, 7, 396, 273, 276, 414, 545, 429, 46, 576, 83, 222, 352, 108, 369, 376, 506, 124, 381)->[2, (-1-1*r5), (3+1*r5), 0]
(384, 131, 392, 524, 525, 272, 404, 24, 409, 159, 164, 437, 62, 471, 361, 490, 241, 250, 380, 510)->[-2, (-3-1*r5), 0, (1+1*r5)]
(6, 8, 269, 26, 169, 553, 53, 440, 577, 586, 77, 469, 89, 353, 100, 101, 232, 502, 507, 511)->[(3+1*r5), 0, 2, (-1-1*r5)]
(536, 35, 45, 557, 559, 563, 181, 569, 446, 583, 202, 588, 216, 346, 247, 483, 107, 368, 370, 119)->[(-1-1*r5), (1+1*r5), (1+1*r5), (1+1*r5)]
(391, 519, 266, 398, 533, 151, 284, 543, 547, 54, 314, 191, 68, 333, 590, 347, 479, 482, 357, 372)->[-2, 0, (1+1*r5), (-3-1*r5)]
(133, 263, 8, 383, 158, 30, 419, 423, 49, 438, 184, 443, 70, 456, 586, 205, 469, 353, 356, 511)->[(3+1*r5), (1+1*r5), 0, -2]
(384, 392, 394, 397, 525, 34, 293, 437, 439, 57, 449, 69, 213, 91, 97, 244, 254, 250, 251, 382)->[(-1-1*r5), (-1-1*r5), (-1-1*r5), (1+1*r5)]
(2, 520, 141, 408, 420, 298, 179, 309, 56, 572, 575, 453, 587, 345, 474, 98, 227, 358, 112, 509)->[0, (3+1*r5), (-1-1*r5), -2]
(257, 385, 515, 406, 23, 534, 297, 432, 307, 568, 582, 460, 594, 340, 597, 92, 95, 495, 496, 121)->[(1+1*r5), 0, (-3-1*r5), -2]
(387, 137, 142, 15, 20, 148, 153, 538, 540, 542, 171, 306, 52, 64, 322, 457, 231, 104, 497, 246)->[2, 0, (1+1*r5), (3+1*r5)]
(128, 274, 407, 536, 281, 157, 546, 38, 422, 45, 174, 557, 190, 71, 337, 99, 483, 237, 370, 248)->[(-1-1*r5), (3+1*r5), 2, 0]
(386, 8, 400, 146, 419, 169, 49, 441, 445, 451, 205, 592, 87, 89, 93, 223, 353, 226, 102, 232)->[(1+1*r5), (1+1*r5), (1+1*r5), (-1-1*r5)]
(135, 265, 526, 412, 286, 421, 429, 46, 558, 48, 50, 434, 192, 83, 475, 352, 355, 110, 114, 376)->[(1+1*r5), (-3-1*r5), 2, 0]
(512, 513, 8, 402, 419, 41, 565, 438, 55, 443, 577, 214, 217, 89, 223, 226, 100, 498, 253, 511)->[(1+1*r5), 2, 0, (-3-1*r5)]
(390, 521, 529, 532, 282, 555, 559, 560, 563, 569, 446, 321, 202, 74, 79, 598, 484, 488, 363, 364)->[(-3-1*r5), 0, 2, (1+1*r5)]
(128, 520, 143, 403, 407, 285, 38, 422, 556, 173, 179, 309, 448, 587, 334, 337, 596, 345, 489, 367)->[0, (2+2*r5), 0, 0]
(391, 393, 266, 398, 274, 281, 541, 543, 167, 174, 314, 190, 71, 204, 208, 349, 229, 240, 249, 127)->[(-1-1*r5), (1+1*r5), (1+1*r5), (-1-1*r5)]
(260, 523, 268, 270, 417, 36, 37, 554, 317, 574, 65, 454, 463, 342, 470, 359, 234, 371, 499, 255)->[2, 0, (-1-1*r5), (3+1*r5)]
