Face([303, 74, 269])
Face([170, 48, 702])
Face([1, 672, 217])
Face([228, 691, 596])
Face([476, 178, 294])
Face([514, 304, 449])
Face([7, 428, 686])
Face([22, 547, 196])
Face([519, 657, 633])
Face([468, 455, 626])
Face([67, 696, 502])
Face([322, 418, 252])
Face([84, 576, 668])
Face([382, 274, 120])
Face([382, 360, 479])
Face([48, 702, 623])
Face([150, 665, 127])
Face([183, 140, 546])
Face([41, 443, 83])
Face([66, 436, 24])
Face([238, 360, 149])
Face([406, 488, 439])
Face([280, 175, 179])
Face([380, 128, 211])
Face([217, 258, 630])
Face([338, 545, 418])
Face([20, 395, 476])
Face([184, 556, 421])
Face([673, 490, 84])
Face([74, 269, 373])
Face([348, 677, 22])
Face([187, 572, 439])
Face([665, 706, 392])
Face([276, 275, 562])
Face([435, 10, 528])
Face([522, 673, 490])
Face([156, 24, 197])
Face([23, 67, 303])
Face([624, 353, 611])
Face([268, 320, 239])
Face([710, 712, 213])
Face([105, 304, 449])
Face([699, 417, 79])
Face([181, 561, 61])
Face([357, 91, 541])
Face([581, 353, 611])
Face([535, 387, 412])
Face([289, 130, 144])
Face([43, 513, 93])
Face([12, 21, 469])
Face([244, 690, 311])
Face([444, 283, 709])
Face([664, 306, 157])
Face([1, 217, 335])
Face([182, 261, 703])
Face([574, 188, 565])
Face([370, 108, 573])
Face([30, 422, 615])
Face([30, 558, 422])
Face([166, 450, 343])
Face([26, 152, 189])
Face([113, 368, 280])
Face([342, 41, 550])
Face([680, 46, 309])
Face([498, 440, 566])
Face([198, 35, 550])
Face([308, 626, 462])
Face([215, 536, 318])
Face([183, 657, 121])
Face([513, 244, 60])
Face([32, 515, 102])
Face([661, 337, 465])
Face([406, 572, 439])
Face([348, 657, 633])
Face([89, 477, 127])
Face([429, 137, 345])
Face([133, 378, 268])
Face([183, 326, 711])
Face([295, 365, 399])
Face([531, 718, 95])
Face([206, 600, 37])
Face([293, 34, 628])
Face([0, 456, 44])
Face([702, 482, 85])
Face([283, 566, 343])
Face([582, 676, 613])
Face([89, 612, 477])
Face([121, 716, 374])
Face([22, 196, 405])
Face([684, 324, 57])
Face([317, 633, 164])
Face([498, 566, 343])
Face([139, 562, 276])
Face([54, 192, 502])
Face([216, 560, 556])
Face([548, 280, 226])
Face([111, 42, 301])
Face([8, 646, 376])
Face([70, 481, 651])
Face([366, 259, 602])
Face([3, 173, 606])
Face([194, 496, 84])
Face([603, 233, 369])
Face([106, 325, 681])
Face([329, 400, 390])
Face([577, 365, 399])
Face([88, 672, 104])
Face([180, 448, 90])
Face([616, 104, 207])
Face([1, 370, 575])
Face([585, 466, 701])
Face([450, 492, 501])
Face([429, 517, 340])
Face([19, 266, 430])
Face([167, 473, 330])
Face([453, 617, 604])
Face([286, 292, 334])
Face([622, 256, 629])
Face([649, 110, 310])
Face([691, 696, 457])
Face([500, 552, 273])
Face([314, 161, 146])
Face([498, 248, 378])
Face([711, 203, 188])
Face([326, 701, 711])
Face([464, 552, 309])
Face([69, 226, 175])
Face([49, 363, 529])
Face([204, 9, 312])
Face([352, 61, 365])
Face([485, 395, 625])
Face([453, 650, 492])
Face([182, 536, 354])
Face([57, 257, 174])
Face([425, 468, 669])
Face([214, 107, 445])
Face([692, 611, 36])
Face([45, 124, 568])
Face([711, 188, 717])
Face([250, 272, 509])
Face([232, 466, 231])
Face([280, 571, 179])
Face([241, 299, 149])
Face([167, 539, 542])
Face([245, 416, 311])
Face([412, 619, 387])
Face([237, 473, 679])
Face([295, 619, 537])
Face([668, 526, 601])
Face([212, 100, 535])
Face([397, 490, 155])
Face([46, 308, 315])
Face([166, 310, 343])
Face([435, 328, 564])
Face([483, 157, 518])
Face([560, 105, 556])
Face([21, 355, 212])
Face([530, 234, 492])
Face([27, 506, 363])
Face([212, 434, 51])
Face([288, 289, 377])
Face([81, 713, 482])
Face([108, 649, 654])
Face([494, 299, 149])
Face([426, 147, 505])
Face([550, 199, 77])
Face([551, 360, 149])
Face([84, 496, 668])
Face([570, 307, 188])
Face([32, 515, 460])
Face([28, 653, 375])
Face([202, 248, 516])
Face([157, 306, 150])
Face([6, 621, 431])
Face([310, 516, 253])
Face([196, 68, 695])
Face([173, 443, 634])
Face([357, 353, 611])
Face([428, 112, 63])
Face([52, 319, 704])
Face([199, 557, 83])
Face([33, 109, 78])
Face([217, 621, 335])
Face([270, 644, 434])
Face([97, 140, 236])
Face([184, 539, 556])
Face([483, 336, 695])
Face([219, 632, 79])
Face([138, 98, 230])
Face([218, 293, 127])
Face([16, 538, 215])
Face([411, 569, 708])
Face([382, 360, 274])
Face([216, 304, 560])
Face([237, 598, 679])
Face([28, 523, 373])
Face([708, 195, 389])
Face([144, 488, 126])
Face([204, 553, 538])
Face([436, 608, 524])
Face([242, 586, 581])
Face([539, 540, 542])
Face([58, 692, 313])
Face([632, 323, 345])
Face([96, 637, 413])
Face([435, 96, 10])
Face([0, 521, 591])
Face([0, 451, 44])
Face([420, 170, 39])
Face([380, 224, 45])
Face([44, 451, 53])
Face([389, 123, 302])
Face([274, 136, 635])
Face([532, 269, 595])
Face([344, 401, 669])
Face([58, 712, 213])
Face([128, 635, 471])
Face([233, 627, 607])
Face([192, 76, 502])
Face([125, 692, 507])
Face([274, 186, 635])
Face([167, 227, 471])
Face([250, 272, 605])
Face([355, 91, 557])
Face([83, 557, 563])
Face([4, 348, 622])
Face([484, 522, 662])
Face([114, 602, 326])
Face([27, 434, 270])
Face([370, 533, 604])
Face([428, 63, 287])
Face([360, 136, 479])
Face([398, 126, 367])
Face([315, 300, 455])
Face([462, 322, 626])
Face([594, 294, 127])
Face([484, 165, 23])
Face([676, 163, 356])
Face([568, 115, 654])
Face([73, 493, 412])
Face([383, 186, 639])
Face([204, 9, 692])
Face([38, 685, 46])
Face([199, 678, 77])
Face([430, 516, 239])
Face([94, 285, 468])
Face([82, 450, 650])
Face([58, 213, 312])
Face([103, 340, 647])
Face([370, 604, 654])
Face([542, 540, 606])
Face([484, 696, 659])
Face([485, 395, 20])
Face([260, 340, 345])
Face([503, 568, 211])
Face([240, 350, 35])
Face([197, 268, 499])
Face([142, 682, 602])
Face([219, 429, 345])
Face([717, 177, 671])
Face([198, 297, 314])
Face([321, 136, 274])
Face([52, 204, 538])
Face([157, 374, 518])
Face([214, 345, 510])
Face([225, 287, 719])
Face([65, 50, 359])
Face([704, 625, 31])
Face([266, 296, 511])
Face([559, 649, 108])
Face([11, 680, 698])
Face([410, 375, 655])
Face([70, 289, 668])
Face([296, 511, 670])
Face([483, 518, 695])
Face([372, 396, 505])
Face([289, 144, 668])
Face([560, 3, 542])
Face([153, 302, 472])
Face([342, 697, 35])
Face([12, 21, 561])
Face([228, 517, 93])
Face([699, 417, 439])
Face([162, 524, 185])
Face([105, 460, 172])
Face([97, 482, 85])
Face([94, 285, 117])
Face([459, 417, 700])
Face([200, 663, 253])
Face([638, 381, 590])
Face([524, 608, 643])
Face([564, 534, 252])
Face([714, 559, 604])
Face([81, 706, 482])
Face([10, 96, 254])
Face([223, 640, 210])
Face([216, 449, 556])
Face([288, 658, 481])
Face([180, 470, 422])
Face([115, 234, 618])
Face([335, 620, 429])
Face([475, 453, 650])
Face([373, 269, 400])
Face([103, 647, 108])
Face([172, 304, 583])
Face([713, 140, 85])
Face([376, 577, 365])
Face([406, 333, 155])
Face([122, 682, 701])
Face([393, 112, 208])
Face([452, 213, 222])
Face([578, 284, 383])
Face([122, 130, 377])
Face([73, 449, 589])
Face([106, 681, 222])
Face([49, 68, 337])
Face([570, 177, 349])
Face([313, 507, 123])
Face([415, 651, 84])
Face([572, 260, 79])
Face([67, 76, 532])
Face([17, 486, 361])
Face([374, 716, 695])
Face([646, 389, 472])
Face([319, 141, 351])
Face([319, 354, 523])
Face([94, 508, 117])
Face([318, 234, 475])
Face([400, 467, 351])
Face([226, 688, 628])
Face([52, 538, 319])
Face([137, 323, 554])
Face([488, 367, 126])
Face([223, 690, 543])
Face([189, 64, 229])
Face([506, 73, 421])
Face([197, 24, 499])
Face([103, 674, 47])
Face([561, 387, 100])
Face([65, 394, 259])
Face([54, 616, 525])
Face([21, 355, 240])
Face([193, 307, 587])
Face([208, 112, 316])
Face([173, 146, 634])
Face([464, 305, 433])
Face([33, 109, 309])
Face([317, 587, 590])
Face([533, 432, 617])
Face([55, 388, 313])
Face([204, 36, 692])
Face([708, 385, 446])
Face([572, 489, 155])
Face([545, 626, 534])
Face([429, 517, 620])
Face([305, 338, 590])
Face([14, 249, 372])
Face([75, 120, 382])
Face([262, 124, 575])
Face([321, 256, 274])
Face([372, 147, 671])
Face([216, 304, 238])
Face([249, 289, 147])
Face([411, 553, 624])
Face([137, 510, 503])
Face([125, 312, 204])
Face([132, 609, 578])
Face([245, 403, 278])
Face([150, 384, 127])
Face([55, 616, 525])
Face([71, 230, 318])
Face([572, 489, 260])
Face([6, 416, 593])
Face([190, 368, 280])
Face([116, 409, 538])
Face([319, 409, 354])
Face([660, 452, 213])
Face([394, 259, 333])
Face([664, 579, 243])
Face([230, 530, 98])
Face([166, 520, 253])
Face([544, 577, 697])
Face([491, 320, 662])
Face([166, 501, 310])
Face([208, 112, 686])
Face([624, 611, 446])
Face([14, 372, 206])
Face([140, 163, 356])
Face([363, 483, 487])
Face([0, 357, 521])
Face([442, 1, 262])
Face([133, 613, 653])
Face([105, 556, 443])
Face([28, 261, 566])
Face([532, 390, 467])
Face([53, 313, 55])
Face([102, 449, 514])
Face([605, 418, 252])
Face([584, 57, 174])
Face([62, 118, 317])
Face([645, 155, 572])
Face([97, 156, 163])
Face([287, 325, 145])
Face([161, 707, 432])
Face([192, 76, 719])
Face([228, 93, 596])
Face([199, 557, 678])
Face([290, 681, 527])
Face([87, 85, 702])
Face([444, 450, 283])
Face([553, 198, 697])
Face([631, 422, 558])
Face([113, 408, 675])
Face([153, 90, 472])
Face([86, 84, 70])
Face([219, 345, 260])
Face([4, 622, 629])
Face([54, 192, 388])
Face([602, 122, 356])
Face([13, 463, 391])
Face([453, 604, 501])
Face([1, 370, 533])
Face([262, 224, 124])
Face([448, 90, 452])
Face([6, 416, 245])
Face([486, 660, 76])
Face([51, 557, 563])
Face([396, 504, 505])
Face([316, 135, 369])
Face([40, 693, 390])
Face([512, 619, 437])
Face([428, 528, 10])
Face([5, 200, 484])
Face([445, 136, 635])
Face([2, 227, 167])
Face([358, 610, 151])
Face([591, 401, 91])
Face([495, 664, 157])
Face([58, 388, 222])
Face([250, 418, 605])
Face([5, 103, 647])
Face([718, 201, 478])
Face([401, 298, 562])
Face([362, 619, 412])
Face([575, 137, 573])
Face([577, 569, 61])
Face([245, 416, 278])
Face([363, 506, 437])
Face([231, 99, 717])
Face([20, 264, 395])
Face([501, 649, 604])
Face([682, 700, 367])
Face([329, 37, 400])
Face([314, 161, 353])
Face([170, 702, 414])
Face([464, 552, 143])
Face([297, 314, 475])
Face([121, 99, 346])
Face([0, 386, 451])
Face([551, 274, 120])
Face([125, 312, 646])
Face([101, 631, 422])
Face([448, 681, 302])
Face([193, 118, 543])
Face([405, 273, 683])
Face([403, 554, 639])
Face([218, 264, 89])
Face([263, 707, 581])
Face([327, 40, 693])
Face([683, 427, 238])
Face([503, 296, 567])
Face([459, 417, 281])
Face([342, 537, 697])
Face([368, 688, 694])
Face([577, 61, 365])
Face([640, 455, 598])
Face([56, 273, 427])
Face([7, 435, 564])
Face([403, 330, 554])
Face([592, 674, 489])
Face([232, 291, 614])
Face([296, 251, 567])
Face([21, 385, 134])
Face([453, 234, 492])
Face([486, 76, 719])
Face([270, 434, 421])
Face([382, 479, 438])
Face([398, 454, 367])
Face([12, 385, 21])
Face([624, 353, 314])
Face([372, 474, 671])
Face([557, 298, 563])
Face([67, 467, 407])
Face([216, 427, 238])
Face([558, 656, 371])
Face([315, 468, 455])
Face([555, 679, 562])
Face([294, 477, 127])
Face([74, 709, 271])
Face([426, 576, 668])
Face([395, 178, 476])
Face([245, 278, 383])
Face([187, 398, 92])
Face([78, 609, 132])
Face([267, 60, 406])
Face([187, 417, 636])
Face([285, 468, 598])
Face([83, 443, 77])
Face([5, 228, 691])
Face([487, 458, 437])
Face([361, 504, 505])
Face([138, 234, 119])
Face([170, 379, 702])
Face([62, 640, 545])
Face([266, 296, 47])
Face([479, 136, 670])
Face([541, 134, 344])
Face([48, 331, 623])
Face([246, 384, 675])
Face([531, 548, 277])
Face([49, 363, 334])
Face([286, 579, 181])
Face([534, 322, 252])
Face([484, 520, 23])
Face([82, 714, 501])
Face([11, 497, 698])
Face([4, 183, 546])
Face([659, 104, 596])
Face([545, 640, 455])
Face([620, 258, 93])
Face([535, 41, 412])
Face([154, 613, 653])
Face([288, 613, 658])
Face([584, 419, 508])
Face([581, 586, 611])
Face([22, 683, 405])
Face([698, 201, 478])
Face([11, 464, 529])
Face([184, 273, 270])
Face([266, 47, 359])
Face([13, 362, 221])
Face([288, 481, 191])
Face([659, 104, 559])
Face([634, 71, 460])
Face([382, 635, 479])
Face([175, 306, 179])
Face([111, 42, 558])
Face([289, 144, 585])
Face([87, 414, 695])
Face([410, 600, 191])
Face([595, 191, 269])
Face([570, 656, 349])
Face([497, 495, 509])
Face([225, 457, 719])
Face([114, 163, 140])
Face([624, 314, 36])
Face([160, 328, 193])
Face([497, 272, 509])
Face([327, 625, 476])
Face([397, 522, 662])
Face([495, 408, 675])
Face([200, 662, 239])
Face([15, 66, 156])
Face([50, 220, 151])
Face([187, 244, 311])
Face([370, 108, 654])
Face([334, 363, 487])
Face([518, 706, 414])
Face([651, 648, 662])
Face([240, 350, 446])
Face([448, 681, 684])
Face([10, 225, 287])
Face([209, 210, 285])
Face([132, 609, 338])
Face([428, 325, 528])
Face([551, 360, 274])
Face([215, 297, 650])
Face([295, 265, 399])
Face([288, 613, 582])
Face([97, 687, 623])
Face([436, 202, 248])
Face([516, 248, 378])
Face([506, 412, 535])
Face([62, 118, 543])
Face([286, 698, 478])
Face([404, 440, 498])
Face([182, 64, 536])
Face([50, 321, 151])
Face([498, 248, 343])
Face([183, 99, 713])
Face([23, 696, 235])
Face([33, 305, 309])
Face([285, 555, 669])
Face([329, 34, 37])
Face([686, 10, 59])
Face([310, 492, 343])
Face([559, 649, 604])
Face([208, 690, 223])
Face([45, 224, 171])
Face([307, 332, 188])
Face([65, 366, 259])
Face([131, 482, 236])
Face([2, 75, 382])
Face([99, 565, 717])
Face([36, 611, 581])
Face([7, 208, 223])
Face([143, 33, 642])
Face([603, 282, 607])
Face([338, 545, 455])
Face([293, 688, 614])
Face([68, 157, 374])
Face([529, 56, 363])
Face([472, 90, 327])
Face([69, 264, 20])
Face([717, 177, 701])
Face([233, 419, 508])
Face([545, 418, 252])
Face([318, 423, 492])
Face([469, 478, 718])
Face([5, 659, 691])
Face([334, 705, 487])
Face([29, 280, 571])
Face([86, 76, 415])
Face([138, 172, 460])
Face([49, 68, 495])
Face([641, 444, 351])
Face([6, 429, 219])
Face([74, 648, 271])
Face([438, 560, 542])
Face([349, 203, 367])
Face([33, 132, 78])
Face([522, 490, 651])
Face([135, 630, 63])
Face([431, 137, 554])
Face([686, 513, 59])
Face([314, 146, 475])
Face([162, 185, 279])
Face([319, 409, 538])
Face([636, 205, 311])
Face([568, 654, 567])
Face([12, 385, 569])
Face([46, 51, 549])
Face([262, 224, 171])
Face([266, 499, 247])
Face([157, 675, 246])
Face([223, 545, 543])
Face([284, 256, 274])
Face([456, 139, 621])
Face([303, 595, 269])
Face([691, 673, 43])
Face([358, 299, 151])
Face([4, 629, 677])
Face([397, 592, 155])
Face([305, 433, 590])
Face([464, 337, 529])
Face([451, 672, 263])
Face([50, 321, 459])
Face([317, 633, 638])
Face([88, 104, 559])
Face([230, 530, 423])
Face([442, 276, 262])
Face([560, 3, 105])
Face([391, 536, 215])
Face([21, 469, 685])
Face([13, 362, 463])
Face([197, 266, 358])
Face([694, 384, 291])
Face([290, 325, 681])
Face([575, 171, 45])
Face([95, 579, 175])
Face([75, 273, 500])
Face([73, 589, 493])
Face([289, 585, 377])
Face([296, 211, 670])
Face([86, 84, 415])
Face([138, 230, 234])
Face([97, 140, 85])
Face([335, 573, 429])
Face([94, 425, 468])
Face([348, 657, 661])
Face([603, 117, 607])
Face([468, 598, 679])
Face([98, 115, 530])
Face([31, 37, 400])
Face([202, 516, 110])
Face([71, 402, 230])
Face([231, 291, 246])
Face([68, 495, 465])
Face([575, 171, 431])
Face([176, 57, 277])
Face([13, 362, 342])
Face([606, 161, 119])
Face([495, 465, 408])
Face([438, 128, 380])
Face([628, 652, 470])
Face([40, 452, 660])
Face([96, 371, 101])
Face([44, 630, 217])
Face([326, 682, 701])
Face([193, 328, 543])
Face([176, 257, 57])
Face([404, 498, 653])
Face([5, 228, 647])
Face([114, 220, 602])
Face([176, 322, 148])
Face([138, 480, 119])
Face([22, 642, 551])
Face([117, 285, 669])
Face([109, 473, 549])
Face([194, 576, 526])
Face([284, 256, 281])
Face([684, 419, 681])
Face([173, 146, 119])
Face([75, 360, 238])
Face([521, 353, 678])
Face([363, 336, 56])
Face([189, 420, 588])
Face([98, 202, 251])
Face([494, 185, 514])
Face([319, 31, 141])
Face([500, 120, 33])
Face([196, 661, 121])
Face([511, 136, 670])
Face([550, 443, 77])
Face([82, 453, 650])
Face([80, 215, 318])
Face([594, 665, 715])
Face([118, 92, 543])
Face([247, 670, 158])
Face([547, 331, 149])
Face([593, 129, 210])
Face([127, 384, 614])
Face([27, 434, 535])
Face([219, 517, 393])
Face([299, 341, 670])
Face([663, 649, 253])
Face([51, 563, 549])
Face([424, 514, 427])
Face([711, 203, 701])
Face([3, 480, 380])
Face([546, 331, 85])
Face([250, 272, 433])
Face([148, 462, 94])
Face([3, 583, 380])
Face([435, 564, 174])
Face([128, 211, 503])
Face([403, 593, 278])
Face([539, 298, 540])
Face([426, 147, 668])
Face([178, 477, 294])
Face([585, 601, 147])
Face([631, 558, 371])
Face([544, 704, 399])
Face([67, 595, 532])
Face([519, 682, 700])
Face([13, 221, 391])
Face([122, 130, 144])
Face([285, 210, 598])
Face([692, 313, 586])
Face([235, 502, 696])
Face([672, 55, 207])
Face([10, 290, 254])
Face([303, 520, 709])
Face([113, 408, 574])
Face([41, 83, 421])
Face([708, 385, 195])
Face([214, 296, 511])
Face([5, 200, 103])
Face([123, 195, 507])
Face([290, 17, 527])
Face([424, 461, 427])
Face([544, 463, 16])
Face([545, 252, 534])
Face([20, 218, 226])
Face([295, 441, 243])
Face([116, 242, 36])
Face([15, 613, 133])
Face([272, 590, 381])
Face([564, 584, 534])
Face([332, 587, 605])
Face([8, 544, 553])
Face([235, 104, 616])
Face([249, 288, 191])
Face([512, 493, 437])
Face([2, 184, 539])
Face([522, 651, 662])
Face([142, 488, 259])
Face([694, 565, 291])
Face([561, 212, 292])
Face([318, 475, 650])
Face([36, 297, 314])
Face([530, 248, 310])
Face([247, 296, 670])
Face([7, 209, 223])
Face([2, 560, 539])
Face([673, 457, 415])
Face([103, 674, 592])
Face([666, 130, 491])
Face([249, 372, 147])
Face([105, 173, 443])
Face([221, 420, 26])
Face([495, 675, 157])
Face([496, 126, 526])
Face([566, 64, 440])
Face([304, 185, 341])
Face([102, 515, 493])
Face([23, 444, 303])
Face([215, 409, 538])
Face([477, 715, 703])
Face([348, 256, 622])
Face([190, 368, 652])
Face([698, 201, 571])
Face([380, 224, 542])
Face([664, 487, 243])
Face([5, 659, 484])
Face([527, 192, 222])
Face([138, 480, 115])
Face([620, 112, 93])
Face([173, 146, 77])
Face([1, 88, 335])
Face([560, 304, 105])
Face([73, 443, 556])
Face([457, 76, 719])
Face([578, 636, 164])
Face([144, 488, 333])
Face([279, 170, 48])
Face([38, 212, 292])
Face([453, 432, 617])
Face([74, 191, 269])
Face([497, 272, 465])
Face([122, 585, 701])
Face([68, 337, 465])
Face([15, 154, 613])
Face([629, 321, 151])
Face([15, 687, 154])
Face([57, 419, 169])
Face([665, 612, 477])
Face([173, 606, 119])
Face([44, 135, 53])
Face([593, 555, 598])
Face([17, 180, 631])
Face([40, 452, 90])
Face([480, 618, 119])
Face([128, 323, 503])
Face([38, 680, 46])
Face([376, 485, 646])
Face([398, 637, 454])
Face([141, 625, 693])
Face([394, 666, 259])
Face([427, 449, 589])
Face([28, 709, 74])
Face([380, 224, 480])
Face([303, 709, 444])
Face([526, 601, 126])
Face([28, 709, 283])
Face([267, 496, 194])
Face([636, 417, 205])
Face([96, 101, 254])
Face([113, 368, 694])
Face([38, 46, 434])
Face([14, 232, 594])
Face([3, 105, 173])
Face([50, 511, 445])
Face([438, 583, 560])
Face([430, 663, 47])
Face([49, 483, 68])
Face([500, 33, 552])
Face([319, 409, 351])
Face([69, 548, 95])
Face([373, 523, 159])
Face([0, 456, 591])
Face([594, 131, 655])
Face([189, 379, 39])
Face([702, 706, 482])
Face([527, 452, 222])
Face([687, 702, 623])
Face([88, 370, 573])
Face([441, 612, 458])
Face([68, 465, 121])
Face([283, 409, 351])
Face([356, 466, 701])
Face([254, 576, 486])
Face([428, 325, 287])
Face([172, 98, 158])
Face([306, 384, 675])
Face([372, 147, 505])
Face([245, 632, 639])
Face([78, 284, 383])
Face([357, 91, 350])
Face([152, 189, 703])
Face([43, 645, 267])
Face([582, 377, 676])
Face([704, 395, 399])
Face([181, 292, 561])
Face([519, 622, 633])
Face([600, 269, 191])
Face([606, 161, 347])
Face([39, 379, 72])
Face([107, 260, 489])
Face([548, 652, 190])
Face([373, 400, 37])
Face([2, 382, 438])
Face([580, 241, 610])
Face([593, 139, 555])
Face([238, 360, 341])
Face([640, 210, 598])
Face([476, 37, 31])
Face([134, 282, 607])
Face([315, 455, 237])
Face([465, 346, 381])
Face([385, 240, 569])
Face([362, 537, 463])
Face([456, 139, 555])
Face([64, 72, 440])
Face([225, 673, 194])
Face([531, 718, 255])
Face([67, 696, 415])
Face([631, 257, 324])
Face([103, 200, 674])
Face([224, 275, 347])
Face([187, 572, 79])
Face([30, 570, 574])
Face([321, 186, 445])
Face([594, 614, 127])
Face([103, 47, 510])
Face([4, 326, 519])
Face([206, 293, 614])
Face([61, 295, 365])
Face([80, 297, 198])
Face([15, 676, 613])
Face([373, 37, 159])
Face([206, 37, 294])
Face([629, 256, 677])
Face([227, 473, 447])
Face([494, 299, 341])
Face([156, 610, 163])
Face([150, 89, 306])
Face([225, 43, 597])
Face([463, 26, 364])
Face([6, 393, 620])
Face([30, 694, 574])
Face([366, 610, 220])
Face([471, 639, 635])
Face([80, 391, 215])
Face([52, 625, 141])
Face([31, 400, 141])
Face([52, 625, 646])
Face([109, 644, 549])
Face([264, 295, 365])
Face([88, 104, 596])
Face([363, 336, 437])
Face([102, 449, 515])
Face([627, 681, 302])
Face([87, 716, 695])
Face([7, 435, 686])
Face([593, 139, 621])
Face([431, 139, 171])
Face([162, 48, 623])
Face([438, 479, 583])
Face([401, 679, 669])
Face([685, 46, 51])
Face([416, 210, 208])
Face([212, 355, 100])
Face([436, 248, 378])
Face([259, 488, 122])
Face([50, 459, 699])
Face([1, 672, 263])
Face([509, 179, 495])
Face([704, 178, 395])
Face([424, 461, 336])
Face([506, 56, 589])
Face([615, 177, 671])
Face([584, 148, 508])
Face([226, 368, 652])
Face([30, 368, 470])
Face([531, 277, 255])
Face([357, 386, 611])
Face([3, 606, 542])
Face([15, 133, 599])
Face([628, 34, 504])
Face([629, 256, 321])
Face([54, 457, 719])
Face([74, 653, 271])
Face([159, 178, 703])
Face([544, 553, 538])
Face([270, 56, 506])
Face([358, 299, 670])
Face([344, 425, 685])
Face([205, 417, 281])
Face([484, 165, 659])
Face([180, 504, 361])
Face([348, 256, 642])
Face([150, 384, 306])
Face([589, 493, 437])
Face([582, 613, 655])
Face([190, 257, 324])
Face([23, 165, 235])
Face([209, 369, 508])
Face([29, 176, 301])
Face([219, 517, 429])
Face([354, 566, 536])
Face([175, 579, 179])
Face([295, 705, 243])
Face([659, 691, 596])
Face([138, 460, 173])
Face([6, 403, 245])
Face([259, 602, 122])
Face([23, 520, 303])
Face([205, 281, 186])
Face([564, 252, 543])
Face([627, 195, 607])
Face([23, 165, 166])
Face([54, 616, 502])
Face([628, 688, 470])
Face([540, 347, 678])
Face([667, 627, 302])
Face([15, 97, 687])
Face([47, 296, 214])
Face([689, 367, 700])
Face([40, 329, 390])
Face([20, 226, 628])
Face([283, 450, 343])
Face([181, 705, 292])
Face([153, 652, 324])
Face([718, 201, 571])
Face([161, 707, 347])
Face([431, 139, 621])
Face([474, 688, 614])
Face([232, 131, 582])
Face([321, 136, 445])
Face([4, 183, 326])
Face([548, 226, 652])
Face([599, 658, 666])
Face([221, 32, 71])
Face([405, 552, 273])
Face([544, 463, 697])
Face([206, 372, 614])
Face([651, 490, 491])
Face([176, 148, 255])
Face([28, 523, 261])
Face([190, 652, 324])
Face([490, 333, 496])
Face([182, 64, 261])
Face([360, 136, 299])
Face([585, 601, 177])
Face([160, 257, 174])
Face([232, 671, 291])
Face([362, 512, 619])
Face([11, 49, 529])
Face([550, 41, 443])
Face([659, 235, 165])
Face([9, 692, 58])
Face([61, 705, 387])
Face([480, 124, 568])
Face([599, 268, 197])
Face([56, 461, 336])
Face([78, 237, 109])
Face([146, 475, 119])
Face([160, 193, 252])
Face([348, 622, 633])
Face([235, 616, 502])
Face([582, 131, 236])
Face([167, 473, 298])
Face([642, 120, 33])
Face([23, 166, 444])
Face([680, 698, 478])
Face([154, 404, 653])
Face([0, 591, 541])
Face([561, 212, 100])
Face([223, 640, 545])
Face([308, 626, 300])
Face([334, 705, 292])
Face([12, 561, 181])
Face([329, 532, 269])
Face([454, 367, 689])
Face([705, 579, 243])
Face([196, 547, 716])
Face([284, 281, 186])
Face([557, 91, 678])
Face([113, 179, 280])
Face([429, 137, 431])
Face([263, 672, 207])
Face([420, 493, 102])
Face([25, 40, 504])
Face([12, 352, 181])
Face([288, 658, 377])
Face([620, 621, 630])
Face([692, 313, 507])
Face([93, 597, 596])
Face([1, 672, 88])
Face([335, 620, 621])
Face([44, 369, 135])
Face([691, 597, 596])
Face([558, 160, 371])
Face([398, 406, 126])
Face([571, 579, 179])
Face([332, 587, 381])
Face([357, 282, 541])
Face([451, 672, 217])
Face([262, 533, 124])
Face([10, 290, 287])
Face([261, 523, 159])
Face([153, 324, 277])
Face([555, 598, 679])
Face([539, 83, 563])
Face([24, 436, 524])
Face([480, 618, 124])
Face([92, 328, 454])
Face([52, 544, 704])
Face([307, 587, 332])
Face([430, 674, 47])
Face([599, 666, 366])
Face([152, 477, 703])
Face([25, 40, 329])
Face([599, 676, 658])
Face([557, 540, 678])
Face([480, 224, 606])
Face([154, 392, 229])
Face([21, 469, 134])
Face([103, 340, 510])
Face([122, 488, 144])
Face([165, 714, 235])
Face([267, 496, 406])
Face([49, 664, 495])
Face([14, 288, 249])
Face([530, 110, 310])
Face([58, 313, 388])
Face([1, 370, 88])
Face([635, 186, 639])
Face([39, 608, 279])
Face([570, 188, 574])
Face([531, 18, 667])
Face([198, 550, 146])
Face([161, 353, 678])
Face([404, 498, 378])
Face([316, 112, 630])
Face([357, 282, 386])
Face([168, 169, 667])
Face([665, 477, 127])
Face([219, 311, 79])
Face([98, 251, 158])
Face([411, 240, 35])
Face([587, 381, 590])
Face([173, 460, 634])
Face([549, 563, 644])
Face([259, 130, 333])
Face([24, 499, 247])
Face([514, 449, 427])
Face([116, 650, 82])
Face([523, 400, 351])
Face([27, 292, 334])
Face([561, 240, 569])
Face([398, 367, 439])
Face([225, 254, 719])
Face([1, 335, 575])
Face([107, 260, 79])
Face([219, 260, 79])
Face([8, 553, 204])
Face([411, 35, 697])
Face([570, 42, 307])
Face([96, 637, 526])
Face([334, 664, 579])
Face([469, 478, 685])
Face([12, 352, 531])
Face([77, 161, 146])
Face([666, 130, 658])
Face([249, 70, 426])
Face([219, 245, 632])
Face([209, 508, 94])
Face([672, 104, 207])
Face([93, 513, 517])
Face([398, 406, 439])
Face([314, 432, 161])
Face([501, 310, 649])
Face([66, 156, 623])
Face([708, 385, 569])
Face([521, 276, 347])
Face([605, 587, 590])
Face([629, 321, 459])
Face([612, 458, 588])
Face([99, 711, 717])
Face([59, 60, 413])
Face([70, 289, 481])
Face([153, 302, 667])
Face([287, 290, 325])
Face([413, 244, 92])
Face([218, 384, 127])
Face([183, 140, 326])
Face([549, 298, 563])
Face([59, 225, 194])
Face([249, 600, 191])
Face([101, 371, 631])
Face([301, 42, 605])
Face([527, 681, 222])
Face([101, 576, 361])
Face([594, 294, 715])
Face([592, 489, 155])
Face([286, 478, 718])
Face([2, 184, 500])
Face([59, 267, 60])
Face([2, 560, 438])
Face([266, 296, 247])
Face([196, 716, 695])
Face([53, 145, 106])
Face([448, 302, 153])
Face([447, 639, 471])
Face([597, 63, 525])
Face([546, 140, 85])
Face([279, 643, 185])
Face([219, 393, 311])
Face([710, 390, 213])
Face([680, 300, 309])
Face([342, 41, 100])
Face([342, 537, 387])
Face([182, 64, 189])
Face([453, 432, 618])
Face([88, 573, 647])
Face([343, 248, 423])
Face([181, 705, 61])
Face([666, 320, 491])
Face([380, 480, 568])
Face([116, 641, 409])
Face([162, 48, 279])
Face([28, 498, 653])
Face([687, 392, 482])
Face([332, 346, 188])
Face([21, 344, 685])
Face([613, 658, 676])
Face([714, 104, 559])
Face([370, 124, 654])
Face([286, 718, 181])
Face([124, 568, 654])
Face([227, 78, 120])
Face([158, 341, 185])
Face([220, 459, 142])
Face([97, 676, 236])
Face([65, 142, 699])
Face([383, 639, 447])
Face([164, 689, 633])
Face([545, 455, 626])
Face([366, 163, 602])
Face([332, 346, 381])
Face([630, 258, 63])
Face([176, 277, 190])
Face([116, 242, 82])
Face([413, 637, 398])
Face([22, 683, 551])
Face([254, 290, 719])
Face([232, 291, 231])
Face([364, 265, 399])
Face([618, 432, 119])
Face([214, 511, 445])
Face([532, 390, 660])
Face([221, 391, 71])
Face([166, 520, 709])
Face([460, 643, 230])
Face([383, 278, 447])
Face([70, 481, 191])
Face([411, 624, 446])
Face([62, 690, 636])
Face([620, 258, 630])
Face([17, 684, 631])
Face([515, 73, 493])
Face([483, 458, 518])
Face([402, 536, 423])
Face([67, 595, 415])
Face([151, 136, 321])
Face([56, 336, 589])
Face([151, 241, 610])
Face([656, 601, 349])
Face([81, 150, 518])
Face([14, 288, 410])
Face([403, 330, 139])
Face([218, 175, 306])
Face([535, 387, 100])
Face([62, 545, 543])
Face([162, 608, 279])
Face([172, 185, 158])
Face([442, 276, 456])
Face([62, 545, 338])
Face([228, 592, 340])
Face([178, 265, 477])
Face([2, 75, 216])
Face([698, 571, 509])
Face([436, 202, 524])
Face([331, 241, 149])
Face([80, 297, 215])
Face([631, 257, 174])
Face([636, 417, 164])
Face([172, 304, 185])
Face([710, 467, 351])
Face([486, 86, 25])
Face([539, 560, 542])
Face([221, 515, 493])
Face([50, 321, 445])
Face([280, 95, 175])
Face([385, 282, 195])
Face([308, 425, 468])
Face([6, 620, 621])
Face([474, 291, 671])
Face([536, 423, 318])
Face([292, 387, 535])
Face([49, 337, 529])
Face([394, 333, 491])
Face([509, 272, 408])
Face([294, 715, 477])
Face([488, 682, 367])
Face([166, 444, 709])
Face([406, 488, 126])
Face([261, 375, 229])
Face([416, 690, 208])
Face([520, 271, 239])
Face([424, 427, 589])
Face([118, 689, 587])
Face([30, 570, 615])
Face([694, 384, 675])
Face([176, 201, 255])
Face([227, 500, 109])
Face([235, 104, 714])
Face([542, 275, 540])
Face([38, 212, 685])
Face([158, 341, 670])
Face([655, 392, 131])
Face([133, 320, 658])
Face([19, 197, 366])
Face([621, 129, 630])
Face([555, 562, 139])
Face([541, 117, 669])
Face([43, 513, 645])
Face([166, 310, 253])
Face([11, 497, 49])
Face([712, 192, 213])
Face([3, 380, 542])
Face([292, 705, 387])
Face([609, 640, 278])
Face([519, 682, 203])
Face([106, 123, 222])
Face([9, 712, 710])
Face([603, 233, 53])
Face([395, 625, 476])
Face([668, 147, 601])
Face([469, 425, 462])
Face([14, 232, 372])
Face([53, 135, 145])
Face([622, 281, 459])
Face([26, 420, 189])
Face([600, 329, 396])
Face([11, 38, 286])
Face([595, 648, 651])
Face([171, 330, 554])
Face([187, 417, 79])
Face([151, 241, 299])
Face([228, 340, 517])
Face([286, 292, 181])
Face([4, 326, 114])
Face([40, 504, 34])
Face([57, 324, 277])
Face([209, 584, 508])
Face([499, 516, 378])
Face([456, 217, 621])
Face([160, 371, 174])
Face([42, 193, 605])
Face([245, 205, 311])
Face([88, 370, 559])
Face([78, 609, 383])
Face([13, 550, 198])
Face([261, 64, 566])
Face([43, 673, 267])
Face([13, 80, 391])
Face([238, 304, 341])
Face([118, 587, 317])
Face([137, 345, 510])
Face([498, 248, 440])
Face([622, 281, 164])
Face([316, 135, 428])
Face([22, 661, 143])
Face([189, 420, 39])
Face([363, 56, 506])
Face([402, 423, 230])
Face([317, 578, 164])
Face([543, 328, 92])
Face([657, 381, 661])
Face([263, 617, 533])
Face([246, 384, 291])
Face([363, 437, 487])
Face([319, 704, 31])
Face([422, 656, 615])
Face([583, 211, 158])
Face([582, 377, 466])
Face([120, 274, 284])
Face([221, 32, 515])
Face([159, 715, 294])
Face([101, 656, 371])
Face([6, 431, 403])
Face([229, 715, 703])
Face([376, 577, 569])
Face([607, 282, 195])
Face([344, 51, 685])
Face([642, 120, 284])
Face([623, 85, 702])
Face([181, 579, 95])
Face([686, 59, 413])
Face([154, 392, 687])
Face([348, 638, 661])
Face([641, 450, 82])
Face([597, 596, 525])
Face([438, 128, 479])
Face([78, 237, 447])
Face([173, 77, 606])
Face([118, 689, 454])
Face([335, 575, 573])
Face([582, 131, 655])
Face([15, 66, 404])
Face([261, 229, 703])
Face([32, 402, 71])
Face([202, 530, 110])
Face([49, 337, 497])
Face([19, 394, 666])
Face([389, 123, 195])
Face([474, 671, 615])
Face([434, 644, 46])
Face([481, 130, 491])
Face([374, 81, 246])
Face([279, 48, 514])
Face([386, 313, 586])
Face([250, 433, 418])
Face([212, 434, 535])
Face([148, 322, 534])
Face([371, 656, 637])
Face([60, 187, 398])
Face([326, 519, 711])
Face([357, 446, 350])
Face([197, 610, 366])
Face([208, 210, 316])
Face([445, 635, 323])
Face([262, 171, 575])
Face([47, 214, 510])
Face([346, 711, 188])
Face([500, 644, 109])
Face([413, 328, 92])
Face([4, 657, 348])
Face([564, 160, 328])
Face([342, 362, 412])
Face([180, 652, 324])
Face([158, 211, 251])
Face([152, 612, 477])
Face([69, 264, 365])
Face([529, 552, 405])
Face([561, 387, 292])
Face([187, 244, 92])
Face([232, 372, 614])
Face([98, 202, 530])
Face([103, 200, 663])
Face([541, 344, 91])
Face([377, 585, 466])
Face([0, 451, 442])
Face([553, 297, 538])
Face([6, 593, 403])
Face([116, 297, 650])
Face([232, 466, 582])
Face([712, 388, 616])
Face([67, 76, 502])
Face([655, 154, 375])
Face([519, 711, 657])
Face([570, 656, 615])
Face([361, 486, 25])
Face([10, 96, 59])
Face([634, 443, 515])
Face([615, 505, 147])
Face([609, 640, 455])
Face([482, 713, 236])
Face([184, 421, 270])
Face([266, 430, 499])
Face([665, 706, 612])
Face([168, 531, 667])
Face([10, 225, 254])
Face([217, 621, 630])
Face([580, 241, 299])
Face([78, 132, 284])
Face([348, 638, 633])
Face([429, 345, 340])
Face([574, 42, 332])
Face([232, 131, 231])
Face([420, 32, 39])
Face([475, 432, 119])
Face([267, 496, 490])
Face([605, 272, 590])
Face([541, 603, 117])
Face([567, 654, 110])
Face([52, 141, 319])
Face([75, 360, 551])
Face([219, 260, 517])
Face([391, 536, 71])
Face([48, 424, 514])
Face([74, 648, 191])
Face([193, 252, 605])
Face([21, 134, 344])
Face([29, 176, 201])
Face([52, 312, 646])
Face([669, 555, 679])
Face([33, 132, 305])
Face([484, 520, 662])
Face([287, 597, 54])
Face([704, 395, 625])
Face([391, 536, 182])
Face([630, 112, 63])
Face([132, 305, 338])
Face([116, 297, 36])
Face([528, 290, 10])
Face([209, 369, 285])
Face([376, 352, 18])
Face([58, 712, 388])
Face([240, 355, 100])
Face([93, 597, 63])
Face([26, 512, 420])
Face([422, 656, 558])
Face([23, 520, 166])
Face([712, 192, 388])
Face([513, 645, 60])
Face([481, 320, 658])
Face([649, 654, 110])
Face([111, 257, 301])
Face([267, 155, 406])
Face([307, 689, 454])
Face([25, 426, 396])
Face([685, 308, 478])
Face([4, 657, 519])
Face([68, 121, 374])
Face([344, 425, 669])
Face([16, 364, 182])
Face([595, 651, 70])
Face([38, 680, 478])
Face([7, 686, 208])
Face([86, 576, 426])
Face([317, 633, 587])
Face([102, 424, 589])
Face([289, 130, 377])
Face([599, 666, 268])
Face([654, 618, 604])
Face([168, 195, 607])
Face([89, 265, 441])
Face([107, 632, 345])
Face([181, 705, 579])
Face([40, 34, 329])
Face([520, 648, 662])
Face([264, 89, 243])
Face([113, 408, 509])
Face([664, 579, 179])
Face([39, 170, 279])
Face([122, 356, 377])
Face([8, 544, 52])
Face([512, 619, 441])
Face([338, 418, 300])
Face([43, 597, 93])
Face([642, 256, 284])
Face([280, 571, 95])
Face([32, 279, 102])
Face([32, 643, 279])
Face([397, 674, 394])
Face([125, 204, 692])
Face([4, 677, 348])
Face([3, 138, 172])
Face([128, 323, 635])
Face([503, 323, 214])
Face([305, 338, 300])
Face([221, 362, 493])
Face([698, 201, 250])
Face([65, 220, 142])
Face([583, 304, 341])
Face([118, 689, 164])
Face([216, 427, 273])
Face([680, 433, 300])
Face([666, 130, 259])
Face([546, 331, 547])
Face([77, 540, 678])
Face([225, 194, 254])
Face([12, 168, 469])
Face([12, 531, 718])
Face([2, 560, 216])
Face([45, 224, 124])
Face([125, 58, 692])
Face([459, 699, 142])
Face([420, 170, 102])
Face([209, 534, 223])
Face([171, 224, 275])
Face([685, 46, 308])
Face([584, 148, 534])
Face([191, 648, 481])
Face([539, 298, 563])
Face([648, 320, 662])
Face([187, 636, 311])
Face([223, 564, 543])
Face([111, 368, 190])
Face([5, 522, 397])
Face([73, 449, 556])
Face([413, 328, 637])
Face([48, 702, 87])
Face([367, 439, 700])
Face([316, 129, 210])
Face([376, 352, 569])
Face([587, 689, 633])
Face([562, 298, 275])
Face([184, 556, 216])
Face([515, 73, 449])
Face([236, 356, 466])
Face([167, 330, 471])
Face([178, 477, 703])
Face([105, 515, 460])
Face([524, 185, 158])
Face([359, 107, 214])
Face([363, 483, 336])
Face([152, 512, 441])
Face([137, 323, 345])
Face([677, 241, 149])
Face([405, 56, 461])
Face([75, 216, 238])
Face([606, 540, 77])
Face([28, 498, 709])
Face([105, 449, 515])
Face([125, 123, 389])
Face([600, 37, 373])
Face([226, 652, 628])
Face([218, 264, 175])
Face([339, 714, 82])
Face([143, 642, 638])
Face([713, 140, 236])
Face([410, 373, 600])
Face([247, 670, 358])
Face([27, 506, 535])
Face([420, 32, 102])
Face([206, 34, 293])
Face([661, 465, 121])
Face([13, 80, 634])
Face([7, 528, 435])
Face([694, 384, 688])
Face([578, 281, 164])
Face([637, 126, 349])
Face([344, 355, 91])
Face([384, 688, 614])
Face([107, 260, 345])
Face([418, 433, 590])
Face([470, 474, 688])
Face([12, 168, 531])
Face([237, 278, 598])
Face([30, 474, 615])
Face([336, 414, 695])
Face([684, 57, 174])
Face([522, 651, 415])
Face([24, 162, 580])
Face([35, 199, 350])
Face([82, 617, 453])
Face([387, 537, 619])
Face([111, 368, 113])
Face([142, 259, 602])
Face([164, 689, 700])
Face([12, 569, 561])
Face([13, 198, 697])
Face([131, 392, 482])
Face([41, 73, 443])
Face([308, 626, 468])
Face([48, 331, 87])
Face([398, 454, 92])
Face([38, 478, 286])
Face([15, 156, 599])
Face([30, 470, 422])
Face([116, 297, 538])
Face([175, 579, 243])
Face([316, 129, 369])
Face([699, 142, 439])
Face([364, 178, 703])
Face([428, 135, 63])
Face([578, 205, 383])
Face([488, 439, 367])
Face([14, 582, 655])
Face([102, 424, 170])
Face([172, 643, 460])
Face([699, 572, 439])
Face([23, 407, 67])
Face([44, 456, 217])
Face([196, 461, 695])
Face([263, 617, 207])
Face([520, 662, 239])
Face([28, 261, 375])
Face([106, 233, 627])
Face([686, 513, 112])
Face([17, 486, 527])
Face([21, 240, 561])
Face([376, 389, 18])
Face([29, 201, 250])
Face([497, 272, 433])
Face([9, 712, 58])
Face([288, 582, 377])
Face([103, 663, 47])
Face([405, 56, 273])
Face([116, 641, 82])
Face([424, 336, 414])
Face([247, 202, 524])
Face([551, 256, 642])
Face([702, 706, 414])
Face([583, 341, 158])
Face([370, 124, 533])
Face([2, 539, 167])
Face([267, 673, 194])
Face([30, 474, 694])
Face([109, 315, 549])
Face([176, 277, 255])
Face([393, 513, 244])
Face([289, 585, 147])
Face([9, 641, 339])
Face([540, 298, 275])
Face([436, 202, 499])
Face([570, 307, 349])
Face([629, 241, 151])
Face([135, 325, 233])
Face([125, 507, 708])
Face([672, 258, 525])
Face([469, 462, 255])
Face([201, 462, 255])
Face([368, 652, 470])
Face([362, 26, 463])
Face([122, 356, 701])
Face([342, 41, 412])
Face([525, 258, 63])
Face([168, 195, 667])
Face([528, 419, 584])
Face([687, 379, 702])
Face([60, 572, 187])
Face([518, 458, 414])
Face([66, 687, 623])
Face([393, 244, 311])
Face([402, 440, 423])
Face([527, 192, 660])
Face([171, 275, 330])
Face([526, 656, 637])
Face([402, 64, 536])
Face([250, 301, 322])
Face([305, 300, 309])
Face([199, 41, 83])
Face([706, 612, 588])
Face([550, 443, 634])
Face([339, 641, 82])
Face([577, 537, 697])
Face([580, 331, 494])
Face([689, 203, 367])
Face([180, 448, 324])
Face([375, 715, 229])
Face([259, 130, 122])
Face([15, 66, 687])
Face([153, 277, 667])
Face([192, 213, 222])
Face([225, 287, 597])
Face([20, 476, 327])
Face([395, 265, 178])
Face([420, 170, 588])
Face([422, 505, 470])
Face([13, 550, 634])
Face([293, 34, 476])
Face([664, 306, 243])
Face([2, 227, 382])
Face([62, 690, 543])
Face([5, 397, 592])
Face([524, 98, 643])
Face([523, 400, 31])
Face([553, 624, 198])
Face([359, 50, 107])
Face([87, 331, 85])
Face([105, 172, 304])
Face([97, 140, 163])
Face([314, 353, 581])
Face([585, 177, 671])
Face([640, 278, 598])
Face([197, 24, 358])
Face([310, 248, 516])
Face([254, 17, 486])
Face([718, 201, 255])
Face([308, 425, 462])
Face([29, 176, 190])
Face([55, 525, 145])
Face([370, 108, 559])
Face([442, 521, 707])
Face([157, 150, 246])
Face([395, 365, 399])
Face([8, 204, 52])
Face([510, 340, 573])
Face([528, 290, 325])
Face([594, 715, 655])
Face([218, 226, 688])
Face([309, 644, 552])
Face([286, 698, 571])
Face([442, 707, 263])
Face([685, 425, 308])
Face([481, 320, 491])
Face([221, 634, 515])
Face([133, 268, 599])
Face([206, 372, 396])
Face([494, 514, 238])
Face([544, 553, 697])
Face([31, 159, 178])
Face([12, 469, 718])
Face([494, 238, 149])
Face([527, 192, 719])
Face([448, 681, 527])
Face([411, 697, 553])
Face([196, 461, 405])
Face([227, 120, 500])
Face([204, 116, 36])
Face([359, 674, 489])
Face([474, 688, 694])
Face([187, 311, 79])
Face([228, 645, 43])
Face([583, 211, 479])
Face([204, 36, 553])
Face([8, 708, 411])
Face([44, 456, 129])
Face([567, 110, 663])
Face([190, 324, 277])
Face([93, 513, 112])
Face([81, 706, 518])
Face([2, 75, 500])
Face([260, 340, 517])
Face([2, 227, 500])
Face([62, 609, 578])
Face([438, 380, 583])
Face([677, 22, 551])
Face([80, 146, 198])
Face([385, 282, 134])
Face([228, 43, 691])
Face([525, 104, 616])
Face([89, 243, 441])
Face([38, 434, 212])
Face([143, 337, 405])
Face([99, 346, 711])
Face([89, 441, 612])
Face([682, 203, 701])
Face([176, 257, 190])
Face([428, 686, 112])
Face([349, 177, 601])
Face([592, 645, 155])
Face([312, 141, 693])
Face([19, 266, 359])
Face([515, 73, 443])
Face([228, 517, 645])
Face([3, 583, 172])
Face([523, 31, 159])
Face([38, 292, 286])
Face([539, 83, 540])
Face([435, 413, 686])
Face([271, 320, 239])
Face([268, 320, 666])
Face([66, 72, 687])
Face([677, 547, 149])
Face([380, 211, 568])
Face([327, 34, 476])
Face([24, 358, 247])
Face([484, 520, 253])
Face([249, 426, 396])
Face([69, 226, 548])
Face([417, 281, 164])
Face([129, 555, 285])
Face([49, 483, 363])
Face([233, 419, 325])
Face([128, 635, 479])
Face([0, 521, 442])
Face([141, 400, 390])
Face([20, 218, 293])
Face([305, 638, 590])
Face([182, 364, 703])
Face([551, 642, 120])
Face([354, 283, 409])
Face([27, 529, 270])
Face([259, 488, 333])
Face([444, 467, 351])
Face([463, 537, 697])
Face([510, 573, 108])
Face([60, 413, 398])
Face([475, 234, 453])
Face([361, 504, 25])
Face([434, 51, 563])
Face([17, 448, 684])
Face([564, 160, 174])
Face([47, 663, 567])
Face([226, 368, 688])
Face([473, 298, 562])
Face([464, 680, 433])
Face([529, 405, 56])
Face([402, 608, 440])
Face([416, 640, 210])
Face([200, 253, 239])
Face([406, 155, 572])
Face([211, 670, 479])
Face([699, 489, 572])
Face([698, 433, 250])
Face([138, 173, 119])
Face([115, 618, 654])
Face([246, 565, 675])
Face([14, 600, 206])
Face([436, 608, 440])
Face([668, 576, 526])
Face([312, 213, 710])
Face([519, 689, 633])
Face([166, 450, 444])
Face([305, 433, 300])
Face([342, 387, 412])
Face([267, 673, 490])
Face([673, 194, 84])
Face([80, 318, 71])
Face([20, 327, 628])
Face([482, 392, 706])
Face([5, 522, 691])
Face([411, 577, 697])
Face([695, 518, 414])
Face([132, 317, 338])
Face([11, 38, 680])
Face([22, 547, 683])
Face([8, 577, 376])
Face([615, 656, 601])
Face([315, 679, 468])
Face([445, 136, 511])
Face([472, 452, 302])
Face([592, 260, 489])
Face([18, 667, 389])
Face([406, 496, 126])
Face([242, 82, 339])
Face([11, 38, 27])
Face([287, 145, 63])
Face([52, 704, 625])
Face([463, 364, 399])
Face([115, 654, 110])
Face([486, 660, 527])
Face([206, 594, 614])
Face([352, 18, 69])
Face([196, 547, 461])
Face([88, 335, 573])
Face([6, 429, 431])
Face([7, 564, 223])
Face([382, 438, 471])
Face([535, 41, 421])
Face([263, 617, 581])
Face([22, 196, 661])
Face([472, 693, 327])
Face([130, 144, 333])
Face([52, 312, 141])
Face([25, 329, 396])
Face([12, 181, 718])
Face([346, 408, 565])
Face([138, 98, 115])
Face([5, 659, 647])
Face([88, 258, 335])
Face([5, 228, 592])
Face([229, 392, 715])
Face([326, 356, 602])
Face([309, 315, 46])
Face([21, 240, 385])
Face([214, 107, 345])
Face([109, 237, 315])
Face([0, 603, 541])
Face([163, 356, 602])
Face([138, 98, 172])
Face([415, 651, 595])
Face([547, 461, 87])
Face([208, 210, 223])
Face([571, 579, 95])
Face([4, 657, 183])
Face([704, 178, 31])
Face([121, 346, 465])
Face([247, 251, 158])
Face([60, 406, 398])
Face([131, 392, 665])
Face([33, 120, 78])
Face([485, 395, 365])
Face([244, 690, 92])
Face([11, 49, 334])
Face([680, 300, 308])
Face([221, 32, 420])
Face([404, 72, 440])
Face([499, 202, 516])
Face([561, 61, 387])
Face([246, 565, 291])
Face([696, 457, 415])
Face([391, 26, 182])
Face([1, 533, 262])
Face([503, 567, 568])
Face([114, 610, 220])
Face([512, 441, 458])
Face([62, 609, 338])
Face([469, 718, 255])
Face([284, 186, 383])
Face([574, 565, 694])
Face([574, 188, 332])
Face([522, 696, 415])
Face([25, 426, 86])
Face([32, 402, 643])
Face([271, 320, 648])
Face([397, 490, 491])
Face([476, 37, 294])
Face([626, 300, 455])
Face([591, 401, 562])
Face([486, 527, 719])
Face([231, 713, 236])
Face([41, 73, 412])
Face([152, 441, 612])
Face([593, 598, 278])
Face([215, 650, 409])
Face([28, 74, 653])
Face([642, 132, 638])
Face([647, 108, 573])
Face([14, 288, 582])
Face([183, 657, 711])
Face([494, 341, 238])
Face([498, 653, 271])
Face([545, 418, 626])
Face([464, 305, 309])
Face([539, 83, 556])
Face([209, 210, 223])
Face([359, 50, 511])
Face([97, 623, 156])
Face([218, 293, 688])
Face([301, 322, 252])
Face([361, 426, 25])
Face([391, 16, 215])
Face([512, 458, 437])
Face([362, 512, 493])
Face([574, 408, 565])
Face([183, 99, 121])
Face([361, 505, 426])
Face([682, 203, 367])
Face([464, 433, 497])
Face([473, 562, 330])
Face([503, 567, 510])
Face([393, 513, 517])
Face([705, 487, 243])
Face([666, 320, 658])
Face([532, 467, 269])
Face([160, 328, 371])
Face([170, 424, 48])
Face([435, 10, 686])
Face([394, 489, 674])
Face([5, 592, 103])
Face([183, 716, 121])
Face([7, 208, 316])
Face([420, 512, 588])
Face([217, 258, 335])
Face([169, 419, 627])
Face([227, 78, 447])
Face([591, 562, 276])
Face([103, 108, 663])
Face([405, 683, 461])
Face([157, 306, 675])
Face([362, 512, 26])
Face([676, 356, 236])
Face([106, 325, 145])
Face([295, 705, 619])
Face([309, 315, 300])
Face([167, 438, 542])
Face([168, 469, 255])
Face([352, 569, 61])
Face([4, 629, 114])
Face([84, 496, 490])
Face([659, 165, 559])
Face([622, 633, 164])
Face([521, 91, 678])
Face([65, 489, 699])
Face([369, 508, 117])
Face([550, 35, 199])
Face([13, 198, 80])
Face([30, 368, 694])
Face([52, 312, 204])
Face([547, 716, 87])
Face([498, 709, 271])
Face([501, 714, 604])
Face([599, 163, 676])
Face([391, 16, 182])
Face([201, 322, 462])
Face([319, 523, 351])
Face([116, 650, 409])
Face([80, 475, 318])
Face([395, 265, 399])
Face([699, 572, 79])
Face([422, 505, 615])
Face([606, 224, 347])
Face([159, 178, 294])
Face([417, 700, 439])
Face([106, 388, 222])
Face([359, 214, 511])
Face([641, 444, 407])
Face([570, 42, 574])
Face([402, 643, 608])
Face([79, 632, 205])
Face([156, 197, 599])
Face([29, 280, 190])
Face([401, 91, 557])
Face([39, 64, 402])
Face([497, 698, 509])
Face([125, 708, 389])
Face([435, 328, 371])
Face([483, 664, 487])
Face([111, 574, 42])
Face([687, 379, 392])
Face([551, 683, 149])
Face([16, 538, 319])
Face([81, 482, 131])
Face([180, 90, 652])
Face([665, 392, 715])
Face([357, 353, 521])
Face([37, 294, 159])
Face([518, 612, 458])
Face([354, 523, 261])
Face([6, 621, 593])
Face([376, 708, 569])
Face([568, 211, 251])
Face([487, 619, 437])
Face([14, 655, 410])
Face([303, 467, 444])
Face([542, 224, 606])
Face([386, 507, 313])
Face([189, 229, 703])
Face([542, 224, 275])
Face([99, 565, 346])
Face([495, 675, 179])
Face([385, 282, 446])
Face([53, 106, 313])
Face([80, 297, 475])
Face([358, 511, 670])
Face([13, 634, 221])
Face([46, 644, 549])
Face([430, 499, 516])
Face([663, 516, 253])
Face([359, 214, 47])
Face([143, 552, 33])
Face([230, 234, 530])
Face([680, 46, 308])
Face([142, 700, 682])
Face([558, 160, 42])
Face([544, 16, 538])
Face([480, 119, 606])
Face([36, 314, 581])
Face([88, 258, 596])
Face([336, 461, 695])
Face([373, 375, 159])
Face([221, 634, 71])
Face([568, 115, 251])
Face([201, 322, 250])
Face([141, 400, 351])
Face([59, 194, 267])
Face([326, 682, 519])
Face([360, 136, 274])
Face([162, 580, 494])
Face([42, 160, 193])
Face([402, 643, 230])
Face([172, 583, 158])
Face([106, 233, 325])
Face([348, 642, 22])
Face([168, 469, 134])
Face([554, 323, 639])
Face([20, 628, 293])
Face([420, 512, 493])
Face([233, 508, 607])
Face([393, 244, 208])
Face([293, 614, 127])
Face([18, 485, 472])
Face([651, 662, 491])
Face([75, 683, 551])
Face([413, 92, 398])
Face([14, 600, 410])
Face([111, 368, 30])
Face([631, 684, 324])
Face([249, 288, 289])
Face([317, 590, 338])
Face([469, 134, 425])
Face([103, 108, 510])
Face([710, 467, 407])
Face([320, 662, 239])
Face([350, 624, 446])
Face([271, 378, 239])
Face([382, 471, 635])
Face([208, 686, 244])
Face([710, 390, 467])
Face([532, 76, 660])
Face([711, 717, 701])
Face([321, 186, 274])
Face([16, 364, 704])
Face([103, 592, 340])
Face([386, 507, 282])
Face([431, 554, 171])
Face([379, 392, 229])
Face([97, 482, 687])
Face([55, 388, 616])
Face([416, 593, 210])
Face([75, 683, 273])
Face([710, 141, 351])
Face([165, 714, 559])
Face([631, 371, 174])
Face([7, 584, 528])
Face([4, 546, 677])
Face([398, 126, 637])
Face([206, 600, 396])
Face([541, 282, 603])
Face([667, 169, 277])
Face([558, 42, 570])
Face([209, 285, 94])
Face([286, 571, 718])
Face([143, 638, 305])
Face([53, 233, 135])
Face([21, 561, 212])
Face([434, 563, 421])
Face([131, 236, 231])
Face([531, 667, 277])
Face([647, 340, 573])
Face([290, 681, 684])
Face([144, 585, 601])
Face([412, 619, 437])
Face([209, 210, 316])
Face([102, 514, 279])
Face([687, 72, 379])
Face([684, 419, 57])
Face([237, 278, 447])
Face([335, 575, 431])
Face([79, 205, 311])
Face([295, 441, 619])
Face([397, 490, 522])
Face([143, 638, 661])
Face([379, 706, 588])
Face([235, 502, 407])
Face([327, 40, 90])
Face([268, 499, 378])
Face([141, 390, 693])
Face([204, 116, 538])
Face([401, 562, 679])
Face([360, 341, 479])
Face([329, 34, 396])
Face([81, 131, 231])
Face([717, 466, 701])
Face([286, 579, 334])
Face([416, 640, 278])
Face([342, 387, 100])
Face([65, 489, 359])
Face([169, 277, 255])
Face([481, 491, 651])
Face([59, 513, 43])
Face([24, 436, 499])
Face([683, 273, 427])
Face([442, 707, 262])
Face([87, 424, 461])
Face([254, 101, 17])
Face([168, 531, 255])
Face([86, 76, 532])
Face([14, 594, 655])
Face([114, 241, 629])
Face([484, 696, 23])
Face([40, 660, 390])
Face([336, 458, 414])
Face([62, 578, 317])
Face([69, 226, 20])
Face([27, 529, 363])
Face([441, 487, 458])
Face([483, 664, 157])
Face([25, 504, 396])
Face([599, 197, 366])
Face([516, 378, 239])
Face([364, 152, 703])
Face([249, 372, 396])
Face([69, 264, 175])
Face([332, 272, 381])
Face([509, 179, 571])
Face([225, 457, 597])
Face([175, 306, 243])
Face([205, 632, 186])
Face([114, 140, 546])
Face([162, 608, 524])
Face([35, 624, 350])
Face([336, 458, 437])
Face([358, 580, 299])
Face([81, 231, 246])
Face([15, 97, 676])
Face([335, 621, 431])
Face([89, 306, 243])
Face([360, 299, 341])
Face([106, 145, 388])
Face([357, 446, 282])
Face([128, 554, 323])
Face([592, 260, 340])
Face([45, 128, 554])
Face([123, 195, 627])
Face([494, 341, 185])
Face([214, 323, 445])
Face([204, 9, 116])
Face([29, 201, 571])
Face([364, 152, 26])
Face([706, 414, 588])
Face([218, 226, 175])
Face([48, 424, 87])
Face([39, 402, 608])
Face([369, 233, 508])
Face([231, 713, 99])
Face([20, 476, 293])
Face([307, 689, 587])
Face([100, 199, 41])
Face([8, 125, 646])
Face([226, 175, 280])
Face([603, 117, 369])
Face([19, 666, 268])
Face([411, 240, 569])
Face([102, 449, 589])
Face([356, 377, 466])
Face([176, 322, 301])
Face([140, 356, 236])
Face([71, 230, 460])
Face([463, 537, 399])
Face([647, 108, 559])
Face([94, 626, 462])
Face([25, 329, 532])
Face([267, 60, 645])
Face([519, 700, 622])
Face([533, 618, 432])
Face([354, 283, 523])
Face([93, 258, 63])
Face([447, 473, 330])
Face([249, 289, 70])
Face([615, 601, 177])
Face([118, 164, 636])
Face([272, 433, 590])
Face([14, 232, 582])
Face([529, 337, 405])
Face([68, 483, 695])
Face([594, 131, 665])
Face([581, 432, 617])
Face([646, 485, 472])
Face([519, 689, 700])
Face([521, 347, 678])
Face([133, 320, 271])
Face([376, 352, 365])
Face([107, 79, 699])
Face([535, 41, 100])
Face([261, 64, 229])
Face([148, 94, 534])
Face([48, 514, 494])
Face([534, 322, 626])
Face([197, 610, 358])
Face([206, 293, 294])
Face([80, 146, 475])
Face([193, 328, 454])
Face([240, 350, 355])
Face([544, 704, 16])
Face([403, 139, 593])
Face([659, 696, 691])
Face([264, 265, 295])
Face([506, 73, 412])
Face([11, 334, 27])
Face([339, 714, 235])
Face([634, 515, 460])
Face([29, 571, 509])
Face([533, 618, 604])
Face([162, 48, 494])
Face([65, 366, 220])
Face([342, 35, 550])
Face([338, 609, 455])
Face([232, 131, 594])
Face([109, 309, 644])
Face([66, 608, 162])
Face([133, 320, 268])
Face([283, 709, 343])
Face([199, 350, 678])
Face([13, 697, 463])
Face([8, 577, 411])
Face([374, 99, 246])
Face([394, 489, 155])
Face([57, 169, 277])
Face([636, 690, 92])
Face([430, 663, 516])
Face([710, 141, 390])
Face([208, 690, 244])
Face([28, 74, 373])
Face([221, 26, 391])
Face([0, 456, 442])
Face([22, 642, 143])
Face([59, 267, 43])
Face([206, 34, 396])
Face([323, 635, 639])
Face([411, 577, 569])
Face([513, 517, 645])
Face([510, 340, 345])
Face([567, 654, 108])
Face([270, 273, 56])
Face([114, 602, 163])
Face([167, 473, 227])
Face([231, 99, 246])
Face([40, 504, 90])
Face([227, 109, 78])
Face([528, 419, 325])
Face([218, 89, 306])
Face([419, 681, 325])
Face([102, 170, 279])
Face([547, 683, 149])
Face([483, 458, 487])
Face([218, 384, 306])
Face([540, 347, 275])
Face([362, 412, 493])
Face([316, 630, 135])
Face([7, 428, 528])
Face([125, 123, 507])
Face([554, 639, 471])
Face([268, 378, 239])
Face([438, 380, 542])
Face([366, 259, 666])
Face([435, 96, 413])
Face([27, 292, 535])
Face([283, 523, 351])
Face([209, 534, 94])
Face([632, 323, 639])
Face([10, 225, 59])
Face([143, 33, 305])
Face([683, 149, 238])
Face([575, 137, 45])
Face([54, 457, 502])
Face([15, 676, 599])
Face([182, 26, 364])
Face([80, 146, 634])
Face([0, 541, 357])
Face([168, 134, 607])
Face([370, 604, 559])
Face([564, 328, 543])
Face([67, 467, 532])
Face([81, 150, 246])
Face([629, 220, 151])
Face([414, 458, 588])
Face([522, 673, 691])
Face([182, 354, 261])
Face([712, 616, 502])
Face([553, 297, 36])
Face([98, 115, 251])
Face([70, 84, 668])
Face([254, 194, 576])
Face([123, 302, 222])
Face([641, 710, 407])
Face([6, 219, 245])
Face([547, 683, 461])
Face([516, 253, 239])
Face([102, 589, 493])
Face([184, 563, 644])
Face([370, 124, 575])
Face([308, 468, 315])
Face([481, 648, 651])
Face([468, 669, 679])
Face([65, 489, 394])
Face([182, 189, 703])
Face([717, 671, 466])
Face([180, 324, 631])
Face([315, 237, 679])
Face([122, 585, 144])
Face([227, 471, 447])
Face([451, 586, 263])
Face([123, 627, 302])
Face([476, 34, 37])
Face([143, 337, 661])
Face([691, 673, 457])
Face([31, 37, 159])
Face([442, 217, 456])
Face([410, 74, 373])
Face([403, 639, 447])
Face([376, 365, 485])
Face([231, 466, 236])
Face([382, 274, 635])
Face([137, 573, 510])
Face([237, 473, 447])
Face([410, 373, 375])
Face([133, 378, 271])
Face([354, 261, 566])
Face([717, 177, 188])
Face([148, 322, 462])
Face([659, 696, 235])
Face([548, 280, 95])
Face([564, 584, 174])
Face([262, 707, 347])
Face([560, 583, 304])
Face([27, 38, 434])
Face([417, 700, 164])
Face([231, 466, 717])
Face([668, 144, 601])
Face([54, 388, 616])
Face([42, 307, 332])
Face([387, 705, 619])
Face([355, 557, 51])
Face([118, 92, 636])
Face([128, 554, 471])
Face([11, 334, 286])
Face([567, 108, 663])
Face([77, 161, 678])
Face([129, 210, 285])
Face([330, 562, 275])
Face([62, 640, 690])
Face([150, 89, 127])
Face([606, 161, 77])
Face([696, 457, 502])
Face([5, 200, 397])
Face([334, 705, 579])
Face([307, 203, 689])
Face([183, 713, 140])
Face([578, 205, 636])
Face([48, 331, 494])
Face([708, 195, 507])
Face([615, 601, 147])
Face([283, 409, 450])
Face([279, 643, 608])
Face([350, 353, 678])
Face([400, 467, 269])
Face([575, 137, 431])
Face([339, 616, 712])
Face([327, 628, 90])
Face([111, 257, 558])
Face([585, 177, 701])
Face([332, 272, 408])
Face([254, 576, 101])
Face([198, 35, 697])
Face([457, 76, 415])
Face([106, 313, 123])
Face([52, 544, 538])
Face([54, 192, 719])
Face([602, 682, 122])
Face([242, 581, 617])
Face([111, 558, 30])
Face([434, 51, 46])
Face([184, 563, 421])
Face([501, 310, 492])
Face([600, 329, 37])
Face([72, 608, 440])
Face([29, 113, 509])
Face([66, 72, 404])
Face([632, 186, 639])
Face([519, 689, 203])
Face([386, 451, 53])
Face([384, 291, 614])
Face([514, 427, 238])
Face([308, 315, 300])
Face([416, 690, 311])
Face([386, 586, 451])
Face([166, 450, 501])
Face([541, 344, 669])
Face([14, 594, 206])
Face([530, 492, 423])
Face([195, 282, 507])
Face([687, 482, 702])
Face([73, 556, 421])
Face([228, 645, 592])
Face([344, 401, 51])
Face([548, 277, 190])
Face([182, 26, 189])
Face([447, 330, 471])
Face([129, 369, 285])
Face([705, 487, 619])
Face([266, 511, 359])
Face([53, 233, 106])
Face([21, 355, 344])
Face([396, 505, 426])
Face([655, 392, 715])
Face([7, 209, 316])
Face([668, 496, 526])
Face([335, 258, 620])
Face([520, 253, 239])
Face([411, 35, 624])
Face([247, 202, 251])
Face([166, 709, 343])
Face([39, 72, 608])
Face([0, 44, 603])
Face([71, 536, 318])
Face([113, 509, 179])
Face([62, 578, 636])
Face([154, 375, 229])
Face([12, 168, 385])
Face([128, 211, 479])
Face([380, 568, 45])
Face([440, 248, 423])
Face([448, 324, 684])
Face([518, 706, 612])
Face([521, 91, 591])
Face([173, 443, 77])
Face([403, 554, 431])
Face([528, 684, 174])
Face([672, 104, 525])
Face([303, 709, 74])
Face([114, 140, 326])
Face([196, 337, 405])
Face([592, 260, 645])
Face([451, 586, 55])
Face([403, 330, 447])
Face([199, 83, 77])
Face([434, 421, 535])
Face([554, 330, 471])
Face([262, 707, 533])
Face([641, 710, 351])
Face([16, 319, 704])
Face([318, 234, 492])
Face([180, 422, 631])
Face([485, 625, 327])
Face([132, 578, 284])
Face([566, 423, 536])
Face([314, 432, 581])
Face([500, 552, 644])
Face([40, 452, 693])
Face([61, 537, 295])
Face([361, 505, 422])
Face([645, 517, 260])
Face([19, 674, 359])
Face([368, 688, 470])
Face([157, 246, 374])
Face([524, 98, 158])
Face([609, 237, 455])
Face([165, 714, 501])
Face([372, 505, 474])
Face([394, 333, 155])
Face([584, 57, 148])
Face([435, 174, 528])
Face([263, 586, 207])
Face([212, 51, 685])
Face([181, 718, 95])
Face([575, 124, 45])
Face([136, 299, 670])
Face([301, 160, 252])
Face([200, 674, 397])
Face([105, 449, 556])
Face([287, 597, 63])
Face([622, 459, 629])
Face([660, 192, 76])
Face([78, 609, 237])
Face([546, 241, 331])
Face([31, 625, 141])
Face([14, 600, 249])
Face([646, 693, 472])
Face([262, 224, 347])
Face([242, 586, 207])
Face([16, 354, 319])
Face([81, 665, 706])
Face([663, 516, 110])
Face([361, 576, 426])
Face([246, 99, 565])
Face([303, 648, 74])
Face([219, 245, 311])
Face([386, 611, 507])
Face([472, 452, 693])
Face([321, 281, 186])
Face([453, 234, 618])
Face([148, 462, 255])
Face([45, 554, 171])
Face([30, 558, 570])
Face([522, 673, 415])
Face([628, 504, 90])
Face([472, 90, 452])
Face([183, 546, 716])
Face([350, 91, 678])
Face([230, 423, 318])
Face([676, 658, 377])
Face([506, 437, 412])
Face([154, 72, 404])
Face([247, 202, 499])
Face([526, 637, 126])
Face([622, 700, 164])
Face([240, 35, 100])
Face([68, 374, 695])
Face([641, 409, 351])
Face([520, 271, 709])
Face([550, 41, 199])
Face([428, 325, 135])
Face([649, 310, 253])
Face([49, 664, 483])
Face([402, 64, 440])
Face([288, 289, 481])
Face([66, 24, 162])
Face([216, 304, 449])
Face([403, 139, 431])
Face([646, 312, 693])
Face([223, 564, 534])
Face([543, 545, 252])
Face([672, 55, 525])
Face([21, 212, 685])
Face([360, 299, 149])
Face([219, 632, 345])
Face([483, 336, 458])
Face([66, 162, 623])
Face([498, 378, 271])
Face([19, 674, 394])
Face([44, 129, 369])
Face([200, 663, 430])
Face([148, 508, 94])
Face([7, 584, 564])
Face([410, 613, 653])
Face([646, 625, 693])
Face([159, 715, 703])
Face([525, 258, 596])
Face([193, 587, 605])
Face([386, 53, 313])
Face([663, 649, 108])
Face([55, 616, 207])
Face([329, 532, 390])
Face([303, 269, 467])
Face([561, 240, 100])
Face([490, 491, 333])
Face([69, 485, 20])
Face([285, 555, 598])
Face([148, 169, 255])
Face([376, 18, 485])
Face([379, 706, 392])
Face([121, 99, 374])
Face([254, 17, 290])
Face([400, 467, 390])
Face([22, 405, 143])
Face([0, 386, 357])
Face([584, 57, 419])
Face([46, 315, 549])
Face([66, 24, 156])
Face([242, 586, 692])
Face([332, 346, 408])
Face([350, 624, 353])
Face([701, 203, 177])
Face([480, 618, 115])
Face([349, 177, 203])
Face([266, 511, 358])
Face([376, 708, 389])
Face([263, 581, 586])
Face([145, 388, 54])
Face([101, 656, 526])
Face([386, 53, 603])
Face([167, 298, 275])
Face([428, 287, 10])
Face([529, 552, 270])
Face([531, 548, 95])
Face([442, 1, 263])
Face([459, 417, 699])
Face([232, 671, 466])
Face([156, 580, 623])
Face([268, 430, 239])
Face([184, 644, 270])
Face([1, 263, 533])
Face([9, 242, 116])
Face([221, 362, 26])
Face([609, 278, 383])
Face([286, 579, 571])
Face([456, 139, 276])
Face([38, 478, 685])
Face([692, 611, 507])
Face([270, 552, 273])
Face([167, 539, 298])
Face([442, 521, 276])
Face([161, 347, 678])
Face([339, 714, 207])
Face([321, 459, 281])
Face([469, 425, 685])
Face([631, 684, 174])
Face([23, 67, 696])
Face([16, 354, 182])
Face([503, 296, 214])
Face([231, 291, 717])
Face([53, 145, 55])
Face([641, 450, 444])
Face([83, 557, 540])
Face([597, 457, 54])
Face([385, 240, 446])
Face([28, 373, 375])
Face([646, 485, 625])
Face([474, 291, 694])
Face([557, 298, 540])
Face([55, 586, 207])
Face([549, 401, 298])
Face([361, 576, 486])
Face([441, 619, 487])
Face([158, 211, 670])
Face([81, 131, 665])
Face([126, 349, 367])
Face([27, 363, 334])
Face([200, 430, 239])
Face([464, 337, 143])
Face([264, 265, 395])
Face([615, 147, 671])
Face([181, 352, 95])
Face([143, 552, 405])
Face([3, 138, 173])
Face([216, 449, 427])
Face([9, 242, 339])
Face([29, 301, 111])
Face([326, 140, 356])
Face([67, 502, 407])
Face([296, 211, 251])
Face([468, 455, 598])
Face([434, 563, 644])
Face([595, 648, 191])
Face([521, 353, 707])
Face([32, 460, 71])
Face([3, 105, 172])
Face([152, 512, 588])
Face([93, 112, 63])
Face([580, 331, 241])
Face([245, 639, 383])
Face([326, 682, 602])
Face([165, 649, 559])
Face([86, 70, 595])
Face([145, 525, 63])
Face([113, 574, 694])
Face([72, 379, 229])
Face([106, 627, 123])
Face([245, 632, 205])
Face([339, 407, 235])
Face([543, 690, 92])
Face([177, 203, 188])
Face([25, 40, 660])
Face([528, 419, 684])
Face([153, 652, 548])
Face([561, 569, 61])
Face([167, 438, 471])
Face([374, 713, 716])
Face([194, 576, 84])
Face([558, 160, 257])
Face([533, 618, 124])
Face([450, 650, 409])
Face([217, 672, 258])
Face([207, 617, 714])
Face([303, 520, 648])
Face([348, 642, 638])
Face([86, 576, 84])
Face([558, 656, 570])
Face([180, 652, 470])
Face([107, 489, 699])
Face([490, 155, 333])
Face([126, 601, 349])
Face([546, 716, 85])
Face([553, 198, 297])
Face([549, 473, 679])
Face([582, 466, 236])
Face([442, 451, 217])
Face([463, 16, 364])
Face([593, 129, 555])
Face([581, 353, 707])
Face([113, 675, 694])
Face([270, 552, 644])
Face([396, 504, 34])
Face([215, 650, 318])
Face([457, 76, 502])
Face([712, 502, 407])
Face([366, 220, 602])
Face([506, 589, 437])
Face([168, 385, 134])
Face([355, 199, 557])
Face([45, 568, 503])
Face([418, 433, 300])
Face([331, 85, 623])
Face([150, 89, 612])
Face([59, 513, 60])
Face([109, 473, 237])
Face([156, 610, 580])
Face([79, 417, 205])
Face([200, 484, 253])
Face([397, 674, 592])
Face([469, 478, 462])
Face([568, 251, 567])
Face([168, 385, 195])
Face([628, 504, 470])
Face([328, 637, 454])
Face([151, 136, 299])
Face([546, 547, 716])
Face([450, 492, 343])
Face([436, 499, 378])
Face([264, 175, 243])
Face([59, 96, 413])
Face([380, 583, 211])
Face([88, 596, 647])
Face([285, 468, 669])
Face([167, 275, 542])
Face([293, 476, 294])
Face([165, 649, 253])
Face([479, 136, 635])
Face([514, 304, 238])
Face([51, 401, 557])
Face([410, 375, 653])
Face([329, 400, 269])
Face([315, 549, 679])
Face([68, 483, 157])
Face([75, 120, 551])
Face([310, 248, 343])
Face([196, 68, 121])
Face([317, 638, 590])
Face([67, 467, 303])
Face([111, 574, 30])
Face([264, 395, 365])
Face([232, 614, 594])
Face([645, 260, 572])
Face([8, 646, 52])
Face([370, 573, 575])
Face([484, 696, 522])
Face([357, 611, 446])
Face([154, 72, 687])
Face([134, 425, 117])
Face([335, 429, 431])
Face([261, 159, 375])
Face([184, 539, 563])
Face([303, 648, 595])
Face([393, 620, 112])
Face([115, 110, 530])
Face([105, 460, 173])
Face([442, 1, 217])
Face([290, 719, 527])
Face([264, 265, 89])
Face([520, 648, 271])
Face([453, 618, 604])
Face([307, 203, 188])
Face([8, 204, 125])
Face([196, 337, 661])
Face([39, 170, 379])
Face([82, 617, 714])
Face([445, 323, 632])
Face([485, 327, 20])
Face([17, 448, 180])
Face([58, 213, 222])
Face([138, 230, 460])
Face([391, 26, 463])
Face([83, 556, 421])
Face([181, 352, 61])
Face([180, 504, 470])
Face([327, 34, 40])
Face([165, 501, 166])
Face([482, 713, 85])
Face([146, 161, 119])
Face([83, 443, 556])
Face([301, 160, 257])
Face([591, 562, 555])
Face([364, 265, 178])
Face([288, 613, 410])
Face([245, 403, 639])
Face([154, 72, 229])
Face([342, 35, 100])
Face([18, 548, 69])
Face([290, 684, 17])
Face([266, 358, 247])
Face([533, 707, 432])
Face([529, 56, 270])
Face([189, 229, 379])
Face([133, 658, 613])
Face([32, 279, 39])
Face([29, 190, 111])
Face([215, 297, 538])
Face([657, 121, 661])
Face([133, 653, 271])
Face([566, 64, 536])
Face([606, 347, 540])
Face([56, 427, 589])
Face([80, 634, 71])
Face([249, 70, 191])
Face([24, 162, 524])
Face([629, 459, 220])
Face([8, 376, 708])
Face([94, 425, 117])
Face([171, 330, 139])
Face([162, 580, 623])
Face([380, 128, 45])
Face([629, 241, 677])
Face([424, 336, 589])
Face([464, 337, 497])
Face([452, 213, 693])
Face([50, 459, 220])
Face([358, 610, 580])
Face([6, 393, 219])
Face([196, 121, 716])
Face([198, 146, 314])
Face([636, 690, 311])
Face([643, 98, 230])
Face([547, 331, 87])
Face([87, 716, 85])
Face([334, 664, 487])
Face([366, 610, 163])
Face([44, 135, 630])
Face([712, 192, 502])
Face([464, 552, 529])
Face([9, 641, 116])
Face([391, 16, 463])
Face([184, 273, 500])
Face([170, 414, 588])
Face([44, 129, 630])
Face([484, 165, 253])
Face([19, 65, 366])
Face([560, 3, 583])
Face([348, 256, 677])
Face([150, 612, 518])
Face([262, 347, 276])
Face([8, 544, 577])
Face([354, 283, 566])
Face([694, 565, 675])
Face([657, 346, 381])
Face([393, 416, 208])
Face([28, 283, 523])
Face([202, 110, 251])
Face([156, 163, 599])
Face([655, 154, 613])
Face([114, 241, 546])
Face([611, 507, 446])
Face([12, 352, 569])
Face([67, 76, 415])
Face([686, 513, 244])
Face([713, 716, 85])
Face([585, 466, 671])
Face([376, 646, 389])
Face([451, 672, 55])
Face([193, 587, 118])
Face([318, 650, 492])
Face([218, 384, 688])
Face([87, 702, 414])
Face([546, 547, 677])
Face([2, 184, 216])
Face([134, 117, 607])
Face([109, 315, 309])
Face([152, 265, 441])
Face([107, 79, 632])
Face([105, 515, 443])
Face([626, 418, 322])
Face([390, 213, 693])
Face([6, 620, 429])
Face([357, 353, 350])
Face([81, 150, 665])
Face([88, 672, 258])
Face([565, 408, 675])
Face([497, 337, 465])
Face([665, 715, 477])
Face([642, 33, 132])
Face([169, 419, 508])
Face([297, 650, 475])
Face([435, 371, 174])
Face([301, 252, 605])
Face([65, 50, 220])
Face([75, 500, 120])
Face([151, 136, 511])
Face([97, 482, 236])
Face([29, 250, 509])
Face([389, 302, 472])
Face([364, 152, 265])
Face([549, 298, 473])
Face([346, 188, 565])
Face([514, 304, 185])
Face([6, 416, 393])
Face([23, 235, 407])
Face([171, 139, 276])
Face([279, 185, 514])
Face([227, 471, 382])
Face([375, 715, 159])
Face([26, 512, 152])
Face([71, 536, 402])
Face([692, 586, 611])
Face([564, 160, 252])
Face([125, 312, 58])
Face([18, 472, 153])
Face([13, 697, 342])
Face([358, 511, 151])
Face([403, 278, 447])
Face([62, 640, 609])
Face([17, 448, 527])
Face([622, 700, 459])
Face([546, 241, 677])
Face([148, 169, 508])
Face([168, 169, 255])
Face([267, 490, 155])
Face([201, 478, 462])
Face([541, 117, 134])
Face([626, 418, 300])
Face([362, 537, 619])
Face([170, 379, 588])
Face([647, 659, 559])
Face([61, 705, 295])
Face([28, 283, 566])
Face([96, 637, 371])
Face([67, 595, 303])
Face([227, 473, 109])
Face([266, 47, 430])
Face([622, 256, 281])
Face([125, 389, 646])
Face([284, 274, 186])
Face([416, 593, 278])
Face([655, 715, 375])
Face([50, 107, 699])
Face([93, 258, 596])
Face([94, 425, 462])
Face([631, 558, 257])
Face([448, 452, 527])
Face([374, 518, 81])
Face([498, 709, 343])
Face([597, 525, 54])
Face([686, 244, 413])
Face([710, 712, 407])
Face([192, 388, 222])
Face([510, 108, 567])
Face([161, 353, 707])
Face([86, 70, 426])
Face([698, 250, 509])
Face([691, 43, 597])
Face([183, 99, 711])
Face([339, 641, 407])
Face([15, 154, 404])
Face([412, 493, 437])
Face([641, 409, 450])
Face([114, 241, 610])
Face([29, 250, 301])
Face([32, 643, 460])
Face([411, 708, 446])
Face([541, 134, 282])
Face([58, 313, 123])
Face([138, 234, 115])
Face([486, 660, 25])
Face([593, 129, 621])
Face([486, 76, 86])
Face([496, 333, 144])
Face([497, 465, 495])
Face([359, 674, 47])
Face([429, 340, 573])
Face([319, 523, 31])
Face([19, 268, 430])
Face([232, 372, 671])
Face([172, 98, 643])
Face([209, 584, 534])
Face([207, 104, 714])
Face([642, 132, 284])
Face([348, 661, 22])
Face([3, 480, 138])
Face([122, 585, 377])
Face([456, 555, 591])
Face([184, 644, 500])
Face([288, 410, 191])
Face([406, 488, 333])
Face([661, 465, 381])
Face([406, 496, 333])
Face([452, 222, 302])
Face([215, 536, 354])
Face([476, 178, 31])
Face([567, 110, 251])
Face([243, 487, 441])
Face([364, 704, 399])
Face([442, 451, 263])
Face([228, 93, 43])
Face([339, 407, 712])
Face([171, 275, 276])
Face([316, 112, 428])
Face([134, 344, 425])
Face([130, 333, 491])
Face([603, 233, 607])
Face([478, 308, 462])
Face([474, 505, 615])
Face([664, 306, 179])
Face([153, 652, 90])
Face([544, 463, 399])
Face([386, 586, 611])
Face([50, 107, 445])
Face([60, 244, 413])
Face([270, 506, 421])
Face([509, 408, 495])
Face([50, 511, 151])
Face([393, 620, 517])
Face([454, 349, 367])
Face([227, 120, 382])
Face([75, 216, 273])
Face([620, 112, 630])
Face([15, 97, 156])
Face([193, 252, 543])
Face([673, 84, 415])
Face([541, 91, 591])
Face([132, 305, 638])
Face([94, 626, 468])
Face([444, 283, 351])
Face([88, 559, 647])
Face([68, 157, 495])
Face([32, 402, 39])
Face([19, 266, 197])
Face([117, 508, 607])
Face([187, 92, 636])
Face([680, 433, 698])
Face([344, 401, 91])
Face([565, 717, 188])
Face([11, 497, 464])
Face([386, 282, 603])
Face([27, 292, 38])
Face([289, 147, 668])
Face([206, 294, 594])
Face([200, 662, 484])
Face([326, 356, 701])
Face([473, 562, 679])
Face([397, 155, 394])
Face([193, 118, 454])
Face([200, 662, 397])
Face([242, 36, 581])
Face([450, 650, 492])
Face([223, 545, 534])
Face([133, 404, 653])
Face([459, 700, 142])
Face([465, 272, 408])
Face([70, 651, 84])
Face([306, 675, 179])
Face([500, 33, 109])
Face([57, 169, 148])
Face([668, 144, 496])
Face([577, 537, 399])
Face([401, 298, 557])
Face([245, 205, 383])
Face([144, 601, 126])
Face([454, 349, 637])
Face([609, 237, 278])
Face([39, 64, 72])
Face([132, 578, 317])
Face([44, 451, 217])
Face([393, 112, 513])
Face([97, 163, 676])
Face([591, 401, 669])
Face([106, 388, 313])
Face([94, 626, 534])
Face([242, 617, 207])
Face([327, 34, 628])
Face([115, 234, 530])
Face([295, 537, 399])
Face([218, 89, 127])
Face([407, 467, 444])
Face([152, 612, 588])
Face([620, 517, 93])
Face([264, 295, 243])
Face([242, 339, 207])
Face([582, 676, 236])
Face([233, 627, 419])
Face([124, 618, 654])
Face([249, 600, 396])
Face([605, 418, 590])
Face([524, 185, 643])
Face([4, 519, 622])
Face([657, 633, 381])
Face([553, 36, 624])
Face([364, 704, 178])
Face([107, 632, 445])
Face([142, 488, 439])
Face([404, 440, 436])
Face([410, 74, 191])
Face([51, 401, 549])
Face([451, 53, 55])
Face([4, 546, 114])
Face([17, 361, 101])
Face([5, 522, 484])
Face([667, 195, 627])
Face([404, 436, 378])
Face([142, 700, 439])
Face([548, 280, 190])
Face([66, 608, 72])
Face([591, 555, 669])
Face([17, 361, 180])
Face([65, 50, 699])
Face([180, 504, 90])
Face([287, 719, 54])
Face([655, 392, 154])
Face([465, 346, 408])
Face([327, 625, 693])
Face([541, 669, 591])
Face([321, 256, 281])
Face([101, 576, 526])
Face([464, 680, 309])
Face([133, 658, 599])
Face([206, 34, 37])
Face([565, 291, 717])
Face([209, 369, 316])
Face([17, 101, 631])
Face([677, 149, 551])
Face([194, 526, 496])
Face([19, 65, 394])
Face([49, 497, 495])
Face([9, 712, 339])
Face([198, 35, 624])
Face([64, 72, 229])
Face([355, 350, 199])
Face([80, 391, 71])
Face([19, 666, 366])
Face([374, 713, 99])
Face([169, 627, 607])
Face([189, 64, 39])
Face([42, 193, 307])
Face([585, 147, 671])
Face([680, 308, 478])
Face([2, 438, 167])
Face([338, 300, 455])
Face([7, 584, 209])
Face([101, 656, 422])
Face([438, 128, 471])
Face([118, 92, 454])
Face([486, 576, 86])
Face([202, 530, 248])
Face([504, 505, 470])
Face([30, 474, 470])
Face([19, 674, 430])
Face([3, 480, 606])
Face([142, 488, 682])
Face([225, 673, 43])
Face([527, 660, 452])
Face([512, 458, 588])
Face([314, 432, 475])
Face([389, 667, 302])
Face([86, 595, 415])
Face([476, 625, 31])
Face([507, 282, 446])
Face([156, 610, 197])
Face([18, 548, 153])
Face([352, 531, 95])
Face([676, 377, 356])
Face([41, 73, 421])
Face([357, 91, 521])
Face([663, 649, 110])
Face([187, 417, 439])
Face([583, 341, 479])
Face([110, 516, 310])
Face([342, 537, 362])
Face([226, 368, 280])
Face([660, 192, 213])
Face([660, 390, 213])
Face([162, 185, 494])
Face([453, 501, 492])
Face([114, 610, 163])
Face([180, 361, 422])
Face([44, 369, 603])
Face([81, 713, 231])
Face([647, 659, 596])
Face([42, 332, 605])
Face([45, 137, 503])
Face([200, 674, 430])
Face([145, 525, 54])
Face([228, 340, 647])
Face([428, 10, 686])
Face([581, 432, 707])
Face([600, 329, 269])
Face([8, 708, 125])
Face([225, 673, 457])
Face([242, 692, 36])
Face([152, 588, 189])
Face([525, 104, 596])
Face([359, 489, 107])
Face([307, 454, 349])
Face([448, 153, 90])
Face([153, 277, 548])
Face([69, 175, 95])
Face([338, 418, 590])
Face([595, 70, 191])
Face([263, 533, 707])
Face([49, 664, 334])
Face([481, 130, 658])
Face([87, 424, 414])
Face([56, 461, 427])
Face([578, 281, 284])
Face([18, 69, 485])
Face([410, 74, 653])
Face([221, 420, 493])
Face([519, 203, 711])
Face([550, 146, 634])
Face([19, 65, 359])
Face([470, 505, 474])
Face([416, 640, 690])
Face([247, 524, 158])
Face([599, 163, 366])
Face([521, 591, 276])
Face([61, 387, 537])
Face([522, 696, 691])
Face([456, 129, 621])
Face([250, 301, 605])
Face([570, 177, 615])
Face([7, 428, 316])
Face([249, 426, 147])
Face([309, 644, 46])
Face([276, 275, 347])
Face([117, 425, 669])
Face([254, 486, 719])
Face([530, 492, 310])
Face([65, 259, 142])
Face([47, 510, 567])
Face([47, 296, 567])
Face([657, 711, 346])
Face([9, 641, 710])
Face([13, 550, 342])
Face([550, 77, 146])
Face([394, 666, 491])
Face([250, 418, 322])
Face([234, 618, 119])
Face([475, 432, 453])
Face([11, 680, 464])
Face([593, 598, 210])
Face([355, 100, 199])
Face([566, 440, 423])
Face([45, 137, 554])
Face([189, 379, 588])
Face([150, 665, 612])
Face([187, 398, 439])
Face([29, 280, 113])
Face([661, 381, 638])
Face([448, 452, 302])
Face([718, 571, 95])
Face([86, 595, 532])
Face([132, 317, 638])
Face([8, 553, 411])
Face([152, 265, 477])
Face([135, 145, 63])
Face([69, 365, 485])
Face([307, 203, 349])
Face([570, 177, 188])
Face([293, 688, 628])
Face([544, 577, 399])
Face([480, 115, 568])
Face([374, 713, 81])
Face([198, 624, 314])
Face([19, 268, 197])
Face([374, 518, 695])
Face([20, 264, 218])
Face([495, 664, 179])
Face([176, 201, 322])
Face([397, 394, 491])
Face([9, 710, 312])
Face([267, 155, 645])
Face([411, 240, 446])
Face([419, 681, 627])
Face([691, 457, 597])
Face([84, 490, 651])
Face([531, 18, 548])
Face([645, 60, 572])
Face([312, 213, 693])
Face([480, 224, 124])
Face([35, 100, 199])
Face([156, 24, 580])
Face([11, 529, 27])
Face([66, 436, 404])
Face([352, 365, 69])
Face([167, 275, 330])
Face([578, 609, 383])
Face([628, 90, 652])
Face([369, 285, 117])
Face([574, 408, 332])
Face([293, 294, 127])
Face([637, 656, 349])
Face([506, 73, 589])
Face([262, 171, 276])
Face([165, 166, 253])
Face([379, 706, 702])
Face([717, 671, 291])
Face([343, 492, 423])
Face([75, 360, 382])
Face([87, 461, 695])
Face([594, 665, 127])
Face([445, 632, 186])
Face([83, 540, 77])
Face([212, 292, 535])
Face([677, 256, 551])
Face([165, 649, 501])
Face([481, 320, 648])
Face([82, 501, 450])
Face([475, 234, 119])
Face([617, 714, 604])
Face([60, 572, 406])
Face([426, 668, 70])
Face([212, 355, 51])
Face([389, 195, 667])
Face([168, 169, 607])
Face([27, 506, 270])
Face([222, 681, 302])
Face([237, 598, 455])
Face([530, 248, 423])
Face([435, 96, 371])
Face([96, 194, 526])
Face([96, 194, 254])
Face([551, 256, 274])
Face([587, 633, 381])
Face([456, 276, 591])
Face([122, 488, 682])
Face([170, 424, 414])
Face([339, 616, 235])
Face([521, 347, 707])
Face([161, 432, 119])
Face([465, 272, 381])
Face([539, 560, 556])
Face([638, 633, 381])
Face([197, 266, 499])
Face([397, 662, 491])
Face([667, 169, 627])
Face([57, 257, 324])
Face([135, 145, 325])
Face([184, 273, 216])
Face([316, 129, 630])
Face([657, 121, 346])
Face([82, 501, 453])
Face([383, 186, 205])
Face([436, 248, 440])
Face([464, 305, 143])
Face([577, 537, 61])
Face([549, 401, 679])
Face([9, 312, 58])
Face([372, 614, 474])
Face([214, 345, 323])
Face([435, 328, 413])
Face([114, 220, 629])
Face([578, 281, 205])
Face([332, 272, 605])
Face([503, 296, 211])
Face([55, 313, 586])
Face([524, 202, 98])
Face([196, 337, 68])
Face([78, 120, 284])
Face([220, 142, 602])
Face([223, 640, 690])
Face([301, 160, 42])
Face([497, 433, 698])
Face([247, 296, 251])
Face([111, 257, 190])
Face([683, 427, 461])
Face([242, 617, 82])
Face([624, 611, 36])
Face([135, 233, 369])
Face([29, 113, 111])
Face([287, 145, 54])
Face([102, 424, 514])
Face([18, 153, 667])
Face([230, 234, 318])
Face([215, 409, 354])
Face([708, 446, 507])
Face([503, 214, 510])
Face([139, 330, 562])
Face([448, 324, 153])
Face([336, 589, 437])
Face([496, 144, 126])
Face([352, 18, 531])
Face([410, 613, 655])
Face([45, 128, 503])
Face([355, 91, 350])
Face([154, 375, 653])
Face([25, 86, 532])
Face([172, 643, 185])
Face([580, 331, 623])
Face([506, 421, 535])
Face([1, 262, 575])
Face([659, 104, 235])
Face([0, 386, 603])
Face([24, 524, 247])
Face([23, 407, 444])
Face([339, 616, 207])
Face([193, 307, 454])
Face([55, 145, 388])
Face([157, 518, 150])
Face([456, 129, 555])
Face([62, 636, 118])
Face([474, 291, 614])
Face([96, 101, 526])
Face([533, 617, 604])
Face([289, 481, 130])
Face([373, 523, 400])
Face([18, 472, 389])
Face([528, 290, 684])
Face([83, 563, 421])
Face([44, 603, 53])
Face([176, 57, 148])
Face([133, 378, 404])
Face([445, 635, 186])
Face([479, 341, 670])
Face([130, 658, 377])
Face([287, 290, 719])
Face([649, 604, 654])
Face([566, 343, 423])
Face([150, 384, 246])
Face([312, 710, 141])
Face([328, 371, 637])
Face([677, 547, 22])
Face([75, 683, 238])
Face([393, 416, 311])
Face([28, 498, 566])
Face([11, 698, 286])
Face([183, 713, 716])
Face([268, 430, 499])
Face([113, 675, 179])
Face([15, 404, 133])
Face([58, 123, 222])
Face([580, 299, 494])
Face([344, 355, 51])
Face([261, 159, 703])
Face([295, 265, 441])
Face([600, 269, 373])
Face([118, 164, 317])
Face([89, 265, 477])
Face([528, 584, 174])
Face([16, 354, 215])
Face([62, 338, 317])
Face([60, 187, 244])
Face([137, 323, 503])
Face([352, 69, 95])
Face([111, 113, 574])
Face([66, 608, 436])
Face([106, 681, 627])
Face([59, 96, 194])
Face([176, 257, 301])
Face([97, 85, 623])
Face([151, 610, 220])
Face([115, 110, 251])
Face([331, 149, 494])
Face([472, 485, 327])
Face([78, 447, 383])
Face([429, 137, 573])
Face([25, 532, 660])
Face([125, 58, 123])
Face([101, 361, 422])
Face([59, 225, 43])
Face([169, 508, 607])
Face([9, 242, 692])
Face([24, 580, 358])
Face([33, 552, 309])
Face([526, 656, 601])
Face([228, 596, 647])
