Face([25, 50, 100])
Face([53, 80, 78])
Face([7, 29, 119])
Face([28, 76, 94])
Face([53, 114, 95])
Face([50, 43, 100])
Face([101, 82, 115])
Face([16, 89, 71])
Face([60, 97, 27])
Face([76, 96, 94])
Face([3, 10, 111])
Face([113, 17, 52])
Face([7, 70, 22])
Face([75, 88, 30])
Face([22, 25, 50])
Face([16, 91, 43])
Face([0, 9, 84])
Face([21, 65, 36])
Face([30, 99, 110])
Face([16, 101, 62])
Face([78, 90, 31])
Face([6, 70, 7])
Face([36, 96, 107])
Face([87, 17, 42])
Face([6, 66, 70])
Face([6, 73, 66])
Face([20, 117, 45])
Face([28, 81, 91])
Face([78, 80, 29])
Face([6, 32, 84])
Face([80, 114, 28])
Face([8, 37, 14])
Face([98, 99, 37])
Face([67, 68, 15])
Face([20, 54, 59])
Face([105, 107, 36])
Face([32, 42, 118])
Face([71, 82, 27])
Face([57, 4, 112])
Face([2, 114, 11])
Face([53, 40, 58])
Face([24, 65, 50])
Face([84, 48, 33])
Face([60, 82, 54])
Face([47, 52, 77])
Face([9, 113, 37])
Face([66, 62, 31])
Face([7, 25, 22])
Face([26, 37, 110])
Face([51, 56, 89])
Face([34, 56, 12])
Face([39, 64, 63])
Face([0, 73, 84])
Face([71, 115, 101])
Face([12, 56, 64])
Face([95, 112, 93])
Face([30, 112, 93])
Face([47, 88, 77])
Face([119, 43, 62])
Face([33, 82, 115])
Face([8, 110, 95])
Face([53, 40, 114])
Face([39, 81, 92])
Face([57, 83, 4])
Face([7, 25, 21])
Face([21, 83, 87])
Face([51, 56, 116])
Face([34, 56, 103])
Face([65, 108, 100])
Face([84, 33, 67])
Face([88, 107, 61])
Face([111, 60, 23])
Face([47, 75, 77])
Face([62, 89, 71])
Face([57, 112, 76])
Face([23, 97, 46])
Face([13, 88, 52])
Face([24, 17, 18])
Face([34, 74, 12])
Face([84, 33, 70])
Face([4, 112, 110])
Face([66, 92, 31])
Face([109, 82, 60])
Face([61, 107, 108])
Face([9, 58, 84])
Face([48, 17, 42])
Face([73, 27, 102])
Face([83, 88, 107])
Face([1, 8, 95])
Face([11, 36, 21])
Face([69, 33, 82])
Face([68, 97, 69])
Face([0, 84, 102])
Face([58, 32, 84])
Face([14, 97, 90])
Face([118, 13, 87])
Face([79, 104, 93])
Face([10, 16, 109])
Face([0, 8, 1])
Face([18, 19, 54])
Face([76, 35, 94])
Face([118, 42, 87])
Face([90, 64, 39])
Face([10, 20, 111])
Face([80, 81, 55])
Face([72, 96, 106])
Face([5, 44, 70])
Face([14, 97, 46])
Face([9, 113, 67])
Face([38, 85, 15])
Face([84, 32, 48])
Face([2, 11, 7])
Face([9, 42, 67])
Face([119, 91, 28])
Face([29, 28, 119])
Face([28, 35, 94])
Face([17, 18, 59])
Face([41, 93, 79])
Face([40, 57, 114])
Face([45, 43, 100])
Face([67, 68, 113])
Face([11, 114, 76])
Face([63, 12, 46])
Face([30, 104, 110])
Face([8, 26, 95])
Face([22, 43, 101])
Face([37, 68, 113])
Face([49, 56, 63])
Face([49, 56, 79])
Face([14, 97, 102])
Face([62, 101, 71])
Face([75, 105, 30])
Face([93, 86, 55])
Face([51, 64, 60])
Face([8, 9, 14])
Face([94, 91, 35])
Face([7, 25, 5])
Face([8, 26, 14])
Face([78, 80, 92])
Face([83, 107, 61])
Face([87, 17, 61])
Face([22, 115, 62])
Face([0, 90, 78])
Face([14, 68, 102])
Face([63, 46, 79])
Face([20, 108, 77])
Face([76, 96, 86])
Face([53, 80, 114])
Face([74, 46, 79])
Face([62, 89, 92])
Face([112, 76, 86])
Face([109, 60, 71])
Face([10, 34, 51])
Face([84, 33, 102])
Face([109, 82, 101])
Face([16, 91, 62])
Face([116, 81, 35])
Face([115, 27, 31])
Face([30, 104, 99])
Face([24, 59, 108])
Face([116, 81, 89])
Face([9, 68, 14])
Face([73, 84, 102])
Face([17, 59, 15])
Face([84, 48, 67])
Face([84, 48, 70])
Face([101, 82, 19])
Face([67, 113, 15])
Face([78, 66, 92])
Face([119, 92, 62])
Face([65, 61, 87])
Face([30, 88, 105])
Face([50, 19, 45])
Face([1, 49, 39])
Face([13, 99, 52])
Face([33, 27, 115])
Face([99, 113, 85])
Face([3, 10, 34])
Face([47, 99, 52])
Face([44, 115, 70])
Face([10, 72, 117])
Face([44, 19, 82])
Face([82, 115, 27])
Face([68, 97, 46])
Face([74, 12, 23])
Face([14, 90, 102])
Face([16, 89, 116])
Face([36, 76, 94])
Face([49, 93, 95])
Face([6, 53, 78])
Face([6, 2, 29])
Face([44, 115, 101])
Face([60, 82, 71])
Face([40, 4, 110])
Face([108, 107, 100])
Face([13, 52, 61])
Face([3, 41, 47])
Face([119, 43, 94])
Face([54, 59, 19])
Face([65, 107, 36])
Face([3, 20, 38])
Face([77, 88, 61])
Face([28, 91, 92])
Face([70, 33, 115])
Face([4, 99, 110])
Face([43, 101, 62])
Face([76, 86, 55])
Face([0, 8, 9])
Face([22, 66, 115])
Face([30, 112, 86])
Face([8, 40, 53])
Face([7, 11, 21])
Face([21, 65, 25])
Face([0, 58, 6])
Face([41, 86, 75])
Face([58, 42, 98])
Face([14, 26, 37])
Face([0, 84, 6])
Face([4, 88, 30])
Face([0, 1, 53])
Face([5, 24, 87])
Face([3, 75, 47])
Face([75, 96, 86])
Face([26, 49, 79])
Face([4, 88, 105])
Face([84, 32, 70])
Face([109, 19, 54])
Face([6, 73, 70])
Face([13, 98, 99])
Face([26, 79, 63])
Face([3, 10, 20])
Face([39, 56, 63])
Face([12, 64, 60])
Face([88, 107, 105])
Face([105, 36, 76])
Face([63, 12, 79])
Face([25, 43, 119])
Face([41, 93, 103])
Face([48, 42, 67])
Face([10, 34, 111])
Face([20, 59, 38])
Face([47, 88, 99])
Face([38, 74, 111])
Face([14, 97, 63])
Face([9, 37, 14])
Face([57, 105, 83])
Face([32, 48, 42])
Face([8, 26, 37])
Face([4, 88, 83])
Face([9, 84, 102])
Face([80, 28, 92])
Face([98, 113, 99])
Face([13, 83, 61])
Face([94, 43, 100])
Face([64, 89, 31])
Face([18, 59, 19])
Face([8, 9, 37])
Face([73, 115, 31])
Face([73, 90, 31])
Face([28, 35, 55])
Face([111, 51, 12])
Face([78, 92, 29])
Face([22, 50, 101])
Face([90, 64, 63])
Face([41, 72, 86])
Face([58, 32, 2])
Face([32, 48, 5])
Face([58, 98, 118])
Face([10, 51, 109])
Face([93, 103, 55])
Face([80, 114, 29])
Face([57, 105, 4])
Face([62, 92, 31])
Face([38, 52, 47])
Face([38, 74, 85])
Face([26, 37, 46])
Face([102, 67, 69])
Face([77, 108, 117])
Face([1, 90, 39])
Face([10, 72, 116])
Face([10, 117, 45])
Face([65, 107, 108])
Face([113, 52, 15])
Face([45, 19, 109])
Face([63, 56, 64])
Face([25, 65, 50])
Face([106, 43, 100])
Face([57, 112, 105])
Face([49, 93, 79])
Face([39, 49, 81])
Face([67, 68, 69])
Face([7, 5, 22])
Face([91, 81, 35])
Face([20, 117, 77])
Face([5, 24, 44])
Face([22, 25, 43])
Face([15, 69, 54])
Face([64, 27, 31])
Face([77, 88, 52])
Face([48, 17, 67])
Face([76, 96, 35])
Face([10, 20, 117])
Face([13, 17, 87])
Face([76, 35, 86])
Face([16, 109, 45])
Face([119, 28, 94])
Face([7, 25, 11])
Face([71, 115, 31])
Face([72, 96, 86])
Face([77, 52, 61])
Face([10, 20, 109])
Face([84, 42, 48])
Face([73, 66, 115])
Face([68, 23, 69])
Face([21, 65, 87])
Face([23, 54, 15])
Face([75, 96, 117])
Face([75, 88, 107])
Face([45, 106, 43])
Face([24, 18, 19])
Face([49, 80, 55])
Face([64, 97, 27])
Face([24, 50, 19])
Face([83, 107, 36])
Face([12, 97, 23])
Face([89, 81, 92])
Face([8, 9, 98])
Face([36, 100, 94])
Face([16, 62, 71])
Face([48, 33, 67])
Face([5, 25, 50])
Face([102, 97, 68])
Face([21, 32, 5])
Face([116, 56, 81])
Face([32, 5, 70])
Face([50, 65, 108])
Face([72, 96, 117])
Face([14, 26, 46])
Face([50, 19, 108])
Face([14, 46, 63])
Face([2, 40, 57])
Face([16, 51, 109])
Face([21, 83, 36])
Face([16, 101, 45])
Face([23, 60, 54])
Face([6, 32, 2])
Face([0, 9, 14])
Face([9, 98, 37])
Face([21, 57, 36])
Face([106, 96, 94])
Face([44, 50, 101])
Face([114, 112, 76])
Face([73, 33, 70])
Face([16, 89, 51])
Face([30, 93, 86])
Face([5, 24, 48])
Face([25, 43, 100])
Face([38, 59, 15])
Face([83, 65, 36])
Face([64, 71, 31])
Face([118, 42, 98])
Face([61, 59, 108])
Face([10, 72, 106])
Face([83, 88, 61])
Face([37, 85, 46])
Face([2, 29, 7])
Face([3, 74, 47])
Face([7, 21, 5])
Face([0, 102, 14])
Face([10, 117, 106])
Face([10, 72, 34])
Face([65, 107, 100])
Face([57, 105, 36])
Face([29, 66, 92])
Face([65, 100, 36])
Face([8, 40, 58])
Face([12, 46, 23])
Face([1, 80, 78])
Face([38, 52, 77])
Face([99, 104, 37])
Face([10, 16, 51])
Face([8, 98, 37])
Face([53, 40, 2])
Face([63, 56, 12])
Face([13, 88, 61])
Face([4, 83, 13])
Face([1, 90, 63])
Face([7, 66, 119])
Face([78, 90, 39])
Face([60, 82, 69])
Face([40, 57, 118])
Face([111, 60, 109])
Face([40, 98, 4])
Face([11, 57, 76])
Face([56, 81, 103])
Face([6, 58, 84])
Face([21, 57, 83])
Face([6, 32, 7])
Face([16, 43, 101])
Face([7, 66, 70])
Face([26, 104, 93])
Face([4, 88, 13])
Face([34, 12, 79])
Face([109, 60, 54])
Face([53, 80, 29])
Face([2, 11, 21])
Face([18, 82, 54])
Face([0, 73, 102])
Face([20, 19, 108])
Face([72, 75, 117])
Face([53, 80, 95])
Face([95, 93, 110])
Face([26, 93, 110])
Face([38, 23, 54])
Face([0, 8, 14])
Face([39, 56, 49])
Face([106, 91, 35])
Face([84, 67, 102])
Face([118, 13, 98])
Face([17, 59, 61])
Face([22, 66, 62])
Face([99, 85, 37])
Face([56, 103, 79])
Face([3, 74, 111])
Face([12, 97, 60])
Face([102, 33, 67])
Face([67, 17, 18])
Face([4, 112, 30])
Face([49, 81, 103])
Face([44, 18, 82])
Face([116, 89, 91])
Face([47, 99, 85])
Face([11, 28, 29])
Face([12, 97, 46])
Face([83, 36, 105])
Face([28, 76, 55])
Face([55, 86, 103])
Face([73, 27, 31])
Face([20, 77, 38])
Face([20, 109, 54])
Face([77, 59, 52])
Face([41, 86, 93])
Face([24, 59, 61])
Face([3, 75, 77])
Face([24, 48, 17])
Face([10, 106, 116])
Face([15, 18, 54])
Face([95, 40, 114])
Face([39, 56, 89])
Face([110, 112, 93])
Face([72, 35, 86])
Face([39, 89, 31])
Face([47, 99, 30])
Face([114, 28, 55])
Face([7, 66, 29])
Face([32, 118, 87])
Face([106, 35, 96])
Face([109, 82, 71])
Face([44, 33, 18])
Face([58, 40, 118])
Face([2, 40, 118])
Face([29, 28, 92])
Face([78, 66, 31])
Face([1, 8, 14])
Face([1, 49, 95])
Face([102, 67, 68])
Face([25, 100, 36])
Face([8, 40, 110])
Face([1, 49, 26])
Face([90, 64, 97])
Face([18, 82, 19])
Face([90, 97, 27])
Face([6, 2, 53])
Face([68, 85, 46])
Face([39, 80, 81])
Face([75, 107, 117])
Face([21, 25, 5])
Face([30, 93, 110])
Face([21, 65, 83])
Face([11, 94, 119])
Face([18, 69, 54])
Face([20, 59, 77])
Face([49, 80, 95])
Face([9, 68, 37])
Face([26, 93, 79])
Face([6, 84, 70])
Face([41, 75, 30])
Face([38, 74, 23])
Face([72, 116, 103])
Face([48, 42, 87])
Face([37, 113, 85])
Face([53, 2, 114])
Face([7, 32, 21])
Face([45, 106, 100])
Face([13, 61, 87])
Face([89, 81, 91])
Face([116, 56, 103])
Face([49, 95, 55])
Face([25, 50, 43])
Face([26, 79, 46])
Face([35, 86, 55])
Face([60, 82, 27])
Face([24, 48, 44])
Face([117, 107, 100])
Face([16, 43, 45])
Face([41, 72, 75])
Face([42, 17, 113])
Face([16, 109, 71])
Face([73, 90, 27])
Face([109, 82, 19])
Face([90, 64, 31])
Face([80, 114, 95])
Face([34, 12, 111])
Face([40, 57, 4])
Face([84, 32, 42])
Face([50, 108, 45])
Face([34, 41, 74])
Face([38, 52, 85])
Face([30, 112, 105])
Face([2, 57, 118])
Face([11, 25, 36])
Face([12, 56, 79])
Face([0, 53, 78])
Face([18, 33, 82])
Face([3, 75, 117])
Face([71, 27, 31])
Face([110, 104, 93])
Face([106, 43, 94])
Face([23, 69, 15])
Face([84, 42, 67])
Face([37, 104, 46])
Face([90, 27, 102])
Face([68, 113, 85])
Face([111, 51, 109])
Face([28, 81, 92])
Face([73, 115, 70])
Face([57, 83, 118])
Face([51, 56, 64])
Face([48, 17, 18])
Face([5, 65, 87])
Face([3, 41, 34])
Face([2, 57, 11])
Face([72, 96, 75])
Face([4, 112, 105])
Face([52, 59, 15])
Face([6, 66, 29])
Face([0, 1, 78])
Face([1, 26, 95])
Face([106, 96, 100])
Face([21, 32, 118])
Face([117, 106, 100])
Face([73, 78, 31])
Face([119, 91, 43])
Face([83, 65, 107])
Face([58, 2, 118])
Face([106, 91, 94])
Face([109, 19, 101])
Face([1, 53, 78])
Face([83, 65, 87])
Face([47, 88, 75])
Face([118, 4, 13])
Face([80, 81, 28])
Face([32, 48, 70])
Face([111, 51, 60])
Face([13, 17, 52])
Face([4, 99, 13])
Face([15, 18, 69])
Face([47, 75, 30])
Face([35, 103, 86])
Face([106, 100, 94])
Face([77, 107, 108])
Face([73, 27, 115])
Face([34, 72, 103])
Face([0, 1, 14])
Face([39, 81, 89])
Face([65, 108, 61])
Face([26, 63, 49])
Face([26, 93, 95])
Face([14, 68, 46])
Face([51, 89, 116])
Face([39, 56, 81])
Face([83, 61, 87])
Face([8, 53, 95])
Face([106, 35, 94])
Face([3, 20, 111])
Face([73, 90, 102])
Face([44, 50, 19])
Face([49, 81, 55])
Face([0, 6, 78])
Face([52, 59, 61])
Face([11, 36, 94])
Face([40, 112, 114])
Face([105, 96, 86])
Face([75, 105, 86])
Face([9, 42, 84])
Face([57, 83, 36])
Face([78, 39, 31])
Face([23, 85, 46])
Face([38, 59, 54])
Face([25, 65, 100])
Face([100, 96, 107])
Face([2, 21, 7])
Face([64, 89, 71])
Face([5, 65, 50])
Face([21, 32, 87])
Face([9, 42, 98])
Face([26, 46, 63])
Face([13, 42, 113])
Face([17, 52, 15])
Face([20, 59, 19])
Face([21, 65, 5])
Face([47, 104, 30])
Face([44, 48, 33])
Face([49, 93, 55])
Face([91, 81, 92])
Face([41, 104, 47])
Face([22, 66, 70])
Face([102, 33, 69])
Face([44, 18, 48])
Face([43, 91, 62])
Face([17, 18, 15])
Face([17, 52, 61])
Face([11, 28, 76])
Face([40, 118, 98])
Face([39, 92, 31])
Face([9, 67, 102])
Face([98, 37, 113])
Face([83, 65, 61])
Face([1, 80, 39])
Face([112, 76, 55])
Face([77, 107, 117])
Face([23, 97, 69])
Face([74, 85, 23])
Face([74, 12, 46])
Face([114, 76, 55])
Face([50, 108, 100])
Face([3, 34, 74])
Face([24, 17, 59])
Face([9, 102, 14])
Face([113, 52, 85])
Face([13, 42, 98])
Face([63, 56, 79])
Face([74, 111, 23])
Face([16, 51, 116])
Face([62, 89, 91])
Face([14, 68, 37])
Face([95, 40, 110])
Face([109, 101, 71])
Face([118, 83, 4])
Face([1, 63, 39])
Face([1, 14, 63])
Face([6, 32, 58])
Face([3, 34, 111])
Face([38, 23, 85])
Face([4, 98, 110])
Face([73, 84, 70])
Face([60, 64, 27])
Face([102, 97, 69])
Face([22, 115, 101])
Face([60, 97, 69])
Face([16, 45, 106])
Face([3, 38, 47])
Face([24, 17, 61])
Face([95, 114, 112])
Face([73, 33, 84])
Face([24, 18, 59])
Face([78, 80, 39])
Face([4, 110, 30])
Face([11, 25, 94])
Face([10, 51, 116])
Face([38, 54, 111])
Face([22, 66, 119])
Face([39, 89, 64])
Face([99, 104, 85])
Face([20, 38, 111])
Face([119, 91, 94])
Face([90, 64, 27])
Face([40, 4, 118])
Face([50, 101, 45])
Face([77, 107, 61])
Face([8, 58, 98])
Face([41, 104, 79])
Face([5, 24, 65])
Face([80, 28, 29])
Face([14, 90, 63])
Face([47, 104, 99])
Face([45, 19, 101])
Face([34, 51, 12])
Face([5, 25, 22])
Face([2, 114, 29])
Face([11, 57, 36])
Face([34, 41, 103])
Face([36, 96, 94])
Face([24, 108, 61])
Face([113, 85, 15])
Face([11, 114, 28])
Face([3, 77, 47])
Face([46, 104, 79])
Face([41, 74, 47])
Face([48, 33, 70])
Face([11, 57, 114])
Face([22, 44, 70])
Face([38, 111, 23])
Face([40, 112, 110])
Face([24, 48, 18])
Face([95, 112, 110])
Face([67, 33, 18])
Face([1, 80, 95])
Face([34, 51, 111])
Face([47, 88, 30])
Face([73, 78, 66])
Face([74, 104, 85])
Face([102, 27, 69])
Face([21, 57, 118])
Face([105, 96, 76])
Face([62, 115, 71])
Face([45, 19, 108])
Face([16, 116, 106])
Face([80, 114, 55])
Face([67, 69, 15])
Face([6, 66, 7])
Face([60, 27, 71])
Face([74, 104, 46])
Face([29, 66, 119])
Face([94, 96, 35])
Face([50, 19, 101])
Face([88, 99, 52])
Face([22, 62, 119])
Face([1, 90, 78])
Face([8, 40, 98])
Face([3, 72, 34])
Face([1, 49, 63])
Face([44, 18, 19])
Face([90, 27, 31])
Face([3, 72, 75])
Face([78, 92, 39])
Face([105, 76, 86])
Face([22, 50, 43])
Face([1, 53, 95])
Face([60, 64, 71])
Face([50, 65, 100])
Face([18, 33, 69])
Face([24, 17, 87])
Face([67, 33, 69])
Face([11, 25, 21])
Face([75, 96, 105])
Face([105, 96, 107])
Face([16, 106, 43])
Face([49, 80, 81])
Face([116, 56, 89])
Face([77, 59, 61])
Face([9, 68, 102])
Face([49, 79, 63])
Face([2, 40, 114])
Face([11, 29, 119])
Face([55, 81, 103])
Face([18, 82, 69])
Face([73, 33, 102])
Face([89, 91, 92])
Face([25, 100, 94])
Face([25, 65, 36])
Face([1, 80, 53])
Face([53, 29, 114])
Face([90, 63, 39])
Face([0, 1, 90])
Face([14, 37, 46])
Face([69, 82, 27])
Face([118, 83, 13])
Face([16, 101, 71])
Face([13, 17, 42])
Face([20, 59, 108])
Face([111, 54, 23])
Face([3, 72, 117])
Face([116, 81, 91])
Face([28, 81, 35])
Face([68, 113, 15])
Face([71, 82, 115])
Face([30, 88, 99])
Face([24, 19, 108])
Face([117, 108, 100])
Face([38, 23, 15])
Face([74, 85, 46])
Face([56, 64, 89])
Face([2, 32, 118])
Face([53, 2, 58])
Face([60, 64, 97])
Face([34, 56, 51])
Face([5, 50, 44])
Face([6, 2, 7])
Face([38, 77, 47])
Face([67, 17, 15])
Face([117, 96, 107])
Face([62, 115, 31])
Face([41, 75, 47])
Face([38, 59, 77])
Face([10, 109, 111])
Face([114, 28, 76])
Face([30, 105, 86])
Face([26, 49, 93])
Face([94, 96, 100])
Face([3, 72, 41])
Face([95, 40, 112])
Face([6, 66, 78])
Face([6, 53, 29])
Face([47, 74, 85])
Face([95, 112, 55])
Face([0, 9, 58])
Face([11, 29, 114])
Face([41, 104, 30])
Face([34, 116, 103])
Face([75, 88, 77])
Face([20, 54, 38])
Face([24, 50, 108])
Face([58, 42, 84])
Face([117, 106, 96])
Face([20, 108, 45])
Face([56, 89, 81])
Face([25, 43, 94])
Face([63, 64, 97])
Face([105, 112, 76])
Face([0, 8, 58])
Face([37, 68, 85])
Face([90, 39, 31])
Face([3, 77, 38])
Face([26, 110, 95])
Face([2, 32, 21])
Face([15, 59, 54])
Face([41, 104, 74])
Face([77, 108, 61])
Face([1, 8, 53])
Face([58, 40, 2])
Face([10, 51, 111])
Face([95, 114, 55])
Face([62, 91, 92])
Face([13, 88, 83])
Face([34, 103, 79])
Face([72, 96, 35])
Face([63, 97, 12])
Face([117, 100, 45])
Face([102, 68, 69])
Face([99, 104, 110])
Face([2, 32, 7])
Face([44, 19, 101])
Face([73, 90, 78])
Face([73, 66, 70])
Face([10, 16, 116])
Face([9, 67, 68])
Face([8, 40, 95])
Face([72, 35, 103])
Face([8, 26, 110])
Face([62, 115, 101])
Face([48, 18, 67])
Face([6, 29, 78])
Face([3, 74, 38])
Face([26, 95, 49])
Face([111, 12, 23])
Face([41, 74, 79])
Face([32, 48, 87])
Face([74, 12, 79])
Face([94, 91, 43])
Face([21, 5, 87])
Face([46, 104, 85])
Face([118, 42, 13])
Face([10, 20, 45])
Face([22, 101, 62])
Face([58, 42, 118])
Face([24, 19, 44])
Face([41, 86, 103])
Face([37, 104, 85])
Face([69, 33, 27])
Face([35, 103, 55])
Face([77, 59, 108])
Face([83, 88, 105])
Face([116, 91, 35])
Face([4, 88, 99])
Face([73, 66, 31])
Face([22, 115, 70])
Face([99, 37, 110])
Face([95, 93, 55])
Face([24, 65, 108])
Face([2, 57, 114])
Face([38, 85, 47])
Face([38, 52, 15])
Face([0, 9, 102])
Face([53, 40, 95])
Face([13, 83, 87])
Face([58, 40, 98])
Face([54, 19, 82])
Face([9, 58, 98])
Face([17, 59, 52])
Face([98, 37, 110])
Face([109, 82, 54])
Face([23, 97, 60])
Face([67, 18, 15])
Face([98, 42, 113])
Face([25, 36, 94])
Face([25, 94, 119])
Face([7, 22, 119])
Face([117, 45, 106])
Face([10, 34, 116])
Face([40, 98, 110])
Face([5, 48, 87])
Face([3, 41, 74])
Face([77, 88, 107])
Face([33, 82, 27])
Face([34, 72, 116])
Face([9, 67, 84])
Face([117, 108, 45])
Face([8, 9, 58])
Face([119, 91, 62])
Face([66, 92, 119])
Face([11, 28, 119])
Face([8, 58, 53])
Face([20, 117, 108])
Face([71, 115, 27])
Face([24, 65, 87])
Face([0, 58, 84])
Face([119, 91, 92])
Face([72, 106, 35])
Face([9, 113, 98])
Face([52, 85, 15])
Face([29, 114, 28])
Face([105, 112, 86])
Face([39, 64, 31])
Face([117, 108, 107])
Face([20, 54, 111])
Face([51, 56, 12])
Face([114, 112, 55])
Face([42, 67, 113])
Face([38, 74, 47])
Face([111, 12, 60])
Face([28, 81, 55])
Face([68, 46, 23])
Face([44, 33, 115])
Face([16, 91, 106])
Face([59, 19, 108])
Face([99, 52, 85])
Face([11, 57, 21])
Face([4, 83, 105])
Face([1, 90, 14])
Face([90, 97, 102])
Face([88, 61, 52])
Face([18, 59, 54])
Face([75, 30, 86])
Face([24, 50, 44])
Face([10, 45, 106])
Face([102, 33, 27])
Face([1, 26, 63])
Face([28, 91, 35])
Face([41, 93, 30])
Face([49, 56, 103])
Face([99, 113, 52])
Face([50, 100, 45])
Face([34, 74, 79])
Face([44, 33, 82])
Face([7, 66, 22])
Face([34, 56, 79])
Face([41, 30, 47])
Face([106, 91, 43])
Face([58, 32, 118])
Face([9, 42, 58])
Face([13, 17, 61])
Face([20, 109, 45])
Face([7, 11, 119])
Face([22, 25, 119])
Face([116, 81, 103])
Face([24, 65, 61])
Face([47, 104, 74])
Face([50, 43, 101])
Face([5, 24, 50])
Face([72, 86, 103])
Face([51, 64, 12])
Face([72, 35, 116])
Face([6, 29, 7])
Face([99, 113, 37])
Face([13, 113, 98])
Face([22, 44, 101])
Face([14, 26, 63])
Face([62, 89, 31])
Face([16, 89, 62])
Face([5, 44, 22])
Face([7, 11, 29])
Face([76, 35, 55])
Face([1, 78, 39])
Face([0, 58, 53])
Face([1, 26, 14])
Face([2, 21, 118])
Face([7, 32, 70])
Face([34, 41, 79])
Face([13, 88, 99])
Face([45, 101, 109])
Face([68, 85, 23])
Face([71, 82, 101])
Face([23, 85, 15])
Face([23, 60, 69])
Face([41, 103, 79])
Face([10, 16, 106])
Face([48, 33, 18])
Face([65, 107, 61])
Face([12, 79, 46])
Face([16, 91, 116])
Face([24, 48, 87])
Face([3, 41, 75])
Face([102, 97, 27])
Face([73, 33, 27])
Face([51, 89, 71])
Face([20, 19, 109])
Face([47, 52, 85])
Face([45, 108, 100])
Face([47, 104, 85])
Face([117, 96, 100])
Face([113, 17, 15])
Face([26, 104, 79])
Face([0, 73, 6])
Face([15, 18, 59])
Face([34, 56, 116])
Face([62, 71, 31])
Face([12, 60, 23])
Face([26, 104, 37])
Face([75, 88, 105])
Face([2, 57, 21])
Face([12, 64, 97])
Face([44, 82, 115])
Face([34, 74, 111])
Face([93, 86, 103])
Face([51, 89, 64])
Face([5, 50, 22])
Face([13, 42, 87])
Face([22, 115, 44])
Face([80, 81, 92])
Face([53, 29, 78])
Face([5, 65, 25])
Face([29, 92, 119])
Face([22, 50, 44])
Face([42, 17, 67])
Face([68, 97, 23])
Face([2, 11, 29])
Face([7, 32, 5])
Face([11, 25, 119])
Face([118, 98, 4])
Face([16, 43, 62])
Face([67, 17, 113])
Face([5, 48, 70])
Face([3, 117, 77])
Face([51, 12, 60])
Face([47, 88, 52])
Face([51, 109, 71])
Face([21, 118, 87])
Face([116, 35, 103])
Face([63, 97, 46])
Face([48, 17, 87])
Face([83, 105, 107])
Face([4, 98, 99])
Face([11, 28, 94])
Face([44, 82, 101])
Face([20, 109, 111])
Face([67, 18, 69])
Face([39, 80, 92])
Face([57, 114, 76])
Face([24, 18, 44])
Face([7, 5, 70])
Face([1, 80, 49])
Face([8, 37, 110])
Face([106, 91, 116])
Face([112, 93, 55])
Face([30, 104, 93])
Face([71, 89, 31])
Face([6, 2, 58])
Face([16, 101, 109])
Face([44, 33, 70])
Face([23, 69, 54])
Face([22, 43, 62])
Face([26, 104, 110])
Face([6, 73, 78])
Face([0, 73, 90])
Face([34, 72, 41])
Face([37, 68, 46])
Face([0, 90, 102])
Face([35, 81, 55])
Face([32, 42, 87])
Face([78, 66, 29])
Face([80, 95, 55])
Face([3, 72, 10])
Face([41, 72, 103])
Face([3, 38, 111])
Face([36, 107, 100])
Face([11, 94, 76])
Face([39, 56, 64])
Face([0, 8, 53])
Face([3, 20, 77])
Face([75, 107, 77])
Face([112, 93, 86])
Face([13, 17, 113])
Face([89, 92, 31])
Face([68, 85, 15])
Face([4, 98, 13])
Face([51, 60, 109])
Face([72, 116, 106])
Face([45, 43, 101])
Face([66, 115, 31])
Face([20, 19, 54])
Face([6, 32, 70])
Face([10, 109, 45])
Face([38, 59, 52])
Face([10, 16, 45])
Face([21, 83, 118])
Face([5, 22, 70])
Face([75, 105, 107])
Face([74, 104, 79])
Face([28, 91, 94])
Face([68, 69, 15])
Face([16, 89, 91])
Face([80, 28, 55])
Face([0, 53, 6])
Face([51, 60, 71])
Face([90, 97, 63])
Face([16, 51, 71])
Face([26, 104, 46])
Face([35, 96, 86])
Face([80, 29, 92])
Face([66, 115, 62])
Face([38, 54, 15])
Face([97, 27, 69])
Face([72, 117, 106])
Face([41, 104, 93])
Face([24, 61, 87])
Face([14, 97, 68])
Face([58, 32, 42])
Face([70, 66, 115])
Face([105, 96, 36])
Face([57, 105, 76])
Face([118, 83, 87])
Face([41, 86, 30])
Face([30, 112, 110])
Face([20, 19, 45])
Face([0, 73, 78])
Face([1, 8, 26])
Face([34, 51, 116])
Face([57, 36, 76])
Face([49, 103, 93])
Face([4, 99, 30])
Face([49, 103, 79])
Face([110, 104, 37])
Face([32, 5, 87])
Face([6, 73, 84])
Face([39, 49, 63])
Face([49, 103, 55])
Face([24, 59, 19])
Face([60, 69, 54])
Face([119, 28, 92])
Face([9, 113, 68])
Face([75, 96, 107])
Face([3, 20, 117])
Face([74, 12, 111])
Face([13, 52, 113])
Face([57, 4, 118])
Face([98, 99, 110])
Face([111, 60, 54])
Face([11, 36, 76])
Face([78, 92, 31])
Face([0, 90, 14])
Face([64, 27, 71])
Face([73, 33, 115])
Face([40, 112, 57])
Face([53, 2, 29])
Face([8, 98, 110])
Face([75, 117, 77])
Face([7, 25, 119])
Face([51, 64, 71])
Face([49, 56, 81])
Face([28, 35, 76])
Face([21, 25, 36])
Face([50, 43, 45])
Face([66, 62, 119])
Face([106, 35, 116])
Face([39, 80, 49])
Face([13, 113, 99])
Face([36, 96, 100])
Face([111, 109, 54])
Face([39, 89, 92])
Face([36, 96, 76])
Face([44, 48, 70])
Face([66, 92, 62])
Face([57, 114, 112])
Face([68, 23, 15])
Face([74, 46, 23])
Face([72, 75, 86])
Face([4, 105, 30])
Face([9, 113, 42])
Face([63, 64, 12])
Face([54, 82, 69])
Face([60, 27, 69])
Face([112, 86, 55])
Face([3, 10, 117])
Face([79, 93, 103])
Face([35, 81, 103])
Face([6, 58, 53])
Face([22, 43, 119])
Face([5, 48, 44])
Face([40, 112, 4])
