[0, 247]
[0, 468]
[0, 532]
[0, 560]
[1, 24]
[1, 250]
[1, 346]
[1, 528]
[2, 37]
[2, 223]
[2, 467]
[2, 522]
[3, 120]
[3, 361]
[3, 435]
[3, 517]
[4, 63]
[4, 96]
[4, 388]
[4, 432]
[5, 223]
[5, 254]
[5, 277]
[5, 570]
[6, 365]
[6, 448]
[6, 561]
[6, 599]
[7, 180]
[7, 253]
[7, 318]
[7, 397]
[8, 288]
[8, 329]
[8, 544]
[8, 582]
[9, 14]
[9, 289]
[9, 357]
[9, 519]
[10, 90]
[10, 411]
[10, 443]
[10, 504]
[11, 21]
[11, 197]
[11, 351]
[11, 385]
[12, 100]
[12, 139]
[12, 412]
[12, 586]
[13, 61]
[13, 183]
[13, 193]
[13, 482]
[14, 190]
[14, 294]
[14, 454]
[15, 233]
[15, 438]
[15, 489]
[15, 591]
[16, 70]
[16, 161]
[16, 399]
[16, 545]
[17, 101]
[17, 167]
[17, 236]
[17, 414]
[18, 91]
[18, 126]
[18, 161]
[18, 577]
[19, 344]
[19, 388]
[19, 551]
[19, 587]
[20, 76]
[20, 121]
[20, 210]
[20, 377]
[21, 408]
[21, 419]
[21, 451]
[22, 64]
[22, 202]
[22, 292]
[22, 512]
[23, 53]
[23, 54]
[23, 230]
[23, 425]
[24, 164]
[24, 364]
[24, 538]
[25, 53]
[25, 367]
[25, 398]
[25, 523]
[26, 67]
[26, 272]
[26, 279]
[26, 497]
[27, 248]
[27, 427]
[27, 452]
[27, 567]
[28, 62]
[28, 183]
[28, 298]
[28, 483]
[29, 113]
[29, 167]
[29, 379]
[29, 521]
[30, 45]
[30, 92]
[30, 484]
[30, 549]
[31, 140]
[31, 265]
[31, 488]
[31, 595]
[32, 327]
[32, 392]
[32, 499]
[32, 537]
[33, 38]
[33, 330]
[33, 331]
[33, 363]
[34, 182]
[34, 310]
[34, 471]
[34, 477]
[35, 81]
[35, 99]
[35, 107]
[35, 461]
[36, 118]
[36, 157]
[36, 347]
[36, 566]
[37, 52]
[37, 348]
[37, 383]
[38, 82]
[38, 164]
[38, 528]
[39, 138]
[39, 185]
[39, 294]
[39, 429]
[40, 64]
[40, 239]
[40, 553]
[40, 594]
[41, 47]
[41, 70]
[41, 307]
[41, 502]
[42, 144]
[42, 226]
[42, 307]
[42, 400]
[43, 60]
[43, 275]
[43, 285]
[43, 424]
[44, 370]
[44, 472]
[44, 492]
[44, 536]
[45, 235]
[45, 360]
[45, 554]
[46, 75]
[46, 177]
[46, 333]
[46, 347]
[47, 217]
[47, 300]
[47, 375]
[48, 66]
[48, 175]
[48, 385]
[48, 451]
[49, 242]
[49, 391]
[49, 400]
[49, 533]
[50, 56]
[50, 189]
[50, 357]
[50, 443]
[51, 88]
[51, 133]
[51, 221]
[51, 573]
[52, 172]
[52, 423]
[52, 435]
[53, 203]
[53, 237]
[54, 218]
[54, 496]
[54, 498]
[55, 145]
[55, 210]
[55, 413]
[55, 588]
[56, 128]
[56, 211]
[56, 519]
[57, 106]
[57, 279]
[57, 303]
[57, 362]
[58, 84]
[58, 107]
[58, 551]
[58, 573]
[59, 66]
[59, 102]
[59, 188]
[59, 503]
[60, 195]
[60, 218]
[60, 459]
[61, 62]
[61, 262]
[61, 546]
[62, 245]
[62, 559]
[63, 72]
[63, 332]
[63, 335]
[64, 376]
[64, 520]
[65, 123]
[65, 257]
[65, 318]
[65, 558]
[66, 369]
[66, 578]
[67, 132]
[67, 151]
[67, 445]
[68, 95]
[68, 312]
[68, 333]
[68, 401]
[69, 387]
[69, 405]
[69, 407]
[69, 465]
[70, 202]
[70, 376]
[71, 149]
[71, 271]
[71, 295]
[71, 336]
[72, 105]
[72, 205]
[72, 453]
[73, 244]
[73, 249]
[73, 535]
[73, 599]
[74, 148]
[74, 402]
[74, 458]
[74, 562]
[75, 120]
[75, 406]
[75, 580]
[76, 413]
[76, 417]
[76, 450]
[77, 124]
[77, 179]
[77, 380]
[77, 552]
[78, 166]
[78, 434]
[78, 506]
[78, 533]
[79, 106]
[79, 361]
[79, 480]
[79, 522]
[80, 112]
[80, 127]
[80, 520]
[80, 594]
[81, 153]
[81, 185]
[81, 511]
[82, 401]
[82, 416]
[82, 567]
[83, 157]
[83, 237]
[83, 312]
[83, 548]
[84, 103]
[84, 332]
[84, 388]
[85, 229]
[85, 304]
[85, 498]
[85, 555]
[86, 194]
[86, 414]
[86, 487]
[86, 517]
[87, 265]
[87, 365]
[87, 405]
[87, 483]
[88, 423]
[88, 508]
[88, 551]
[89, 142]
[89, 256]
[89, 295]
[89, 574]
[90, 147]
[90, 340]
[90, 390]
[91, 162]
[91, 322]
[91, 545]
[92, 175]
[92, 369]
[92, 534]
[93, 119]
[93, 189]
[93, 260]
[93, 292]
[94, 122]
[94, 123]
[94, 143]
[94, 446]
[95, 177]
[95, 426]
[95, 567]
[96, 105]
[96, 491]
[96, 524]
[97, 217]
[97, 373]
[97, 572]
[97, 591]
[98, 113]
[98, 148]
[98, 513]
[98, 572]
[99, 149]
[99, 251]
[99, 582]
[100, 372]
[100, 403]
[100, 552]
[101, 146]
[101, 213]
[101, 410]
[102, 385]
[102, 394]
[102, 588]
[103, 118]
[103, 309]
[103, 575]
[104, 377]
[104, 410]
[104, 418]
[104, 450]
[105, 555]
[105, 584]
[106, 184]
[106, 223]
[107, 466]
[107, 542]
[108, 191]
[108, 195]
[108, 253]
[108, 327]
[109, 132]
[109, 272]
[109, 331]
[109, 408]
[110, 186]
[110, 512]
[110, 520]
[110, 556]
[111, 339]
[111, 383]
[111, 535]
[111, 597]
[112, 308]
[112, 439]
[112, 556]
[113, 319]
[113, 557]
[114, 209]
[114, 210]
[114, 525]
[114, 570]
[115, 184]
[115, 279]
[115, 350]
[115, 420]
[116, 240]
[116, 255]
[116, 525]
[116, 561]
[117, 153]
[117, 168]
[117, 318]
[117, 590]
[118, 469]
[118, 548]
[119, 150]
[119, 293]
[119, 460]
[120, 269]
[120, 487]
[121, 131]
[121, 339]
[121, 570]
[122, 191]
[122, 286]
[122, 515]
[123, 180]
[123, 261]
[124, 263]
[124, 354]
[124, 398]
[125, 183]
[125, 240]
[125, 287]
[125, 516]
[126, 169]
[126, 235]
[126, 441]
[127, 198]
[127, 337]
[127, 462]
[128, 243]
[128, 393]
[128, 470]
[129, 316]
[129, 319]
[129, 493]
[129, 572]
[130, 246]
[130, 278]
[130, 490]
[130, 569]
[131, 223]
[131, 303]
[131, 383]
[132, 419]
[132, 440]
[133, 241]
[133, 288]
[133, 372]
[134, 273]
[134, 405]
[134, 443]
[134, 501]
[135, 297]
[135, 467]
[135, 565]
[135, 587]
[136, 152]
[136, 165]
[136, 232]
[136, 320]
[137, 263]
[137, 461]
[137, 511]
[137, 552]
[138, 190]
[138, 341]
[138, 412]
[139, 315]
[139, 341]
[139, 582]
[140, 311]
[140, 356]
[140, 583]
[141, 197]
[141, 389]
[141, 419]
[141, 445]
[142, 336]
[142, 345]
[142, 465]
[143, 257]
[143, 424]
[143, 576]
[144, 214]
[144, 502]
[144, 571]
[145, 394]
[145, 525]
[145, 547]
[146, 313]
[146, 395]
[146, 492]
[147, 178]
[147, 220]
[147, 556]
[148, 252]
[148, 521]
[149, 185]
[149, 341]
[150, 439]
[150, 504]
[150, 596]
[151, 167]
[151, 213]
[151, 557]
[152, 304]
[152, 346]
[152, 490]
[153, 466]
[153, 558]
[154, 217]
[154, 266]
[154, 391]
[154, 562]
[155, 464]
[155, 486]
[155, 528]
[155, 567]
[156, 177]
[156, 259]
[156, 382]
[156, 579]
[157, 302]
[157, 333]
[158, 278]
[158, 381]
[158, 534]
[158, 549]
[159, 284]
[159, 301]
[159, 311]
[159, 352]
[160, 196]
[160, 305]
[160, 536]
[160, 597]
[161, 353]
[161, 457]
[162, 235]
[162, 404]
[162, 578]
[163, 246]
[163, 250]
[163, 364]
[163, 484]
[164, 409]
[164, 476]
[165, 444]
[165, 477]
[165, 540]
[166, 242]
[166, 276]
[166, 591]
[167, 497]
[168, 205]
[168, 332]
[168, 575]
[169, 393]
[169, 509]
[169, 510]
[170, 198]
[170, 389]
[170, 415]
[170, 531]
[171, 256]
[171, 335]
[171, 345]
[171, 466]
[172, 196]
[172, 455]
[172, 517]
[173, 260]
[173, 271]
[173, 341]
[173, 460]
[174, 317]
[174, 381]
[174, 424]
[174, 581]
[175, 342]
[175, 471]
[176, 402]
[176, 406]
[176, 487]
[176, 521]
[177, 427]
[178, 308]
[178, 328]
[178, 413]
[179, 258]
[179, 266]
[179, 314]
[180, 191]
[180, 204]
[181, 199]
[181, 330]
[181, 478]
[181, 563]
[182, 444]
[182, 474]
[182, 479]
[183, 187]
[184, 277]
[184, 532]
[185, 270]
[186, 220]
[186, 322]
[186, 577]
[187, 249]
[187, 359]
[187, 574]
[188, 220]
[188, 328]
[188, 415]
[189, 504]
[189, 512]
[190, 260]
[190, 494]
[191, 463]
[192, 193]
[192, 432]
[192, 524]
[192, 565]
[193, 495]
[193, 516]
[194, 241]
[194, 370]
[194, 455]
[195, 286]
[195, 392]
[196, 216]
[196, 383]
[197, 588]
[197, 589]
[198, 207]
[198, 274]
[199, 404]
[199, 438]
[199, 447]
[200, 293]
[200, 439]
[200, 492]
[200, 594]
[201, 228]
[201, 237]
[201, 299]
[201, 425]
[202, 384]
[202, 457]
[203, 496]
[203, 548]
[203, 575]
[204, 214]
[204, 294]
[204, 433]
[205, 355]
[205, 496]
[206, 333]
[206, 378]
[206, 406]
[206, 518]
[207, 322]
[207, 520]
[207, 526]
[208, 228]
[208, 409]
[208, 493]
[208, 506]
[209, 277]
[209, 306]
[209, 420]
[210, 589]
[211, 457]
[211, 512]
[211, 577]
[212, 262]
[212, 285]
[212, 453]
[212, 584]
[213, 418]
[213, 462]
[214, 454]
[214, 463]
[215, 321]
[215, 360]
[215, 392]
[215, 549]
[216, 236]
[216, 303]
[216, 410]
[217, 242]
[218, 253]
[218, 355]
[219, 352]
[219, 516]
[219, 540]
[219, 592]
[220, 473]
[221, 269]
[221, 514]
[221, 566]
[222, 348]
[222, 396]
[222, 423]
[222, 544]
[224, 245]
[224, 257]
[224, 345]
[224, 546]
[225, 356]
[225, 394]
[225, 503]
[225, 595]
[226, 282]
[226, 327]
[226, 463]
[227, 314]
[227, 400]
[227, 523]
[227, 571]
[228, 533]
[228, 539]
[229, 346]
[229, 366]
[229, 538]
[230, 253]
[230, 507]
[230, 523]
[231, 493]
[231, 518]
[231, 539]
[231, 562]
[232, 495]
[232, 524]
[232, 584]
[233, 274]
[233, 373]
[233, 526]
[234, 274]
[234, 462]
[234, 513]
[234, 557]
[235, 369]
[236, 362]
[236, 517]
[237, 368]
[238, 246]
[238, 338]
[238, 392]
[238, 459]
[239, 268]
[239, 300]
[239, 343]
[240, 298]
[240, 352]
[241, 403]
[241, 514]
[242, 307]
[243, 374]
[243, 500]
[243, 509]
[244, 365]
[244, 564]
[244, 574]
[245, 465]
[245, 576]
[246, 549]
[247, 281]
[247, 565]
[247, 579]
[248, 272]
[248, 323]
[248, 416]
[249, 264]
[249, 287]
[250, 310]
[250, 490]
[251, 295]
[251, 542]
[251, 544]
[252, 268]
[252, 283]
[252, 313]
[254, 287]
[254, 467]
[254, 593]
[255, 287]
[255, 570]
[255, 599]
[256, 359]
[256, 542]
[257, 275]
[258, 326]
[258, 550]
[258, 571]
[259, 281]
[259, 426]
[259, 491]
[260, 357]
[261, 270]
[261, 289]
[261, 294]
[262, 495]
[262, 527]
[263, 309]
[263, 367]
[264, 348]
[264, 467]
[264, 543]
[265, 298]
[265, 561]
[266, 375]
[266, 458]
[267, 350]
[267, 351]
[267, 408]
[267, 479]
[268, 395]
[268, 513]
[269, 347]
[269, 508]
[270, 336]
[270, 558]
[271, 422]
[271, 501]
[272, 350]
[273, 365]
[273, 411]
[273, 422]
[274, 442]
[275, 355]
[275, 453]
[276, 399]
[276, 437]
[276, 489]
[277, 560]
[278, 317]
[278, 431]
[279, 325]
[280, 324]
[280, 422]
[280, 460]
[280, 596]
[281, 320]
[281, 524]
[282, 353]
[282, 399]
[282, 499]
[283, 343]
[283, 458]
[283, 505]
[284, 431]
[284, 527]
[284, 540]
[285, 317]
[285, 569]
[286, 321]
[286, 424]
[288, 423]
[288, 455]
[289, 407]
[289, 446]
[290, 353]
[290, 463]
[290, 515]
[290, 529]
[291, 349]
[291, 385]
[291, 471]
[291, 474]
[292, 494]
[292, 553]
[293, 472]
[293, 553]
[295, 564]
[296, 319]
[296, 331]
[296, 358]
[296, 440]
[297, 344]
[297, 522]
[297, 579]
[298, 311]
[299, 312]
[299, 409]
[299, 538]
[300, 373]
[300, 376]
[301, 334]
[301, 349]
[301, 356]
[302, 354]
[302, 368]
[302, 518]
[303, 377]
[304, 569]
[304, 584]
[305, 410]
[305, 485]
[305, 492]
[306, 428]
[306, 474]
[306, 592]
[307, 399]
[308, 337]
[308, 450]
[309, 566]
[309, 573]
[310, 342]
[310, 371]
[311, 559]
[312, 366]
[313, 370]
[313, 414]
[314, 391]
[314, 398]
[315, 329]
[315, 460]
[315, 472]
[316, 358]
[316, 506]
[316, 591]
[317, 527]
[318, 355]
[319, 436]
[320, 468]
[320, 486]
[321, 381]
[321, 430]
[322, 415]
[323, 379]
[323, 497]
[323, 580]
[324, 329]
[324, 568]
[324, 597]
[325, 377]
[325, 445]
[325, 589]
[326, 375]
[326, 502]
[326, 585]
[327, 507]
[328, 389]
[328, 588]
[329, 536]
[330, 358]
[330, 476]
[331, 416]
[332, 466]
[334, 431]
[334, 471]
[334, 534]
[335, 482]
[335, 546]
[336, 407]
[337, 389]
[337, 418]
[338, 364]
[338, 475]
[338, 537]
[339, 417]
[339, 599]
[340, 413]
[340, 448]
[340, 547]
[342, 478]
[342, 484]
[343, 375]
[343, 530]
[344, 382]
[344, 508]
[345, 558]
[346, 486]
[347, 382]
[348, 535]
[349, 394]
[349, 428]
[350, 452]
[351, 420]
[351, 474]
[352, 428]
[353, 441]
[354, 449]
[354, 566]
[356, 421]
[357, 501]
[358, 438]
[359, 482]
[359, 543]
[360, 441]
[360, 499]
[361, 362]
[361, 580]
[362, 497]
[363, 371]
[363, 408]
[363, 478]
[364, 541]
[366, 426]
[366, 481]
[367, 575]
[367, 590]
[368, 398]
[368, 539]
[369, 510]
[370, 505]
[371, 479]
[371, 528]
[372, 461]
[372, 582]
[373, 513]
[374, 387]
[374, 488]
[374, 583]
[376, 526]
[378, 401]
[378, 436]
[378, 493]
[379, 406]
[379, 436]
[380, 403]
[380, 449]
[380, 458]
[381, 456]
[382, 469]
[384, 454]
[384, 494]
[384, 502]
[386, 417]
[386, 485]
[386, 596]
[386, 597]
[387, 446]
[387, 576]
[388, 469]
[390, 470]
[390, 473]
[390, 595]
[391, 539]
[393, 473]
[393, 577]
[395, 462]
[395, 594]
[396, 542]
[396, 543]
[396, 551]
[397, 433]
[397, 523]
[397, 590]
[400, 507]
[401, 409]
[402, 449]
[402, 518]
[403, 505]
[404, 489]
[404, 554]
[405, 488]
[407, 501]
[411, 448]
[411, 596]
[412, 550]
[412, 585]
[414, 521]
[415, 578]
[416, 436]
[417, 448]
[418, 445]
[419, 531]
[420, 589]
[421, 456]
[421, 510]
[421, 534]
[422, 564]
[425, 475]
[425, 598]
[426, 486]
[427, 480]
[427, 580]
[428, 525]
[429, 433]
[429, 511]
[429, 550]
[430, 441]
[430, 509]
[430, 515]
[431, 477]
[432, 482]
[432, 587]
[433, 571]
[434, 437]
[434, 537]
[434, 541]
[435, 508]
[435, 522]
[437, 499]
[437, 554]
[438, 442]
[439, 485]
[440, 442]
[440, 557]
[442, 531]
[443, 470]
[444, 468]
[444, 592]
[446, 500]
[447, 451]
[447, 531]
[447, 578]
[449, 514]
[450, 485]
[451, 478]
[452, 464]
[452, 532]
[453, 546]
[454, 529]
[455, 536]
[456, 509]
[456, 583]
[457, 529]
[459, 498]
[459, 569]
[461, 573]
[464, 468]
[464, 479]
[465, 483]
[469, 491]
[470, 488]
[472, 586]
[473, 503]
[475, 498]
[475, 538]
[476, 506]
[476, 541]
[477, 490]
[480, 532]
[480, 579]
[481, 491]
[481, 548]
[481, 555]
[483, 574]
[484, 563]
[487, 514]
[489, 545]
[494, 585]
[495, 540]
[496, 555]
[500, 515]
[500, 519]
[503, 510]
[504, 556]
[505, 586]
[507, 598]
[511, 590]
[516, 593]
[519, 529]
[526, 545]
[527, 559]
[530, 553]
[530, 585]
[530, 586]
[533, 598]
[535, 568]
[537, 598]
[541, 563]
[543, 587]
[544, 568]
[547, 561]
[547, 595]
[550, 552]
[554, 563]
[559, 581]
[560, 592]
[560, 593]
[562, 572]
[564, 568]
[565, 593]
[576, 581]
[581, 583]
