[120, 151]
[120, 728]
[120, 1735]
[120, 2372]
[121, 270]
[121, 1022]
[121, 1177]
[121, 1891]
[122, 365]
[122, 1525]
[122, 1527]
[122, 1582]
[123, 235]
[123, 761]
[123, 1493]
[124, 416]
[124, 1347]
[124, 2057]
[124, 2136]
[125, 471]
[125, 1532]
[125, 2023]
[125, 2302]
[126, 176]
[126, 362]
[126, 395]
[126, 1411]
[127, 311]
[127, 1296]
[127, 1845]
[127, 2302]
[128, 283]
[128, 344]
[128, 1447]
[129, 401]
[129, 413]
[129, 544]
[129, 1313]
[130, 400]
[130, 654]
[130, 1598]
[130, 2239]
[131, 860]
[131, 1927]
[131, 2194]
[131, 2308]
[132, 1285]
[132, 1399]
[132, 1638]
[132, 2080]
[133, 328]
[133, 735]
[133, 796]
[133, 1917]
[134, 637]
[134, 813]
[134, 1565]
[134, 2234]
[135, 518]
[135, 2000]
[136, 307]
[136, 1037]
[136, 1115]
[136, 1682]
[137, 1066]
[137, 1502]
[137, 2129]
[137, 2254]
[138, 746]
[138, 1267]
[138, 2160]
[138, 2207]
[139, 437]
[139, 491]
[139, 1212]
[139, 2340]
[140, 348]
[140, 957]
[140, 1344]
[140, 1982]
[141, 751]
[141, 911]
[141, 996]
[141, 1620]
[142, 1470]
[142, 1513]
[142, 1546]
[143, 188]
[143, 503]
[143, 777]
[143, 1467]
[144, 161]
[144, 1410]
[144, 1825]
[144, 1942]
[145, 874]
[145, 963]
[145, 1308]
[145, 1472]
[146, 1274]
[146, 1276]
[146, 2011]
[146, 2082]
[147, 983]
[147, 1122]
[147, 1211]
[147, 1355]
[148, 333]
[148, 433]
[148, 919]
[148, 1542]
[149, 438]
[149, 1408]
[149, 1440]
[149, 1906]
[150, 535]
[150, 669]
[150, 1564]
[151, 728]
[151, 1735]
[151, 1810]
[152, 523]
[152, 574]
[152, 1416]
[152, 1901]
[153, 563]
[153, 701]
[153, 965]
[153, 1979]
[154, 1047]
[154, 1944]
[154, 2217]
[154, 2339]
[155, 283]
[155, 742]
[155, 1048]
[155, 1593]
[156, 758]
[156, 988]
[156, 1146]
[156, 1486]
[157, 532]
[157, 1356]
[157, 2245]
[157, 2322]
[158, 1269]
[158, 1344]
[158, 1419]
[158, 1662]
[159, 1165]
[159, 1287]
[159, 1759]
[159, 1965]
[160, 174]
[160, 394]
[160, 407]
[160, 1748]
[161, 740]
[161, 908]
[161, 2374]
[162, 332]
[162, 805]
[162, 1584]
[162, 1758]
[163, 543]
[163, 1200]
[163, 1384]
[163, 1748]
[164, 569]
[164, 1075]
[164, 1329]
[164, 1509]
[165, 1273]
[165, 1549]
[165, 1571]
[165, 2043]
[166, 434]
[166, 1142]
[166, 1636]
[167, 302]
[167, 1403]
[167, 1501]
[167, 1962]
[168, 385]
[168, 656]
[168, 661]
[168, 795]
[169, 953]
[169, 980]
[169, 1861]
[169, 2089]
[170, 313]
[170, 461]
[170, 902]
[170, 1567]
[171, 372]
[171, 912]
[171, 1714]
[171, 2231]
[172, 330]
[172, 883]
[172, 1055]
[172, 1597]
[173, 1271]
[173, 2151]
[173, 2174]
[174, 410]
[174, 2314]
[174, 2365]
[175, 954]
[175, 1079]
[175, 1368]
[175, 1414]
[176, 395]
[176, 843]
[176, 1411]
[177, 522]
[177, 973]
[177, 1805]
[177, 2038]
[178, 677]
[178, 994]
[178, 1190]
[178, 1305]
[179, 655]
[179, 1789]
[179, 2297]
[179, 2371]
[180, 420]
[180, 701]
[180, 1056]
[180, 1813]
[181, 364]
[181, 810]
[181, 970]
[181, 1889]
[182, 389]
[182, 1491]
[182, 1779]
[183, 738]
[183, 1067]
[183, 1074]
[183, 1685]
[184, 220]
[184, 518]
[184, 636]
[184, 1635]
[185, 1107]
[185, 1242]
[185, 1984]
[185, 1987]
[186, 723]
[186, 2109]
[186, 2246]
[187, 1555]
[187, 1788]
[187, 1841]
[187, 2310]
[188, 777]
[188, 1467]
[188, 2189]
[189, 461]
[189, 928]
[189, 1160]
[189, 2220]
[190, 782]
[190, 1836]
[190, 2149]
[190, 2285]
[191, 624]
[191, 1207]
[191, 1382]
[192, 1310]
[192, 2104]
[192, 2173]
[192, 2244]
[193, 1158]
[193, 1353]
[193, 1683]
[193, 2264]
[194, 368]
[194, 1657]
[194, 1990]
[194, 2093]
[195, 329]
[195, 481]
[195, 1677]
[195, 1694]
[196, 419]
[196, 1335]
[196, 2127]
[197, 209]
[197, 648]
[197, 954]
[197, 2092]
[198, 323]
[198, 490]
[198, 1356]
[199, 685]
[199, 1841]
[199, 2046]
[199, 2197]
[200, 1045]
[200, 1533]
[200, 1900]
[200, 2311]
[201, 1092]
[201, 1379]
[201, 1693]
[201, 1857]
[202, 1128]
[202, 1149]
[202, 1557]
[202, 2343]
[203, 999]
[203, 1438]
[203, 1550]
[204, 334]
[204, 617]
[204, 1006]
[205, 1342]
[205, 1929]
[205, 2123]
[205, 2370]
[206, 284]
[206, 1080]
[206, 2177]
[206, 2269]
[207, 621]
[207, 1495]
[207, 2306]
[208, 1208]
[208, 1369]
[208, 1774]
[208, 2293]
[209, 648]
[209, 2092]
[210, 583]
[210, 1209]
[210, 1237]
[210, 1509]
[211, 505]
[211, 647]
[211, 1948]
[212, 807]
[212, 949]
[212, 1265]
[212, 2062]
[213, 238]
[213, 870]
[213, 1796]
[213, 2267]
[214, 618]
[214, 1145]
[214, 1179]
[214, 1182]
[215, 227]
[215, 759]
[215, 1849]
[215, 2287]
[216, 1125]
[216, 1389]
[216, 2343]
[217, 547]
[217, 1326]
[217, 1938]
[218, 779]
[218, 1585]
[218, 1719]
[218, 1938]
[219, 244]
[219, 1133]
[219, 1151]
[219, 2075]
[220, 500]
[220, 1391]
[220, 1478]
[221, 449]
[221, 948]
[221, 1360]
[221, 1816]
[222, 435]
[222, 1196]
[222, 1462]
[222, 2353]
[223, 391]
[223, 1700]
[223, 2208]
[224, 809]
[224, 1342]
[224, 1673]
[224, 2283]
[225, 551]
[225, 1332]
[225, 1543]
[225, 1978]
[226, 514]
[226, 615]
[226, 1032]
[226, 1253]
[227, 759]
[227, 1515]
[227, 1849]
[228, 1156]
[228, 1171]
[228, 1423]
[228, 2230]
[229, 255]
[229, 287]
[229, 1268]
[229, 1980]
[230, 961]
[230, 967]
[230, 1221]
[230, 2152]
[231, 689]
[231, 1060]
[231, 1987]
[231, 2331]
[232, 286]
[232, 1409]
[232, 1511]
[232, 2203]
[233, 270]
[233, 976]
[233, 1010]
[234, 1086]
[234, 1101]
[234, 1113]
[234, 2240]
[235, 641]
[235, 1493]
[236, 782]
[236, 1669]
[236, 1690]
[236, 2188]
[237, 480]
[237, 923]
[237, 936]
[237, 2320]
[238, 1119]
[238, 1396]
[238, 2060]
[239, 349]
[239, 580]
[239, 702]
[239, 1406]
[600, 909]
[600, 1556]
[600, 1911]
[601, 1578]
[601, 1648]
[601, 2037]
[601, 2263]
[602, 1039]
[602, 1053]
[602, 2324]
[603, 750]
[603, 1875]
[604, 1697]
[604, 1918]
[604, 2229]
[604, 2309]
[605, 768]
[605, 1002]
[605, 1334]
[605, 1842]
[606, 784]
[606, 814]
[606, 869]
[606, 1404]
[607, 1123]
[607, 1152]
[607, 1525]
[608, 1071]
[608, 1314]
[608, 1418]
[608, 1646]
[609, 1526]
[609, 1667]
[609, 2190]
[610, 1370]
[610, 1482]
[610, 1617]
[610, 2041]
[611, 871]
[611, 1981]
[611, 2039]
[612, 993]
[612, 1753]
[612, 1911]
[613, 979]
[613, 2048]
[613, 2255]
[613, 2359]
[614, 1913]
[615, 1032]
[615, 2236]
[616, 846]
[616, 1237]
[616, 2096]
[617, 1006]
[617, 1483]
[618, 1145]
[618, 1182]
[618, 1687]
[619, 1669]
[619, 1839]
[619, 2126]
[619, 2166]
[620, 838]
[621, 1701]
[621, 2306]
[622, 631]
[622, 1594]
[622, 2122]
[622, 2317]
[623, 1960]
[623, 1975]
[624, 930]
[624, 1207]
[625, 1332]
[625, 1449]
[625, 1479]
[625, 1689]
[626, 736]
[626, 1135]
[626, 1249]
[627, 865]
[627, 996]
[627, 2294]
[628, 813]
[628, 1577]
[628, 2164]
[628, 2178]
[630, 1727]
[630, 1893]
[631, 2122]
[631, 2317]
[631, 2391]
[632, 670]
[632, 731]
[632, 1609]
[633, 719]
[633, 1351]
[633, 2163]
[633, 2250]
[634, 694]
[634, 1328]
[634, 1679]
[634, 1873]
[635, 2052]
[636, 1635]
[636, 1684]
[637, 1063]
[637, 1565]
[637, 2234]
[638, 898]
[638, 1168]
[638, 1362]
[639, 1022]
[639, 2025]
[639, 2175]
[639, 2344]
[640, 651]
[640, 1341]
[640, 2382]
[641, 1539]
[641, 2106]
[642, 986]
[642, 2281]
[643, 2181]
[643, 2206]
[643, 2240]
[644, 831]
[644, 1813]
[644, 1964]
[645, 990]
[645, 1441]
[645, 1613]
[645, 1834]
[646, 1101]
[646, 2315]
[647, 710]
[647, 1948]
[648, 2092]
[649, 706]
[649, 1077]
[649, 1253]
[650, 737]
[650, 1013]
[650, 1048]
[651, 1385]
[651, 2382]
[652, 1364]
[652, 1800]
[652, 1983]
[652, 2105]
[653, 1012]
[653, 1536]
[653, 1702]
[653, 1959]
[654, 1598]
[655, 757]
[655, 1563]
[656, 661]
[656, 1180]
[657, 720]
[657, 1551]
[657, 1575]
[657, 1674]
[658, 1052]
[658, 1338]
[659, 1529]
[659, 1797]
[659, 2311]
[660, 808]
[660, 848]
[660, 1108]
[660, 1881]
[661, 1151]
[662, 663]
[662, 1382]
[663, 1382]
[663, 1738]
[664, 1105]
[664, 1455]
[664, 1770]
[664, 1846]
[665, 1000]
[665, 1169]
[665, 1863]
[666, 686]
[666, 969]
[666, 1896]
[667, 1050]
[667, 2053]
[667, 2094]
[668, 740]
[668, 858]
[668, 2316]
[668, 2334]
[669, 1105]
[669, 1564]
[670, 1609]
[671, 1587]
[671, 1775]
[671, 2211]
[671, 2395]
[672, 729]
[672, 1227]
[672, 1941]
[673, 755]
[673, 1081]
[673, 2367]
[674, 1637]
[674, 1923]
[674, 2366]
[675, 754]
[675, 1131]
[675, 1568]
[675, 1806]
[676, 981]
[676, 1814]
[676, 1942]
[676, 2189]
[677, 991]
[677, 994]
[677, 1305]
[678, 1272]
[678, 2042]
[678, 2083]
[679, 1454]
[679, 1507]
[679, 2254]
[680, 1488]
[680, 1557]
[680, 2160]
[680, 2210]
[681, 694]
[681, 1116]
[681, 1724]
[682, 722]
[682, 1390]
[682, 1463]
[682, 1680]
[683, 742]
[683, 806]
[683, 1123]
[683, 1969]
[684, 1596]
[684, 2227]
[684, 2249]
[685, 1841]
[685, 2046]
[685, 2316]
[686, 1174]
[686, 1543]
[686, 1866]
[687, 835]
[687, 1510]
[687, 2064]
[687, 2326]
[688, 751]
[689, 1280]
[689, 1987]
[689, 2331]
[690, 1299]
[690, 1302]
[690, 1570]
[690, 2045]
[691, 1422]
[691, 1492]
[691, 1961]
[691, 2390]
[692, 1766]
[692, 1910]
[692, 2183]
[693, 730]
[693, 1618]
[693, 1869]
[693, 2353]
[694, 1116]
[695, 808]
[695, 1798]
[695, 1997]
[696, 1481]
[696, 1554]
[696, 1952]
[696, 2341]
[697, 952]
[697, 1417]
[697, 1886]
[697, 1993]
[698, 713]
[698, 1462]
[698, 1996]
[698, 2159]
[699, 785]
[699, 964]
[699, 2324]
[700, 2185]
[700, 2271]
[701, 1056]
[702, 1406]
[703, 739]
[703, 1423]
[704, 1294]
[704, 1594]
[704, 1643]
[704, 2288]
[705, 1684]
[705, 2042]
[706, 868]
[706, 1760]
[706, 2179]
[707, 731]
[707, 1069]
[707, 1202]
[707, 1545]
[708, 780]
[708, 1102]
[708, 1865]
[709, 1082]
[709, 1592]
[709, 1805]
[710, 2357]
[711, 818]
[711, 1446]
[711, 1643]
[711, 1935]
[712, 853]
[712, 1430]
[712, 1611]
[713, 1919]
[713, 1996]
[713, 2159]
[714, 761]
[714, 1917]
[714, 1924]
[715, 1459]
[715, 1645]
[715, 1930]
[715, 2392]
[716, 747]
[716, 1427]
[716, 2309]
[717, 786]
[717, 1378]
[717, 1872]
[718, 857]
[718, 1291]
[718, 1521]
[718, 2378]
[719, 1351]
[719, 2117]
[719, 2163]
[480, 936]
[480, 2124]
[480, 2320]
[481, 787]
[481, 1694]
[482, 968]
[482, 1190]
[482, 1386]
[483, 1401]
[483, 2040]
[483, 2155]
[483, 2347]
[484, 1580]
[484, 1860]
[484, 1940]
[485, 1098]
[485, 1872]
[485, 2128]
[486, 1248]
[486, 1862]
[486, 1912]
[486, 2157]
[487, 578]
[487, 925]
[487, 2129]
[487, 2147]
[488, 822]
[488, 1044]
[488, 1876]
[488, 1879]
[489, 674]
[489, 1613]
[489, 1637]
[489, 1923]
[490, 1356]
[490, 2269]
[491, 1212]
[491, 1317]
[492, 863]
[492, 2021]
[493, 789]
[493, 1001]
[493, 2124]
[493, 2210]
[494, 603]
[494, 1456]
[494, 1541]
[494, 1559]
[495, 924]
[495, 1311]
[496, 1306]
[496, 1956]
[496, 2225]
[497, 1189]
[498, 781]
[498, 2241]
[499, 1532]
[499, 1919]
[500, 1391]
[500, 1478]
[500, 2014]
[501, 550]
[501, 1217]
[501, 1641]
[501, 2146]
[502, 1323]
[502, 2105]
[503, 1622]
[503, 1649]
[503, 2014]
[504, 940]
[504, 1759]
[504, 1786]
[505, 1791]
[505, 2247]
[506, 1034]
[506, 1734]
[507, 798]
[507, 1519]
[507, 1603]
[507, 2299]
[508, 1388]
[508, 1442]
[508, 1989]
[509, 1850]
[509, 1976]
[509, 2196]
[510, 904]
[510, 972]
[510, 1042]
[510, 1694]
[511, 841]
[511, 923]
[511, 1589]
[511, 2034]
[512, 1031]
[512, 1230]
[513, 733]
[513, 1172]
[513, 1281]
[513, 1971]
[514, 615]
[514, 941]
[514, 1032]
[515, 1089]
[515, 1392]
[515, 2047]
[515, 2148]
[516, 877]
[516, 2063]
[516, 2221]
[516, 2273]
[517, 1289]
[517, 1397]
[517, 2044]
[517, 2368]
[518, 636]
[518, 1635]
[519, 935]
[519, 1091]
[519, 1244]
[520, 1308]
[520, 1946]
[520, 1985]
[520, 2375]
[521, 726]
[521, 2276]
[522, 776]
[522, 973]
[522, 2038]
[523, 1416]
[523, 1721]
[523, 1901]
[524, 666]
[524, 767]
[524, 969]
[524, 1896]
[525, 1204]
[525, 1405]
[525, 1783]
[525, 1892]
[526, 1166]
[526, 1188]
[526, 2050]
[527, 1147]
[527, 1637]
[527, 1989]
[527, 2205]
[528, 783]
[528, 1094]
[528, 2167]
[528, 2387]
[529, 907]
[529, 1302]
[529, 1618]
[529, 2032]
[530, 752]
[530, 1133]
[530, 1153]
[530, 1628]
[531, 1225]
[531, 1631]
[531, 1787]
[532, 824]
[532, 2245]
[532, 2322]
[533, 1654]
[533, 1670]
[533, 2170]
[534, 989]
[534, 1936]
[534, 2056]
[535, 669]
[535, 1564]
[535, 2016]
[536, 1249]
[536, 1352]
[536, 1970]
[537, 771]
[537, 1521]
[537, 1661]
[538, 827]
[538, 1007]
[538, 1104]
[539, 890]
[539, 1107]
[539, 1963]
[540, 1014]
[540, 1520]
[540, 2300]
[541, 1712]
[541, 1888]
[541, 2235]
[542, 916]
[542, 1045]
[542, 2225]
[542, 2290]
[543, 658]
[543, 1200]
[543, 1384]
[544, 1169]
[544, 1313]
[545, 1129]
[545, 1678]
[545, 2173]
[545, 2377]
[546, 623]
[546, 703]
[546, 1975]
[547, 1301]
[547, 1326]
[548, 1433]
[548, 1504]
[548, 2209]
[549, 958]
[549, 1544]
[549, 1626]
[549, 1865]
[550, 1641]
[550, 2146]
[551, 646]
[551, 1332]
[551, 1978]
[552, 917]
[552, 1400]
[552, 2019]
[552, 2094]
[553, 1994]
[553, 2212]
[553, 2278]
[553, 2330]
[554, 629]
[554, 1316]
[555, 662]
[555, 1261]
[555, 1386]
[555, 1767]
[556, 1887]
[556, 1922]
[556, 2356]
[556, 2361]
[557, 679]
[557, 1454]
[557, 1507]
[557, 2262]
[558, 1016]
[558, 1856]
[558, 1926]
[558, 2290]
[559, 620]
[559, 1424]
[559, 1863]
[560, 812]
[560, 2186]
[561, 1051]
[561, 1232]
[561, 1240]
[561, 2033]
[562, 1761]
[562, 2036]
[562, 2121]
[563, 965]
[563, 1979]
[563, 2285]
[564, 727]
[564, 1117]
[564, 2143]
[565, 1570]
[565, 2266]
[565, 2387]
[566, 837]
[566, 1973]
[567, 1137]
[567, 1595]
[568, 585]
[568, 1258]
[568, 1831]
[569, 820]
[569, 1075]
[569, 1329]
[570, 945]
[570, 1090]
[570, 1730]
[570, 1777]
[571, 836]
[571, 984]
[571, 2123]
[572, 1114]
[572, 1652]
[572, 2070]
[572, 2114]
[573, 1262]
[573, 1361]
[574, 1065]
[574, 1847]
[575, 595]
[575, 635]
[575, 672]
[575, 2052]
[576, 897]
[576, 1119]
[576, 1428]
[577, 876]
[577, 1288]
[577, 1644]
[577, 1895]
[578, 925]
[578, 1488]
[578, 2129]
[579, 792]
[579, 1624]
[579, 2345]
[580, 1840]
[580, 2058]
[580, 2289]
[581, 1315]
[581, 2029]
[581, 2051]
[582, 1085]
[582, 1936]
[583, 1309]
[583, 1903]
[583, 1977]
[584, 1180]
[584, 1234]
[584, 1576]
[585, 1831]
[585, 1874]
[586, 793]
[586, 922]
[586, 1282]
[586, 1313]
[587, 1490]
[587, 1714]
[587, 2139]
[588, 978]
[588, 1058]
[588, 1121]
[588, 1314]
[589, 1681]
[589, 2198]
[590, 797]
[590, 1393]
[590, 2345]
[591, 1354]
[591, 2295]
[591, 2327]
[592, 673]
[592, 755]
[592, 799]
[592, 1081]
[593, 867]
[593, 1038]
[593, 1143]
[593, 1496]
[594, 1762]
[594, 1995]
[595, 635]
[595, 1213]
[595, 2052]
[596, 1300]
[596, 2112]
[596, 2282]
[597, 2187]
[598, 705]
[598, 1684]
[598, 2042]
[599, 1030]
[599, 1141]
[599, 1627]
[599, 1702]
[240, 559]
[240, 695]
[240, 1424]
[240, 1863]
[241, 275]
[241, 801]
[241, 921]
[241, 2035]
[242, 509]
[242, 1319]
[242, 1522]
[242, 1934]
[243, 324]
[243, 1325]
[243, 1380]
[243, 1381]
[244, 1151]
[244, 1710]
[244, 2075]
[245, 776]
[245, 1280]
[245, 1312]
[245, 1394]
[246, 1392]
[246, 1660]
[246, 1746]
[246, 2258]
[247, 607]
[247, 1152]
[247, 1525]
[247, 1549]
[248, 345]
[248, 1291]
[248, 1668]
[248, 2358]
[249, 725]
[249, 1235]
[249, 1327]
[249, 1475]
[250, 765]
[250, 1297]
[250, 1651]
[250, 1799]
[251, 407]
[251, 710]
[251, 2357]
[252, 469]
[252, 816]
[252, 997]
[252, 1046]
[253, 900]
[253, 937]
[253, 2252]
[253, 2398]
[254, 562]
[254, 1439]
[254, 1761]
[254, 2036]
[255, 287]
[255, 1268]
[255, 1688]
[256, 901]
[256, 1294]
[256, 1511]
[256, 2348]
[257, 760]
[257, 1240]
[257, 1763]
[257, 1946]
[258, 646]
[258, 1101]
[258, 1909]
[258, 2315]
[259, 341]
[259, 429]
[259, 1319]
[259, 1480]
[260, 732]
[260, 1500]
[260, 1835]
[260, 1915]
[261, 1106]
[261, 1304]
[261, 1473]
[261, 1534]
[262, 295]
[262, 1099]
[262, 1198]
[262, 1703]
[263, 321]
[263, 598]
[263, 1292]
[263, 1629]
[264, 360]
[264, 582]
[264, 1245]
[264, 1822]
[265, 540]
[265, 1014]
[265, 1520]
[265, 2388]
[266, 497]
[266, 567]
[266, 1189]
[267, 374]
[267, 620]
[267, 838]
[267, 1970]
[268, 597]
[268, 899]
[268, 995]
[268, 2120]
[269, 296]
[269, 502]
[269, 1711]
[269, 2105]
[270, 1022]
[270, 1891]
[271, 789]
[271, 1150]
[271, 1888]
[271, 2399]
[272, 609]
[272, 744]
[272, 1334]
[272, 1904]
[273, 498]
[273, 781]
[273, 2196]
[273, 2241]
[274, 878]
[274, 1009]
[274, 1711]
[274, 2389]
[275, 801]
[275, 1937]
[275, 2035]
[276, 428]
[276, 430]
[276, 990]
[276, 1323]
[277, 851]
[277, 1174]
[277, 1773]
[277, 2110]
[278, 594]
[278, 959]
[278, 1762]
[279, 412]
[279, 495]
[279, 1311]
[279, 1343]
[280, 987]
[280, 1078]
[280, 1254]
[280, 1894]
[281, 425]
[281, 612]
[281, 1870]
[281, 1902]
[282, 1068]
[282, 1164]
[282, 1251]
[282, 2264]
[283, 344]
[283, 1447]
[284, 736]
[284, 2177]
[284, 2269]
[285, 859]
[285, 956]
[286, 1409]
[286, 2167]
[286, 2203]
[287, 638]
[287, 1268]
[288, 1466]
[288, 1931]
[288, 1943]
[289, 1175]
[289, 1213]
[289, 1640]
[289, 1766]
[290, 340]
[290, 1676]
[290, 2111]
[290, 2112]
[291, 1798]
[291, 2008]
[291, 2193]
[291, 2393]
[292, 1277]
[292, 1602]
[292, 1697]
[292, 2143]
[293, 667]
[293, 1050]
[293, 2053]
[294, 1173]
[294, 1429]
[294, 1745]
[294, 2088]
[295, 1757]
[295, 2108]
[296, 390]
[296, 502]
[296, 2105]
[297, 1494]
[297, 1943]
[297, 2134]
[297, 2372]
[298, 423]
[298, 2161]
[299, 541]
[299, 1712]
[299, 2052]
[299, 2235]
[300, 629]
[300, 1020]
[300, 1372]
[300, 2137]
[301, 342]
[301, 632]
[301, 670]
[301, 1609]
[302, 582]
[302, 1085]
[302, 1936]
[303, 1167]
[303, 1560]
[303, 1752]
[303, 1784]
[304, 1173]
[304, 1183]
[304, 1907]
[304, 2102]
[305, 447]
[305, 1217]
[305, 2033]
[306, 753]
[306, 966]
[306, 2133]
[306, 2307]
[307, 702]
[307, 1115]
[307, 1682]
[308, 470]
[308, 1154]
[308, 1792]
[308, 2135]
[309, 1159]
[309, 1186]
[309, 1188]
[309, 1632]
[310, 854]
[310, 1192]
[310, 1298]
[311, 819]
[311, 1296]
[311, 1845]
[312, 1499]
[312, 1868]
[312, 2072]
[312, 2366]
[313, 461]
[313, 902]
[313, 906]
[314, 574]
[314, 1065]
[314, 1847]
[314, 2023]
[315, 773]
[315, 1052]
[315, 1848]
[316, 352]
[316, 614]
[316, 1913]
[316, 2192]
[317, 505]
[317, 833]
[317, 1791]
[317, 2247]
[318, 1365]
[318, 1497]
[318, 2091]
[318, 2268]
[319, 346]
[319, 497]
[319, 2242]
[319, 2388]
[320, 1394]
[320, 1673]
[320, 1764]
[320, 2090]
[321, 919]
[321, 1292]
[321, 1629]
[322, 1199]
[322, 1707]
[322, 2076]
[323, 490]
[323, 1356]
[323, 2088]
[324, 1191]
[324, 1325]
[324, 1381]
[325, 424]
[325, 1047]
[325, 1346]
[325, 2162]
[326, 536]
[326, 700]
[326, 1249]
[326, 1970]
[327, 475]
[327, 573]
[327, 1262]
[327, 1361]
[328, 735]
[328, 796]
[328, 2113]
[329, 481]
[329, 1694]
[329, 2308]
[330, 883]
[330, 1055]
[330, 1822]
[331, 579]
[331, 792]
[331, 969]
[331, 1624]
[332, 805]
[332, 1533]
[332, 1758]
[333, 1709]
[333, 1885]
[333, 1925]
[334, 703]
[334, 739]
[334, 1423]
[335, 1895]
[335, 2015]
[335, 2091]
[335, 2262]
[336, 1404]
[336, 1782]
[336, 2382]
[336, 2383]
[337, 438]
[337, 1530]
[337, 1963]
[337, 2099]
[338, 384]
[338, 499]
[338, 1919]
[338, 2317]
[339, 635]
[339, 641]
[339, 1539]
[339, 2106]
[340, 1064]
[340, 1708]
[340, 1724]
[341, 429]
[341, 993]
[341, 1480]
[342, 1686]
[342, 2022]
[343, 439]
[343, 670]
[343, 1157]
[343, 2073]
[344, 1447]
[344, 1535]
[345, 1732]
[345, 2325]
[346, 1457]
[346, 2242]
[346, 2388]
[347, 566]
[347, 837]
[347, 1507]
[347, 1973]
[348, 957]
[348, 1982]
[348, 1985]
[349, 702]
[349, 1406]
[349, 1817]
[350, 1037]
[350, 1109]
[350, 1397]
[351, 616]
[351, 846]
[351, 902]
[351, 2096]
[352, 614]
[352, 1913]
[353, 743]
[353, 1238]
[353, 1438]
[354, 815]
[354, 1453]
[354, 2097]
[354, 2391]
[355, 658]
[355, 1052]
[355, 1338]
[355, 1559]
[356, 573]
[356, 1725]
[356, 2009]
[356, 2376]
[357, 649]
[357, 654]
[357, 1077]
[357, 1253]
[358, 1021]
[358, 1887]
[358, 1953]
[358, 1993]
[359, 568]
[359, 585]
[359, 1831]
[359, 2068]
[720, 1551]
[720, 1674]
[720, 2276]
[721, 960]
[721, 1008]
[721, 1614]
[722, 844]
[722, 1118]
[722, 1191]
[723, 1384]
[723, 2109]
[723, 2246]
[724, 819]
[724, 2078]
[724, 2141]
[725, 1179]
[725, 1710]
[726, 2276]
[727, 1117]
[727, 2354]
[728, 1735]
[728, 2175]
[729, 1227]
[729, 1924]
[729, 1941]
[730, 1869]
[730, 2353]
[731, 1069]
[731, 1545]
[732, 1500]
[732, 1915]
[733, 1216]
[733, 1281]
[733, 1971]
[734, 1028]
[734, 1579]
[735, 796]
[735, 1634]
[736, 1135]
[737, 1013]
[737, 1883]
[738, 1074]
[738, 1165]
[738, 1685]
[739, 854]
[739, 1423]
[740, 908]
[740, 2374]
[741, 1019]
[741, 1144]
[741, 1804]
[742, 1048]
[742, 1593]
[743, 1238]
[743, 1396]
[743, 1438]
[744, 1334]
[744, 1892]
[744, 1904]
[745, 800]
[745, 1416]
[745, 1945]
[745, 2153]
[746, 1267]
[746, 1763]
[746, 2207]
[747, 774]
[747, 833]
[747, 1991]
[748, 1621]
[748, 1867]
[749, 1657]
[749, 1692]
[749, 2342]
[750, 1615]
[750, 1875]
[751, 911]
[751, 1620]
[752, 940]
[752, 1133]
[752, 1153]
[753, 966]
[753, 2246]
[753, 2307]
[754, 1260]
[754, 2076]
[755, 1081]
[755, 2206]
[756, 1932]
[756, 2059]
[757, 781]
[757, 1563]
[758, 1558]
[758, 1610]
[758, 1828]
[759, 1692]
[759, 1849]
[760, 1125]
[760, 1763]
[760, 1946]
[761, 1917]
[761, 1924]
[762, 1148]
[762, 1279]
[762, 1949]
[762, 2204]
[763, 1351]
[763, 1474]
[763, 2200]
[763, 2385]
[764, 884]
[764, 1775]
[764, 1988]
[764, 2396]
[765, 1297]
[765, 1617]
[765, 1799]
[766, 1057]
[766, 1540]
[766, 2011]
[766, 2337]
[767, 1322]
[767, 2087]
[768, 1002]
[768, 1842]
[768, 2218]
[769, 1535]
[769, 1621]
[769, 1933]
[769, 2116]
[770, 1341]
[770, 1897]
[770, 2055]
[771, 1077]
[771, 1661]
[772, 1139]
[772, 1505]
[772, 1623]
[772, 1738]
[773, 1073]
[773, 1848]
[774, 833]
[774, 1793]
[774, 1991]
[775, 843]
[775, 2127]
[775, 2339]
[776, 1280]
[776, 1312]
[777, 1406]
[777, 1467]
[778, 1072]
[778, 1435]
[778, 1562]
[778, 1680]
[779, 1719]
[779, 1938]
[779, 2145]
[780, 1865]
[780, 1884]
[781, 2241]
[782, 1669]
[782, 2188]
[783, 1648]
[783, 2167]
[783, 2387]
[784, 814]
[784, 869]
[784, 1274]
[785, 964]
[785, 2324]
[786, 1283]
[786, 1378]
[787, 903]
[787, 1811]
[787, 1920]
[788, 1223]
[788, 1258]
[789, 1888]
[789, 2399]
[790, 1001]
[790, 1005]
[790, 1662]
[790, 1795]
[791, 1737]
[791, 1810]
[791, 2085]
[791, 2128]
[792, 1235]
[792, 1624]
[793, 922]
[793, 1282]
[793, 1750]
[794, 1336]
[794, 1849]
[794, 1959]
[794, 2069]
[795, 1216]
[795, 1429]
[796, 1293]
[797, 1182]
[797, 2345]
[798, 1263]
[798, 1947]
[799, 828]
[799, 1230]
[799, 2300]
[800, 1945]
[800, 2153]
[801, 2035]
[802, 1176]
[802, 1206]
[802, 2051]
[802, 2188]
[803, 1075]
[803, 1339]
[803, 2150]
[804, 960]
[804, 1084]
[804, 1170]
[804, 1844]
[805, 984]
[805, 1758]
[806, 1123]
[806, 1306]
[806, 1969]
[807, 949]
[807, 1644]
[807, 2062]
[808, 1798]
[808, 1997]
[809, 1342]
[809, 1673]
[809, 2268]
[810, 834]
[810, 1412]
[811, 1350]
[811, 1656]
[811, 1672]
[812, 1040]
[812, 2186]
[813, 2164]
[813, 2178]
[814, 869]
[814, 2163]
[815, 1665]
[815, 2119]
[815, 2332]
[816, 997]
[816, 1046]
[817, 1018]
[817, 1740]
[817, 1792]
[817, 2101]
[818, 1383]
[818, 1446]
[818, 1935]
[819, 2078]
[819, 2141]
[820, 929]
[820, 985]
[820, 1358]
[821, 891]
[821, 1324]
[821, 1871]
[822, 928]
[822, 1044]
[822, 1879]
[823, 1093]
[823, 1522]
[823, 2133]
[823, 2171]
[824, 852]
[824, 1523]
[824, 1744]
[825, 1990]
[825, 2191]
[825, 2322]
[825, 2327]
[826, 1407]
[826, 1689]
[826, 1718]
[826, 2156]
[827, 1007]
[827, 1146]
[828, 903]
[828, 1230]
[828, 2300]
[829, 894]
[829, 1508]
[829, 1932]
[829, 2287]
[830, 866]
[830, 913]
[830, 1765]
[830, 1930]
[831, 1813]
[832, 1036]
[832, 1882]
[832, 1992]
[833, 1991]
[834, 1412]
[835, 1473]
[835, 1510]
[835, 2326]
[836, 984]
[836, 2306]
[837, 1375]
[837, 1973]
[839, 1127]
[839, 1236]
[839, 2028]
[839, 2340]
[1200, 1384]
[1200, 1626]
[1201, 1374]
[1201, 1630]
[1202, 1482]
[1202, 1566]
[1203, 1255]
[1203, 1464]
[1203, 1567]
[1204, 1405]
[1204, 1892]
[1205, 1229]
[1205, 1729]
[1206, 2006]
[1206, 2051]
[1207, 1547]
[1208, 1369]
[1208, 2293]
[1209, 1237]
[1209, 1401]
[1209, 1509]
[1211, 1292]
[1211, 1355]
[1213, 1640]
[1214, 1751]
[1214, 1807]
[1214, 2215]
[1215, 1739]
[1215, 1747]
[1215, 2351]
[1216, 1429]
[1218, 2020]
[1218, 2031]
[1218, 2184]
[1219, 1387]
[1219, 1478]
[1220, 1321]
[1220, 1550]
[1220, 2335]
[1221, 1675]
[1221, 2152]
[1222, 1400]
[1222, 1731]
[1222, 2197]
[1223, 1258]
[1224, 1528]
[1224, 1666]
[1225, 1631]
[1225, 2195]
[1226, 1465]
[1226, 2061]
[1227, 1941]
[1228, 2025]
[1228, 2355]
[1229, 1899]
[1230, 2300]
[1231, 1286]
[1231, 1316]
[1231, 2101]
[1232, 1591]
[1232, 1890]
[1233, 1495]
[1233, 1597]
[1233, 1844]
[1235, 1327]
[1235, 1475]
[1236, 1398]
[1236, 2183]
[1237, 1509]
[1238, 1438]
[1239, 1784]
[1239, 2066]
[1240, 2033]
[1241, 1318]
[1241, 1436]
[1242, 1984]
[1242, 2092]
[1243, 1307]
[1243, 1374]
[1243, 2017]
[1245, 1822]
[1246, 1448]
[1246, 1470]
[1246, 2165]
[1246, 2237]
[1247, 1653]
[1247, 2337]
[1248, 1862]
[1248, 1912]
[1249, 1970]
[1250, 1561]
[1251, 2264]
[1252, 1266]
[1252, 1476]
[1252, 1884]
[1252, 2281]
[1254, 1442]
[1255, 2079]
[1256, 1512]
[1256, 1947]
[1256, 2077]
[1257, 1491]
[1257, 1503]
[1257, 2114]
[1257, 2172]
[1259, 1691]
[1259, 1830]
[1259, 2301]
[1260, 1928]
[1260, 2076]
[1261, 1262]
[1261, 1386]
[1261, 1767]
[1262, 1361]
[1263, 1455]
[1263, 1947]
[1264, 1303]
[1264, 1824]
[1264, 2371]
[1265, 1376]
[1265, 1671]
[1266, 1451]
[1266, 1476]
[1266, 1884]
[1267, 2207]
[1268, 1632]
[1269, 1344]
[1269, 1419]
[1269, 1770]
[1270, 1458]
[1270, 1514]
[1270, 1636]
[1270, 1824]
[1271, 2174]
[1272, 2083]
[1273, 1549]
[1273, 1921]
[1273, 2043]
[1274, 1276]
[1274, 2082]
[1275, 1633]
[1275, 1655]
[1276, 2082]
[1277, 1602]
[1277, 1764]
[1277, 2143]
[1278, 1483]
[1278, 2024]
[1278, 2280]
[1279, 2142]
[1279, 2296]
[1280, 1312]
[1281, 1971]
[1282, 1829]
[1283, 1573]
[1283, 1874]
[1284, 1359]
[1284, 1905]
[1285, 1638]
[1285, 1728]
[1285, 2080]
[1286, 1316]
[1286, 1508]
[1287, 1537]
[1287, 1965]
[1288, 1644]
[1288, 2259]
[1289, 1397]
[1289, 1707]
[1289, 2044]
[1290, 1704]
[1290, 2364]
[1291, 1668]
[1291, 2358]
[1292, 1629]
[1293, 1583]
[1293, 2222]
[1294, 1511]
[1294, 2348]
[1295, 1939]
[1295, 2228]
[1296, 1560]
[1296, 1845]
[1297, 1799]
[1299, 1302]
[1299, 2045]
[1299, 2097]
[1300, 2282]
[1301, 1349]
[1301, 1851]
[1301, 2168]
[1302, 2045]
[1303, 1824]
[1304, 1431]
[1304, 1484]
[1304, 1937]
[1305, 1437]
[1306, 1956]
[1307, 1374]
[1308, 1985]
[1308, 2375]
[1309, 1903]
[1309, 1977]
[1310, 1408]
[1310, 2173]
[1310, 2244]
[1311, 1558]
[1312, 1590]
[1315, 2029]
[1315, 2349]
[1317, 1393]
[1317, 1739]
[1317, 2367]
[1318, 1756]
[1318, 2202]
[1319, 1522]
[1319, 1934]
[2043, 2336]
[2044, 2289]
[2045, 2159]
[2047, 2390]
[2049, 2238]
[2049, 2361]
[2057, 2136]
[2058, 2289]
[2059, 2177]
[2063, 2273]
[2064, 2100]
[2064, 2270]
[2065, 2147]
[2067, 2260]
[2067, 2265]
[2070, 2114]
[2072, 2349]
[2074, 2299]
[2075, 2161]
[2078, 2141]
[2080, 2171]
[2084, 2214]
[2084, 2394]
[2086, 2257]
[2089, 2292]
[2091, 2268]
[2095, 2256]
[2097, 2391]
[2100, 2270]
[2103, 2104]
[2103, 2312]
[2104, 2312]
[2106, 2243]
[2107, 2368]
[2109, 2246]
[2111, 2112]
[2111, 2179]
[2113, 2251]
[2115, 2282]
[2119, 2332]
[2120, 2360]
[2121, 2132]
[2121, 2211]
[2122, 2317]
[2123, 2370]
[2124, 2210]
[2125, 2149]
[2126, 2166]
[2127, 2339]
[2131, 2297]
[2132, 2211]
[2132, 2377]
[2133, 2171]
[2134, 2372]
[2142, 2296]
[2144, 2215]
[2144, 2397]
[2145, 2303]
[2149, 2285]
[2155, 2347]
[2158, 2236]
[2158, 2352]
[1681, 1923]
[1681, 2198]
[1684, 2042]
[1685, 1944]
[1686, 2022]
[1687, 2084]
[1687, 2394]
[1688, 2291]
[1688, 2318]
[1690, 1749]
[1691, 1830]
[1692, 2342]
[1693, 1857]
[1693, 2039]
[1695, 2138]
[1695, 2170]
[1696, 1968]
[1697, 1918]
[1697, 2229]
[1699, 2298]
[1700, 1868]
[1700, 2208]
[1701, 2169]
[1704, 2364]
[1705, 1818]
[1705, 2157]
[1706, 2081]
[1708, 1724]
[1709, 1885]
[1709, 1925]
[1711, 2389]
[1712, 2235]
[1715, 2150]
[1715, 2274]
[1717, 1776]
[1717, 2034]
[1718, 2156]
[1719, 1938]
[1720, 2277]
[1720, 2381]
[1721, 2068]
[1722, 2214]
[1723, 1890]
[1725, 1778]
[1725, 2009]
[1725, 2376]
[1726, 1783]
[1726, 1933]
[1727, 1893]
[1727, 2265]
[1728, 2125]
[1730, 1777]
[1730, 2204]
[1731, 2197]
[1732, 2325]
[1733, 1904]
[1733, 2158]
[1733, 2236]
[1734, 2041]
[1735, 2031]
[1736, 1801]
[1736, 1957]
[1736, 2219]
[1737, 1810]
[1737, 2085]
[1739, 2367]
[1740, 2101]
[1740, 2342]
[1741, 1778]
[1741, 1803]
[1742, 2107]
[1742, 2116]
[1742, 2368]
[1743, 1846]
[1745, 2088]
[1746, 2258]
[1746, 2357]
[1747, 1776]
[1747, 2351]
[1750, 1980]
[1751, 1807]
[1753, 1911]
[1754, 2272]
[1754, 2280]
[1755, 1826]
[1755, 2153]
[1756, 2202]
[1757, 2108]
[1759, 1786]
[1760, 2179]
[1761, 2036]
[1762, 2154]
[1763, 1946]
[1764, 2090]
[1765, 1930]
[1766, 1910]
[1767, 1768]
[1769, 2360]
[1771, 2082]
[1772, 1815]
[1772, 1908]
[1773, 2110]
[1774, 2089]
[1774, 2292]
[1775, 2395]
[1779, 2256]
[1780, 2192]
[1781, 1961]
[1781, 2319]
[1782, 2156]
[1782, 2383]
[1784, 2066]
[1785, 2315]
[1787, 1833]
[1787, 1994]
[1788, 2310]
[1789, 2297]
[1789, 2321]
[1789, 2371]
[1790, 2384]
[1790, 2386]
[1791, 2247]
[1792, 2135]
[1794, 2061]
[1794, 2346]
[1796, 2267]
[1797, 1886]
[1798, 1997]
[960, 1008]
[960, 1614]
[961, 1928]
[961, 2260]
[962, 1144]
[963, 1472]
[963, 1709]
[964, 1295]
[964, 2324]
[965, 1290]
[965, 1979]
[966, 1769]
[966, 2307]
[967, 1003]
[967, 1221]
[967, 2152]
[968, 998]
[968, 1190]
[969, 1896]
[970, 1889]
[970, 2323]
[971, 1647]
[971, 2363]
[971, 2369]
[972, 1042]
[972, 1369]
[973, 1420]
[973, 2038]
[974, 1676]
[974, 1821]
[974, 1827]
[975, 1079]
[975, 1290]
[975, 1704]
[975, 2364]
[976, 1010]
[976, 2138]
[977, 1705]
[977, 1969]
[977, 2157]
[978, 1625]
[978, 1950]
[978, 2301]
[979, 1204]
[979, 2255]
[979, 2359]
[980, 1861]
[980, 2078]
[981, 1528]
[981, 1814]
[981, 2189]
[982, 1114]
[982, 1958]
[982, 2099]
[982, 2286]
[983, 1211]
[983, 1355]
[985, 1358]
[985, 1830]
[986, 2135]
[986, 2281]
[987, 1078]
[987, 1254]
[987, 1834]
[988, 1146]
[988, 1486]
[988, 2209]
[989, 1117]
[989, 2056]
[990, 1323]
[991, 1009]
[991, 1599]
[992, 1490]
[992, 1812]
[992, 1835]
[993, 1753]
[993, 1911]
[994, 1305]
[995, 1638]
[995, 2120]
[996, 2294]
[997, 1046]
[997, 2056]
[998, 1498]
[998, 1829]
[998, 2233]
[999, 1159]
[999, 1550]
[1000, 1169]
[1001, 2124]
[1001, 2210]
[1002, 1226]
[1002, 1842]
[1003, 1255]
[1003, 2079]
[1004, 1236]
[1004, 1398]
[1004, 2183]
[1004, 2235]
[1005, 1662]
[1005, 1795]
[1006, 1856]
[1007, 1914]
[1008, 1247]
[1008, 1614]
[1009, 1599]
[1010, 1303]
[1011, 1122]
[1011, 2232]
[1012, 1487]
[1012, 1536]
[1012, 1702]
[1013, 1867]
[1014, 1520]
[1015, 1155]
[1015, 1412]
[1015, 2279]
[1016, 1856]
[1016, 2290]
[1017, 1605]
[1017, 1758]
[1017, 1955]
[1017, 2248]
[1018, 1740]
[1018, 2101]
[1019, 1458]
[1019, 1804]
[1020, 1153]
[1020, 1372]
[1020, 2137]
[1021, 1363]
[1021, 1953]
[1021, 1993]
[1022, 1891]
[1023, 1390]
[1023, 1552]
[1023, 1743]
[1023, 1846]
[1024, 1233]
[1024, 1495]
[1024, 1597]
[1024, 2049]
[1025, 1622]
[1025, 1699]
[1025, 2298]
[1026, 1097]
[1026, 1608]
[1026, 2148]
[1027, 1095]
[1027, 1367]
[1027, 2145]
[1027, 2303]
[1028, 1579]
[1028, 2066]
[1029, 1109]
[1029, 1524]
[1030, 1141]
[1030, 1627]
[1030, 1877]
[1031, 2362]
[1032, 2009]
[1033, 1218]
[1033, 1548]
[1033, 1926]
[1033, 2338]
[1034, 1734]
[1034, 2069]
[1035, 1090]
[1035, 1755]
[1035, 1765]
[1035, 1826]
[1036, 1155]
[1036, 1882]
[1036, 1992]
[1037, 1109]
[1038, 1496]
[1039, 1053]
[1039, 1859]
[1040, 2004]
[1040, 2118]
[1041, 1124]
[1041, 1181]
[1041, 1485]
[1041, 1663]
[1042, 2021]
[1043, 1345]
[1043, 1749]
[1044, 1879]
[1045, 2225]
[1046, 2229]
[1047, 1944]
[1047, 2217]
[1048, 1593]
[1049, 1897]
[1049, 2049]
[1049, 2238]
[1049, 2361]
[1050, 2053]
[1050, 2328]
[1051, 1240]
[1051, 2033]
[1051, 2248]
[1052, 1338]
[1053, 1696]
[1054, 1331]
[1054, 1518]
[1054, 1768]
[1055, 1929]
[1057, 1540]
[1057, 2011]
[1058, 1121]
[1058, 1314]
[1058, 1840]
[1059, 1100]
[1059, 1210]
[1059, 2231]
[1060, 1375]
[1060, 1781]
[1060, 2319]
[1061, 2274]
[1061, 2333]
[1062, 1245]
[1062, 2259]
[1062, 2283]
[1062, 2354]
[1063, 1914]
[1063, 1986]
[1063, 2176]
[1064, 1659]
[1064, 1708]
[1064, 1724]
[1065, 1751]
[1065, 1847]
[1066, 1502]
[1066, 2254]
[1067, 1576]
[1067, 1577]
[1068, 1251]
[1068, 1713]
[1068, 2264]
[1069, 1545]
[1069, 1997]
[1070, 1506]
[1070, 1858]
[1071, 1418]
[1071, 1646]
[1071, 1977]
[1072, 1435]
[1072, 1562]
[1072, 2278]
[1073, 1819]
[1073, 1916]
[1073, 2131]
[1074, 1433]
[1074, 1685]
[1075, 1329]
[1076, 1838]
[1076, 2013]
[1077, 1253]
[1078, 1254]
[1079, 1368]
[1800, 1983]
[1801, 1951]
[1801, 1957]
[1801, 2219]
[1802, 2030]
[1802, 2329]
[1802, 2380]
[1803, 1859]
[1803, 2115]
[1807, 2383]
[1808, 1855]
[1808, 2002]
[1808, 2336]
[1809, 2140]
[1810, 2085]
[1811, 1920]
[1812, 1835]
[1812, 2217]
[1814, 1998]
[1814, 2189]
[1815, 2222]
[1817, 1880]
[1817, 2341]
[1817, 2352]
[1818, 1883]
[1818, 1954]
[1819, 1916]
[1819, 2131]
[1820, 2071]
[1821, 1827]
[1821, 1838]
[1825, 1942]
[1827, 2355]
[1828, 2126]
[1829, 2233]
[1831, 2253]
[1832, 2199]
[1833, 1994]
[1836, 2149]
[1836, 2187]
[1836, 2285]
[1837, 2284]
[1838, 2013]
[1839, 2126]
[1839, 2166]
[1840, 2058]
[1840, 2289]
[1841, 2046]
[1842, 2376]
[1843, 2010]
[1845, 2397]
[1850, 1976]
[1850, 2102]
[1850, 2196]
[1851, 2168]
[1852, 2117]
[1853, 1864]
[1853, 2016]
[1853, 2074]
[1854, 1905]
[1854, 2018]
[1854, 2243]
[1855, 1956]
[1855, 2336]
[1856, 2290]
[1859, 2115]
[1860, 1940]
[1862, 1912]
[1862, 2184]
[1864, 2016]
[1864, 2074]
[1868, 2366]
[1869, 2353]
[1870, 1902]
[1871, 2363]
[1872, 2128]
[1875, 1999]
[1876, 2213]
[1877, 1909]
[1878, 2002]
[1878, 2253]
[1878, 2356]
[1878, 2373]
[1880, 2341]
[1880, 2352]
[1882, 1992]
[1883, 1954]
[1885, 1925]
[1887, 1922]
[1887, 2356]
[1888, 2399]
[1891, 2013]
[1894, 2275]
[1894, 2328]
[1895, 2015]
[1895, 2262]
[1896, 2351]
[1897, 2055]
[1898, 2006]
[1898, 2304]
[1899, 2275]
[1900, 2024]
[1900, 2311]
[1901, 2381]
[1903, 1977]
[1905, 2243]
[1906, 2000]
[1907, 2102]
[1908, 2313]
[1912, 2325]
[1914, 1986]
[1914, 2176]
[1916, 2131]
[1917, 1924]
[1918, 1948]
[1918, 2229]
[840, 1425]
[840, 1460]
[840, 2154]
[840, 2271]
[841, 1256]
[841, 1512]
[841, 2077]
[842, 977]
[842, 1016]
[842, 1705]
[842, 2157]
[843, 2127]
[843, 2339]
[844, 1118]
[844, 1191]
[844, 1833]
[845, 971]
[845, 2363]
[845, 2369]
[846, 2096]
[847, 1852]
[847, 2117]
[848, 1108]
[848, 1881]
[848, 2335]
[849, 1309]
[849, 1477]
[849, 2054]
[850, 1212]
[850, 1275]
[850, 1633]
[850, 1655]
[851, 1540]
[851, 1773]
[851, 2110]
[852, 1523]
[852, 1744]
[852, 2008]
[853, 896]
[853, 1696]
[853, 1968]
[854, 1192]
[854, 1298]
[855, 1672]
[855, 1688]
[855, 2291]
[855, 2318]
[856, 1171]
[856, 1793]
[857, 1521]
[857, 2216]
[857, 2378]
[858, 1666]
[858, 2316]
[858, 2334]
[859, 956]
[860, 1586]
[860, 1927]
[860, 2308]
[861, 1187]
[861, 1220]
[861, 1321]
[861, 2335]
[862, 1076]
[862, 1654]
[862, 1838]
[862, 2013]
[863, 1545]
[863, 2021]
[864, 1908]
[864, 2312]
[864, 2313]
[865, 1250]
[865, 1561]
[866, 1087]
[866, 1720]
[866, 2381]
[867, 1038]
[867, 1157]
[867, 1496]
[868, 1760]
[868, 2179]
[868, 2226]
[869, 2238]
[870, 1796]
[870, 2267]
[871, 2039]
[871, 2365]
[872, 1214]
[872, 1751]
[872, 1807]
[873, 938]
[873, 2065]
[873, 2147]
[874, 889]
[874, 963]
[874, 1472]
[875, 944]
[875, 1381]
[875, 1385]
[875, 1921]
[876, 1288]
[876, 1500]
[876, 1644]
[877, 2063]
[877, 2273]
[878, 1711]
[878, 1788]
[878, 2389]
[879, 946]
[879, 1564]
[879, 1723]
[880, 1295]
[880, 1300]
[880, 1939]
[880, 2228]
[881, 1201]
[881, 1630]
[881, 1777]
[882, 1110]
[882, 1199]
[882, 1820]
[882, 2071]
[883, 1055]
[883, 1953]
[884, 1504]
[884, 1988]
[884, 2396]
[885, 1389]
[885, 1421]
[885, 1553]
[885, 1713]
[886, 2223]
[886, 2242]
[886, 2362]
[887, 1000]
[887, 1163]
[887, 1205]
[887, 1729]
[888, 1011]
[888, 1122]
[888, 2232]
[888, 2286]
[889, 1469]
[889, 1580]
[890, 1851]
[890, 1963]
[891, 1324]
[891, 1516]
[891, 1871]
[892, 1619]
[892, 1642]
[892, 1823]
[893, 1014]
[893, 1373]
[893, 1677]
[894, 1508]
[894, 1627]
[894, 2287]
[895, 1025]
[895, 1367]
[895, 1699]
[895, 2298]
[896, 1321]
[896, 1696]
[896, 1968]
[897, 1244]
[897, 1428]
[898, 1168]
[898, 1362]
[898, 2003]
[899, 995]
[899, 2027]
[899, 2120]
[900, 2252]
[900, 2373]
[900, 2398]
[901, 1517]
[901, 1581]
[901, 2201]
[903, 1811]
[903, 1920]
[904, 972]
[904, 1042]
[904, 1686]
[905, 1298]
[905, 1780]
[905, 2192]
[906, 1094]
[906, 1333]
[907, 1538]
[907, 1618]
[907, 2032]
[908, 2155]
[908, 2374]
[909, 1546]
[909, 1556]
[910, 1414]
[910, 1615]
[910, 1679]
[911, 1620]
[911, 1796]
[912, 1624]
[912, 2231]
[913, 1336]
[913, 1765]
[913, 1930]
[914, 1239]
[914, 1784]
[914, 1879]
[914, 2066]
[915, 1787]
[915, 1833]
[915, 1994]
[916, 1045]
[916, 2225]
[916, 2398]
[917, 1139]
[917, 1974]
[918, 1690]
[918, 1749]
[919, 1542]
[920, 1383]
[920, 1582]
[920, 2048]
[921, 1426]
[921, 1717]
[921, 1776]
[922, 1282]
[922, 1800]
[923, 1589]
[923, 2034]
[924, 1229]
[924, 1899]
[925, 1070]
[925, 2129]
[926, 1059]
[926, 1100]
[926, 1210]
[926, 1322]
[927, 1161]
[927, 1320]
[927, 1572]
[927, 1972]
[928, 1160]
[928, 2220]
[929, 985]
[929, 1358]
[929, 1646]
[930, 1794]
[930, 2346]
[931, 1143]
[931, 2037]
[931, 2194]
[932, 974]
[932, 1821]
[932, 1827]
[932, 2095]
[933, 1264]
[933, 1303]
[933, 1703]
[933, 1824]
[934, 1061]
[934, 1160]
[934, 2333]
[935, 1091]
[935, 1244]
[935, 1620]
[936, 2065]
[936, 2320]
[937, 955]
[937, 962]
[937, 1144]
[938, 1210]
[938, 2065]
[938, 2147]
[939, 1040]
[939, 1120]
[939, 2004]
[939, 2118]
[940, 1759]
[940, 1786]
[941, 1054]
[941, 1518]
[941, 1768]
[942, 2379]
[943, 1100]
[943, 1265]
[943, 1376]
[943, 1671]
[944, 1385]
[944, 1847]
[944, 1921]
[945, 1730]
[945, 1777]
[946, 1506]
[946, 1723]
[947, 1208]
[947, 1366]
[947, 1876]
[947, 2213]
[948, 1360]
[948, 1706]
[948, 1816]
[949, 1614]
[949, 2062]
[950, 1067]
[950, 1411]
[950, 1576]
[950, 1577]
[951, 1130]
[951, 1769]
[951, 2360]
[952, 1417]
[952, 1816]
[952, 1886]
[953, 980]
[953, 1138]
[953, 1861]
[954, 1079]
[954, 1368]
[955, 962]
[955, 1144]
[955, 1548]
[957, 1860]
[957, 1982]
[958, 1544]
[958, 1626]
[959, 1399]
[959, 2003]
[959, 2050]
[1320, 1547]
[1320, 2040]
[1321, 2335]
[1322, 2087]
[1324, 1871]
[1324, 2303]
[1325, 1381]
[1325, 1790]
[1326, 2304]
[1327, 1475]
[1327, 1773]
[1328, 1444]
[1328, 1679]
[1328, 1873]
[1329, 2334]
[1330, 1333]
[1330, 1802]
[1330, 2030]
[1330, 2380]
[1331, 1437]
[1331, 1716]
[1332, 1978]
[1334, 1904]
[1335, 2186]
[1336, 1959]
[1336, 2069]
[1337, 1659]
[1337, 2007]
[1339, 2150]
[1339, 2270]
[1340, 1456]
[1340, 1728]
[1340, 2125]
[1341, 1897]
[1341, 2055]
[1342, 1673]
[1343, 1995]
[1343, 2027]
[1344, 1419]
[1345, 1664]
[1346, 2162]
[1346, 2199]
[1347, 1687]
[1347, 2084]
[1347, 2394]
[1348, 1531]
[1348, 1889]
[1348, 2224]
[1349, 1368]
[1349, 1851]
[1349, 2168]
[1350, 1656]
[1350, 1672]
[1350, 2026]
[1351, 2163]
[1352, 1722]
[1352, 2214]
[1353, 1683]
[1354, 1566]
[1354, 2295]
[1355, 1780]
[1357, 2012]
[1357, 2239]
[1360, 1816]
[1362, 1983]
[1363, 1432]
[1363, 1606]
[1363, 2323]
[1364, 1729]
[1364, 1800]
[1364, 1983]
[1365, 1590]
[1365, 2098]
[1366, 1811]
[1366, 1876]
[1366, 2213]
[1367, 2145]
[1367, 2303]
[1369, 2293]
[1370, 1617]
[1370, 2041]
[1370, 2350]
[1371, 1701]
[1371, 2055]
[1371, 2169]
[1372, 1403]
[1372, 2137]
[1373, 1677]
[1373, 2053]
[1375, 1781]
[1375, 2319]
[1376, 1671]
[1376, 1853]
[1377, 1647]
[1377, 1998]
[1378, 2020]
[1379, 1450]
[1379, 1451]
[1380, 1616]
[1380, 2151]
[1383, 2048]
[1385, 1921]
[1386, 1767]
[1387, 1950]
[1388, 1442]
[1388, 2223]
[1390, 1463]
[1390, 1680]
[1391, 1478]
[1391, 2251]
[1392, 2047]
[1393, 1739]
[1393, 2367]
[1394, 1764]
[1394, 2090]
[1395, 1741]
[1395, 1760]
[1395, 1778]
[1396, 2060]
[1397, 2044]
[1398, 2183]
[1398, 2320]
[1399, 2003]
[1399, 2050]
[1400, 2019]
[1400, 2094]
[1401, 2155]
[1401, 2347]
[1402, 2095]
[1402, 2256]
[1403, 1501]
[1403, 1962]
[1404, 1782]
[1404, 2383]
[1405, 1892]
[1405, 2130]
[1407, 1435]
[1407, 1718]
[1407, 2156]
[1408, 1440]
[1408, 1906]
[1409, 1453]
[1409, 2203]
[1410, 1825]
[1410, 1880]
[1410, 1942]
[1413, 1574]
[1413, 1628]
[1413, 2139]
[1414, 1615]
[1415, 2017]
[1415, 2093]
[1415, 2305]
[1416, 1901]
[1417, 1886]
[1417, 2252]
[1418, 1646]
[1418, 1893]
[1419, 2207]
[1420, 1960]
[1420, 2227]
[1421, 1553]
[1421, 1713]
[1421, 1820]
[1422, 1587]
[1422, 1961]
[1422, 2390]
[1424, 1460]
[1424, 1863]
[1425, 1460]
[1425, 1744]
[1425, 2154]
[1426, 1717]
[1426, 1776]
[1427, 2309]
[1428, 2237]
[1430, 1611]
[1430, 2346]
[1431, 1484]
[1431, 1937]
[1431, 2079]
[1432, 1606]
[1432, 2323]
[1433, 1504]
[1433, 2209]
[1434, 1726]
[1434, 1783]
[1434, 2201]
[1435, 1562]
[1436, 1843]
[1437, 1716]
[1439, 1658]
[1922, 2356]
[1922, 2385]
[1926, 2338]
[1927, 2019]
[1927, 2308]
[1928, 2260]
[1929, 2123]
[1929, 2370]
[1931, 2218]
[1932, 2059]
[1933, 2116]
[1935, 2384]
[1939, 2228]
[1940, 2257]
[1941, 2261]
[1944, 2217]
[1945, 2153]
[1949, 2204]
[1949, 2305]
[1950, 2301]
[1951, 2121]
[1951, 2132]
[1951, 2211]
[1953, 1993]
[1954, 2358]
[1955, 2248]
[1957, 2168]
[1957, 2219]
[1958, 2286]
[1959, 2069]
[1960, 2227]
[1961, 2390]
[1964, 1981]
[1966, 2130]
[1967, 2067]
[1967, 2265]
[1967, 2399]
[1968, 2060]
[1971, 2185]
[1972, 2203]
[1975, 1991]
[1976, 2196]
[1976, 2245]
[1978, 2202]
[1979, 2219]
[1984, 2070]
[1985, 2375]
[1986, 2176]
[1987, 2331]
[1988, 2162]
[1988, 2396]
[1989, 2205]
[1990, 2191]
[1990, 2327]
[1995, 2027]
[1996, 2141]
[1996, 2159]
[1999, 2180]
[2001, 2026]
[2002, 2253]
[2002, 2373]
[2003, 2050]
[2004, 2118]
[2005, 2267]
[2006, 2304]
[2007, 2182]
[2008, 2193]
[2008, 2393]
[2009, 2376]
[2010, 2212]
[2012, 2239]
[2012, 2298]
[2015, 2262]
[2016, 2074]
[2017, 2305]
[2018, 2064]
[2018, 2100]
[2018, 2270]
[2019, 2094]
[2020, 2031]
[2020, 2184]
[2022, 2266]
[2023, 2302]
[2025, 2175]
[2025, 2344]
[2028, 2340]
[2029, 2036]
[2030, 2174]
[2030, 2380]
[2031, 2184]
[2037, 2194]
[2164, 2178]
[2167, 2387]
[2169, 2284]
[2173, 2244]
[2175, 2344]
[2176, 2205]
[2177, 2269]
[2181, 2206]
[2181, 2213]
[2185, 2271]
[2191, 2327]
[2193, 2295]
[2193, 2393]
[2195, 2221]
[2195, 2329]
[2200, 2385]
[2208, 2310]
[2212, 2278]
[2212, 2330]
[2215, 2397]
[2216, 2226]
[2221, 2329]
[2223, 2362]
[2228, 2318]
[2230, 2344]
[2233, 2389]
[2238, 2361]
[2242, 2388]
[2245, 2322]
[2250, 2277]
[2252, 2398]
[2253, 2373]
[2255, 2359]
[2258, 2331]
[2259, 2283]
[2259, 2354]
[2272, 2280]
[2275, 2328]
[2278, 2330]
[2279, 2392]
[1440, 1588]
[1440, 1906]
[1441, 1555]
[1441, 1613]
[1441, 1834]
[1443, 1538]
[1443, 2005]
[1443, 2119]
[1444, 1664]
[1444, 2007]
[1444, 2182]
[1445, 1809]
[1445, 2140]
[1445, 2247]
[1446, 1935]
[1448, 1470]
[1448, 1902]
[1448, 2237]
[1449, 1479]
[1449, 1689]
[1449, 2144]
[1450, 1451]
[1450, 2137]
[1452, 1556]
[1452, 1999]
[1452, 2180]
[1453, 2097]
[1453, 2391]
[1454, 1507]
[1454, 1832]
[1455, 1770]
[1456, 1541]
[1456, 1559]
[1457, 1894]
[1457, 2275]
[1457, 2328]
[1458, 1514]
[1458, 1636]
[1459, 1645]
[1459, 2392]
[1460, 2154]
[1461, 1668]
[1461, 1966]
[1461, 2130]
[1463, 1680]
[1464, 1567]
[1464, 1903]
[1465, 1572]
[1465, 2061]
[1466, 1943]
[1467, 1625]
[1468, 1487]
[1468, 1785]
[1469, 1580]
[1469, 1593]
[1470, 2237]
[1471, 1877]
[1471, 1909]
[1472, 1955]
[1473, 1534]
[1474, 2200]
[1474, 2385]
[1475, 1574]
[1476, 1884]
[1476, 2109]
[1477, 2054]
[1477, 2058]
[1479, 1689]
[1480, 1563]
[1481, 1554]
[1481, 1952]
[1481, 2054]
[1482, 1566]
[1483, 2024]
[1484, 1937]
[1484, 2220]
[1485, 1661]
[1485, 1663]
[1486, 2178]
[1487, 1785]
[1488, 1557]
[1488, 2160]
[1489, 1803]
[1489, 1859]
[1489, 2115]
[1490, 1714]
[1491, 1503]
[1491, 2172]
[1492, 1832]
[1492, 2199]
[1493, 1691]
[1494, 1732]
[1494, 2134]
[1494, 2372]
[1495, 1597]
[1496, 1974]
[1497, 2091]
[1497, 2268]
[1498, 1623]
[1498, 1829]
[1498, 2233]
[1499, 1868]
[1499, 2366]
[1500, 1915]
[1501, 1531]
[1501, 1962]
[1502, 2254]
[1503, 2140]
[1503, 2172]
[1504, 2209]
[1505, 1623]
[1505, 1738]
[1505, 2046]
[1506, 1858]
[1508, 2287]
[1510, 2326]
[1511, 2348]
[1512, 1795]
[1512, 2077]
[1513, 1546]
[1514, 1636]
[1514, 1882]
[1515, 2350]
[1516, 1898]
[1516, 2006]
[1516, 2304]
[1517, 1581]
[1517, 2063]
[1517, 2201]
[1518, 1768]
[1518, 1825]
[1519, 1603]
[1519, 2299]
[1520, 1722]
[1521, 2378]
[1522, 1934]
[1523, 1744]
[1524, 1925]
[1526, 1667]
[1526, 1952]
[1526, 2190]
[1527, 1551]
[1527, 1582]
[1528, 1666]
[1529, 1797]
[1529, 2370]
[1530, 1719]
[1530, 2099]
[1531, 2224]
[1532, 2023]
[1532, 2302]
[1533, 1900]
[1533, 2311]
[1534, 2028]
[1535, 1933]
[1535, 2116]
[1536, 1702]
[1537, 1601]
[1537, 1964]
[1537, 1981]
[1538, 2005]
[1539, 2106]
[1540, 2011]
[1541, 1559]
[1541, 1704]
[1542, 2272]
[1543, 1866]
[1544, 1626]
[1544, 1819]
[1547, 2040]
[1548, 1926]
[1548, 2338]
[1549, 2043]
[1551, 1674]
[1552, 1743]
[1552, 1846]
[1553, 1635]
[1553, 1713]
[1554, 1952]
[1554, 2347]
[1555, 1788]
[1555, 2310]
[1557, 2160]
[1558, 1610]
[1558, 1828]
[2283, 2354]
[2291, 2318]
[2297, 2371]
[2314, 2365]
[2316, 2334]
[2326, 2333]
[2341, 2352]
[2348, 2380]
[2363, 2369]
[2384, 2386]
[1560, 1752]
[1561, 2122]
[1565, 1633]
[1565, 2234]
[1568, 1806]
[1568, 2107]
[1569, 2086]
[1569, 2257]
[1570, 2266]
[1571, 1575]
[1571, 1721]
[1571, 2068]
[1572, 1972]
[1573, 1874]
[1573, 1992]
[1574, 1628]
[1574, 2139]
[1575, 1721]
[1575, 2068]
[1576, 1577]
[1578, 1648]
[1578, 2096]
[1578, 2263]
[1579, 2293]
[1581, 2190]
[1581, 2201]
[1583, 1761]
[1583, 2222]
[1584, 1837]
[1584, 2284]
[1586, 1715]
[1586, 2274]
[1587, 1775]
[1587, 2395]
[1588, 2113]
[1588, 2251]
[1589, 2034]
[1589, 2087]
[1590, 2098]
[1591, 1890]
[1592, 1754]
[1592, 1805]
[1594, 1643]
[1594, 2288]
[1596, 2090]
[1596, 2249]
[1598, 1716]
[1600, 1752]
[1600, 1843]
[1600, 2010]
[1601, 1964]
[1601, 1981]
[1602, 1660]
[1602, 2143]
[1603, 2299]
[1604, 1695]
[1604, 1916]
[1604, 2138]
[1605, 1955]
[1605, 2248]
[1606, 2081]
[1606, 2323]
[1607, 2216]
[1607, 2226]
[1608, 1915]
[1608, 2148]
[1609, 2032]
[1610, 1828]
[1611, 2073]
[1612, 1706]
[1612, 2081]
[1613, 1834]
[1616, 2151]
[1616, 2288]
[1617, 2041]
[1618, 2032]
[1619, 1642]
[1619, 1809]
[1619, 1823]
[1621, 1867]
[1622, 1649]
[1622, 2014]
[1623, 1738]
[1625, 1950]
[1625, 2301]
[1628, 2139]
[1629, 1698]
[1630, 1869]
[1631, 1806]
[1633, 1655]
[1634, 2072]
[1634, 2349]
[1637, 1923]
[1638, 2080]
[1639, 1675]
[1639, 2077]
[1640, 1986]
[1641, 2103]
[1641, 2146]
[1642, 1823]
[1643, 2288]
[1645, 2392]
[1647, 1998]
[1648, 2263]
[1649, 2014]
[1649, 2083]
[1650, 1771]
[1650, 1866]
[1651, 1774]
[1651, 2089]
[1651, 2292]
[1652, 2038]
[1652, 2070]
[1652, 2114]
[1653, 1962]
[1653, 2337]
[1654, 1670]
[1654, 2170]
[1655, 1910]
[1656, 1672]
[1656, 2182]
[1657, 2093]
[1658, 2396]
[1660, 1746]
[1660, 2258]
[1662, 1795]
[1663, 1966]
[1664, 2007]
[1664, 2182]
[1665, 2119]
[1665, 2332]
[1667, 2190]
[1668, 2358]
[1669, 2188]
[1670, 1823]
[1670, 2170]
[1671, 1858]
[1676, 2111]
[1676, 2112]
[1678, 2377]
[1679, 1873]
[1080, 1515]
[1080, 2350]
[1081, 2394]
[1082, 1111]
[1082, 1112]
[1082, 1698]
[1083, 1140]
[1083, 1931]
[1083, 2218]
[1083, 2294]
[1084, 1170]
[1084, 1276]
[1084, 1844]
[1085, 1432]
[1085, 1936]
[1086, 1113]
[1086, 2240]
[1086, 2292]
[1087, 1223]
[1087, 1720]
[1087, 2381]
[1088, 1284]
[1088, 1359]
[1089, 1392]
[1089, 2047]
[1089, 2314]
[1090, 1755]
[1090, 1826]
[1091, 1244]
[1091, 2085]
[1092, 1693]
[1092, 1786]
[1092, 1857]
[1093, 1338]
[1093, 2133]
[1093, 2171]
[1094, 1333]
[1095, 1588]
[1095, 2113]
[1095, 2251]
[1096, 2001]
[1096, 2026]
[1097, 1608]
[1097, 1857]
[1097, 2148]
[1098, 1872]
[1098, 2128]
[1098, 2296]
[1099, 1198]
[1099, 1703]
[1099, 2142]
[1100, 1210]
[1101, 2315]
[1102, 1154]
[1102, 2321]
[1103, 1232]
[1103, 1497]
[1103, 1591]
[1103, 1890]
[1104, 1120]
[1104, 1439]
[1104, 1658]
[1105, 1455]
[1105, 1770]
[1106, 1359]
[1106, 1473]
[1106, 1534]
[1107, 1242]
[1107, 1984]
[1108, 1881]
[1110, 1820]
[1110, 2071]
[1110, 2375]
[1111, 1112]
[1111, 1698]
[1111, 1958]
[1112, 1698]
[1113, 2057]
[1113, 2240]
[1114, 1958]
[1114, 2286]
[1115, 1272]
[1115, 1682]
[1116, 1402]
[1118, 1191]
[1118, 2086]
[1119, 1396]
[1119, 2060]
[1120, 1439]
[1120, 1658]
[1121, 1158]
[1121, 1314]
[1122, 2232]
[1123, 1969]
[1124, 1485]
[1124, 1663]
[1124, 1682]
[1125, 1389]
[1126, 1149]
[1126, 1150]
[1126, 1164]
[1126, 2261]
[1127, 1426]
[1127, 2028]
[1127, 2340]
[1128, 1149]
[1128, 2313]
[1128, 2343]
[1129, 1678]
[1129, 2319]
[1129, 2377]
[1130, 1601]
[1130, 1769]
[1130, 2360]
[1131, 1568]
[1131, 1569]
[1131, 1806]
[1132, 1395]
[1132, 1466]
[1132, 1741]
[1132, 1778]
[1133, 1153]
[1134, 1650]
[1134, 1718]
[1134, 1771]
[1135, 2136]
[1136, 1683]
[1136, 1967]
[1136, 2067]
[1136, 2265]
[1137, 1281]
[1137, 1595]
[1138, 1468]
[1138, 1487]
[1138, 1785]
[1139, 1974]
[1140, 1931]
[1140, 2218]
[1140, 2359]
[1141, 1627]
[1141, 1852]
[1142, 1612]
[1143, 2037]
[1143, 2194]
[1145, 1182]
[1145, 1234]
[1146, 1486]
[1147, 1539]
[1147, 1989]
[1147, 2205]
[1148, 1459]
[1148, 1949]
[1148, 2204]
[1149, 2343]
[1150, 1164]
[1150, 2261]
[1151, 2075]
[1152, 1525]
[1152, 2386]
[1154, 2321]
[1155, 2279]
[1156, 1171]
[1156, 2230]
[1156, 2338]
[1157, 2073]
[1158, 1353]
[1158, 1683]
[1159, 1186]
[1159, 1632]
[1160, 2220]
[1161, 1572]
[1161, 1667]
[1161, 1972]
[1162, 1224]
[1162, 1259]
[1162, 1691]
[1162, 1830]
[1163, 1205]
[1163, 1729]
[1164, 2261]
[1165, 1287]
[1165, 1965]
[1166, 1188]
[1166, 1934]
[1167, 1271]
[1167, 1560]
[1167, 1752]
[1168, 1362]
[1168, 2001]
[1170, 1844]
[1170, 1864]
[1171, 2230]
[1172, 1343]
[1172, 1995]
[1172, 2027]
[1173, 1745]
[1173, 2088]
[1174, 1543]
[1174, 1866]
[1175, 1213]
[1175, 1640]
[1175, 2118]
[1176, 1206]
[1176, 1736]
[1176, 2051]
[1177, 1194]
[1177, 2165]
[1178, 1420]
[1178, 1960]
[1178, 2227]
[1179, 1710]
[1180, 1234]
[1181, 1733]
[1181, 2158]
[1181, 2236]
[1183, 1907]
[1183, 2102]
[1183, 2307]
[1184, 1337]
[1184, 1659]
[1184, 1939]
[1185, 1607]
[1185, 2134]
[1185, 2216]
[1185, 2226]
[1186, 1632]
[1186, 1753]
[1187, 1750]
[1187, 1980]
[1192, 1298]
[1193, 1219]
[1193, 1251]
[1193, 1387]
[1194, 1198]
[1194, 2165]
[1195, 1293]
[1195, 1583]
[1195, 2222]
[1195, 2244]
[1196, 1462]
[1196, 1826]
[1197, 1357]
[1197, 1585]
[1198, 1703]
[1199, 1707]
[0, 112]
[0, 709]
[0, 1592]
[0, 1805]
[1, 98]
[1, 942]
[1, 1471]
[1, 2379]
[2, 748]
[2, 1461]
[2, 1966]
[2, 2130]
[3, 191]
[3, 624]
[3, 1038]
[3, 1207]
[4, 1604]
[4, 1695]
[4, 1791]
[4, 2138]
[5, 217]
[5, 547]
[5, 1326]
[5, 1873]
[6, 405]
[6, 872]
[6, 2250]
[6, 2277]
[7, 684]
[7, 1427]
[7, 1596]
[7, 2249]
[8, 821]
[8, 1634]
[8, 2072]
[8, 2349]
[9, 1468]
[9, 2144]
[9, 2215]
[9, 2397]
[10, 526]
[10, 1166]
[10, 1188]
[10, 1523]
[11, 285]
[11, 678]
[11, 1272]
[11, 2083]
[12, 26]
[12, 597]
[12, 1610]
[12, 2187]
[13, 352]
[13, 1818]
[13, 1883]
[13, 1954]
[14, 295]
[14, 1757]
[14, 1870]
[14, 2108]
[15, 118]
[15, 350]
[15, 1037]
[15, 1109]
[16, 464]
[16, 801]
[16, 1639]
[16, 1675]
[17, 342]
[17, 931]
[17, 1686]
[17, 2022]
[18, 714]
[18, 1193]
[18, 1219]
[18, 1387]
[19, 1331]
[19, 1377]
[19, 1437]
[19, 1716]
[20, 216]
[20, 550]
[20, 1125]
[20, 1389]
[21, 209]
[21, 251]
[21, 710]
[21, 2357]
[22, 537]
[22, 771]
[22, 859]
[22, 1661]
[23, 548]
[23, 644]
[23, 831]
[23, 1813]
[24, 288]
[24, 519]
[24, 1466]
[24, 1943]
[25, 315]
[25, 773]
[25, 1848]
[25, 2180]
[26, 597]
[26, 831]
[26, 2187]
[27, 142]
[27, 1076]
[27, 1513]
[27, 1546]
[28, 478]
[28, 1203]
[28, 1464]
[28, 1567]
[29, 566]
[29, 2103]
[29, 2104]
[29, 2312]
[30, 730]
[30, 1202]
[30, 1482]
[30, 1566]
[31, 798]
[31, 1263]
[31, 1562]
[31, 1947]
[32, 457]
[32, 1443]
[32, 1538]
[32, 2005]
[33, 223]
[33, 1224]
[33, 1528]
[33, 1666]
[34, 68]
[34, 233]
[34, 976]
[34, 1010]
[35, 795]
[35, 951]
[35, 1216]
[35, 1429]
[36, 477]
[36, 1044]
[36, 1241]
[36, 1436]
[37, 345]
[37, 1732]
[37, 2255]
[37, 2325]
[38, 173]
[38, 915]
[38, 1271]
[38, 2174]
[39, 1358]
[39, 1854]
[39, 1905]
[39, 2243]
[40, 115]
[40, 705]
[40, 1029]
[40, 1524]
[41, 838]
[41, 893]
[41, 1373]
[41, 1677]
[42, 630]
[42, 1003]
[42, 1255]
[42, 2079]
[43, 564]
[43, 727]
[43, 1026]
[43, 1117]
[44, 581]
[44, 589]
[44, 1315]
[44, 2029]
[45, 378]
[45, 1584]
[45, 1837]
[45, 2284]
[46, 444]
[46, 1772]
[46, 1815]
[46, 2004]
[47, 434]
[47, 1102]
[47, 1154]
[47, 2321]
[48, 918]
[48, 1096]
[48, 2001]
[48, 2026]
[49, 788]
[49, 1223]
[49, 1258]
[49, 2200]
[50, 587]
[50, 1490]
[50, 1714]
[50, 2062]
[51, 353]
[51, 1243]
[51, 1307]
[51, 1374]
[52, 1365]
[52, 1590]
[52, 1973]
[52, 2098]
[53, 293]
[53, 665]
[53, 1000]
[53, 1169]
[54, 642]
[54, 986]
[54, 1907]
[54, 2281]
[55, 1178]
[55, 1278]
[55, 1483]
[55, 2024]
[56, 278]
[56, 594]
[56, 1163]
[56, 1762]
[57, 123]
[57, 235]
[57, 1493]
[57, 1499]
[58, 539]
[58, 890]
[58, 1678]
[58, 1963]
[59, 810]
[59, 834]
[59, 1018]
[59, 1412]
[60, 128]
[60, 1790]
[60, 2384]
[60, 2386]
[61, 603]
[61, 750]
[61, 811]
[61, 1875]
[62, 531]
[62, 1225]
[62, 1631]
[62, 2152]
[63, 845]
[63, 991]
[63, 1009]
[63, 1599]
[64, 285]
[64, 859]
[64, 956]
[64, 983]
[65, 906]
[65, 1094]
[65, 1239]
[65, 1333]
[66, 1447]
[66, 1569]
[66, 2086]
[66, 2257]
[67, 1231]
[67, 1286]
[67, 1316]
[67, 2224]
[68, 119]
[68, 856]
[68, 1793]
[69, 596]
[69, 1300]
[69, 1513]
[69, 2282]
[70, 266]
[70, 497]
[70, 1189]
[70, 2164]
[71, 905]
[71, 1780]
[71, 2192]
[71, 2378]
[72, 110]
[72, 135]
[72, 1112]
[72, 2000]
[73, 533]
[73, 1452]
[73, 1999]
[73, 2180]
[74, 994]
[74, 1184]
[74, 1337]
[74, 1659]
[75, 508]
[75, 1388]
[75, 1442]
[75, 2100]
[76, 204]
[76, 614]
[76, 617]
[76, 1006]
[77, 322]
[77, 1199]
[77, 1353]
[77, 1707]
[78, 504]
[78, 992]
[78, 1812]
[78, 1835]
[79, 196]
[79, 419]
[79, 873]
[79, 1335]
[80, 847]
[80, 1057]
[80, 1852]
[80, 2117]
[81, 756]
[81, 942]
[81, 1932]
[81, 2059]
[82, 626]
[82, 736]
[82, 1135]
[82, 1799]
[83, 546]
[83, 623]
[83, 1975]
[83, 2172]
[84, 298]
[84, 423]
[84, 756]
[84, 2161]
[85, 788]
[85, 1015]
[85, 1155]
[85, 2279]
[86, 956]
[86, 1357]
[86, 2012]
[86, 2239]
[87, 182]
[87, 389]
[87, 1192]
[87, 1779]
[88, 166]
[88, 434]
[88, 834]
[88, 1142]
[89, 1434]
[89, 1446]
[89, 1726]
[89, 1783]
[90, 211]
[90, 647]
[90, 958]
[90, 1948]
[91, 521]
[91, 726]
[91, 800]
[91, 2276]
[92, 699]
[92, 1187]
[92, 1750]
[92, 1980]
[93, 150]
[93, 207]
[93, 621]
[93, 2306]
[94, 203]
[94, 999]
[94, 1550]
[94, 2393]
[95, 186]
[95, 611]
[95, 871]
[95, 2039]
[96, 381]
[96, 1043]
[96, 1345]
[96, 1898]
[97, 627]
[97, 996]
[97, 1665]
[97, 2294]
[98, 100]
[98, 942]
[98, 2379]
[99, 849]
[99, 877]
[99, 1477]
[99, 2054]
[100, 725]
[100, 1179]
[100, 1710]
[101, 396]
[101, 1011]
[101, 1197]
[101, 1585]
[102, 198]
[102, 700]
[102, 2185]
[102, 2271]
[103, 816]
[103, 1612]
[103, 1706]
[103, 2081]
[104, 648]
[104, 1445]
[104, 1809]
[104, 2140]
[105, 484]
[105, 1743]
[105, 1860]
[105, 1940]
[106, 1078]
[106, 1222]
[106, 1731]
[106, 2197]
[107, 426]
[107, 1318]
[107, 1756]
[107, 2202]
[108, 109]
[108, 554]
[108, 629]
[108, 642]
[109, 298]
[109, 554]
[109, 629]
[110, 135]
[110, 2000]
[110, 2146]
[111, 396]
[111, 681]
[111, 694]
[111, 1116]
[112, 305]
[112, 447]
[112, 1217]
[113, 310]
[113, 393]
[113, 1228]
[113, 2355]
[114, 1088]
[114, 1284]
[114, 1359]
[114, 1712]
[115, 1029]
[115, 1524]
[115, 2071]
[116, 846]
[116, 1586]
[116, 1715]
[116, 2274]
[117, 453]
[117, 1379]
[117, 1450]
[117, 1451]
[118, 748]
[118, 1621]
[118, 1867]
[119, 856]
[119, 1793]
[119, 1804]
[360, 721]
[360, 1245]
[360, 1822]
[361, 591]
[361, 1307]
[361, 1354]
[361, 2295]
[362, 590]
[362, 797]
[362, 2345]
[363, 864]
[363, 1066]
[363, 1908]
[363, 2313]
[364, 970]
[364, 1474]
[364, 1889]
[365, 1248]
[365, 1527]
[365, 1582]
[366, 879]
[366, 946]
[366, 1267]
[366, 1723]
[367, 716]
[367, 1360]
[367, 1427]
[367, 2309]
[368, 1657]
[368, 2093]
[368, 2241]
[369, 1177]
[369, 1194]
[369, 1737]
[369, 2165]
[370, 492]
[370, 863]
[370, 1297]
[370, 2021]
[371, 886]
[371, 2223]
[371, 2234]
[371, 2362]
[372, 775]
[372, 912]
[372, 2231]
[373, 749]
[373, 1645]
[373, 1692]
[373, 2342]
[374, 492]
[374, 620]
[374, 838]
[375, 521]
[375, 865]
[375, 1250]
[375, 1561]
[376, 419]
[376, 692]
[376, 1766]
[376, 1910]
[377, 1070]
[377, 1506]
[377, 1858]
[377, 2015]
[378, 496]
[378, 1306]
[378, 1956]
[379, 1226]
[379, 1465]
[379, 2061]
[379, 2332]
[380, 920]
[380, 1250]
[380, 1383]
[380, 2048]
[381, 1043]
[381, 1345]
[381, 1599]
[382, 767]
[382, 1322]
[382, 1603]
[382, 2087]
[383, 803]
[383, 1339]
[383, 1731]
[383, 2150]
[384, 499]
[384, 1919]
[384, 1945]
[385, 656]
[385, 661]
[385, 1965]
[386, 655]
[386, 757]
[386, 1563]
[386, 1757]
[387, 889]
[387, 1469]
[387, 1580]
[387, 1837]
[388, 398]
[388, 473]
[388, 688]
[388, 945]
[389, 1779]
[389, 2232]
[390, 918]
[390, 1690]
[390, 1749]
[391, 1700]
[391, 2208]
[391, 2369]
[392, 643]
[392, 1756]
[392, 2181]
[392, 2206]
[393, 1228]
[393, 1607]
[393, 2355]
[394, 407]
[394, 1748]
[394, 2364]
[395, 1275]
[395, 1411]
[396, 1197]
[396, 1585]
[397, 662]
[397, 663]
[397, 1382]
[397, 2374]
[398, 473]
[398, 485]
[398, 688]
[399, 962]
[399, 1283]
[399, 1573]
[399, 1874]
[400, 654]
[400, 1598]
[400, 1708]
[401, 544]
[401, 1108]
[401, 1313]
[402, 1402]
[402, 1642]
[402, 2095]
[402, 2256]
[403, 732]
[403, 1492]
[403, 1832]
[403, 2199]
[404, 1471]
[404, 1877]
[404, 1909]
[404, 2110]
[405, 1536]
[405, 2250]
[405, 2277]
[406, 1371]
[406, 1552]
[406, 1701]
[406, 2169]
[407, 1748]
[408, 1479]
[408, 1600]
[408, 1843]
[408, 2010]
[409, 431]
[409, 584]
[409, 1180]
[409, 1234]
[410, 1056]
[410, 2314]
[410, 2365]
[411, 506]
[411, 1034]
[411, 1734]
[411, 1861]
[412, 495]
[412, 1189]
[412, 1311]
[413, 917]
[413, 1139]
[413, 1974]
[414, 650]
[414, 737]
[414, 1013]
[414, 1885]
[415, 870]
[415, 881]
[415, 1201]
[415, 1630]
[416, 2057]
[416, 2136]
[416, 2379]
[417, 1377]
[417, 1647]
[417, 1699]
[417, 1998]
[418, 724]
[418, 734]
[418, 1028]
[418, 1579]
[419, 1335]
[420, 701]
[420, 1056]
[420, 2395]
[421, 1605]
[421, 1754]
[421, 2272]
[421, 2280]
[422, 630]
[422, 1088]
[422, 1727]
[422, 1893]
[423, 1745]
[423, 2161]
[424, 560]
[424, 1346]
[424, 2162]
[425, 1238]
[425, 1870]
[425, 1902]
[426, 1215]
[426, 1747]
[426, 2351]
[427, 892]
[427, 910]
[427, 1414]
[427, 1615]
[428, 924]
[428, 1229]
[428, 1899]
[429, 1480]
[429, 1848]
[430, 990]
[430, 1323]
[430, 2166]
[431, 567]
[431, 1137]
[431, 1595]
[432, 437]
[432, 462]
[432, 512]
[432, 1031]
[433, 919]
[433, 1542]
[433, 1913]
[434, 1142]
[435, 506]
[435, 1196]
[435, 1462]
[436, 847]
[436, 1348]
[436, 1531]
[436, 2224]
[437, 491]
[437, 1212]
[438, 1530]
[438, 2099]
[439, 1157]
[439, 1881]
[439, 2073]
[440, 1352]
[440, 1595]
[440, 1722]
[440, 2214]
[441, 640]
[441, 651]
[441, 1463]
[441, 2382]
[442, 600]
[442, 909]
[442, 1556]
[442, 2291]
[443, 538]
[443, 827]
[443, 1007]
[443, 2198]
[444, 1227]
[444, 1772]
[444, 1815]
[445, 1247]
[445, 1413]
[445, 1653]
[445, 2337]
[446, 1320]
[446, 1547]
[446, 2040]
[446, 2263]
[447, 1217]
[447, 2098]
[448, 832]
[448, 1279]
[448, 2142]
[448, 2296]
[449, 741]
[449, 1019]
[449, 1804]
[450, 560]
[450, 812]
[450, 1502]
[450, 2186]
[451, 482]
[451, 785]
[451, 968]
[451, 1190]
[452, 1742]
[452, 2107]
[452, 2273]
[452, 2368]
[453, 534]
[453, 989]
[453, 2056]
[454, 1080]
[454, 1515]
[454, 2191]
[454, 2350]
[455, 754]
[455, 1260]
[455, 1982]
[455, 2076]
[456, 1134]
[456, 1519]
[456, 1650]
[456, 1771]
[457, 712]
[457, 1430]
[457, 1611]
[458, 1096]
[458, 1340]
[458, 1728]
[458, 2125]
[459, 934]
[459, 1061]
[459, 1920]
[459, 2333]
[460, 930]
[460, 1361]
[460, 1794]
[460, 2346]
[461, 902]
[462, 512]
[462, 1031]
[462, 1510]
[463, 571]
[463, 836]
[463, 984]
[463, 1591]
[464, 1639]
[464, 1675]
[464, 2330]
[465, 770]
[465, 1808]
[465, 1855]
[465, 2336]
[466, 1415]
[466, 2017]
[466, 2108]
[466, 2305]
[467, 961]
[467, 1005]
[467, 1928]
[467, 2260]
[468, 589]
[468, 1681]
[468, 1839]
[468, 2198]
[469, 708]
[469, 780]
[469, 1865]
[470, 498]
[470, 1792]
[470, 2135]
[471, 1380]
[471, 1616]
[471, 2151]
[472, 576]
[472, 897]
[472, 1428]
[472, 1489]
[473, 688]
[473, 726]
[474, 565]
[474, 734]
[474, 1570]
[474, 2266]
[475, 602]
[475, 1039]
[475, 1053]
[476, 659]
[476, 1529]
[476, 1797]
[476, 2249]
[477, 1241]
[477, 1436]
[477, 2035]
[478, 2195]
[478, 2221]
[478, 2329]
[479, 717]
[479, 786]
[479, 1378]
[479, 1674]
