(0, 129, 261, 1167, 912, 1170, 792, 796, 415, 1057, 550, 937, 432, 436, 181, 182, 185, 700, 1092, 589, 724, 216, 731, 224, 994, 867, 617, 1001, 1006, 893)->[(-1+1*r5), -2, (1+1*r5), 0]
(0, 514, 643, 1031, 907, 665, 924, 157, 415, 34, 185, 570, 830, 447, 1089, 579, 70, 978, 980, 215, 600, 100, 998, 1128, 617, 1001, 494, 878, 502, 378)->[0, 0, 4, 0]
(0, 700, 878, 415)->[(-1+1*r5), (1-1*r5), (3+1*r5), (-1+1*r5)]
(0, 617, 665, 867)->[2, (-3+1*r5), (3+1*r5), 0]
(0, 1031, 651, 398, 532, 665, 1179, 291, 550, 425, 429, 313, 700, 957, 702, 574, 707, 326, 201, 330, 856, 1115, 605, 862, 867, 100, 744, 363, 878, 893)->[2, 0, (1+1*r5), (-1+1*r5)]
(512, 1154, 510, 397, 1176, 1058, 1194, 562, 51, 573, 1086, 1088, 836, 199, 971, 1099, 463, 464, 847, 722, 344, 348, 992, 488, 621, 626, 243, 374, 638, 767)->[(-1+1*r5), -2, (-1-1*r5), 0]
(653, 1040, 17, 1044, 413, 927, 677, 39, 683, 939, 814, 1198, 693, 314, 317, 445, 321, 88, 729, 93, 1117, 747, 364, 755, 630, 887, 1016, 891, 892, 895)->[(1-1*r5), 0, -2, (-1-1*r5)]
(513, 267, 658, 661, 921, 925, 543, 159, 419, 299, 690, 438, 1081, 709, 710, 328, 334, 591, 469, 733, 606, 228, 618, 1003, 496, 882, 245, 886, 889, 126)->[0, -2, (-1+1*r5), (-1-1*r5)]
(3, 1155, 1156, 151, 1049, 1052, 1053, 1182, 1055, 419, 934, 557, 1197, 1077, 316, 1087, 833, 709, 841, 203, 976, 1113, 606, 95, 609, 1129, 884, 245, 886, 634)->[(-1+1*r5), (-1-1*r5), 0, -2]
(12, 782, 915, 404, 788, 150, 929, 807, 680, 1066, 48, 953, 962, 581, 842, 975, 340, 87, 343, 987, 1116, 741, 870, 234, 1134, 239, 112, 1009, 117, 1018)->[-2, -2, -2, 2]
(1159, 266, 1035, 273, 28, 797, 38, 685, 686, 1074, 832, 68, 196, 837, 78, 985, 603, 864, 486, 615, 105, 106, 235, 236, 745, 367, 370, 1010, 1138, 382)->[2, (-1+1*r5), 0, (-1-1*r5)]
(385, 1154, 3, 397, 919, 793, 31, 1059, 682, 557, 1197, 694, 567, 439, 65, 964, 199, 841, 76, 847, 1112, 479, 95, 992, 104, 619, 241, 1142, 380, 124)->[2, (-1-1*r5), (1-1*r5), 0]
(769, 514, 898, 261, 538, 415, 167, 808, 1193, 570, 827, 700, 961, 326, 201, 460, 1100, 337, 598, 856, 350, 224, 353, 739, 101, 878, 1006, 499, 502, 379)->[0, (1-1*r5), (1+1*r5), 2]
(1024, 901, 520, 13, 15, 1169, 20, 410, 282, 284, 302, 303, 184, 441, 443, 583, 607, 865, 227, 1125, 103, 1130, 109, 495, 880, 757, 761, 762, 507, 890)->[(-1+1*r5), 2, (-1-1*r5), 0]
(262, 776, 265, 268, 781, 1166, 787, 789, 1181, 798, 673, 936, 810, 556, 561, 950, 325, 838, 587, 726, 982, 472, 89, 857, 220, 222, 1124, 230, 493, 877)->[-4, 0, 0, 0]
(1024, 771, 7, 137, 20, 25, 1183, 1194, 812, 302, 178, 692, 442, 578, 582, 583, 1099, 854, 599, 344, 217, 983, 348, 483, 102, 1130, 371, 120, 636, 510)->[2, 0, (-1-1*r5), (1-1*r5)]
(1152, 1159, 1035, 652, 145, 401, 786, 535, 409, 544, 930, 681, 297, 553, 554, 301, 1067, 1083, 444, 956, 318, 73, 720, 341, 864, 226, 105, 745, 876, 237)->[0, 2, (-1+1*r5), (-1-1*r5)]
(3, 131, 1156, 264, 270, 1049, 155, 1052, 289, 1059, 1060, 424, 426, 818, 180, 1076, 567, 189, 448, 1095, 203, 972, 470, 619, 881, 119, 124, 509, 254, 1023)->[(1+1*r5), -2, 0, (1-1*r5)]
(132, 903, 138, 267, 142, 399, 144, 527, 1171, 406, 535, 921, 540, 166, 554, 1196, 45, 1070, 695, 1083, 318, 195, 710, 339, 341, 727, 349, 882, 889, 1148)->[(1-1*r5), 0, 2, (-1-1*r5)]
(643, 1028, 1031, 394, 1037, 1042, 532, 790, 918, 154, 928, 34, 1186, 422, 425, 298, 566, 311, 825, 313, 574, 963, 70, 849, 978, 214, 984, 240, 758, 1017)->[(-1+1*r5), 2, (1+1*r5), 0]
(259, 771, 274, 147, 920, 666, 287, 426, 811, 686, 945, 818, 442, 448, 705, 582, 1095, 200, 714, 972, 973, 983, 217, 985, 603, 859, 235, 492, 1138, 637)->[(1+1*r5), 0, (1-1*r5), -2]
(272, 146, 660, 539, 1181, 33, 545, 673, 548, 1071, 53, 950, 187, 835, 327, 587, 1104, 338, 89, 356, 360, 233, 624, 625, 114, 752, 629, 118, 249, 381)->[(-1-1*r5), (1-1*r5), 2, 0]
(768, 780, 528, 656, 913, 914, 917, 281, 284, 35, 36, 40, 304, 1078, 440, 455, 840, 843, 981, 986, 607, 227, 109, 110, 749, 1139, 757, 1141, 759, 763)->[0, (-1+1*r5), (-1-1*r5), 2]
(1036, 914, 280, 795, 1051, 547, 293, 806, 300, 689, 691, 52, 706, 71, 711, 843, 974, 852, 986, 91, 1114, 869, 1126, 872, 490, 491, 749, 110, 501, 1151)->[(-1+1*r5), 0, -2, (1+1*r5)]
(1027, 516, 644, 392, 906, 1163, 909, 1172, 153, 541, 168, 1068, 50, 310, 694, 954, 571, 1082, 202, 76, 718, 1107, 1112, 219, 479, 229, 241, 1014, 503, 253)->[(-1+1*r5), (-1-1*r5), 0, 2]
(645, 524, 662, 279, 24, 663, 668, 671, 416, 801, 548, 37, 53, 309, 186, 188, 66, 197, 327, 204, 79, 851, 1110, 1120, 356, 623, 1136, 883, 629, 1143)->[-2, (-1-1*r5), (-1+1*r5), 0]
(640, 900, 262, 390, 646, 787, 148, 660, 1050, 539, 1181, 160, 1185, 1191, 810, 943, 55, 57, 580, 708, 970, 715, 1104, 84, 982, 473, 481, 1121, 487, 624)->[(-1-1*r5), 0, (-1+1*r5), 2]
(258, 644, 389, 1030, 392, 906, 909, 400, 18, 405, 795, 542, 417, 293, 806, 1199, 50, 52, 822, 192, 322, 205, 590, 1101, 734, 99, 997, 1133, 498, 1151)->[2, (1-1*r5), 0, (1+1*r5)]
(9, 10, 905, 269, 654, 922, 1051, 169, 300, 303, 820, 441, 704, 455, 843, 588, 210, 852, 597, 981, 218, 732, 608, 227, 868, 1126, 107, 759, 762, 507)->[2, 2, -2, 2]
(129, 513, 1161, 779, 912, 27, 29, 1053, 1057, 1060, 295, 684, 305, 180, 181, 438, 1077, 575, 320, 1090, 709, 203, 465, 469, 216, 609, 1003, 754, 509, 254)->[2, -2, 2, -2]
(640, 898, 135, 777, 655, 1045, 1173, 791, 414, 160, 164, 808, 1193, 170, 43, 942, 176, 560, 55, 315, 827, 580, 1096, 1103, 596, 1121, 739, 627, 251, 1021)->[(1-1*r5), 0, 2, (1+1*r5)]
(772, 5, 773, 664, 1048, 27, 1023, 803, 295, 426, 815, 1074, 180, 189, 320, 449, 200, 973, 78, 465, 602, 603, 991, 106, 366, 367, 881, 637, 894, 127)->[(1+1*r5), 0, (-1+1*r5), -2]
(1026, 4, 391, 648, 905, 654, 275, 23, 549, 1192, 169, 431, 1072, 433, 819, 60, 577, 716, 81, 480, 608, 377, 1002, 107, 1005, 111, 1013, 376, 505, 765)->[(-1+1*r5), (1+1*r5), 0, 2]
(257, 140, 14, 19, 1175, 413, 926, 292, 173, 817, 693, 1084, 63, 967, 1098, 592, 82, 93, 861, 989, 1117, 482, 742, 616, 362, 747, 750, 497, 1015, 383)->[-2, 2, -2, -2]
(1156, 5, 395, 784, 274, 1053, 1182, 289, 38, 945, 575, 320, 1095, 973, 78, 334, 462, 354, 228, 618, 235, 236, 1003, 370, 884, 373, 886, 1140, 254, 1023)->[2, (1-1*r5), 0, (-1-1*r5)]
(2, 11, 911, 276, 788, 916, 663, 24, 929, 932, 37, 1188, 551, 1069, 816, 312, 446, 834, 581, 842, 79, 208, 335, 466, 85, 987, 96, 623, 115, 631)->[-2, (-1-1*r5), (1-1*r5), 0]
(256, 897, 1019, 1034, 1162, 780, 782, 656, 407, 546, 687, 306, 565, 1078, 440, 319, 329, 713, 87, 728, 858, 612, 741, 870, 620, 1009, 756, 635, 508, 763)->[-2, 0, (-1-1*r5), (-1+1*r5)]
(8, 138, 652, 544, 297, 939, 44, 941, 814, 1198, 817, 946, 1073, 695, 696, 56, 61, 318, 67, 195, 729, 93, 349, 861, 226, 482, 362, 1008, 247, 888)->[-2, (-1+1*r5), 0, (-1-1*r5)]
(1153, 1158, 647, 143, 400, 1041, 405, 791, 1047, 795, 414, 164, 805, 176, 308, 949, 822, 703, 194, 453, 454, 979, 596, 990, 872, 490, 491, 498, 501, 760)->[0, 0, 0, 4]
(770, 1026, 1029, 518, 391, 1032, 649, 778, 154, 670, 162, 549, 422, 298, 1195, 433, 568, 698, 839, 72, 1097, 331, 333, 81, 984, 613, 1127, 238, 1007, 758)->[2, (1+1*r5), (-1+1*r5), 0]
(386, 777, 907, 1165, 1168, 530, 411, 412, 34, 163, 291, 1187, 167, 808, 170, 825, 570, 574, 959, 1089, 963, 460, 1103, 214, 856, 221, 100, 744, 246, 251)->[0, (-1+1*r5), (1+1*r5), 2]
(773, 264, 147, 22, 664, 920, 794, 155, 161, 931, 552, 811, 1075, 59, 576, 972, 336, 1106, 855, 730, 604, 738, 358, 875, 748, 366, 881, 119, 637, 766)->[4, 0, 0, 0]
(1025, 1155, 783, 911, 659, 279, 24, 541, 416, 934, 423, 168, 682, 940, 1068, 1069, 694, 312, 186, 828, 976, 466, 851, 475, 95, 737, 104, 503, 634, 380)->[0, -4, 0, 0]
(1152, 643, 521, 1037, 142, 399, 144, 402, 285, 288, 930, 1067, 1196, 559, 311, 1083, 444, 447, 193, 579, 845, 849, 211, 468, 863, 998, 871, 494, 240, 1020)->[0, (-1+1*r5), (1+1*r5), -2]
(523, 916, 662, 156, 543, 416, 159, 37, 934, 555, 940, 174, 1081, 188, 316, 446, 828, 1087, 1094, 717, 80, 466, 467, 85, 733, 1129, 879, 242, 245, 1143)->[(1-1*r5), (-1-1*r5), 0, -2]
(260, 655, 1041, 1045, 150, 408, 1185, 1066, 43, 46, 176, 434, 179, 308, 949, 55, 183, 57, 953, 572, 703, 324, 708, 969, 975, 84, 342, 1116, 98, 622)->[-2, (1-1*r5), 0, (1+1*r5)]
(389, 775, 392, 1164, 397, 1172, 280, 793, 542, 31, 417, 806, 1063, 175, 944, 689, 823, 571, 964, 71, 712, 202, 844, 974, 463, 479, 223, 621, 374, 767)->[2, -2, -2, 2]
(900, 517, 1160, 16, 531, 1043, 798, 1056, 33, 420, 1061, 810, 47, 943, 1071, 950, 829, 62, 450, 970, 222, 225, 355, 611, 485, 230, 624, 114, 375, 250)->[(-1-1*r5), (-1+1*r5), 2, 0]
(2, 260, 388, 390, 11, 787, 148, 789, 663, 671, 673, 1185, 933, 556, 46, 48, 816, 572, 962, 198, 842, 204, 1104, 472, 1116, 360, 233, 234, 1136, 629)->[(-1-1*r5), -2, 0, (-1+1*r5)]
(513, 521, 779, 399, 912, 1148, 1167, 1171, 661, 1150, 157, 30, 29, 684, 432, 435, 447, 328, 968, 727, 600, 90, 731, 92, 863, 1128, 1001, 882, 1020, 126)->[0, (1-1*r5), (1+1*r5), -2]
(770, 1028, 1159, 1032, 394, 145, 402, 785, 154, 803, 681, 171, 559, 444, 832, 68, 839, 73, 1097, 845, 849, 850, 602, 991, 995, 615, 1000, 367, 1017, 127)->[2, 2, 2, -2]
(1153, 519, 906, 1163, 400, 1041, 277, 667, 417, 805, 1063, 680, 689, 434, 179, 52, 564, 571, 712, 718, 975, 340, 343, 91, 869, 997, 490, 622, 117, 253)->[0, -2, (1-1*r5), (1+1*r5)]
(258, 647, 1036, 1174, 1177, 923, 42, 819, 704, 194, 706, 454, 457, 205, 852, 597, 218, 988, 480, 608, 121, 99, 491, 498, 1011, 632, 377, 1147, 765, 1151)->[2, (-1+1*r5), 0, (1+1*r5)]
(1026, 387, 9, 649, 529, 403, 1177, 923, 800, 169, 42, 1195, 948, 568, 59, 576, 72, 588, 716, 210, 597, 855, 604, 351, 358, 359, 377, 1144, 505, 1149)->[(1+1*r5), 2, 0, (-1+1*r5)]
(899, 134, 908, 529, 18, 1177, 794, 1179, 161, 931, 307, 948, 1080, 957, 192, 576, 1101, 721, 594, 605, 862, 99, 363, 1133, 1011, 121, 1147, 764, 1149, 766)->[(1+1*r5), 0, (-1+1*r5), 2]
(515, 1029, 273, 786, 534, 409, 797, 1054, 1184, 1189, 553, 681, 171, 698, 68, 966, 585, 1097, 459, 461, 471, 1123, 1127, 1000, 745, 1131, 1007, 1010, 122, 1022)->[(-1+1*r5), (1+1*r5), 0, -2]
(259, 1032, 649, 273, 22, 664, 1048, 800, 803, 676, 1189, 171, 811, 1074, 59, 958, 832, 200, 331, 850, 1106, 476, 351, 613, 486, 1127, 492, 1138, 1144, 1022)->[(1+1*r5), 2, 0, (1-1*r5)]
(1027, 277, 671, 929, 675, 678, 807, 1068, 1069, 816, 179, 564, 309, 183, 953, 186, 1082, 572, 831, 834, 197, 198, 718, 475, 737, 98, 229, 234, 623, 117)->[(1-1*r5), (-1-1*r5), 0, 2]
(9, 654, 1169, 534, 922, 286, 1184, 165, 1189, 1192, 1195, 184, 698, 958, 577, 459, 716, 333, 1102, 81, 212, 476, 351, 868, 613, 1125, 359, 751, 761, 507)->[2, (1+1*r5), (1-1*r5), 0]
(769, 898, 1027, 516, 1153, 1030, 909, 1039, 405, 533, 1045, 1047, 538, 675, 164, 942, 564, 949, 310, 183, 315, 831, 322, 324, 350, 101, 997, 489, 622, 253)->[0, -2, (-1+1*r5), (1+1*r5)]
(642, 6, 263, 136, 1160, 525, 271, 531, 152, 1180, 799, 32, 804, 172, 62, 450, 853, 1111, 736, 225, 357, 614, 231, 873, 372, 885, 506, 252, 125, 639)->[-2, (1+1*r5), (-1+1*r5), 0]
(640, 386, 133, 646, 907, 146, 1173, 539, 924, 1061, 167, 47, 943, 1071, 187, 827, 77, 1108, 215, 474, 375, 353, 481, 379, 627, 118, 246, 502, 378, 251)->[-2, 0, (1+1*r5), (-1+1*r5)]
(130, 131, 899, 651, 1170, 796, 931, 550, 424, 41, 429, 815, 177, 307, 1075, 189, 1090, 707, 1092, 465, 594, 216, 730, 477, 363, 366, 754, 119, 509, 894)->[(1+1*r5), (1-1*r5), 2, 0]
(260, 390, 646, 1039, 660, 1173, 538, 801, 675, 678, 43, 942, 309, 187, 835, 324, 708, 198, 327, 204, 337, 598, 474, 1120, 1121, 98, 739, 232, 233, 379)->[-2, -2, 2, 2]
(518, 263, 136, 648, 904, 1168, 657, 918, 411, 670, 799, 32, 928, 162, 163, 1187, 549, 1065, 566, 569, 207, 214, 984, 860, 1005, 500, 1013, 376, 252, 255)->[0, (1+1*r5), 2, (-1+1*r5)]
(393, 522, 917, 23, 282, 922, 36, 1192, 809, 1072, 820, 824, 441, 190, 840, 75, 1102, 601, 478, 352, 740, 361, 107, 111, 495, 751, 757, 759, 761, 123)->[0, (1+1*r5), -2, (-1+1*r5)]
(903, 267, 1040, 658, 1044, 406, 156, 159, 299, 555, 45, 814, 946, 563, 695, 951, 1079, 317, 67, 965, 584, 80, 848, 1119, 993, 879, 496, 247, 1145, 891)->[-2, (1-1*r5), 0, (-1-1*r5)]
(1158, 647, 905, 1036, 914, 23, 536, 40, 300, 431, 304, 819, 820, 60, 704, 711, 840, 74, 83, 979, 981, 988, 248, 743, 872, 361, 1135, 760, 504, 123)->[0, 2, (1-1*r5), (1+1*r5)]
(384, 517, 1146, 8, 525, 526, 527, 535, 285, 669, 288, 1056, 930, 420, 166, 1196, 558, 1073, 956, 450, 195, 332, 211, 226, 485, 614, 237, 888, 506, 639)->[-2, 2, 2, -2]
(524, 272, 406, 921, 1150, 668, 925, 30, 545, 548, 938, 299, 1070, 49, 697, 1081, 188, 701, 965, 717, 338, 339, 92, 1119, 879, 242, 883, 249, 1148, 126)->[-2, -2, 2, -2]
(258, 775, 10, 1164, 529, 403, 542, 547, 293, 42, 1199, 944, 192, 706, 71, 588, 336, 218, 732, 866, 358, 1126, 875, 108, 748, 369, 1011, 116, 764, 766)->[(1+1*r5), 0, (1-1*r5), 2]
(1, 257, 897, 776, 265, 268, 396, 14, 537, 926, 1190, 679, 821, 64, 1091, 838, 329, 713, 592, 977, 213, 345, 857, 347, 989, 1118, 735, 874, 756, 635)->[(-1-1*r5), (-1+1*r5), -2, 0]
(774, 781, 1038, 1166, 292, 1190, 679, 936, 946, 563, 821, 314, 61, 317, 451, 846, 719, 592, 848, 729, 857, 996, 362, 747, 493, 1008, 1015, 628, 887, 1145)->[(-1-1*r5), 0, (1-1*r5), -2]
(132, 903, 1040, 26, 28, 544, 421, 38, 39, 301, 1198, 690, 696, 196, 584, 334, 591, 341, 349, 354, 105, 364, 876, 496, 1140, 373, 247, 889, 892, 382)->[0, 0, 0, -4]
(512, 1154, 519, 1163, 783, 915, 1172, 277, 919, 793, 551, 168, 807, 682, 312, 826, 1082, 1086, 834, 712, 76, 844, 335, 463, 343, 475, 987, 626, 1012, 1018)->[0, (-1-1*r5), -2, (-1+1*r5)]
(641, 642, 900, 6, 777, 16, 657, 530, 1178, 283, 412, 32, 163, 1065, 427, 172, 47, 560, 829, 580, 715, 77, 207, 225, 481, 487, 627, 244, 246, 1021)->[-2, 2, 2, 2]
(769, 1025, 516, 261, 645, 1039, 533, 801, 674, 678, 423, 937, 688, 182, 58, 831, 961, 197, 589, 337, 851, 1110, 219, 737, 994, 229, 232, 499, 1014, 503)->[0, (-1-1*r5), 2, (-1+1*r5)]
(256, 1157, 522, 396, 21, 917, 281, 158, 35, 813, 304, 1078, 960, 1091, 456, 75, 977, 83, 86, 347, 478, 97, 620, 1135, 113, 1137, 756, 504, 123, 508)->[-2, 2, -2, 2]
(1034, 915, 404, 788, 932, 294, 296, 51, 952, 826, 1085, 452, 836, 458, 206, 335, 208, 722, 728, 96, 612, 999, 488, 1004, 365, 1134, 1009, 626, 1012, 1019)->[(1-1*r5), -2, (-1-1*r5), 0]
(384, 138, 526, 1043, 540, 33, 545, 420, 166, 45, 941, 49, 1079, 697, 61, 67, 587, 846, 848, 339, 726, 222, 1119, 996, 493, 877, 625, 888, 250, 381)->[(-1-1*r5), 0, (-1+1*r5), -2]
(514, 133, 645, 524, 792, 938, 432, 435, 182, 185, 58, 701, 66, 835, 968, 980, 598, 474, 92, 1120, 353, 356, 232, 1128, 1006, 752, 499, 118, 249, 378)->[(1-1*r5), -2, (1+1*r5), 0]
(515, 1029, 904, 1033, 778, 1180, 799, 1184, 162, 802, 165, 935, 433, 569, 699, 190, 577, 585, 333, 461, 601, 740, 231, 1002, 111, 368, 751, 372, 376, 125)->[0, 4, 0, 0]
(641, 4, 135, 648, 1165, 143, 1168, 530, 275, 1174, 414, 1065, 431, 560, 194, 323, 1096, 457, 1103, 988, 221, 94, 990, 743, 760, 244, 500, 248, 765, 255)->[0, 2, (-1+1*r5), (1+1*r5)]
(1, 262, 141, 16, 531, 21, 1050, 283, 1178, 798, 158, 804, 1191, 172, 813, 325, 838, 970, 715, 977, 1109, 1111, 1118, 735, 736, 97, 1122, 355, 484, 1124)->[(-1-1*r5), 2, 0, (-1+1*r5)]
(133, 517, 142, 526, 272, 527, 146, 1043, 540, 285, 30, 924, 1061, 938, 558, 1070, 435, 697, 830, 468, 980, 1108, 727, 600, 611, 998, 752, 625, 114, 1020)->[-2, 0, (1+1*r5), (1-1*r5)]
(388, 774, 776, 1034, 11, 12, 139, 1038, 1166, 404, 149, 789, 1188, 933, 679, 687, 48, 561, 306, 64, 581, 458, 719, 220, 96, 870, 999, 874, 631, 635)->[(-1-1*r5), (1-1*r5), -2, 0]
(896, 266, 784, 274, 278, 26, 28, 672, 421, 677, 39, 686, 178, 54, 442, 191, 705, 578, 69, 837, 462, 595, 599, 88, 859, 354, 370, 755, 636, 895)->[(-1+1*r5), 0, -2, (-1-1*r5)]
(256, 1157, 265, 12, 782, 148, 150, 407, 158, 933, 1191, 46, 561, 306, 57, 64, 962, 1091, 325, 713, 969, 342, 982, 472, 473, 735, 1122, 112, 753, 1137)->[(-1-1*r5), 0, (1-1*r5), 2]
(130, 772, 521, 394, 1037, 1167, 785, 402, 1042, 532, 1170, 665, 27, 157, 29, 429, 815, 305, 181, 193, 449, 579, 70, 330, 90, 991, 867, 995, 617, 754)->[2, 0, (1+1*r5), (1-1*r5)]
(7, 10, 269, 1169, 147, 403, 22, 286, 287, 800, 676, 552, 302, 303, 958, 586, 714, 210, 854, 217, 604, 865, 866, 868, 359, 492, 748, 371, 116, 890)->[(1+1*r5), (-1+1*r5), -2, 0]
(1157, 780, 528, 407, 536, 408, 281, 667, 546, 805, 40, 1066, 434, 691, 308, 453, 711, 979, 340, 342, 741, 869, 110, 239, 112, 113, 753, 1135, 501, 508)->[(1-1*r5), 0, -2, (1+1*r5)]
(770, 1028, 518, 136, 904, 778, 1033, 145, 401, 918, 669, 1054, 1186, 422, 553, 1067, 311, 956, 332, 461, 845, 211, 860, 357, 231, 871, 873, 1000, 1007, 506)->[0, (1+1*r5), 2, (1-1*r5)]
(385, 7, 137, 1164, 270, 920, 666, 155, 287, 1059, 552, 175, 692, 1076, 439, 448, 1088, 964, 582, 586, 971, 847, 336, 223, 738, 866, 108, 369, 374, 510)->[(1+1*r5), (1-1*r5), -2, 0]
(2, 388, 139, 1038, 668, 936, 556, 49, 53, 1079, 965, 1094, 79, 80, 338, 85, 1143, 89, 220, 993, 996, 360, 877, 1136, 242, 115, 628, 631, 1145, 381)->[(-1-1*r5), -2, 0, (1-1*r5)]
(385, 650, 395, 270, 784, 151, 666, 1052, 1182, 672, 289, 1197, 945, 178, 562, 692, 818, 191, 65, 833, 971, 1099, 983, 859, 992, 610, 483, 124, 638, 511)->[2, -2, -2, -2]
(1152, 132, 5, 772, 144, 1171, 295, 554, 684, 559, 305, 575, 193, 710, 328, 73, 591, 469, 90, 863, 864, 995, 615, 106, 618, 236, 876, 373, 382, 127)->[(-1+1*r5), 0, 2, (-1-1*r5)]
(131, 899, 389, 134, 775, 264, 153, 794, 31, 41, 175, 1199, 177, 50, 1075, 1076, 439, 954, 202, 593, 470, 1112, 734, 738, 619, 875, 1133, 369, 1142, 764)->[(1+1*r5), -2, 0, (-1+1*r5)]
(1025, 1161, 779, 659, 661, 662, 279, 792, 925, 1057, 674, 419, 937, 436, 1077, 438, 58, 828, 701, 1087, 66, 968, 717, 976, 1110, 1113, 731, 733, 883, 1150)->[0, (-1-1*r5), 2, (1-1*r5)]
(650, 395, 523, 653, 658, 1046, 151, 26, 156, 543, 672, 1055, 174, 430, 690, 951, 316, 321, 69, 1093, 584, 462, 606, 610, 228, 364, 884, 1140, 891, 895)->[0, -2, (1-1*r5), (-1-1*r5)]
(641, 642, 4, 141, 657, 21, 283, 804, 935, 427, 1072, 824, 569, 60, 323, 456, 74, 83, 853, 86, 601, 478, 484, 743, 361, 1002, 1005, 500, 252, 125)->[(1-1*r5), (1+1*r5), 0, 2]
(512, 783, 911, 276, 916, 1046, 919, 1176, 1055, 932, 551, 296, 1064, 940, 557, 174, 430, 562, 51, 826, 65, 833, 199, 206, 467, 610, 104, 1129, 634, 511)->[0, (-1-1*r5), -2, (1-1*r5)]
(768, 519, 1162, 528, 667, 546, 1058, 1063, 680, 691, 823, 1086, 844, 974, 725, 87, 986, 91, 1114, 612, 488, 365, 1134, 239, 243, 1012, 1141, 1018, 763, 767)->[0, (1-1*r5), (-1-1*r5), 2]
(128, 901, 520, 140, 910, 15, 19, 418, 802, 165, 1062, 809, 173, 184, 699, 966, 967, 585, 459, 1102, 723, 212, 352, 1123, 740, 616, 746, 1131, 495, 633)->[0, (1+1*r5), -2, (1-1*r5)]
(128, 896, 902, 13, 15, 17, 25, 927, 1183, 418, 683, 428, 693, 54, 1084, 583, 967, 209, 1105, 595, 88, 346, 742, 103, 746, 1132, 750, 880, 120, 636)->[0, (-1+1*r5), (-1-1*r5), -2]
(259, 771, 901, 20, 278, 534, 1022, 286, 418, 676, 685, 54, 705, 578, 837, 966, 714, 209, 723, 212, 985, 476, 1125, 486, 103, 1010, 371, 120, 122, 890)->[2, 2, -2, -2]
(393, 522, 396, 910, 271, 1175, 152, 537, 1180, 802, 935, 813, 824, 955, 190, 960, 82, 213, 86, 853, 1109, 989, 1118, 352, 736, 484, 616, 368, 633, 383)->[-2, (1+1*r5), (1-1*r5), 0]
(128, 897, 520, 393, 656, 913, 282, 284, 926, 290, 35, 36, 809, 173, 565, 443, 960, 1098, 75, 213, 345, 346, 347, 858, 620, 1132, 750, 880, 633, 383)->[(1-1*r5), 2, (-1-1*r5), 0]
(130, 387, 773, 785, 1042, 790, 1048, 1179, 161, 425, 298, 307, 948, 702, 449, 707, 839, 72, 330, 331, 721, 850, 1106, 855, 730, 602, 238, 1144, 1017, 894)->[(1+1*r5), (-1+1*r5), 2, 0]
(129, 1155, 1161, 659, 1049, 541, 674, 1060, 423, 424, 688, 177, 436, 567, 954, 1090, 1092, 841, 593, 1107, 724, 470, 1113, 477, 609, 994, 241, 1014, 1142, 380)->[2, (-1-1*r5), (-1+1*r5), 0]
(644, 134, 1030, 651, 398, 533, 153, 796, 41, 688, 310, 1080, 961, 326, 1100, 589, 590, 1101, 593, 594, 1107, 724, 219, 605, 477, 734, 224, 101, 489, 893)->[2, -2, 2, 2]
(135, 908, 1165, 398, 143, 18, 1047, 291, 1193, 170, 822, 1080, 315, 959, 322, 454, 201, 457, 460, 205, 590, 1100, 596, 1115, 350, 94, 862, 489, 632, 121)->[(-1+1*r5), 0, 2, (1+1*r5)]
(650, 653, 1176, 927, 1183, 677, 296, 1064, 428, 812, 430, 947, 437, 952, 445, 1085, 191, 69, 1093, 464, 1105, 722, 595, 599, 348, 483, 1004, 1016, 638, 511)->[0, (1-1*r5), (-1-1*r5), -2]
(896, 266, 1035, 652, 17, 19, 278, 409, 797, 421, 1062, 939, 301, 685, 696, 56, 1084, 196, 720, 209, 723, 471, 1117, 482, 746, 1131, 497, 755, 122, 892)->[0, 2, (1-1*r5), (-1-1*r5)]
(387, 391, 908, 275, 790, 1174, 923, 670, 928, 1187, 568, 313, 957, 702, 959, 963, 721, 1115, 221, 94, 480, 744, 238, 1013, 758, 632, 505, 1147, 1149, 255)->[2, 2, 2, 2]
(137, 269, 280, 410, 1051, 547, 944, 823, 573, 1088, 455, 586, 725, 854, 344, 1114, 732, 223, 865, 102, 1130, 108, 109, 621, 749, 243, 116, 1139, 1141, 762)->[2, 0, (-1-1*r5), (-1+1*r5)]
(774, 902, 14, 149, 413, 290, 292, 294, 1190, 683, 428, 687, 947, 437, 565, 314, 445, 1085, 319, 451, 452, 329, 458, 1098, 728, 345, 742, 874, 1132, 630)->[-2, 0, (-1-1*r5), (1-1*r5)]
(139, 523, 276, 149, 1044, 1046, 1188, 294, 1064, 555, 563, 947, 951, 446, 321, 451, 1093, 1094, 206, 719, 208, 467, 993, 999, 1004, 115, 628, 630, 887, 1016)->[-2, -2, -2, -2]
(515, 8, 1033, 140, 525, 910, 271, 401, 786, 1175, 1054, 1062, 297, 44, 56, 699, 955, 63, 332, 720, 471, 861, 1123, 357, 237, 368, 497, 372, 885, 1146)->[(1-1*r5), (1+1*r5), 0, -2]
(1158, 141, 655, 791, 408, 536, 1050, 1178, 160, 427, 703, 323, 453, 456, 969, 74, 1096, 84, 473, 990, 248, 97, 1122, 487, 113, 753, 1137, 244, 504, 1021)->[-2, (-1+1*r5), 0, (1+1*r5)]
(768, 1024, 902, 1162, 13, 913, 25, 410, 290, 1058, 1194, 812, 437, 440, 952, 443, 573, 319, 452, 836, 464, 1105, 725, 346, 858, 607, 102, 365, 1139, 1019)->[0, 0, -4, 0]
(384, 1, 257, 1146, 1160, 268, 781, 152, 537, 44, 941, 817, 1073, 821, 955, 63, 846, 82, 1109, 726, 1111, 355, 1124, 485, 230, 1008, 885, 1015, 250, 639)->[(-1-1*r5), 2, 0, (1-1*r5)]
(386, 6, 263, 411, 412, 669, 288, 1056, 1186, 558, 566, 825, 829, 62, 830, 1089, 77, 207, 978, 468, 1108, 215, 860, 611, 614, 871, 873, 494, 240, 375)->[(1-1*r5), 2, (1+1*r5), 0]
(964, 397, 374, 847)->[(1+1*r5), (-1-1*r5), (-1-1*r5), (3-1*r5)]
(321, 891, 1044, 951)->[-2, -2, -2, (0-2*r5)]
(328, 882, 1171, 710)->[0, (1-1*r5), (1+1*r5), (0-2*r5)]
(1077, 419, 709, 438)->[(-1+1*r5), -4, 2, (-1-1*r5)]
(201, 398, 1100, 326)->[2, (1-1*r5), 4, (1+1*r5)]
(1009, 612, 1134, 87)->[-2, -2, (0-2*r5), 2]
(1010, 122, 797, 685)->[2, (1+1*r5), (1-1*r5), -4]
(175, 964, 439, 31)->[4, (-1-1*r5), -2, (-1+1*r5)]
(353, 378, 514, 502)->[(1-1*r5), (1-1*r5), (3+1*r5), (-1+1*r5)]
(410, 1139, 109, 607)->[(-1+1*r5), (-1+1*r5), (-3-1*r5), (-1+1*r5)]
(388, 220, 789, 556)->[(-3-1*r5), -2, (-3+1*r5), 0]
(705, 442, 771, 578)->[(1+1*r5), (3-1*r5), (-1-1*r5), (-1-1*r5)]
(277, 807, 117, 343)->[(1-1*r5), -4, -2, (1+1*r5)]
(1067, 930, 211, 956)->[(-3+1*r5), (1+1*r5), (1+1*r5), (-1-1*r5)]
(426, 973, 1095, 1023)->[(0+2*r5), (1-1*r5), 0, (-1-1*r5)]
(1070, 1148, 30, 727)->[-2, (1-1*r5), 4, (-1-1*r5)]
(240, 1186, 871, 311)->[0, (1+1*r5), (0+2*r5), (1-1*r5)]
(603, 235, 973, 78)->[4, 0, 0, -4]
(360, 89, 673, 556)->[(-3-1*r5), -2, (3-1*r5), 0]
(304, 840, 123, 917)->[(-3+1*r5), (1+1*r5), (-1-1*r5), (1+1*r5)]
(1051, 843, 749, 455)->[2, (-1+1*r5), -4, (1+1*r5)]
(503, 541, 1014, 423)->[(-1+1*r5), (-3-1*r5), (-1+1*r5), (-1+1*r5)]
(883, 188, 717, 662)->[-2, (0-2*r5), 2, -2]
(57, 969, 84, 473)->[-4, 0, 0, 4]
(997, 906, 253, 909)->[(-1+1*r5), (-1-1*r5), 0, (0+2*r5)]
(218, 42, 588, 597)->[4, 2, (1-1*r5), (1+1*r5)]
(618, 1003, 469, 575)->[2, -2, 2, (0-2*r5)]
(160, 580, 1021, 487)->[(-1-1*r5), (-1+1*r5), 2, 4]
(320, 575, 5, 295)->[(1+1*r5), (1-1*r5), 2, -4]
(512, 626, 51, 826)->[0, -4, -4, 0]
(9, 169, 716, 654)->[(1+1*r5), 4, (1-1*r5), 2]
(128, 173, 750, 967)->[(1-1*r5), (1+1*r5), -4, -2]
(663, 671, 816, 623)->[(-1-1*r5), (0-2*r5), 0, (-1+1*r5)]
(8, 1073, 1146, 44)->[(-1-1*r5), (1+1*r5), (3-1*r5), (-1-1*r5)]
(822, 498, 205, 454)->[2, 0, (3-1*r5), (3+1*r5)]
(928, 984, 670, 758)->[2, 4, (1+1*r5), (-1+1*r5)]
(560, 777, 530, 1103)->[(1-1*r5), 2, (1+1*r5), 4]
(401, 956, 332, 237)->[(1-1*r5), 4, 2, (-1-1*r5)]
(17, 1084, 693, 1117)->[(1-1*r5), 2, (-1-1*r5), -4]
(832, 273, 171, 68)->[(1+1*r5), (1+1*r5), (3-1*r5), (-1-1*r5)]
(730, 894, 773, 366)->[(3+1*r5), 0, 2, (-3+1*r5)]
(24, 466, 37, 416)->[-2, (-3-1*r5), 0, (-3+1*r5)]
(600, 1020, 998, 447)->[(-3+1*r5), 0, (3+1*r5), -2]
(976, 828, 934, 1087)->[0, (-3-1*r5), (3-1*r5), -2]
(408, 308, 453, 703)->[-2, 0, (-3+1*r5), (3+1*r5)]
(881, 189, 366, 119)->[(3+1*r5), (1-1*r5), (-1+1*r5), (1-1*r5)]
(1112, 202, 479, 31)->[(1+1*r5), -4, (1-1*r5), 2]
(481, 900, 943, 47)->[-4, (-1+1*r5), (1+1*r5), 2]
(472, 561, 789, 933)->[(-3-1*r5), (1-1*r5), (1-1*r5), (-1+1*r5)]
(1099, 483, 348, 638)->[2, -2, (0-2*r5), -2]
(2, 11, 388, 631)->[(0-2*r5), (-1-1*r5), (1-1*r5), 0]
(1104, 673, 787, 1181)->[(-3-1*r5), (1-1*r5), (-1+1*r5), (-1+1*r5)]
(360, 629, 1136, 53)->[(0-2*r5), (-1-1*r5), (-1+1*r5), 0]
(609, 203, 1060, 1049)->[(1+1*r5), -4, (-1+1*r5), -2]
(869, 91, 667, 691)->[0, (1-1*r5), (-1-1*r5), (0+2*r5)]
(1147, 1177, 923, 1149)->[4, 2, (-1+1*r5), (1+1*r5)]
(800, 359, 958, 351)->[(0+2*r5), (1+1*r5), (1-1*r5), 0]
(1080, 18, 1101, 590)->[(1+1*r5), (1-1*r5), 2, 4]
(465, 180, 189, 509)->[(0+2*r5), -2, 2, -2]
(712, 1172, 571, 1163)->[(-1+1*r5), -4, -2, (1+1*r5)]
(1032, 850, 331, 839)->[4, (1+1*r5), 2, (1-1*r5)]
(392, 417, 906, 571)->[2, (-1-1*r5), (1-1*r5), 4]
(985, 1138, 259, 486)->[4, 2, (1-1*r5), (-1-1*r5)]
(953, 179, 117, 975)->[-2, (-1-1*r5), (1-1*r5), 4]
(185, 514, 1006, 415)->[0, -2, (3+1*r5), (3-1*r5)]
(184, 1125, 212, 901)->[2, 4, (-1-1*r5), (1-1*r5)]
(1041, 1153, 949, 622)->[(-3+1*r5), -2, 0, (3+1*r5)]
(400, 490, 795, 52)->[(-1+1*r5), (1-1*r5), (1-1*r5), (3+1*r5)]
(152, 955, 885, 271)->[(-1-1*r5), (0+2*r5), 0, (1-1*r5)]
(617, 1001, 157, 1167)->[(-1+1*r5), (1-1*r5), (3+1*r5), (1-1*r5)]
(33, 114, 1043, 625)->[(0-2*r5), 0, (1+1*r5), (1-1*r5)]
(829, 375, 77, 47)->[(-1-1*r5), 2, 4, (-1+1*r5)]
(611, 1108, 1061, 375)->[(-1-1*r5), (-1+1*r5), (0+2*r5), 0]
(353, 474, 379, 598)->[-2, -2, (0+2*r5), 2]
(249, 356, 524, 548)->[(-1-1*r5), (-1-1*r5), (1+1*r5), (-3+1*r5)]
(376, 569, 1002, 1005)->[0, (3+1*r5), (3-1*r5), 2]
(757, 282, 36, 284)->[0, (1+1*r5), (0-2*r5), (-1+1*r5)]
(176, 703, 791, 655)->[-2, 0, (3-1*r5), (3+1*r5)]
(563, 1044, 317, 887)->[(-1-1*r5), (1-1*r5), -2, -4]
(1121, 43, 708, 55)->[(-1-1*r5), (1-1*r5), 2, 4]
(40, 281, 304, 1135)->[(1-1*r5), 2, (-1-1*r5), 4]
(848, 946, 67, 61)->[-4, 0, 0, -4]
(527, 540, 166, 526)->[(-1-1*r5), (3-1*r5), (1+1*r5), (-1-1*r5)]
(339, 45, 406, 1119)->[(-1-1*r5), (1-1*r5), 2, -4]
(280, 547, 944, 71)->[(1+1*r5), (-3+1*r5), (-1-1*r5), (1+1*r5)]
(1089, 825, 34, 978)->[0, 2, (3+1*r5), (3-1*r5)]
(1, 1109, 537, 1118)->[(0-2*r5), (1+1*r5), (1-1*r5), 0]
(592, 292, 14, 1190)->[-4, (-1+1*r5), (-1-1*r5), -2]
(288, 211, 669, 871)->[(1-1*r5), (1+1*r5), 4, -2]
(289, 818, 945, 1095)->[4, -2, (1-1*r5), (-1-1*r5)]
(424, 1090, 1060, 509)->[4, (-1-1*r5), 2, (1-1*r5)]
(544, 652, 301, 696)->[(-3+1*r5), 2, 0, (-3-1*r5)]
(1000, 1097, 770, 1007)->[2, (0+2*r5), 2, -2]
(312, 834, 475, 1069)->[(1-1*r5), (-3-1*r5), (1-1*r5), (-1+1*r5)]
(760, 194, 988, 647)->[(3-1*r5), 2, 0, (3+1*r5)]
(800, 59, 604, 22)->[(3+1*r5), 2, (-3+1*r5), 0]
(386, 412, 77, 246)->[-2, 2, (0+2*r5), 2]
(688, 1107, 219, 1014)->[2, (0-2*r5), 2, 2]
(266, 837, 685, 278)->[2, 2, -2, (0-2*r5)]
(544, 349, 341, 318)->[(1-1*r5), (-1+1*r5), (-1+1*r5), (-3-1*r5)]
(555, 523, 156, 951)->[-2, (-1-1*r5), (1-1*r5), -4]
(256, 713, 1091, 756)->[-4, (-1+1*r5), (-1-1*r5), 2]
(464, 722, 836, 952)->[0, -2, (-3-1*r5), (-3+1*r5)]
(1196, 285, 142, 527)->[-2, (-1+1*r5), 4, (-1-1*r5)]
(938, 435, 92, 30)->[-2, -2, (0+2*r5), -2]
(697, 339, 540, 1070)->[(-1-1*r5), (-3+1*r5), (1+1*r5), (-1-1*r5)]
(248, 74, 323, 743)->[(1-1*r5), (1+1*r5), 0, (0+2*r5)]
(432, 185, 1128, 1001)->[0, -2, (3+1*r5), (-3+1*r5)]
(921, 882, 1148, 126)->[(1-1*r5), -2, (1+1*r5), -4]
(744, 313, 963, 574)->[2, 2, (0+2*r5), 2]
(577, 81, 433, 333)->[2, (3+1*r5), 0, (3-1*r5)]
(819, 988, 765, 431)->[(-1+1*r5), (1+1*r5), 0, (0+2*r5)]
(168, 1082, 475, 1068)->[0, (-3-1*r5), (-3+1*r5), 2]
(97, 1122, 158, 1137)->[-4, 2, (1-1*r5), (1+1*r5)]
(288, 468, 285, 558)->[-2, 2, (0+2*r5), -2]
(728, 458, 1034, 687)->[(-1-1*r5), (1-1*r5), (0-2*r5), 0]
(224, 961, 589, 261)->[(-1+1*r5), (-1-1*r5), 4, 2]
(40, 914, 110, 711)->[0, (-1+1*r5), (-1-1*r5), (0+2*r5)]
(441, 922, 507, 761)->[2, 4, (-1-1*r5), (-1+1*r5)]
(88, 17, 755, 896)->[0, (-1+1*r5), (-1-1*r5), (0-2*r5)]
(112, 741, 782, 407)->[(-1-1*r5), (-3+1*r5), (-1-1*r5), (1+1*r5)]
(977, 1091, 158, 735)->[(0-2*r5), 2, -2, 2]
(476, 1189, 534, 1022)->[(1+1*r5), 4, (1-1*r5), -2]
(778, 1029, 461, 1007)->[(-1+1*r5), (3+1*r5), (-1+1*r5), (1-1*r5)]
(785, 394, 1042, 1017)->[(1+1*r5), 2, 4, (1-1*r5)]
(1053, 1003, 709, 886)->[2, (-1-1*r5), (-1+1*r5), -4]
(658, 156, 543, 159)->[(1-1*r5), (-1-1*r5), 0, (0-2*r5)]
(854, 1130, 302, 865)->[(1+1*r5), (-1+1*r5), (0-2*r5), 0]
(113, 753, 1157, 1137)->[(-1-1*r5), (-1+1*r5), -2, 4]
(145, 1067, 444, 845)->[(3-1*r5), (1+1*r5), (1+1*r5), (-1-1*r5)]
(128, 520, 880, 15)->[0, (1+1*r5), (0-2*r5), (1-1*r5)]
(314, 747, 292, 413)->[(-1-1*r5), (3-1*r5), (-1-1*r5), (-1-1*r5)]
(264, 738, 155, 1076)->[(3+1*r5), -2, (-3+1*r5), 0]
(368, 1180, 372, 271)->[-2, (3+1*r5), 0, (-3+1*r5)]
(337, 538, 769, 1039)->[(-3+1*r5), (-1-1*r5), (1+1*r5), (1+1*r5)]
(641, 323, 244, 427)->[-2, (1+1*r5), (-1+1*r5), 4]
(473, 1050, 1122, 1191)->[(0-2*r5), (-1+1*r5), 0, (1+1*r5)]
(649, 1195, 613, 351)->[4, 4, 0, 0]
(160, 655, 84, 55)->[(-1-1*r5), 0, (-1+1*r5), (0+2*r5)]
(62, 225, 829, 6)->[(-1-1*r5), (1+1*r5), (1+1*r5), (3-1*r5)]
(528, 986, 691, 110)->[0, 0, -4, 4]
(833, 610, 1055, 151)->[(-1+1*r5), -4, -2, (-1-1*r5)]
(1193, 898, 315, 350)->[0, (1-1*r5), (1+1*r5), (0+2*r5)]
(482, 939, 1117, 93)->[-2, 2, -2, (0-2*r5)]
(144, 554, 1083, 1152)->[0, (-1+1*r5), (1+1*r5), (0-2*r5)]
(442, 178, 859, 983)->[(1+1*r5), (-3+1*r5), (-1-1*r5), (-1-1*r5)]
(33, 587, 950, 222)->[(-3-1*r5), 0, 2, (-3+1*r5)]
(250, 726, 222, 230)->[(-3-1*r5), (-1+1*r5), (-1+1*r5), (1-1*r5)]
(865, 762, 269, 303)->[(1+1*r5), 2, -4, (-1+1*r5)]
(434, 340, 1066, 975)->[-2, -2, -2, (0+2*r5)]
(916, 467, 276, 446)->[-2, (0-2*r5), -2, -2]
(1081, 299, 879, 159)->[-2, (-1-1*r5), (-1+1*r5), -4]
(441, 227, 757, 759)->[(-1+1*r5), (1+1*r5), -4, 2]
(392, 202, 50, 389)->[(1+1*r5), (-1-1*r5), (-3+1*r5), (1+1*r5)]
(1186, 918, 860, 566)->[0, 4, 4, 0]
(968, 92, 701, 1150)->[(1-1*r5), (-1-1*r5), 4, -2]
(944, 1164, 108, 223)->[4, (1-1*r5), (-1-1*r5), 2]
(1018, 915, 1012, 1134)->[(1-1*r5), (-1-1*r5), -4, 2]
(316, 245, 606, 543)->[0, -4, 0, -4]
(193, 90, 521, 863)->[(-1+1*r5), 0, (0+2*r5), (-1-1*r5)]
(904, 162, 778, 518)->[(3-1*r5), (3+1*r5), 2, 0]
(856, 570, 100, 878)->[(3-1*r5), 0, (3+1*r5), 2]
(873, 506, 669, 614)->[-2, 4, (1+1*r5), (1-1*r5)]
(656, 35, 620, 1078)->[-2, 2, (0-2*r5), 2]
(665, 532, 70, 1031)->[2, (3-1*r5), (3+1*r5), 0]
(729, 946, 317, 814)->[(-1-1*r5), 0, (1-1*r5), (0-2*r5)]
(457, 194, 454, 143)->[(-1+1*r5), (-1+1*r5), (-1+1*r5), (3+1*r5)]
(1176, 562, 638, 511)->[(-1+1*r5), (-1-1*r5), -4, -2]
(624, 539, 1071, 943)->[(0-2*r5), 0, (1+1*r5), (-1+1*r5)]
(219, 516, 533, 310)->[(-1+1*r5), -4, 2, (1+1*r5)]
(456, 504, 74, 83)->[-2, (1+1*r5), (1-1*r5), 4]
(1112, 241, 954, 1142)->[(1+1*r5), (0-2*r5), 0, (-1+1*r5)]
(248, 760, 1158, 990)->[(-3+1*r5), 2, 0, (3+1*r5)]
(204, 309, 198, 671)->[(-1-1*r5), -4, (-1+1*r5), 2]
(752, 146, 133, 118)->[(-1-1*r5), (1-1*r5), (0+2*r5), 0]
(1170, 867, 429, 550)->[(1+1*r5), (1-1*r5), (0+2*r5), 0]
(458, 149, 294, 999)->[(-1-1*r5), -2, -4, (1-1*r5)]
(1129, 634, 940, 934)->[0, (-3-1*r5), (-3+1*r5), -2]
(403, 604, 748, 358)->[(3+1*r5), (-1+1*r5), (1-1*r5), (-1+1*r5)]
(792, 937, 58, 182)->[0, -4, 4, 0]
(448, 666, 818, 270)->[(0+2*r5), -2, -2, -2]
(579, 643, 1037, 70)->[(-1+1*r5), (-1+1*r5), (3+1*r5), (1-1*r5)]
(1016, 947, 445, 630)->[-2, (1-1*r5), -4, (-1-1*r5)]
(1141, 986, 1114, 749)->[(-1+1*r5), 0, (0-2*r5), (1+1*r5)]
(520, 809, 282, 495)->[0, 4, -4, 0]
(705, 985, 837, 686)->[(1+1*r5), (-1+1*r5), -2, -4]
(1150, 661, 126, 925)->[(-3+1*r5), (-1-1*r5), (1+1*r5), (-1-1*r5)]
(1099, 971, 692, 510)->[(1+1*r5), -2, -4, (1-1*r5)]
(608, 169, 597, 377)->[(1+1*r5), (1+1*r5), (-3+1*r5), (1+1*r5)]
(539, 187, 660, 646)->[-4, (1-1*r5), (1+1*r5), 2]
(120, 20, 583, 103)->[2, 2, (0-2*r5), -2]
(989, 213, 926, 383)->[(-1-1*r5), (1+1*r5), (-1-1*r5), (-3+1*r5)]
(528, 546, 763, 780)->[(1-1*r5), 0, (0-2*r5), (1+1*r5)]
(960, 393, 522, 75)->[-2, 4, (-1-1*r5), (-1+1*r5)]
(105, 1035, 196, 301)->[(3-1*r5), 2, 0, (-3-1*r5)]
(627, 777, 251, 246)->[-2, (-1+1*r5), 4, (1+1*r5)]
(138, 67, 45, 695)->[(-1-1*r5), 0, (-1+1*r5), (0-2*r5)]
(354, 28, 38, 370)->[2, 0, (-3+1*r5), (-3-1*r5)]
(721, 387, 948, 1149)->[(0+2*r5), 2, 2, 2]
(139, 628, 1038, 719)->[(0-2*r5), -2, -2, -2]
(1025, 674, 659, 423)->[(3-1*r5), (-3-1*r5), 2, 0]
(1185, 708, 260, 390)->[-4, -2, (-1+1*r5), (1+1*r5)]
(794, 875, 764, 766)->[(3+1*r5), (-3+1*r5), 0, 2]
(106, 367, 615, 127)->[(1+1*r5), (-1+1*r5), 2, -4]
(796, 724, 477, 1092)->[(1+1*r5), (-1-1*r5), (1+1*r5), (3-1*r5)]
(531, 355, 1160, 1111)->[(0-2*r5), (1+1*r5), (-1+1*r5), 0]
(1008, 817, 362, 1015)->[-4, 2, (1-1*r5), (-1-1*r5)]
(1017, 154, 298, 839)->[(1+1*r5), (1+1*r5), (1+1*r5), (-3+1*r5)]
(890, 371, 20, 302)->[(1+1*r5), 2, -4, (1-1*r5)]
(706, 258, 293, 1151)->[(1+1*r5), 0, (1-1*r5), (0+2*r5)]
(154, 770, 1028, 422)->[2, 4, (1+1*r5), (1-1*r5)]
(672, 784, 395, 462)->[2, -2, -2, (0-2*r5)]
(1080, 862, 605, 398)->[(1+1*r5), (-3+1*r5), (1+1*r5), (1+1*r5)]
(89, 877, 587, 381)->[(-3-1*r5), (1-1*r5), (-1+1*r5), (1-1*r5)]
(743, 4, 60, 431)->[0, 4, 0, 4]
(808, 1193, 170, 460)->[0, 0, 4, 4]
(328, 513, 684, 469)->[(-1+1*r5), -2, (1+1*r5), -4]
(856, 201, 291, 460)->[(-1+1*r5), 0, (0+2*r5), (1+1*r5)]
(676, 476, 958, 286)->[4, (1+1*r5), -2, (1-1*r5)]
(566, 825, 411, 214)->[0, (1+1*r5), (0+2*r5), (-1+1*r5)]
(683, 428, 445, 927)->[(1-1*r5), 0, (0-2*r5), (-1-1*r5)]
(152, 736, 1109, 1111)->[-4, 4, 0, 0]
(329, 874, 635, 687)->[-4, 0, -4, 0]
(290, 858, 565, 319)->[-2, (3-1*r5), (-3-1*r5), 0]
(88, 595, 677, 927)->[0, 0, -4, -4]
(632, 121, 1147, 908)->[(1+1*r5), (-1+1*r5), 2, 4]
(769, 533, 961, 101)->[(3-1*r5), (-1-1*r5), (1+1*r5), (1+1*r5)]
(991, 995, 772, 127)->[(1+1*r5), (3-1*r5), (1+1*r5), (-1-1*r5)]
(299, 921, 267, 406)->[-2, -2, 2, (0-2*r5)]
(200, 664, 811, 637)->[(3+1*r5), (3-1*r5), 0, -2]
(1033, 515, 461, 1054)->[0, (3+1*r5), (3-1*r5), -2]
(217, 287, 582, 7)->[(0+2*r5), 0, (-1-1*r5), (1-1*r5)]
(833, 65, 557, 1197)->[2, (0-2*r5), -2, -2]
(1113, 609, 1161, 1077)->[2, (0-2*r5), 2, -2]
(1184, 698, 1029, 333)->[2, (3+1*r5), 0, (-3+1*r5)]
(1094, 115, 85, 446)->[(-1-1*r5), -4, (1-1*r5), -2]
(313, 425, 702, 790)->[(1+1*r5), 2, 4, (-1+1*r5)]
(384, 250, 420, 485)->[(0-2*r5), 2, 2, -2]
(736, 484, 853, 804)->[(-1-1*r5), (0+2*r5), 0, (-1+1*r5)]
(98, 675, 324, 183)->[-2, (-1-1*r5), (-1+1*r5), 4]
(401, 786, 1054, 553)->[0, (0+2*r5), (-1+1*r5), (-1-1*r5)]
(592, 257, 821, 1015)->[(0-2*r5), 2, -2, -2]
(680, 667, 340, 239)->[(1-1*r5), -2, (-1-1*r5), 4]
(733, 419, 245, 1087)->[0, (0-2*r5), (-1+1*r5), (-1-1*r5)]
(813, 484, 21, 86)->[(-1-1*r5), 4, (1-1*r5), 2]
(903, 695, 349, 247)->[-2, 0, (3-1*r5), (-3-1*r5)]
(740, 165, 1102, 751)->[(3-1*r5), (3+1*r5), -2, 0]
(714, 676, 259, 492)->[(0+2*r5), 2, -2, -2]
(727, 1020, 142, 399)->[(1-1*r5), 0, (0+2*r5), (-1-1*r5)]
(9, 210, 868, 359)->[4, (1+1*r5), -2, (-1+1*r5)]
(689, 91, 974, 1063)->[(-1+1*r5), -2, (-1-1*r5), 4]
(344, 1194, 573, 102)->[2, (-3+1*r5), (-3-1*r5), 0]
(668, 338, 548, 53)->[-4, (-1-1*r5), 2, (1-1*r5)]
(3, 124, 1052, 1197)->[(1+1*r5), -4, (1-1*r5), -2]
(1051, 547, 732, 1126)->[(1+1*r5), (3-1*r5), (-1-1*r5), (1+1*r5)]
(680, 1018, 519, 343)->[(-3+1*r5), (-1-1*r5), (-1-1*r5), (1+1*r5)]
(168, 682, 76, 694)->[(-1+1*r5), (-3-1*r5), (1-1*r5), (-1+1*r5)]
(936, 1166, 220, 1038)->[(-3-1*r5), (1-1*r5), (1-1*r5), (1-1*r5)]
(632, 457, 1174, 94)->[2, 2, 2, (0+2*r5)]
(480, 377, 923, 505)->[(1+1*r5), (1+1*r5), (3-1*r5), (1+1*r5)]
(193, 402, 995, 559)->[2, (-1+1*r5), 4, (-1-1*r5)]
(49, 338, 381, 545)->[(0-2*r5), -2, 2, -2]
(1133, 1101, 734, 134)->[4, -2, (-1+1*r5), (1+1*r5)]
(644, 909, 310, 1030)->[2, (-1-1*r5), (-1+1*r5), 4]
(240, 978, 643, 494)->[0, 2, (3+1*r5), (-3+1*r5)]
(412, 163, 411, 207)->[(1-1*r5), (1+1*r5), 4, 2]
(1104, 233, 660, 390)->[(0-2*r5), -2, 2, 2]
(767, 844, 1086, 463)->[(-1+1*r5), (-1-1*r5), -4, 2]
(976, 1113, 659, 1155)->[(-1+1*r5), (-3-1*r5), (-1+1*r5), (1-1*r5)]
(456, 97, 21, 141)->[(-1-1*r5), (1+1*r5), (-3+1*r5), (1+1*r5)]
(344, 137, 1088, 510)->[(1+1*r5), (1-1*r5), (0-2*r5), 0]
(1088, 621, 374, 223)->[(1+1*r5), -2, -4, (-1+1*r5)]
(96, 999, 1188, 208)->[(-1-1*r5), (-1-1*r5), (-1-1*r5), (-3+1*r5)]
(305, 90, 684, 29)->[2, (1-1*r5), 4, (-1-1*r5)]
(970, 810, 262, 798)->[(-3-1*r5), (-1+1*r5), (-1+1*r5), (-1+1*r5)]
(10, 732, 116, 269)->[4, (-1+1*r5), (-1-1*r5), 2]
(872, 979, 501, 711)->[0, (3-1*r5), -2, (3+1*r5)]
(618, 373, 334, 591)->[(-1+1*r5), (1-1*r5), (-1+1*r5), (-3-1*r5)]
(1041, 434, 308, 805)->[(1-1*r5), (1-1*r5), (1-1*r5), (3+1*r5)]
(846, 781, 493, 726)->[(-3-1*r5), (3-1*r5), 0, -2]
(1192, 922, 107, 654)->[2, (0+2*r5), -2, 2]
(936, 877, 996, 493)->[(-3-1*r5), (-3+1*r5), 0, -2]
(885, 525, 1146, 639)->[(-1-1*r5), 4, (-1+1*r5), -2]
(216, 754, 181, 1170)->[(1+1*r5), -2, 4, (1-1*r5)]
(451, 149, 774, 719)->[-4, (1-1*r5), (-1-1*r5), -2]
(416, 828, 662, 279)->[(1-1*r5), (-3-1*r5), (-1+1*r5), (1-1*r5)]
(816, 929, 234, 842)->[(-1-1*r5), -4, (1-1*r5), 2]
(449, 130, 894, 815)->[(0+2*r5), 0, (1+1*r5), (1-1*r5)]
(272, 249, 938, 752)->[(-1-1*r5), -2, 4, (1-1*r5)]
(208, 932, 276, 206)->[-2, -4, (-1-1*r5), (1-1*r5)]
(1059, 619, 1076, 439)->[(0+2*r5), (-1-1*r5), (1-1*r5), 0]
(241, 380, 541, 694)->[2, (-3-1*r5), 0, (3-1*r5)]
(480, 275, 765, 1174)->[2, (1+1*r5), (-1+1*r5), 4]
(914, 843, 300, 981)->[(-1+1*r5), 2, (-1-1*r5), 4]
(992, 65, 562, 199)->[2, -4, (-1-1*r5), (1-1*r5)]
(569, 252, 125, 799)->[(1-1*r5), (3+1*r5), (-1+1*r5), (-1+1*r5)]
(585, 515, 699, 1123)->[0, (3+1*r5), (-3+1*r5), -2]
(1115, 908, 957, 862)->[(1+1*r5), (3-1*r5), (1+1*r5), (1+1*r5)]
(1027, 564, 253, 718)->[0, -4, 0, 4]
(104, 634, 557, 95)->[(-1+1*r5), (-3-1*r5), (1-1*r5), (1-1*r5)]
(720, 409, 786, 471)->[0, 4, 0, -4]
(672, 650, 69, 191)->[(-1+1*r5), -2, (-1-1*r5), -4]
(184, 761, 1102, 495)->[(-1+1*r5), (0+2*r5), (-1-1*r5), 0]
(888, 138, 195, 166)->[(-1-1*r5), (-1+1*r5), 2, -4]
(806, 293, 542, 71)->[(1+1*r5), (1-1*r5), -2, 4]
(200, 1074, 603, 1138)->[(0+2*r5), (-1+1*r5), 0, (-1-1*r5)]
(793, 1154, 397, 463)->[2, -4, (-1-1*r5), (-1+1*r5)]
(915, 788, 987, 335)->[-2, -4, (-1-1*r5), (-1+1*r5)]
(664, 1048, 1106, 773)->[(3+1*r5), (-1+1*r5), (-1+1*r5), (1-1*r5)]
(281, 508, 780, 1078)->[-2, (-1+1*r5), -4, (1+1*r5)]
(504, 113, 536, 1135)->[-2, 2, -2, (0+2*r5)]
(928, 963, 1187, 214)->[(-1+1*r5), (1+1*r5), 4, 2]
(336, 369, 738, 875)->[(3+1*r5), (1-1*r5), (1-1*r5), (-1+1*r5)]
(472, 787, 148, 982)->[(-3-1*r5), (-3+1*r5), 0, 2]
(864, 105, 876, 382)->[(-1+1*r5), (-1+1*r5), (-1+1*r5), (-3-1*r5)]
(1000, 145, 681, 553)->[(-1+1*r5), 4, 2, (-1-1*r5)]
(960, 347, 396, 213)->[(-1-1*r5), (1+1*r5), (-1-1*r5), (3-1*r5)]
(929, 834, 987, 807)->[-2, (0-2*r5), -2, 2]
(801, 309, 197, 678)->[-2, (0-2*r5), 2, 2]
(1072, 601, 1002, 111)->[0, (3+1*r5), (-3+1*r5), 2]
(56, 297, 652, 720)->[(1-1*r5), (1+1*r5), 0, (0-2*r5)]
(1105, 428, 437, 902)->[(-3+1*r5), 0, (-3-1*r5), -2]
(1096, 990, 414, 791)->[(1-1*r5), (-1+1*r5), (-1+1*r5), (3+1*r5)]
(889, 132, 710, 591)->[0, (-3+1*r5), 2, (-3-1*r5)]
(552, 147, 920, 287)->[(3+1*r5), 0, -2, (-3+1*r5)]
(1168, 1187, 221, 255)->[(3-1*r5), (1+1*r5), (1+1*r5), (1+1*r5)]
(400, 997, 1153, 405)->[(3-1*r5), -2, 0, (3+1*r5)]
(296, 722, 51, 1176)->[0, (-1-1*r5), (0-2*r5), (1-1*r5)]
(704, 300, 1036, 852)->[2, 2, -2, (0+2*r5)]
(315, 164, 1047, 596)->[0, (-3+1*r5), 2, (3+1*r5)]
(368, 802, 699, 910)->[(1-1*r5), (3+1*r5), (1-1*r5), (1-1*r5)]
(488, 626, 1012, 1086)->[0, (-1-1*r5), (0-2*r5), (-1+1*r5)]
(1160, 450, 485, 639)->[-4, (1+1*r5), 2, (1-1*r5)]
(947, 1004, 1085, 294)->[-2, -2, (0-2*r5), -2]
(977, 396, 813, 1118)->[-4, (1+1*r5), -2, (-1+1*r5)]
(489, 322, 590, 1030)->[2, -2, 2, (0+2*r5)]
(376, 433, 162, 549)->[(-1+1*r5), (3+1*r5), (-1+1*r5), (-1+1*r5)]
(424, 177, 131, 470)->[(0+2*r5), (-1-1*r5), (-1+1*r5), 0]
(96, 788, 404, 581)->[(-1-1*r5), (-1-1*r5), (-1-1*r5), (3-1*r5)]
(80, 242, 965, 879)->[(-1-1*r5), (-1-1*r5), (3-1*r5), (-1-1*r5)]
(363, 307, 1179, 707)->[(0+2*r5), 0, (1+1*r5), (-1+1*r5)]
(666, 692, 582, 983)->[4, (1-1*r5), (-1-1*r5), -2]
(880, 346, 443, 13)->[0, 2, (-3-1*r5), (-3+1*r5)]
(1105, 25, 812, 1183)->[(3-1*r5), 0, (-3-1*r5), -2]
(298, 790, 238, 758)->[(1+1*r5), (1+1*r5), (1+1*r5), (3-1*r5)]
(32, 657, 642, 252)->[-2, (0+2*r5), 2, 2]
(1131, 1123, 1062, 471)->[0, (0+2*r5), (1-1*r5), (-1-1*r5)]
(1089, 386, 907, 215)->[(1-1*r5), (-1+1*r5), (3+1*r5), (-1+1*r5)]
(43, 324, 1045, 942)->[-2, -2, 2, (0+2*r5)]
(1056, 611, 517, 558)->[(-1-1*r5), 2, 4, (1-1*r5)]
(795, 498, 491, 1151)->[2, 0, (-3+1*r5), (3+1*r5)]
(1152, 73, 444, 559)->[(-1+1*r5), 2, (1+1*r5), -4]
(841, 1155, 380, 95)->[2, (-3-1*r5), 0, (-3+1*r5)]
(1120, 835, 356, 327)->[(-1-1*r5), (-1-1*r5), (1+1*r5), (3-1*r5)]
(776, 857, 1166, 679)->[(-3-1*r5), 0, -2, (-3+1*r5)]
(123, 361, 83, 478)->[(1-1*r5), 4, -2, (1+1*r5)]
(355, 1124, 230, 798)->[(-3-1*r5), 2, (3-1*r5), 0]
(912, 1167, 29, 181)->[2, -2, (0+2*r5), -2]
(48, 962, 12, 933)->[(0-2*r5), -2, -2, 2]
(1165, 221, 94, 959)->[(-1+1*r5), 2, (1+1*r5), 4]
(26, 1140, 462, 354)->[(-1+1*r5), (1-1*r5), (1-1*r5), (-3-1*r5)]
(779, 1057, 731, 912)->[(-1+1*r5), (-1-1*r5), 4, -2]
(137, 586, 854, 7)->[4, 0, -4, 0]
(696, 939, 892, 1198)->[(1-1*r5), (-1+1*r5), (1-1*r5), (-3-1*r5)]
(869, 490, 805, 501)->[0, (-3+1*r5), -2, (3+1*r5)]
(448, 155, 972, 920)->[(3+1*r5), (1-1*r5), (1-1*r5), (1-1*r5)]
(440, 768, 1162, 763)->[(-3+1*r5), 0, (-3-1*r5), 2]
(408, 753, 969, 342)->[(-1-1*r5), 0, (1-1*r5), (0+2*r5)]
(129, 1161, 436, 1057)->[2, -4, (1+1*r5), (1-1*r5)]
(924, 1108, 830, 215)->[-2, (3-1*r5), (3+1*r5), 0]
(232, 801, 1120, 645)->[-2, -4, (1+1*r5), (-1+1*r5)]
(568, 505, 1026, 391)->[(1+1*r5), 4, (-1+1*r5), 2]
(576, 529, 358, 766)->[(3+1*r5), (3-1*r5), 0, 2]
(203, 1156, 1053, 254)->[(1+1*r5), (-1-1*r5), (3-1*r5), (-1-1*r5)]
(594, 363, 651, 605)->[4, (1-1*r5), (1+1*r5), 2]
(336, 552, 748, 866)->[(3+1*r5), 0, -2, (3-1*r5)]
(144, 1171, 863, 399)->[0, 0, 4, -4]
(808, 827, 251, 167)->[(1-1*r5), 0, (0+2*r5), (1+1*r5)]
(1184, 585, 459, 165)->[(-1+1*r5), (3+1*r5), (1-1*r5), (1-1*r5)]
(57, 1185, 148, 46)->[(0-2*r5), (1-1*r5), 0, (1+1*r5)]
(937, 674, 994, 436)->[(-1+1*r5), (0-2*r5), (1+1*r5), 0]
(226, 195, 318, 535)->[-2, 2, 2, (0-2*r5)]
(913, 443, 284, 607)->[0, 2, (-3-1*r5), (3-1*r5)]
(1025, 851, 1110, 279)->[(-3+1*r5), (-3-1*r5), 2, 0]
(116, 586, 108, 866)->[(0+2*r5), 0, (-1-1*r5), (-1+1*r5)]
(953, 234, 572, 1116)->[(-1-1*r5), (-1-1*r5), (-3+1*r5), (1+1*r5)]
(465, 754, 27, 815)->[4, (1-1*r5), (1+1*r5), -2]
(1124, 1, 268, 838)->[(-3-1*r5), 2, (-3+1*r5), 0]
(395, 884, 1182, 151)->[2, (-1-1*r5), (1-1*r5), -4]
(345, 329, 897, 565)->[(-1-1*r5), (-1+1*r5), (0-2*r5), 0]
(737, 1068, 229, 503)->[0, (-3-1*r5), (3-1*r5), 2]
(120, 578, 636, 54)->[2, (-1+1*r5), -4, (-1-1*r5)]
(72, 649, 331, 1144)->[(0+2*r5), (1+1*r5), (-1+1*r5), 0]
(305, 27, 772, 295)->[(1+1*r5), (-3+1*r5), (1+1*r5), (-1-1*r5)]
(161, 730, 307, 931)->[(3+1*r5), 0, 2, (3-1*r5)]
(536, 979, 453, 1158)->[(1-1*r5), (-1+1*r5), (1-1*r5), (3+1*r5)]
(496, 690, 658, 584)->[(-3+1*r5), -2, 0, (-3-1*r5)]
(1056, 450, 614, 62)->[(-1-1*r5), (1+1*r5), (1+1*r5), (-3+1*r5)]
(176, 1045, 164, 949)->[(1-1*r5), (1-1*r5), (-1+1*r5), (3+1*r5)]
(1129, 316, 174, 1055)->[0, (0-2*r5), (1-1*r5), (-1-1*r5)]
(153, 50, 644, 734)->[(1+1*r5), (-1-1*r5), (3-1*r5), (1+1*r5)]
(962, 150, 1116, 46)->[-4, -2, (1-1*r5), (1+1*r5)]
(823, 243, 621, 767)->[2, -2, (0-2*r5), 2]
(593, 41, 177, 477)->[4, (-1-1*r5), 2, (-1+1*r5)]
(352, 802, 740, 190)->[(-3+1*r5), (3+1*r5), -2, 0]
(66, 883, 524, 701)->[-2, -4, (1+1*r5), (1-1*r5)]
(952, 1085, 452, 437)->[(1-1*r5), (1-1*r5), (-3-1*r5), (1-1*r5)]
(624, 810, 1181, 950)->[(-3-1*r5), 0, 2, (3-1*r5)]
(64, 265, 776, 561)->[(-3-1*r5), 0, -2, (3-1*r5)]
(1013, 549, 670, 391)->[2, (0+2*r5), 2, 2]
(1027, 516, 229, 831)->[0, (0-2*r5), (-1+1*r5), (1+1*r5)]
(755, 892, 421, 39)->[0, (3-1*r5), -2, (-3-1*r5)]
(737, 186, 851, 197)->[(1-1*r5), (-3-1*r5), (-1+1*r5), (-1+1*r5)]
(104, 919, 682, 783)->[(3-1*r5), (-3-1*r5), -2, 0]
(178, 483, 599, 191)->[2, (1-1*r5), -4, (-1-1*r5)]
(746, 19, 1084, 967)->[(-3+1*r5), (1+1*r5), (-1-1*r5), (-1-1*r5)]
(24, 186, 1069, 623)->[-2, (-3-1*r5), 0, (3-1*r5)]
(1199, 389, 542, 775)->[4, -2, (1-1*r5), (1+1*r5)]
(648, 1005, 4, 500)->[0, (0+2*r5), (-1+1*r5), (1+1*r5)]
(849, 394, 1037, 402)->[2, 2, (0+2*r5), -2]
(905, 107, 820, 23)->[(-1+1*r5), 4, -2, (1+1*r5)]
(881, 426, 972, 637)->[(3+1*r5), (-3+1*r5), 0, -2]
(290, 1132, 346, 902)->[(1-1*r5), (-1+1*r5), (-3-1*r5), (1-1*r5)]
(746, 209, 418, 723)->[(3-1*r5), (1+1*r5), (-1-1*r5), (-1-1*r5)]
(513, 779, 661, 438)->[(3-1*r5), (-1-1*r5), (1+1*r5), (-1-1*r5)]
(1188, 115, 139, 631)->[-4, (-1-1*r5), -2, (1-1*r5)]
(314, 451, 630, 887)->[(-1-1*r5), (-3+1*r5), (-1-1*r5), (-1-1*r5)]
(1144, 1106, 59, 855)->[(3+1*r5), 2, (3-1*r5), 0]
(1009, 1034, 404, 870)->[(-1-1*r5), -2, -4, (-1+1*r5)]
(683, 413, 742, 693)->[-2, (-1+1*r5), -4, (-1-1*r5)]
(840, 820, 981, 759)->[(3-1*r5), (1+1*r5), (-1-1*r5), (1+1*r5)]
(546, 239, 741, 87)->[-2, (1-1*r5), -4, (1+1*r5)]
(80, 993, 555, 1094)->[(-1-1*r5), (-1-1*r5), (-3+1*r5), (-1-1*r5)]
(216, 129, 1090, 1092)->[(1+1*r5), (-1-1*r5), (1+1*r5), (-3+1*r5)]
(427, 283, 141, 1178)->[(-1-1*r5), (1+1*r5), (3-1*r5), (1+1*r5)]
(593, 153, 954, 1107)->[(1+1*r5), -4, (-1+1*r5), 2]
(273, 1010, 486, 1022)->[(1+1*r5), (1+1*r5), (-3+1*r5), (-1-1*r5)]
(824, 601, 190, 935)->[(1-1*r5), (3+1*r5), (1-1*r5), (-1+1*r5)]
(136, 873, 860, 263)->[(1-1*r5), (0+2*r5), (1+1*r5), 0]
(418, 103, 901, 15)->[(-1+1*r5), (1+1*r5), -4, -2]
(257, 82, 989, 537)->[-4, (1+1*r5), -2, (1-1*r5)]
(1072, 361, 60, 23)->[0, (0+2*r5), (1-1*r5), (1+1*r5)]
(75, 35, 36, 917)->[(1-1*r5), (1+1*r5), -4, 2]
(824, 522, 478, 86)->[-2, (0+2*r5), -2, 2]
(584, 1040, 891, 364)->[(1-1*r5), (1-1*r5), (1-1*r5), (-3-1*r5)]
(345, 1098, 926, 14)->[(-1-1*r5), 2, -4, (1-1*r5)]
(728, 1019, 452, 319)->[-2, (-3+1*r5), (-3-1*r5), 0]
(560, 1096, 244, 1021)->[-2, 2, 2, (0+2*r5)]
(688, 994, 724, 589)->[2, -4, (1+1*r5), (-1+1*r5)]
(280, 1114, 974, 823)->[2, (1-1*r5), -4, (1+1*r5)]
(1024, 1130, 410, 102)->[2, (3-1*r5), (-3-1*r5), 0]
(121, 18, 99, 205)->[(1+1*r5), 0, (-1+1*r5), (0+2*r5)]
(616, 633, 173, 383)->[-2, 4, (-1-1*r5), (1-1*r5)]
(312, 911, 783, 551)->[(-3+1*r5), (-3-1*r5), -2, 0]
(1180, 853, 125, 935)->[-2, (3+1*r5), 0, (3-1*r5)]
(811, 147, 492, 22)->[(3+1*r5), (-1+1*r5), (1-1*r5), (1-1*r5)]
(529, 42, 1011, 1177)->[(0+2*r5), (-1+1*r5), 0, (1+1*r5)]
(1143, 85, 37, 79)->[(-1-1*r5), (0-2*r5), 0, (1-1*r5)]
(826, 932, 551, 335)->[(1-1*r5), (0-2*r5), (-1-1*r5), 0]
(1016, 321, 1093, 653)->[(1-1*r5), -2, (-1-1*r5), -4]
(712, 844, 1063, 519)->[(3-1*r5), (-1-1*r5), (-1-1*r5), (1+1*r5)]
(264, 1075, 131, 119)->[(3+1*r5), -2, (3-1*r5), 0]
(570, 907, 502, 167)->[(-3+1*r5), 0, (3+1*r5), 2]
(1183, 595, 636, 599)->[(-1+1*r5), 0, (0-2*r5), (-1-1*r5)]
(725, 1058, 243, 573)->[(-1+1*r5), (1-1*r5), (-3-1*r5), (-1+1*r5)]
(266, 196, 28, 421)->[(-1+1*r5), (-1+1*r5), (1-1*r5), (-3-1*r5)]
(675, 1039, 678, 831)->[(1-1*r5), -4, 2, (1+1*r5)]
(26, 364, 895, 39)->[0, (-3+1*r5), -2, (-3-1*r5)]
(34, 100, 574, 1031)->[(-1+1*r5), (-1+1*r5), (3+1*r5), (-1+1*r5)]
(506, 525, 332, 357)->[-2, (0+2*r5), 2, -2]
(641, 657, 500, 1065)->[(1-1*r5), 4, 2, (1+1*r5)]
(538, 739, 942, 898)->[(1-1*r5), -2, (1+1*r5), 4]
(512, 919, 1154, 199)->[(-1+1*r5), (0-2*r5), (-1-1*r5), 0]
(1131, 122, 723, 966)->[(-1+1*r5), 4, -2, (-1-1*r5)]
(136, 799, 904, 231)->[(-3+1*r5), (3+1*r5), 2, 0]
(993, 563, 628, 1145)->[-4, -2, (1-1*r5), (-1-1*r5)]
(864, 73, 1159, 615)->[2, 2, 2, (0-2*r5)]
(72, 568, 387, 238)->[4, (1+1*r5), 2, (-1+1*r5)]
(832, 1074, 803, 367)->[4, 2, (-1+1*r5), (-1-1*r5)]
(192, 258, 99, 1011)->[4, 0, 0, 4]
(857, 821, 268, 781)->[(-3-1*r5), (-1+1*r5), (1-1*r5), (1-1*r5)]
(98, 260, 198, 572)->[(-1-1*r5), (-1-1*r5), (3-1*r5), (1+1*r5)]
(488, 1058, 836, 365)->[0, -2, (-3-1*r5), (3-1*r5)]
(265, 325, 838, 735)->[(-3-1*r5), (-1+1*r5), (1-1*r5), (-1+1*r5)]
(841, 3, 1049, 567)->[(1+1*r5), (0-2*r5), 0, (1-1*r5)]
(1075, 794, 899, 931)->[(3+1*r5), (1-1*r5), (-1+1*r5), (-1+1*r5)]
(256, 508, 1157, 407)->[(-1-1*r5), (3-1*r5), (-1-1*r5), (1+1*r5)]
(296, 1064, 1004, 206)->[(1-1*r5), (-1-1*r5), -4, -2]
(385, 1059, 124, 270)->[4, (-1-1*r5), -2, (1-1*r5)]
(762, 227, 109, 455)->[2, 2, (0-2*r5), 2]
(224, 700, 893, 326)->[2, -2, (0+2*r5), 2]
(1050, 715, 1178, 487)->[-4, 2, (-1+1*r5), (1+1*r5)]
(616, 140, 910, 1175)->[-2, (0+2*r5), -2, -2]
(876, 554, 132, 341)->[0, (3-1*r5), 2, (-3-1*r5)]
(768, 1141, 1139, 725)->[(3-1*r5), 0, (-3-1*r5), 2]
(848, 1145, 996, 1079)->[(0-2*r5), (1-1*r5), 0, (-1-1*r5)]
(130, 707, 330, 429)->[4, 0, 4, 0]
(1168, 1065, 530, 163)->[(-3+1*r5), (1+1*r5), (1+1*r5), (1+1*r5)]
(499, 261, 182, 1006)->[0, (-1-1*r5), (0+2*r5), (-1+1*r5)]
(849, 1028, 845, 311)->[(-1+1*r5), (1+1*r5), 4, -2]
(49, 965, 1119, 1079)->[-4, -2, (-1+1*r5), (-1-1*r5)]
(466, 940, 916, 911)->[(1-1*r5), (-3-1*r5), (1-1*r5), (1-1*r5)]
(1110, 58, 66, 645)->[(1-1*r5), (0-2*r5), (1+1*r5), 0]
(640, 1121, 1173, 646)->[(-1-1*r5), (-3+1*r5), (1+1*r5), (1+1*r5)]
(576, 161, 948, 855)->[(3+1*r5), (-1+1*r5), (-1+1*r5), (-1+1*r5)]
(16, 225, 531, 172)->[-4, (1+1*r5), 2, (-1+1*r5)]
(817, 44, 861, 63)->[(-1-1*r5), (1+1*r5), (-3+1*r5), (-1-1*r5)]
(827, 379, 1173, 739)->[-2, (1-1*r5), 4, (1+1*r5)]
(521, 579, 157, 447)->[(3-1*r5), 0, (3+1*r5), -2]
(210, 10, 403, 588)->[(0+2*r5), 2, -2, 2]
(1142, 619, 470, 567)->[4, -4, 0, 0]
(192, 764, 1133, 1199)->[(0+2*r5), (1-1*r5), 0, (1+1*r5)]
(642, 283, 172, 804)->[(-1-1*r5), 4, (-1+1*r5), 2]
(884, 886, 228, 606)->[(-1+1*r5), (-1-1*r5), 0, (0-2*r5)]
(378, 980, 924, 133)->[-2, (-3+1*r5), (3+1*r5), 0]
(48, 842, 11, 581)->[-4, (-1-1*r5), -2, (-1+1*r5)]
(784, 945, 274, 859)->[(1+1*r5), (1-1*r5), -2, -4]
(1064, 1093, 430, 1046)->[(-3+1*r5), (-1-1*r5), (-1-1*r5), (-1-1*r5)]
(1169, 890, 1125, 286)->[(1+1*r5), (1+1*r5), (-1-1*r5), (-3+1*r5)]
(382, 236, 373, 38)->[2, 0, (3-1*r5), (-3-1*r5)]
(306, 870, 12, 782)->[-4, (1-1*r5), (-1-1*r5), 2]
(1140, 690, 228, 334)->[(3-1*r5), -2, 0, (-3-1*r5)]
(497, 19, 140, 1062)->[(1-1*r5), 4, -2, (-1-1*r5)]
(114, 1071, 1061, 146)->[-4, 0, 4, 0]
(835, 474, 187, 118)->[(-1-1*r5), -2, 4, (-1+1*r5)]
(793, 76, 1172, 479)->[2, (0-2*r5), -2, 2]
(663, 2, 1136, 79)->[-4, -4, 0, 0]
(982, 325, 262, 1191)->[(-3-1*r5), (3-1*r5), 0, 2]
(648, 275, 1013, 255)->[(-1+1*r5), 4, 2, (1+1*r5)]
(874, 1190, 774, 679)->[(0-2*r5), 0, (-1-1*r5), (1-1*r5)]
(289, 1052, 1182, 1156)->[(1+1*r5), (-1-1*r5), (-3+1*r5), (-1-1*r5)]
(16, 970, 715, 900)->[(0-2*r5), 2, 2, 2]
(32, 263, 6, 207)->[-2, 4, (1+1*r5), (-1+1*r5)]
(143, 596, 414, 135)->[0, (3-1*r5), 2, (3+1*r5)]
(1024, 25, 13, 583)->[(-1+1*r5), (-1+1*r5), (-3-1*r5), (1-1*r5)]
(1048, 602, 803, 850)->[(0+2*r5), 2, 2, -2]
(449, 602, 785, 991)->[4, (-1+1*r5), (1+1*r5), -2]
(1162, 1019, 612, 365)->[(1-1*r5), (1-1*r5), (-3-1*r5), (-1+1*r5)]
(417, 689, 52, 806)->[2, -2, -2, (0+2*r5)]
(1192, 577, 751, 111)->[(-1+1*r5), (3+1*r5), (1-1*r5), (-1+1*r5)]
(681, 68, 745, 1159)->[2, (1+1*r5), (-1+1*r5), -4]
(1175, 82, 955, 63)->[(-1-1*r5), 4, (1-1*r5), -2]
(41, 594, 899, 134)->[(0+2*r5), -2, 2, 2]
(272, 545, 697, 625)->[-4, (1-1*r5), (1+1*r5), -2]
(369, 775, 1164, 175)->[(0+2*r5), -2, -2, 2]
(1169, 507, 868, 303)->[(1+1*r5), (1+1*r5), (-1-1*r5), (3-1*r5)]
(872, 491, 1036, 647)->[(-1+1*r5), (-1+1*r5), (1-1*r5), (3+1*r5)]
(771, 217, 714, 371)->[4, (-1+1*r5), (-1-1*r5), -2]
(608, 905, 819, 704)->[2, (1+1*r5), (1-1*r5), 4]
(523, 467, 174, 1046)->[(1-1*r5), -4, -2, (-1-1*r5)]
(640, 481, 627, 580)->[(-1-1*r5), (3-1*r5), (1+1*r5), (1+1*r5)]
(1008, 61, 846, 941)->[(0-2*r5), (-1+1*r5), 0, (-1-1*r5)]
(1082, 1163, 277, 718)->[0, (0-2*r5), (1-1*r5), (1+1*r5)]
(1098, 1132, 742, 750)->[-2, 2, (0-2*r5), -2]
(1033, 372, 357, 231)->[(1-1*r5), (3+1*r5), (-1+1*r5), (1-1*r5)]
(668, 242, 188, 1143)->[(-1-1*r5), -4, (-1+1*r5), -2]
(744, 1115, 291, 959)->[2, (-1+1*r5), 4, (1+1*r5)]
(64, 713, 306, 635)->[(0-2*r5), 0, (-1-1*r5), (-1+1*r5)]
(1040, 1198, 814, 247)->[-2, 0, (-3+1*r5), (-3-1*r5)]
(698, 1189, 613, 1127)->[(1+1*r5), (0+2*r5), 0, (1-1*r5)]
(459, 212, 966, 534)->[2, (0+2*r5), -2, -2]
(610, 650, 430, 511)->[(3-1*r5), (-1-1*r5), (-1-1*r5), (-1-1*r5)]
(992, 385, 971, 847)->[(1+1*r5), (-1-1*r5), (-1-1*r5), (-3+1*r5)]
(409, 797, 1035, 745)->[(-1+1*r5), (1+1*r5), 0, (0-2*r5)]
(930, 1083, 1196, 535)->[(1-1*r5), 2, (1+1*r5), -4]
(320, 180, 254, 1023)->[4, -2, (-1+1*r5), (-1-1*r5)]
(81, 1026, 1195, 716)->[(1+1*r5), (0+2*r5), 0, (-1+1*r5)]
(274, 235, 686, 370)->[(1+1*r5), 0, (1-1*r5), (0-2*r5)]
(8, 297, 226, 237)->[-2, (1+1*r5), (-1+1*r5), -4]
(984, 918, 422, 518)->[(-1+1*r5), (0+2*r5), (1+1*r5), 0]
(179, 564, 622, 183)->[(1-1*r5), (-1-1*r5), 0, (0+2*r5)]
(1043, 420, 517, 526)->[-4, (-1+1*r5), (1+1*r5), -2]
(1032, 1097, 171, 1127)->[(1+1*r5), 4, (-1+1*r5), -2]
(432, 792, 731, 968)->[0, (-1-1*r5), (0+2*r5), (1-1*r5)]
(830, 468, 494, 998)->[(1-1*r5), (-1+1*r5), (3+1*r5), (1-1*r5)]
(464, 1194, 348, 812)->[(-1+1*r5), (1-1*r5), (-3-1*r5), (1-1*r5)]
(425, 330, 1042, 532)->[(1+1*r5), (-1+1*r5), (0+2*r5), 0]
(729, 362, 747, 93)->[(-1-1*r5), (-1+1*r5), -2, -4]
(112, 342, 1066, 150)->[(-1-1*r5), (1-1*r5), -2, 4]
(897, 347, 620, 756)->[(-1-1*r5), 2, -4, (-1+1*r5)]
(233, 204, 629, 327)->[-4, (-1-1*r5), 2, (-1+1*r5)]
(651, 796, 893, 550)->[(1+1*r5), -2, 4, (-1+1*r5)]
(352, 393, 633, 809)->[(1-1*r5), (0+2*r5), (-1-1*r5), 0]
(322, 405, 822, 1047)->[(-1+1*r5), (1-1*r5), (-1+1*r5), (3+1*r5)]
(106, 236, 5, 78)->[(1+1*r5), 0, (-1+1*r5), (0-2*r5)]
(896, 209, 54, 278)->[(-1+1*r5), 2, (-1-1*r5), -4]
(440, 913, 858, 656)->[(1-1*r5), (-1+1*r5), (-3-1*r5), (-1+1*r5)]
(489, 1100, 101, 350)->[(-1+1*r5), -2, (1+1*r5), 4]
(384, 1073, 888, 941)->[-4, 2, (-1+1*r5), (-1-1*r5)]
(56, 497, 482, 861)->[-2, (1+1*r5), (1-1*r5), -4]
(706, 218, 852, 1126)->[(1+1*r5), (-1+1*r5), -2, 4]
(232, 337, 499, 598)->[(1-1*r5), (-1-1*r5), 4, 2]
(733, 1081, 717, 925)->[(1-1*r5), -4, 2, (-1-1*r5)]
(721, 1179, 957, 702)->[4, (-1+1*r5), (1+1*r5), 2]
(496, 889, 267, 903)->[(1-1*r5), (1-1*r5), (-1+1*r5), (-3-1*r5)]
(600, 435, 980, 1128)->[(1-1*r5), (1-1*r5), (3+1*r5), (1-1*r5)]
(895, 69, 653, 677)->[0, (1-1*r5), (-1-1*r5), (0-2*r5)]
(170, 1165, 1103, 135)->[0, (-1+1*r5), (1+1*r5), (0+2*r5)]
