Face([2, 1435, 2182, 1754, 1124])
Face([1002, 882, 593, 1416, 535])
Face([443, 259, 590, 1825, 1292])
Face([34, 2146, 1277, 641, 1540])
Face([1340, 1704, 1293, 750, 2149])
Face([968, 1184, 1651, 605, 879])
Face([1250, 737, 793, 769, 1673])
Face([193, 1088, 2308, 1074, 2022])
Face([140, 2083, 331, 1696, 2060])
Face([1526, 2125, 1473, 1517, 959])
Face([611, 1186, 2104, 1600, 1231])
Face([1001, 1346, 969, 1347, 911])
Face([181, 484, 2071, 2266, 918])
Face([31, 706, 325, 1597, 1902])
Face([541, 2289, 1530, 829, 764])
Face([1252, 2067, 1618, 1644, 1172])
Face([360, 2300, 1149, 1866, 1301])
Face([2083, 2376, 2059, 253, 331])
Face([217, 702, 1336, 686, 1511])
Face([1713, 896, 1445, 614, 1425])
Face([526, 2154, 2363, 1640, 1063])
Face([1242, 505, 1441, 1758, 2053])
Face([2319, 241, 1962, 824, 2268])
Face([391, 490, 945, 1982, 374])
Face([1521, 2312, 1030, 876, 2023])
Face([684, 377, 1236, 929, 797])
Face([2294, 418, 442, 2391, 2398])
Face([63, 1681, 514, 488, 1451])
Face([583, 1359, 1947, 1492, 1839])
Face([110, 848, 856, 2348, 2137])
Face([9, 1576, 2051, 546, 1798])
Face([171, 1724, 631, 750, 1293])
Face([1435, 1742, 2096, 1525, 2182])
Face([308, 1994, 1115, 882, 1002])
Face([96, 777, 243, 1334, 2143])
Face([2148, 1993, 1357, 1327, 455])
Face([6, 2388, 700, 62, 1077])
Face([2256, 1513, 1458, 396, 1837])
Face([1230, 2048, 2394, 1795, 369])
Face([1999, 1619, 2261, 1409, 255])
Face([30, 579, 1023, 2120, 460])
Face([973, 1196, 1730, 510, 477])
Face([154, 1639, 1154, 786, 2271])
Face([125, 1020, 957, 565, 365])
Face([723, 1953, 1027, 422, 860])
Face([123, 2217, 1475, 403, 1051])
Face([212, 609, 83, 1337, 1495])
Face([463, 2371, 1304, 2324, 1660])
Face([2144, 1691, 625, 939, 2365])
Face([180, 1915, 2129, 847, 908])
Face([675, 954, 1533, 1591, 923])
Face([282, 914, 531, 2370, 1543])
Face([633, 1874, 1622, 2343, 2235])
Face([15, 770, 1048, 338, 1066])
Face([735, 2197, 1901, 606, 1494])
Face([2326, 616, 1843, 1925, 1860])
Face([795, 825, 1611, 854, 647])
Face([151, 799, 1367, 405, 2030])
Face([1221, 899, 709, 368, 815])
Face([2274, 1497, 1229, 1115, 1994])
Face([774, 1789, 578, 1089, 1763])
Face([2094, 1076, 810, 624, 2342])
Face([713, 2264, 1532, 1389, 1594])
Face([138, 2184, 305, 1928, 1882])
Face([1079, 344, 2357, 1607, 1417])
Face([240, 1298, 462, 263, 1877])
Face([116, 91, 1175, 2208, 1887])
Face([2231, 1377, 1880, 971, 1174])
Face([1399, 1771, 924, 2199, 877])
Face([13, 1672, 559, 44, 2114])
Face([2078, 1284, 473, 1830, 501])
Face([138, 2184, 1827, 855, 2061])
Face([1809, 1801, 1262, 874, 1117])
Face([907, 2282, 1069, 1920, 1942])
Face([620, 1662, 201, 1867, 1471])
Face([627, 1608, 1357, 1993, 2171])
Face([126, 1142, 1643, 1722, 1463])
Face([154, 1954, 1232, 1005, 1639])
Face([300, 386, 861, 1973, 1692])
Face([741, 1627, 1871, 756, 525])
Face([176, 1476, 373, 1361, 46])
Face([188, 931, 52, 1539, 811])
Face([1979, 2370, 531, 1348, 1719])
Face([274, 612, 1846, 2047, 1062])
Face([2005, 1091, 1156, 40, 1323])
Face([226, 1042, 921, 2272, 39])
Face([67, 1930, 2250, 974, 1971])
Face([668, 1345, 594, 625, 1691])
Face([137, 1585, 1246, 1505, 1099])
Face([454, 890, 436, 1629, 1603])
Face([100, 1278, 1781, 2085, 1255])
Face([158, 752, 1703, 1637, 495])
Face([83, 1057, 1014, 286, 1337])
Face([17, 1211, 2070, 1196, 973])
Face([121, 2077, 552, 582, 1197])
Face([404, 1086, 2305, 418, 2294])
Face([1287, 472, 1861, 1011, 465])
Face([1348, 510, 477, 2240, 1719])
Face([131, 2329, 742, 2028, 2150])
Face([322, 1545, 1516, 707, 1684])
Face([1108, 897, 1820, 739, 421])
Face([161, 2259, 801, 58, 2044])
Face([293, 1772, 669, 364, 1551])
Face([1541, 1640, 2363, 494, 805])
Face([228, 1190, 1068, 1488, 335])
Face([1672, 1813, 2368, 1447, 559])
Face([493, 2392, 720, 2193, 604])
Face([164, 1601, 1752, 1903, 722])
Face([1798, 393, 1744, 2311, 546])
Face([152, 2185, 306, 288, 2246])
Face([1888, 2372, 1958, 658, 543])
Face([460, 2120, 753, 653, 1139])
Face([142, 434, 1546, 2149, 1340])
Face([1330, 1438, 1770, 2391, 2398])
Face([17, 2052, 2240, 477, 973])
Face([2255, 585, 766, 1200, 1431])
Face([1776, 1107, 47, 1422, 2301])
Face([735, 553, 1835, 529, 1494])
Face([129, 1079, 344, 1157, 1215])
Face([1878, 1770, 1438, 2099, 966])
Face([134, 440, 1238, 679, 141])
Face([199, 435, 2093, 1695, 1382])
Face([865, 1310, 1109, 923, 1591])
Face([1642, 904, 1496, 936, 1446])
Face([204, 664, 1314, 1787, 210])
Face([174, 2309, 2088, 1297, 29])
Face([160, 2275, 1665, 2278, 2303])
Face([185, 448, 1103, 275, 301])
Face([1303, 1036, 327, 1832, 715])
Face([143, 1018, 1167, 1366, 1732])
Face([2050, 832, 1334, 2143, 895])
Face([2061, 598, 1365, 2258, 855])
Face([1388, 1816, 793, 769, 268])
Face([98, 905, 648, 540, 2228])
Face([679, 1204, 1199, 272, 1238])
Face([136, 1632, 518, 1177, 427])
Face([399, 618, 2167, 1045, 1102])
Face([1183, 1393, 1269, 1461, 1983])
Face([161, 1938, 1228, 586, 2259])
Face([345, 73, 1715, 2344, 1405])
Face([167, 626, 1090, 1065, 276])
Face([151, 2030, 1260, 1697, 1239])
Face([718, 1003, 1712, 1911, 521])
Face([2346, 922, 2015, 361, 2159])
Face([315, 1305, 589, 2176, 2390])
Face([2309, 2088, 903, 945, 490])
Face([1902, 2035, 1598, 2213, 1597])
Face([2121, 2261, 1619, 450, 1799])
Face([277, 1631, 636, 2232, 2079])
Face([143, 1732, 1010, 1465, 772])
Face([144, 267, 732, 2389, 2174])
Face([2158, 2369, 1812, 1305, 589])
Face([435, 556, 1518, 758, 2093])
Face([943, 1490, 2062, 2310, 1146])
Face([590, 1825, 1270, 1094, 1362])
Face([164, 722, 1087, 1897, 1137])
Face([1311, 2091, 1169, 2385, 1398])
Face([914, 531, 1348, 510, 1730])
Face([1448, 1208, 962, 1885, 1786])
Face([1647, 1281, 1288, 351, 676])
Face([2226, 1568, 2115, 1122, 1831])
Face([261, 741, 1627, 883, 655])
Face([2337, 315, 1305, 1812, 2270])
Face([1934, 1185, 1655, 2000, 2345])
Face([2248, 880, 655, 261, 1214])
Face([1542, 502, 1029, 1061, 1868])
Face([2254, 1755, 1782, 1360, 2230])
Face([363, 1965, 1970, 1362, 1094])
Face([87, 225, 2397, 1497, 2274])
Face([159, 1753, 2168, 1779, 2133])
Face([2101, 529, 1835, 1502, 1412])
Face([236, 704, 1905, 2389, 732])
Face([1877, 499, 2304, 2113, 263])
Face([1624, 1259, 2041, 1565, 1397])
Face([712, 2097, 401, 1237, 1054])
Face([316, 1429, 1029, 502, 1981])
Face([384, 2225, 2386, 845, 2290])
Face([640, 1266, 446, 1819, 1794])
Face([7, 1797, 97, 791, 1373])
Face([92, 809, 2003, 1991, 1371])
Face([343, 80, 227, 997, 773])
Face([68, 392, 1054, 1237, 2367])
Face([1173, 528, 1671, 842, 2039])
Face([1682, 819, 1443, 852, 725])
Face([144, 267, 478, 545, 820])
Face([1915, 2129, 1004, 643, 628])
Face([2349, 1942, 907, 303, 1439])
Face([1881, 898, 249, 1907, 1748])
Face([22, 491, 1575, 758, 1518])
Face([1223, 456, 2024, 975, 85])
Face([761, 561, 2107, 168, 230])
Face([1354, 1746, 471, 1569, 522])
Face([252, 1809, 1801, 2075, 414])
Face([595, 1523, 1794, 640, 1164])
Face([1968, 1648, 2335, 2307, 2393])
Face([1869, 1593, 503, 1840, 1661])
Face([39, 2272, 1941, 1158, 1699])
Face([587, 1579, 878, 2238, 1294])
Face([576, 1584, 414, 252, 1150])
Face([156, 2122, 605, 879, 332])
Face([271, 1361, 46, 744, 1735])
Face([1938, 2194, 1914, 1283, 1228])
Face([1898, 2220, 607, 999, 651])
Face([262, 2040, 362, 511, 265])
Face([1219, 1012, 1542, 1868, 1628])
Face([122, 952, 987, 1659, 1092])
Face([337, 1024, 916, 1195, 1489])
Face([166, 592, 1785, 352, 2026])
Face([928, 2325, 527, 2356, 634])
Face([437, 2152, 1032, 1060, 1326])
Face([250, 992, 1375, 242, 101])
Face([174, 2309, 490, 391, 198])
Face([268, 769, 1673, 1788, 1155])
Face([246, 1984, 1479, 2215, 2042])
Face([644, 989, 727, 317, 1335])
Face([1051, 403, 1547, 1939, 1084])
Face([37, 1352, 937, 2175, 691])
Face([2142, 2161, 1919, 1425, 614])
Face([1773, 1210, 2298, 1600, 1231])
Face([264, 1709, 886, 2299, 1967])
Face([1466, 469, 265, 262, 941])
Face([1190, 1025, 1047, 481, 1068])
Face([2373, 1245, 901, 1402, 790])
Face([426, 1675, 1241, 1417, 1607])
Face([1823, 2353, 1616, 1064, 1997])
Face([263, 2113, 1169, 2385, 462])
Face([1677, 1563, 2189, 2211, 2116])
Face([106, 1427, 1138, 2383, 2102])
Face([557, 563, 1203, 1377, 2231])
Face([1099, 1505, 1834, 276, 1065])
Face([178, 1859, 1574, 2139, 28])
Face([996, 2031, 1866, 1149, 2178])
Face([10, 751, 859, 2268, 2319])
Face([1601, 1752, 2263, 600, 1436])
Face([314, 1081, 515, 1571, 2170])
Face([737, 793, 1816, 2057, 1890])
Face([87, 2274, 1994, 308, 2190])
Face([113, 1096, 1774, 397, 794])
Face([2147, 2011, 2041, 1259, 1932])
Face([2259, 586, 1013, 1581, 801])
Face([120, 1070, 239, 273, 519])
Face([2264, 1611, 825, 1762, 1532])
Face([593, 882, 1115, 1229, 1253])
Face([2209, 1896, 873, 1506, 2378])
Face([214, 1884, 1276, 959, 1526])
Face([571, 1832, 327, 1285, 1343])
Face([350, 1803, 1226, 1113, 461])
Face([1632, 579, 30, 537, 518])
Face([176, 46, 744, 244, 295])
Face([367, 1712, 1003, 1929, 1038])
Face([853, 1428, 1242, 505, 2166])
Face([65, 220, 947, 1783, 983])
Face([2399, 562, 534, 948, 1698])
Face([209, 617, 1255, 2085, 635])
Face([770, 1048, 810, 1076, 2328])
Face([1118, 1004, 643, 1844, 892])
Face([2239, 884, 1424, 588, 292])
Face([2150, 2028, 1492, 1947, 837])
Face([1024, 2136, 473, 1284, 916])
Face([2249, 738, 1131, 1393, 1269])
Face([580, 2321, 2211, 2116, 2058])
Face([25, 2377, 915, 2155, 755])
Face([76, 812, 757, 604, 493])
Face([1658, 560, 1733, 978, 1876])
Face([233, 1144, 2212, 2203, 1481])
Face([174, 29, 2192, 347, 198])
Face([1486, 416, 658, 543, 353])
Face([309, 1386, 1093, 457, 1959])
Face([5, 1257, 787, 2332, 827])
Face([2316, 1590, 2026, 166, 1926])
Face([165, 2209, 1896, 1769, 1141])
Face([216, 538, 227, 997, 38])
Face([1795, 2394, 2338, 1168, 2315])
Face([607, 999, 498, 1454, 1111])
Face([348, 1667, 420, 2080, 2382])
Face([351, 1264, 1842, 1123, 1288])
Face([754, 613, 1845, 1556, 1390])
Face([73, 776, 563, 1203, 1715])
Face([2156, 1780, 938, 1777, 2165])
Face([2098, 1001, 1346, 2235, 2343])
Face([1747, 1867, 201, 2162, 717])
Face([11, 649, 1044, 36, 467])
Face([159, 2133, 1188, 748, 1198])
Face([721, 2090, 729, 1290, 334])
Face([158, 752, 1082, 1472, 1499])
Face([313, 330, 1932, 1259, 1624])
Face([123, 1051, 1084, 1660, 463])
Face([844, 594, 625, 939, 2285])
Face([2218, 840, 1657, 1170, 2027])
Face([674, 1745, 630, 1446, 1642])
Face([135, 792, 868, 2089, 1320])
Face([750, 2149, 1546, 1612, 631])
Face([393, 1744, 1254, 1227, 1989])
Face([193, 49, 1793, 2134, 2022])
Face([1248, 1580, 2336, 1200, 1431])
Face([1280, 257, 786, 1154, 858])
Face([602, 1440, 803, 2302, 1380])
Face([431, 1195, 916, 1284, 2078])
Face([2082, 779, 1279, 512, 1143])
Face([940, 1784, 575, 283, 1202])
Face([5, 827, 979, 318, 980])
Face([1731, 1304, 2371, 2191, 1700])
Face([1987, 849, 78, 1931, 281])
Face([533, 349, 88, 964, 1741])
Face([491, 258, 1426, 1708, 1575])
Face([66, 2141, 1854, 1802, 2095])
Face([404, 1086, 1680, 1850, 2327])
Face([794, 828, 1936, 145, 397])
Face([146, 504, 507, 1927, 693])
Face([403, 1547, 1225, 1474, 1475])
Face([110, 1985, 1900, 451, 2137])
Face([1841, 1930, 67, 1822, 1112])
Face([523, 2096, 1525, 951, 2086])
Face([4, 1656, 2203, 1481, 1493])
Face([1075, 1923, 1384, 245, 1309])
Face([269, 2206, 1226, 1113, 1895])
Face([570, 1227, 1254, 1771, 1399])
Face([142, 1625, 1022, 726, 434])
Face([386, 861, 2234, 817, 2063])
Face([231, 611, 1231, 1773, 354])
Face([1018, 1966, 1194, 1701, 1167])
Face([142, 1625, 705, 1704, 1340])
Face([746, 411, 802, 1243, 390])
Face([919, 1802, 1854, 2128, 1356])
Face([20, 1118, 892, 406, 1247])
Face([509, 536, 874, 1117, 1796])
Face([214, 1884, 399, 618, 1550])
Face([1684, 1160, 955, 1500, 707])
Face([698, 229, 1510, 1185, 1934])
Face([70, 608, 1351, 895, 2050])
Face([215, 2337, 315, 2390, 1582])
Face([550, 851, 962, 1885, 1364])
Face([64, 944, 1743, 1513, 2256])
Face([115, 425, 1527, 1986, 986])
Face([781, 979, 318, 2074, 623])
Face([64, 1534, 2395, 1837, 2256])
Face([655, 880, 1856, 1990, 883])
Face([162, 673, 2192, 347, 1851])
Face([642, 2179, 570, 1227, 1989])
Face([2081, 2090, 721, 650, 1766])
Face([1793, 835, 1192, 1806, 2134])
Face([4, 496, 1757, 1470, 1656])
Face([178, 28, 430, 179, 1669])
Face([304, 2251, 1046, 1147, 1487])
Face([72, 682, 329, 420, 1667])
Face([253, 331, 1696, 765, 2222])
Face([231, 346, 672, 568, 354])
Face([301, 1888, 543, 353, 275])
Face([127, 761, 561, 1191, 387])
Face([1558, 1553, 875, 528, 1671])
Face([215, 285, 2132, 464, 1582])
Face([194, 42, 1972, 558, 524])
Face([1715, 2344, 1880, 1377, 1203])
Face([1432, 1609, 867, 804, 990])
Face([126, 1881, 898, 2318, 1463])
Face([129, 1079, 1417, 1241, 1166])
Face([577, 1369, 1581, 1013, 428])
Face([2186, 1848, 2106, 2276, 1133])
Face([1557, 339, 1614, 357, 1646])
Face([713, 1594, 1949, 1000, 967])
Face([23, 2158, 589, 2176, 1031])
Face([1908, 796, 1707, 1286, 2119])
Face([730, 784, 2011, 2041, 1565])
Face([1307, 1201, 1960, 1964, 2379])
Face([158, 1499, 232, 79, 495])
Face([470, 2065, 983, 65, 1974])
Face([661, 2075, 1801, 1262, 1508])
Face([1371, 970, 1817, 1187, 1991])
Face([148, 1977, 2128, 1356, 1085])
Face([1083, 482, 1710, 2016, 1363])
Face([2350, 778, 1860, 1925, 956])
Face([2107, 561, 1191, 965, 1395])
Face([248, 736, 1768, 1698, 2399])
Face([27, 32, 1381, 389, 993])
Face([219, 720, 2193, 1605, 2117])
Face([1074, 2169, 2358, 1886, 2308])
Face([144, 820, 1652, 2286, 2174])
Face([190, 1713, 896, 279, 2017])
Face([200, 1507, 274, 612, 2076])
Face([1198, 748, 35, 781, 623])
Face([993, 389, 850, 1922, 423])
Face([2124, 910, 1657, 840, 1407])
Face([2359, 1918, 1365, 598, 1151])
Face([2097, 401, 1148, 2008, 1638])
Face([369, 1265, 513, 2315, 1795])
Face([155, 602, 1380, 1876, 1658])
Face([613, 1845, 1437, 1630, 2247])
Face([149, 320, 367, 1038, 1006])
Face([48, 1072, 1449, 1235, 991])
Face([981, 1114, 712, 2097, 1638])
Face([1320, 2089, 780, 1589, 2069])
Face([1617, 1329, 1970, 1965, 934])
Face([63, 345, 1405, 1873, 1681])
Face([1836, 1455, 1502, 1412, 1679])
Face([2303, 2278, 68, 392, 1847])
Face([671, 2056, 1875, 1626, 1442])
Face([104, 2156, 1780, 1745, 674])
Face([1166, 1241, 1675, 591, 1383])
Face([988, 478, 545, 361, 2159])
Face([295, 244, 949, 1053, 1021])
Face([290, 1372, 1419, 339, 1614])
Face([744, 244, 949, 103, 1735])
Face([110, 848, 90, 1394, 1985])
Face([1070, 2393, 1968, 213, 239])
Face([1261, 1515, 500, 2092, 2375])
Face([635, 2085, 1781, 657, 413])
Face([10, 751, 1396, 2018, 716])
Face([885, 755, 25, 1140, 2293])
Face([128, 541, 764, 1323, 2005])
Face([21, 1274, 688, 385, 711])
Face([70, 2050, 832, 1522, 1222])
Face([1615, 1416, 593, 1253, 2087])
Face([350, 1803, 1437, 1845, 1556])
Face([555, 1090, 626, 2034, 445])
Face([645, 2307, 2335, 552, 582])
Face([1772, 1924, 379, 2105, 669])
Face([134, 440, 771, 57, 371])
Face([441, 1826, 2257, 1347, 911])
Face([225, 234, 1615, 2087, 2397])
Face([583, 841, 2073, 508, 1359])
Face([2329, 60, 1852, 2010, 742])
Face([424, 1016, 775, 1890, 2057])
Face([247, 2334, 872, 465, 1287])
Face([1387, 2227, 2374, 1872, 444])
Face([1692, 668, 1345, 2387, 1973])
Face([578, 1089, 2048, 2394, 2338])
Face([165, 2209, 2378, 1179, 1430])
Face([2173, 1170, 2027, 1760, 1300])
Face([2287, 372, 569, 1120, 1765])
Face([344, 2357, 419, 547, 1157])
Face([667, 486, 0, 1897, 1087])
Face([388, 1162, 1952, 1128, 932])
Face([66, 1327, 455, 1271, 2141])
Face([371, 57, 1814, 45, 1163])
Face([2177, 1858, 1302, 1935, 1374])
Face([11, 467, 1661, 1840, 2205])
Face([652, 297, 37, 1352, 767])
Face([575, 1784, 429, 998, 1524])
Face([78, 1931, 875, 528, 1173])
Face([2167, 1483, 863, 2280, 1045])
Face([218, 1914, 2194, 2245, 1940])
Face([90, 946, 745, 449, 1394])
Face([758, 2093, 1695, 1708, 1575])
Face([1189, 1892, 1441, 505, 2166])
Face([2246, 288, 1963, 1353, 2187])
Face([2133, 1779, 1257, 787, 1188])
Face([141, 763, 1906, 1204, 679])
Face([917, 1699, 1158, 405, 1367])
Face([247, 865, 1310, 472, 1287])
Face([1428, 1242, 2053, 1563, 1677])
Face([159, 1753, 2074, 623, 1198])
Face([687, 587, 1294, 1792, 1391])
Face([2197, 1587, 1216, 1268, 1901])
Face([1127, 1267, 1172, 1644, 492])
Face([294, 453, 1705, 2092, 2375])
Face([2055, 1374, 1935, 299, 1623])
Face([56, 1387, 2227, 2396, 1564])
Face([136, 427, 888, 2341, 459])
Face([1317, 729, 2090, 2081, 55])
Face([109, 728, 1823, 2353, 2381])
Face([1211, 1520, 1543, 282, 2070])
Face([186, 1763, 1089, 2048, 1230])
Face([710, 1121, 871, 2161, 2142])
Face([2058, 853, 1428, 1677, 2116])
Face([633, 1874, 982, 1889, 1414])
Face([1233, 1100, 754, 613, 2247])
Face([212, 609, 1561, 1596, 747])
Face([2277, 912, 2127, 619, 1687])
Face([1385, 1421, 622, 1555, 1535])
Face([1491, 1058, 2291, 280, 1980])
Face([1981, 502, 1542, 1012, 1775])
Face([157, 321, 101, 242, 278])
Face([2063, 817, 2285, 939, 2365])
Face([170, 928, 2325, 963, 340])
Face([749, 1281, 1288, 1123, 1620])
Face([117, 1328, 1471, 1867, 1747])
Face([346, 672, 1521, 2312, 1136])
Face([694, 2002, 1181, 2047, 1846])
Face([1215, 1157, 547, 1716, 1863])
Face([363, 1937, 1291, 934, 1965])
Face([59, 823, 1131, 1393, 1183])
Face([2388, 700, 1258, 383, 2135])
Face([270, 1353, 1963, 1862, 665])
Face([34, 795, 647, 1338, 1540])
Face([1085, 2171, 627, 919, 1356])
Face([310, 708, 1408, 1958, 2372])
Face([1205, 213, 1968, 1648, 2045])
Face([191, 1319, 1718, 1683, 2111])
Face([811, 1539, 94, 2100, 1110])
Face([2272, 921, 1697, 1260, 1941])
Face([341, 103, 949, 1053, 1599])
Face([809, 785, 1635, 1833, 2003])
Face([566, 961, 1354, 522, 1641])
Face([1106, 307, 1105, 2214, 830])
Face([114, 1388, 268, 1155, 1325])
Face([130, 1075, 1923, 1590, 2316])
Face([75, 1313, 1153, 1545, 322])
Face([1931, 281, 2180, 1553, 875])
Face([286, 929, 797, 1588, 1014])
Face([89, 2009, 336, 976, 2163])
Face([2015, 922, 806, 2286, 1652])
Face([92, 809, 785, 342, 1130])
Face([702, 1336, 2253, 1333, 2109])
Face([309, 1386, 1235, 1449, 1670])
Face([609, 1561, 1604, 1057, 83])
Face([1579, 768, 1132, 1501, 878])
Face([251, 2204, 475, 1339, 950])
Face([95, 328, 1912, 1562, 1467])
Face([615, 852, 725, 1894, 662])
Face([175, 1252, 1172, 1267, 1182])
Face([1751, 1937, 363, 1094, 1270])
Face([247, 865, 1591, 1533, 2334])
Face([132, 1418, 629, 819, 1682])
Face([6, 2388, 2135, 256, 2223])
Face([2040, 362, 2012, 780, 1589])
Face([217, 2157, 1052, 1498, 1511])
Face([107, 1685, 1922, 850, 1998])
Face([760, 2234, 861, 1973, 2387])
Face([986, 202, 2198, 2084, 1986])
Face([585, 1734, 2049, 2380, 766])
Face([693, 1306, 807, 2138, 1927])
Face([139, 652, 297, 779, 2082])
Face([150, 366, 373, 1361, 271])
Face([414, 1584, 2292, 661, 2075])
Face([1767, 1705, 2092, 500, 2038])
Face([163, 2273, 186, 1763, 774])
Face([1102, 1009, 1028, 2280, 1045])
Face([727, 2352, 637, 2219, 989])
Face([126, 1881, 1748, 1728, 1142])
Face([430, 1410, 1220, 2139, 28])
Face([1485, 906, 326, 1008, 197])
Face([1088, 2308, 1886, 1078, 375])
Face([195, 1073, 476, 1676, 1961])
Face([442, 816, 1878, 1770, 2391])
Face([119, 1664, 1945, 1603, 454])
Face([1493, 1568, 2226, 233, 1481])
Face([2188, 88, 349, 1282, 1904])
Face([701, 2249, 1269, 1461, 870])
Face([722, 1087, 667, 206, 1903])
Face([863, 1473, 2125, 995, 1483])
Face([1427, 1429, 1029, 1061, 1138])
Face([130, 1075, 1309, 884, 2239])
Face([2321, 2211, 2189, 2360, 862])
Face([79, 232, 1056, 2163, 89])
Face([487, 474, 739, 421, 1583])
Face([675, 2153, 2123, 1109, 923])
Face([800, 2145, 1528, 1709, 886])
Face([169, 960, 1171, 1368, 681])
Face([2360, 2189, 1563, 2053, 1758])
Face([96, 1824, 1351, 895, 2143])
Face([1468, 857, 1404, 926, 1750])
Face([417, 426, 1607, 2357, 419])
Face([669, 2105, 1678, 1595, 364])
Face([202, 860, 422, 324, 2198])
Face([2139, 1220, 489, 1349, 1574])
Face([1961, 818, 685, 1272, 1676])
Face([118, 128, 2005, 1091, 2126])
Face([241, 1962, 845, 2386, 573])
Face([504, 2160, 439, 1341, 507])
Face([870, 2024, 456, 1983, 1461])
Face([328, 1912, 1278, 1781, 657])
Face([145, 1433, 2313, 1774, 397])
Face([106, 224, 316, 1429, 1427])
Face([1595, 515, 1571, 603, 1678])
Face([822, 953, 926, 1750, 843])
Face([122, 1092, 93, 2210, 703])
Face([2198, 324, 677, 927, 2084])
Face([524, 2180, 1553, 1558, 558])
Face([280, 1067, 445, 2034, 1980])
Face([1555, 2252, 1404, 857, 1535])
Face([1948, 312, 1729, 1487, 1147])
Face([167, 626, 2034, 1980, 1491])
Face([564, 480, 2036, 637, 2219])
Face([106, 224, 597, 740, 2102])
Face([125, 376, 1690, 2110, 1020])
Face([1033, 2136, 473, 1830, 2362])
Face([1345, 594, 844, 760, 2387])
Face([140, 1776, 2301, 584, 2060])
Face([689, 1194, 1701, 1818, 1893])
Face([680, 466, 784, 2011, 2147])
Face([1061, 1138, 2383, 1628, 1868])
Face([2131, 599, 696, 296, 1855])
Face([1893, 1818, 1821, 610, 333])
Face([1405, 1873, 971, 1880, 2344])
Face([1092, 1659, 821, 516, 93])
Face([2105, 379, 438, 603, 1678])
Face([1413, 2296, 2220, 607, 1111])
Face([231, 346, 1136, 1186, 611])
Face([143, 1018, 1966, 173, 772])
Face([22, 491, 258, 867, 804])
Face([86, 1737, 782, 1308, 1749])
Face([883, 1627, 1871, 2351, 1990])
Face([196, 1486, 353, 275, 1103])
Face([1927, 2138, 1434, 1341, 507])
Face([1811, 302, 903, 945, 1982])
Face([31, 698, 1934, 2345, 706])
Face([56, 1280, 858, 71, 1564])
Face([1275, 768, 1579, 587, 687])
Face([50, 1312, 1291, 934, 1617])
Face([1359, 1947, 837, 1706, 508])
Face([814, 337, 1024, 2136, 1033])
Face([152, 2185, 1206, 1755, 2254])
Face([1566, 294, 453, 1967, 2299])
Face([61, 415, 1180, 1212, 1956])
Face([167, 1491, 1058, 1834, 276])
Face([356, 441, 1826, 1178, 1039])
Face([5, 1257, 1779, 2168, 980])
Face([716, 2018, 2225, 2386, 573])
Face([229, 2035, 1598, 2207, 1510])
Face([169, 681, 1856, 880, 2248])
Face([2364, 938, 1777, 483, 1933])
Face([355, 1040, 358, 1918, 2359])
Face([891, 1593, 503, 1462, 1828])
Face([214, 1526, 2125, 995, 1550])
Face([149, 1006, 1034, 1484, 1567])
Face([859, 1450, 1321, 824, 2268])
Face([1239, 1697, 921, 1042, 1790])
Face([196, 1633, 1378, 416, 1486])
Face([2354, 1939, 1084, 1660, 2324])
Face([1551, 1081, 515, 1595, 364])
Face([1594, 1389, 1277, 641, 1949])
Face([44, 526, 2154, 1447, 559])
Face([1430, 1179, 695, 1134, 1318])
Face([736, 1808, 694, 2002, 1768])
Face([2181, 1944, 1693, 1035, 2202])
Face([1080, 1046, 2251, 1529, 551])
Face([185, 301, 1888, 2372, 310])
Face([2037, 1857, 2073, 508, 1706])
Face([428, 1283, 1228, 586, 1013])
Face([412, 2004, 1234, 1951, 1159])
Face([84, 1716, 1863, 1383, 591])
Face([967, 1000, 1338, 647, 854])
Face([237, 409, 1165, 1026, 1059])
Face([84, 417, 419, 547, 1716])
Face([188, 811, 1110, 894, 1645])
Face([8, 1097, 1552, 536, 509])
Face([307, 1105, 1423, 2267, 2333])
Face([695, 1098, 1506, 2378, 1179])
Face([27, 993, 423, 1858, 2177])
Face([821, 2106, 1848, 987, 1659])
Face([1415, 1618, 1644, 492, 1531])
Face([34, 2146, 1762, 825, 795])
Face([1049, 1050, 1916, 2384, 1119])
Face([1331, 450, 1799, 1411, 1674])
Face([686, 1336, 2253, 1164, 595])
Face([881, 1653, 2006, 1350, 1577])
Face([467, 36, 407, 1869, 1661])
Face([168, 2107, 1395, 897, 1108])
Face([154, 1954, 2374, 1872, 2271])
Face([752, 1082, 380, 102, 1703])
Face([288, 306, 1764, 1862, 1963])
Face([125, 376, 1864, 1740, 365])
Face([2030, 1260, 1941, 1158, 405])
Face([284, 1344, 298, 2019, 1379])
Face([1469, 1992, 1500, 955, 1548])
Face([675, 2153, 1544, 1244, 954])
Face([150, 341, 103, 1735, 271])
Face([99, 800, 886, 2299, 1566])
Face([2, 1124, 802, 411, 654])
Face([863, 2280, 1028, 1517, 1473])
Face([108, 2224, 506, 260, 902])
Face([260, 506, 2323, 1957, 1578])
Face([553, 1835, 1502, 1455, 2283])
Face([975, 2024, 870, 701, 2021])
Face([1745, 1780, 938, 2364, 630])
Face([2347, 2320, 710, 1121, 468])
Face([1899, 1316, 805, 1541, 14])
Face([113, 1096, 2241, 1577, 881])
Face([1452, 909, 711, 21, 1726])
Face([1182, 1267, 1127, 1007, 77])
Face([751, 859, 1450, 869, 1396])
Face([21, 1274, 497, 2029, 1726])
Face([137, 1099, 1065, 1090, 555])
Face([2126, 1737, 782, 1156, 1091])
Face([96, 1824, 1201, 1960, 777])
Face([1218, 1482, 2020, 2130, 1759])
Face([1086, 1680, 2195, 1613, 2305])
Face([706, 2345, 2000, 2032, 325])
Face([1559, 624, 2342, 2282, 1069])
Face([300, 2144, 1691, 668, 1692])
Face([178, 1859, 2384, 1916, 1669])
Face([2114, 2068, 1063, 526, 44])
Face([1368, 1171, 756, 1871, 2351])
Face([670, 1193, 1610, 1503, 1217])
Face([1062, 534, 948, 1181, 2047])
Face([1495, 1337, 286, 929, 1236])
Face([2163, 1056, 1946, 1606, 976])
Face([1032, 2152, 1580, 2336, 1807])
Face([1294, 1792, 930, 1688, 2238])
Face([1954, 1232, 2396, 2227, 2374])
Face([184, 533, 349, 1282, 1055])
Face([724, 1969, 1213, 2276, 1133])
Face([58, 801, 1581, 1369, 378])
Face([1406, 256, 2135, 383, 359])
Face([1312, 1291, 1937, 1751, 222])
Face([136, 1632, 579, 1023, 459])
Face([1917, 734, 871, 2161, 1919])
Face([1043, 1689, 2207, 1598, 2213])
Face([180, 1915, 628, 287, 759])
Face([52, 1317, 55, 94, 1539])
Face([233, 1144, 2216, 1831, 2226])
Face([572, 666, 783, 1159, 412])
Face([1451, 776, 563, 557, 488])
Face([2153, 1544, 1011, 1861, 2123])
Face([184, 343, 773, 2033, 1055])
Face([199, 1432, 990, 556, 435])
Face([1907, 1748, 1728, 482, 1710])
Face([902, 1256, 1910, 1578, 260])
Face([87, 225, 234, 1037, 2190])
Face([117, 1328, 321, 101, 250])
Face([1936, 828, 1653, 2006, 238])
Face([1007, 1634, 1531, 492, 1127])
Face([395, 1629, 1603, 1945, 542])
Face([2222, 765, 1995, 1161, 1401])
Face([116, 1464, 326, 906, 1887])
Face([835, 1192, 2265, 458, 1263])
Face([43, 2121, 2261, 1409, 2269])
Face([2217, 1475, 1474, 1700, 2191])
Face([50, 1312, 222, 1292, 443])
Face([163, 2273, 1265, 513, 2295])
Face([104, 674, 1642, 904, 2164])
Face([1510, 1185, 1655, 1689, 2207])
Face([1192, 2265, 2358, 2169, 1806])
Face([1582, 464, 1031, 2176, 2390])
Face([1564, 2396, 1232, 1005, 71])
Face([2283, 1587, 1216, 1836, 1455])
Face([133, 1250, 737, 1890, 775])
Face([309, 1670, 1234, 1951, 1959])
Face([846, 314, 2170, 621, 1125])
Face([2183, 1478, 2284, 2232, 2079])
Face([259, 1329, 1970, 1362, 590])
Face([2056, 329, 420, 2080, 1875])
Face([1373, 2269, 1409, 255, 791])
Face([2397, 1497, 1229, 1253, 2087])
Face([117, 250, 992, 717, 1747])
Face([217, 2157, 517, 2109, 702])
Face([381, 788, 2218, 840, 1407])
Face([864, 2001, 1554, 1273, 1654])
Face([1072, 1449, 1670, 1234, 2004])
Face([1055, 2033, 789, 1904, 1282])
Face([304, 2251, 1529, 1420, 1829])
Face([0, 2046, 432, 1519, 486])
Face([1041, 1910, 1256, 1358, 1207])
Face([823, 1131, 738, 2317, 1251])
Face([3, 564, 480, 1036, 1303])
Face([1681, 1873, 971, 1174, 514])
Face([228, 1573, 1649, 1025, 1190])
Face([208, 1650, 1344, 284, 1295])
Face([580, 2058, 853, 2166, 1189])
Face([905, 648, 813, 788, 381])
Face([1891, 639, 1434, 2138, 807])
Face([267, 732, 236, 988, 478])
Face([184, 533, 1741, 80, 343])
Face([304, 1829, 1376, 1729, 1487])
Face([160, 2275, 2008, 1638, 981])
Face([107, 299, 1935, 1302, 1685])
Face([1418, 629, 1379, 284, 1295])
Face([9, 1576, 1736, 2179, 642])
Face([180, 908, 2013, 2112, 759])
Face([234, 1037, 535, 1416, 1615])
Face([396, 2243, 2043, 2395, 1837])
Face([2224, 506, 2323, 2020, 2130])
Face([187, 1152, 2067, 1618, 1415])
Face([53, 814, 337, 1489, 2237])
Face([1499, 232, 1056, 1946, 1472])
Face([1800, 2340, 822, 953, 485])
Face([1512, 984, 95, 1467, 972])
Face([1447, 2368, 494, 2363, 2154])
Face([601, 237, 409, 1342, 942])
Face([170, 340, 2223, 256, 1406])
Face([182, 719, 33, 1217, 670])
Face([2042, 1392, 1900, 451, 2215])
Face([1547, 1225, 549, 2354, 1939])
Face([215, 2337, 2270, 2201, 285])
Face([293, 1772, 1924, 1125, 846])
Face([298, 2019, 1443, 852, 615])
Face([1422, 1161, 1995, 584, 2301])
Face([216, 2188, 1904, 789, 38])
Face([1549, 2289, 1530, 1749, 86])
Face([207, 913, 843, 1750, 1468])
Face([379, 1924, 1125, 621, 438])
Face([1137, 1897, 0, 2046, 1538])
Face([81, 746, 390, 2086, 523])
Face([175, 433, 1152, 2067, 1252])
Face([33, 1129, 382, 1503, 1217])
Face([182, 670, 1193, 1478, 2183])
Face([622, 1800, 2340, 1756, 1421])
Face([2352, 637, 2036, 1285, 1343])
Face([2162, 697, 1375, 992, 717])
Face([283, 1202, 2296, 2220, 1898])
Face([1488, 1068, 481, 1490, 2062])
Face([1105, 2214, 372, 569, 1423])
Face([121, 124, 1205, 2045, 2077])
Face([258, 1426, 410, 1609, 867])
Face([130, 2316, 1926, 292, 2239])
Face([156, 1355, 1249, 2108, 332])
Face([1602, 689, 1893, 333, 1332])
Face([434, 1546, 1612, 1560, 726])
Face([200, 248, 736, 1808, 2076])
Face([1686, 1754, 2182, 1525, 951])
Face([1381, 1536, 1998, 850, 389])
Face([166, 592, 588, 292, 1926])
Face([554, 2043, 2395, 1534, 1943])
Face([1913, 1782, 1755, 1206, 2007])
Face([1540, 641, 1949, 1000, 1338])
Face([332, 2108, 183, 968, 879])
Face([173, 1602, 689, 1194, 1966])
Face([425, 2288, 1879, 1702, 1527])
Face([1977, 2128, 1854, 2141, 1271])
Face([155, 602, 1440, 2119, 1908])
Face([105, 2260, 1791, 1992, 1469])
Face([148, 2148, 1993, 2171, 1085])
Face([440, 771, 1988, 272, 1238])
Face([2233, 1519, 432, 600, 2263])
Face([707, 1500, 1992, 1791, 1516])
Face([48, 572, 666, 567, 991])
Face([666, 783, 457, 1093, 567])
Face([127, 387, 153, 474, 487])
Face([549, 1225, 1474, 1700, 1731])
Face([129, 1166, 1383, 1863, 1215])
Face([176, 1476, 1572, 1021, 295])
Face([203, 226, 39, 1699, 917])
Face([1066, 1920, 1069, 1559, 338])
Face([1578, 1957, 2066, 1041, 1910])
Face([283, 1898, 651, 1524, 575])
Face([733, 1400, 2284, 2232, 636])
Face([496, 2115, 1122, 660, 1757])
Face([831, 1456, 2165, 1777, 483])
Face([16, 1841, 1930, 2250, 690])
Face([532, 1621, 1458, 1513, 1743])
Face([596, 900, 439, 2160, 933])
Face([30, 537, 2196, 1139, 460])
Face([597, 740, 1219, 1012, 1775])
Face([177, 1452, 909, 1646, 1557])
Face([12, 638, 1734, 585, 2255])
Face([1030, 2104, 1600, 2298, 876])
Face([216, 538, 964, 88, 2188])
Face([235, 1765, 1120, 400, 1815])
Face([40, 1323, 764, 829, 2151])
Face([313, 864, 1654, 1240, 330])
Face([99, 800, 2145, 1515, 1261])
Face([168, 1108, 421, 1583, 230])
Face([387, 153, 935, 965, 1191])
Face([14, 2068, 1063, 1640, 1541])
Face([133, 1250, 1673, 1788, 1711])
Face([2327, 1330, 1438, 2099, 1850])
Face([15, 1066, 1920, 1942, 2349])
Face([205, 221, 532, 1621, 958])
Face([2331, 1040, 358, 479, 1570])
Face([134, 371, 1163, 763, 141])
Face([189, 826, 1865, 2091, 1311])
Face([51, 489, 1349, 1119, 1049])
Face([742, 2010, 1839, 1492, 2028])
Face([2260, 1153, 1545, 1516, 1791])
Face([1298, 462, 2385, 1398, 839])
Face([2275, 1665, 1296, 1148, 2008])
Face([182, 719, 277, 2079, 2183])
Face([630, 2364, 1933, 936, 1446])
Face([1959, 457, 783, 1159, 1951])
Face([45, 530, 2279, 1071, 1814])
Face([164, 1601, 1436, 1538, 1137])
Face([2022, 1074, 2169, 1806, 2134])
Face([2102, 740, 1219, 1628, 2383])
Face([8, 576, 1584, 2292, 1097])
Face([433, 1152, 187, 1921, 834])
Face([681, 1368, 2351, 1990, 1856])
Face([192, 2208, 1175, 778, 2350])
Face([1039, 1178, 982, 1874, 1622])
Face([119, 454, 890, 676, 1647])
Face([211, 97, 1797, 1674, 1331])
Face([137, 1585, 1067, 445, 555])
Face([2066, 1482, 2020, 2323, 1957])
Face([1096, 2241, 26, 2313, 1774])
Face([1573, 1649, 2221, 1909, 1315])
Face([404, 2294, 2398, 1330, 2327])
Face([264, 1767, 1705, 453, 1967])
Face([40, 1156, 782, 1308, 2151])
Face([1725, 888, 2341, 753, 653])
Face([251, 1275, 687, 1391, 950])
Face([1724, 2140, 1560, 1612, 631])
Face([120, 645, 2307, 2393, 1070])
Face([2009, 336, 102, 1703, 1637])
Face([162, 1811, 1982, 374, 1851])
Face([264, 1767, 2038, 1528, 1709])
Face([317, 727, 2352, 1343, 571])
Face([1814, 57, 771, 1988, 1071])
Face([1955, 24, 51, 1049, 1050])
Face([179, 1955, 24, 1410, 430])
Face([69, 1106, 307, 2333, 2229])
Face([1041, 2066, 1482, 1218, 1207])
Face([181, 574, 476, 1073, 918])
Face([676, 890, 436, 1264, 351])
Face([1101, 544, 873, 1896, 1769])
Face([61, 415, 72, 1667, 348])
Face([900, 639, 1434, 1341, 439])
Face([1829, 1420, 901, 1402, 1376])
Face([1656, 2203, 2212, 1778, 1470])
Face([1838, 1268, 1216, 1836, 1679])
Face([376, 1864, 1319, 191, 1690])
Face([659, 1853, 319, 1035, 1693])
Face([2170, 1571, 603, 438, 621])
Face([608, 1307, 1201, 1824, 1351])
Face([366, 1723, 1572, 1476, 373])
Face([245, 1384, 352, 1785, 1663])
Face([170, 928, 634, 359, 1406])
Face([947, 1064, 1997, 1324, 1783])
Face([112, 2025, 2031, 996, 1738])
Face([82, 940, 1202, 2296, 1413])
Face([1382, 410, 1426, 1708, 1695])
Face([2229, 2333, 2267, 400, 1815])
Face([1141, 1769, 1101, 581, 692])
Face([1921, 834, 77, 1007, 1634])
Face([2184, 305, 2331, 1570, 1827])
Face([2174, 2389, 1905, 806, 2286])
Face([35, 2332, 787, 1188, 748])
Face([1852, 841, 583, 1839, 2010])
Face([53, 925, 836, 1444, 2237])
Face([648, 540, 1300, 1760, 813])
Face([1507, 274, 1062, 534, 562])
Face([1077, 963, 2325, 527, 62])
Face([2017, 1459, 468, 2347, 279])
Face([2111, 994, 18, 1720, 1683])
Face([1021, 1572, 1723, 1599, 1053])
Face([747, 377, 684, 19, 1596])
Face([98, 2228, 699, 910, 2124])
Face([319, 619, 2127, 714, 1853])
Face([157, 620, 1662, 2355, 278])
Face([32, 1381, 1536, 1623, 2055])
Face([138, 1882, 1151, 598, 2061])
Face([2175, 937, 2330, 520, 1322])
Face([25, 2377, 550, 1364, 1140])
Face([1164, 640, 1266, 1333, 2253])
Face([1379, 2019, 1443, 819, 629])
Face([479, 2258, 855, 1827, 1570])
Face([2, 1435, 1742, 920, 654])
Face([93, 2210, 1969, 1213, 516])
Face([108, 2224, 2130, 1759, 1668])
Face([1884, 1276, 1009, 1102, 399])
Face([317, 571, 1832, 715, 1335])
Face([104, 2156, 2165, 1456, 2164])
Face([133, 775, 1016, 985, 1711])
Face([49, 1514, 1263, 835, 1793])
Face([108, 1668, 1358, 1256, 902])
Face([1834, 1505, 1246, 2291, 1058])
Face([570, 2179, 1736, 877, 1399])
Face([718, 2361, 1403, 1976, 521])
Face([192, 1485, 197, 956, 2350])
Face([1325, 985, 1711, 1788, 1155])
Face([223, 1080, 551, 1245, 2373])
Face([759, 2112, 743, 2366, 287])
Face([53, 925, 2362, 1033, 814])
Face([574, 1666, 1272, 1676, 476])
Face([754, 1100, 1509, 1537, 1390])
Face([67, 1971, 471, 1746, 1822])
Face([1714, 1315, 1909, 1146, 2310])
Face([1996, 1419, 1372, 497, 2029])
Face([2242, 2266, 2071, 2339, 311])
Face([1822, 1112, 961, 1354, 1746])
Face([2314, 1641, 522, 1569, 1460])
Face([50, 1617, 1329, 259, 443])
Face([946, 2072, 1984, 246, 745])
Face([171, 1289, 705, 1704, 1293])
Face([1098, 632, 544, 873, 1506])
Face([3, 644, 989, 2219, 564])
Face([278, 242, 1375, 697, 2355])
Face([711, 385, 357, 1646, 909])
Face([327, 1036, 480, 2036, 1285])
Face([953, 485, 2252, 1404, 926])
Face([42, 408, 2039, 842, 1972])
Face([792, 868, 1978, 866, 2103])
Face([224, 316, 1981, 1775, 597])
Face([240, 394, 1019, 499, 1877])
Face([1664, 1945, 542, 1620, 749])
Face([70, 608, 1307, 2379, 1222])
Face([20, 847, 2129, 1004, 1118])
Face([2044, 58, 378, 1940, 2245])
Face([1380, 1876, 978, 1224, 2302])
Face([270, 1360, 2230, 2187, 1353])
Face([74, 830, 2214, 372, 2287])
Face([680, 1240, 1654, 1273, 466])
Face([82, 1176, 1454, 1111, 1413])
Face([99, 1261, 2375, 294, 1566])
Face([617, 656, 1457, 100, 1255])
Face([135, 792, 2103, 469, 1466])
Face([111, 12, 638, 1326, 437])
Face([719, 33, 1129, 1631, 277])
Face([427, 1177, 266, 1725, 888])
Face([189, 678, 839, 1398, 1311])
Face([2201, 889, 2369, 1812, 2270])
Face([1136, 2312, 1030, 2104, 1186])
Face([269, 1233, 1100, 1509, 1895])
Face([47, 1107, 2376, 2059, 2236])
Face([1550, 618, 2167, 1483, 995])
Face([172, 1448, 1208, 1, 731])
Face([654, 920, 81, 746, 411])
Face([165, 1141, 692, 1318, 1430])
Face([199, 1432, 1609, 410, 1382])
Face([330, 1240, 680, 2147, 1932])
Face([313, 864, 2001, 1397, 1624])
Face([111, 1248, 1580, 2152, 437])
Face([107, 299, 1623, 1536, 1998])
Face([279, 896, 1445, 2320, 2347])
Face([495, 1637, 2009, 89, 79])
Face([2295, 2064, 1168, 2315, 513])
Face([54, 1453, 238, 2006, 1350])
Face([665, 1913, 2007, 1764, 1862])
Face([663, 1838, 1679, 1412, 2101])
Face([118, 128, 541, 2289, 1549])
Face([132, 1504, 1894, 725, 1682])
Face([291, 1209, 724, 1133, 2186])
Face([1504, 208, 1650, 662, 1894])
Face([205, 554, 1943, 798, 221])
Face([163, 774, 1789, 2064, 2295])
Face([156, 2122, 204, 210, 1355])
Face([1328, 321, 157, 620, 1471])
Face([7, 452, 43, 2269, 1373])
Face([663, 1838, 1268, 1901, 606])
Face([324, 422, 1027, 683, 677])
Face([848, 856, 2072, 946, 90])
Face([4, 496, 2115, 1568, 1493])
Face([2380, 2049, 1060, 1032, 1807])
Face([303, 2094, 1076, 2328, 1439])
Face([116, 1464, 616, 2326, 91])
Face([151, 799, 1950, 1790, 1239])
Face([703, 1209, 724, 1969, 2210])
Face([2193, 604, 757, 1739, 1605])
Face([2236, 1401, 2222, 253, 2059])
Face([2157, 1052, 1819, 446, 517])
Face([2122, 204, 664, 1651, 605])
Face([171, 1289, 1104, 2140, 1724])
Face([183, 968, 1184, 1477, 2262])
Face([55, 2081, 1766, 2100, 94])
Face([2206, 1226, 1803, 1437, 1630])
Face([2297, 1586, 1976, 521, 1911])
Face([1414, 969, 1347, 2257, 1889])
Face([219, 2117, 1165, 409, 1342])
Face([415, 72, 682, 2306, 1180])
Face([2237, 1489, 1195, 431, 1444])
Face([98, 905, 381, 1407, 2124])
Face([3, 644, 1335, 715, 1303])
Face([730, 1554, 2001, 1397, 1565])
Face([1020, 2110, 994, 18, 957])
Face([7, 452, 1411, 1674, 1797])
Face([145, 1936, 238, 1453, 1433])
Face([195, 2242, 311, 818, 1961])
Face([1433, 1453, 54, 26, 2313])
Face([913, 843, 822, 2340, 1756])
Face([2002, 1768, 1698, 948, 1181])
Face([516, 821, 2106, 2276, 1213])
Face([109, 728, 2118, 2065, 470])
Face([1567, 1586, 1976, 1403, 1484])
Face([448, 539, 1633, 196, 1103])
Face([13, 1672, 1813, 1316, 1899])
Face([23, 398, 2132, 464, 1031])
Face([37, 297, 779, 1279, 691])
Face([663, 2101, 529, 1494, 606])
Face([65, 220, 1975, 2322, 1974])
Face([678, 394, 240, 1298, 839])
Face([209, 1512, 972, 656, 617])
Face([18, 1720, 1804, 565, 957])
Face([191, 1690, 2110, 994, 2111])
Face([1440, 803, 1370, 1286, 2119])
Face([1467, 1562, 1457, 656, 972])
Face([2271, 1872, 444, 257, 786])
Face([150, 341, 1599, 1723, 366])
Face([546, 2051, 2199, 924, 2311])
Face([638, 1326, 1060, 2049, 1734])
Face([1685, 1922, 423, 1858, 1302])
Face([63, 345, 73, 776, 1451])
Face([1015, 851, 550, 2377, 915])
Face([370, 1891, 639, 900, 596])
Face([2273, 1265, 369, 1230, 186])
Face([2151, 1308, 1749, 1530, 829])
Face([19, 402, 1604, 1561, 1596])
Face([699, 2173, 1170, 1657, 910])
Face([56, 1280, 257, 444, 1387])
Face([1669, 179, 1955, 1050, 1916])
Face([2205, 1480, 1462, 503, 1840])
Face([269, 1233, 2247, 1630, 2206])
Face([219, 720, 2392, 942, 1342])
Face([243, 1721, 1522, 832, 1334])
Face([418, 2305, 1613, 816, 442])
Face([100, 1457, 1562, 1912, 1278])
Face([287, 628, 643, 1844, 2366])
Face([358, 1918, 1365, 2258, 479])
Face([1620, 1123, 1842, 395, 542])
Face([459, 2341, 753, 2120, 1023])
Face([111, 1248, 1431, 2255, 12])
Face([519, 273, 124, 121, 1197])
Face([60, 1857, 2073, 841, 1852])
Face([1390, 1537, 461, 350, 1556])
Face([81, 920, 1742, 2096, 523])
Face([354, 568, 2200, 1210, 1773])
Face([983, 2065, 2118, 1324, 1783])
Face([1097, 1552, 1508, 661, 2292])
Face([1129, 382, 733, 636, 1631])
Face([511, 362, 2012, 1978, 866])
Face([2381, 2353, 1616, 1975, 2322])
Face([551, 1529, 1420, 901, 1245])
Face([384, 2290, 1321, 1450, 869])
Face([1162, 1952, 1636, 1833, 1635])
Face([211, 97, 791, 255, 1999])
Face([1355, 1249, 1017, 1787, 210])
Face([175, 433, 834, 77, 1182])
Face([1140, 1364, 1885, 1786, 2293])
Face([1121, 468, 1459, 734, 871])
Face([190, 1713, 1425, 1919, 1917])
Face([998, 498, 999, 651, 1524])
Face([1680, 1850, 2099, 966, 2195])
Face([169, 960, 808, 1214, 2248])
Face([9, 642, 1989, 393, 1798])
Face([1984, 2072, 856, 2348, 1479])
Face([2238, 1688, 1805, 1501, 878])
Face([146, 1116, 838, 1306, 693])
Face([930, 1688, 1805, 475, 1339])
Face([223, 1080, 1046, 1147, 1948])
Face([664, 1314, 1477, 1184, 1651])
Face([1124, 1754, 1686, 1243, 802])
Face([726, 1560, 2140, 1104, 1022])
Face([1639, 1005, 71, 858, 1154])
Face([203, 226, 1042, 1790, 1950])
Face([254, 1849, 685, 1272, 1666])
Face([709, 368, 360, 2300, 548])
Face([135, 1320, 2069, 941, 1466])
Face([2137, 451, 2215, 1479, 2348])
Face([1821, 1818, 1701, 1167, 1366])
Face([220, 947, 1064, 1616, 1975])
Face([24, 1410, 1220, 489, 51])
Face([2100, 1110, 894, 650, 1766])
Face([112, 2025, 2054, 815, 1221])
Face([2026, 352, 1384, 1923, 1590])
Face([710, 2320, 1445, 614, 2142])
Face([262, 2040, 1589, 2069, 941])
Face([207, 1468, 857, 1535, 1385])
Face([816, 1613, 2195, 966, 1878])
Face([672, 568, 2200, 2023, 1521])
Face([335, 1488, 2062, 2310, 1714])
Face([392, 1054, 712, 1114, 1847])
Face([1352, 937, 2330, 1694, 767])
Face([1645, 334, 721, 650, 894])
Face([820, 545, 361, 2015, 1652])
Face([2146, 1762, 1532, 1389, 1277])
Face([1006, 1034, 887, 1929, 1038])
Face([187, 1921, 1634, 1531, 1415])
Face([1744, 1254, 1771, 924, 2311])
Face([2262, 1017, 1787, 1314, 1477])
Face([148, 1977, 1271, 455, 2148])
Face([788, 2218, 2027, 1760, 813])
Face([622, 1800, 485, 2252, 1555])
Face([222, 1292, 1825, 1270, 1751])
Face([160, 981, 1114, 1847, 2303])
Face([300, 2144, 2365, 2063, 386])
Face([75, 1313, 1870, 1126, 1095])
Face([356, 441, 911, 1001, 2098])
Face([183, 2108, 1249, 1017, 2262])
Face([338, 1048, 810, 624, 1559])
Face([580, 2321, 862, 1892, 1189])
Face([1264, 1842, 395, 1629, 436])
Face([252, 1809, 1117, 1796, 1150])
Face([59, 1223, 456, 1983, 1183])
Face([2300, 548, 1727, 2178, 1149])
Face([660, 2281, 1778, 1470, 1757])
Face([194, 42, 408, 849, 1987])
Face([68, 2278, 1665, 1296, 2367])
Face([2172, 1224, 2302, 803, 1370])
Face([190, 1917, 734, 1459, 2017])
Face([760, 2234, 817, 2285, 844])
Face([799, 1950, 203, 917, 1367])
Face([356, 2098, 2343, 1622, 1039])
Face([31, 698, 229, 2035, 1902])
Face([177, 1996, 1419, 339, 1557])
Face([119, 1664, 749, 1281, 1647])
Face([305, 1928, 355, 1040, 2331])
Face([23, 398, 889, 2369, 2158])
Face([236, 704, 2346, 2159, 988])
Face([1142, 1728, 482, 1083, 1643])
Face([249, 898, 2318, 646, 447])
Face([293, 846, 314, 1081, 1551])
Face([221, 532, 1743, 944, 798])
Face([683, 1027, 1953, 2288, 1879])
Face([2012, 1978, 868, 2089, 780])
Face([766, 1200, 2336, 1807, 2380])
Face([127, 761, 230, 1583, 487])
Face([266, 2196, 1139, 653, 1725])
Face([1464, 616, 1843, 1008, 326])
Face([2052, 2240, 1719, 1979, 833])
Face([1463, 1722, 1883, 646, 2318])
Face([17, 1211, 1520, 833, 2052])
Face([991, 1235, 1386, 1093, 567])
Face([2014, 2221, 1909, 1146, 943])
Face([146, 504, 2160, 933, 1116])
Face([131, 2329, 60, 1857, 2037])
Face([557, 488, 514, 1174, 2231])
Face([728, 2118, 1324, 1997, 1823])
Face([1732, 1010, 610, 1821, 1366])
Face([1523, 1498, 1052, 1819, 1794])
Face([1720, 1683, 1718, 762, 1804])
Face([1297, 2088, 903, 302, 1761])
Face([10, 716, 573, 241, 2319])
Face([1258, 2356, 634, 359, 383])
Face([484, 254, 1849, 2339, 2071])
Face([735, 553, 2283, 1587, 2197])
Face([206, 2233, 2263, 1752, 1903])
Face([205, 554, 2043, 2243, 958])
Face([658, 416, 1378, 1408, 1958])
Face([365, 1740, 762, 1804, 565])
Face([2145, 1528, 2038, 500, 1515])
Face([333, 610, 1010, 1465, 1332])
Face([549, 2354, 2324, 1304, 1731])
Face([1193, 1610, 1400, 2284, 1478])
Face([673, 2192, 29, 1297, 1761])
Face([19, 402, 1588, 797, 684])
Face([1176, 429, 998, 498, 1454])
Face([13, 2114, 2068, 14, 1899])
Face([2228, 699, 2173, 1300, 540])
Face([378, 1369, 577, 218, 1940])
Face([1274, 688, 290, 1372, 497])
Face([340, 963, 1077, 6, 2223])
Face([207, 913, 1756, 1421, 1385])
Face([16, 690, 2314, 1641, 566])
Face([189, 826, 1019, 394, 678])
Face([296, 659, 1693, 1944, 1855])
Face([2003, 1833, 1636, 1187, 1991])
Face([2361, 1403, 1484, 1034, 887])
Face([11, 649, 289, 1480, 2205])
Face([120, 645, 582, 1197, 519])
Face([41, 1707, 796, 560, 1733])
Face([64, 944, 798, 1943, 1534])
Face([91, 2326, 1860, 778, 1175])
Face([319, 619, 1687, 2202, 1035])
Face([272, 1988, 1071, 2279, 1199])
Face([123, 2217, 2191, 2371, 463])
Face([147, 2131, 599, 912, 2277])
Face([805, 1316, 1813, 2368, 494])
Face([452, 43, 2121, 1799, 1411])
Face([115, 425, 2288, 1953, 723])
Face([61, 1956, 977, 2382, 348])
Face([2025, 2054, 1301, 1866, 2031])
Face([530, 1906, 1204, 1199, 2279])
Face([82, 1176, 429, 1784, 940])
Face([660, 2281, 2216, 1831, 1122])
Face([2109, 1333, 1266, 446, 517])
Face([211, 1331, 450, 1619, 1999])
Face([2077, 552, 2335, 1648, 2045])
Face([812, 1059, 1026, 1739, 757])
Face([38, 789, 2033, 773, 997])
Face([935, 1820, 897, 1395, 965])
Face([162, 673, 1761, 302, 1811])
Face([109, 2381, 2322, 1974, 470])
Face([908, 2013, 1247, 20, 847])
Face([194, 1987, 281, 2180, 524])
Face([155, 1908, 796, 560, 1658])
Face([172, 731, 2155, 755, 885])
Face([16, 1841, 1112, 961, 566])
Face([114, 424, 1016, 985, 1325])
Face([1009, 1028, 1517, 959, 1276])
Face([1650, 1344, 298, 615, 662])
Face([677, 683, 1879, 1702, 927])
Face([147, 2131, 1855, 1944, 2181])
Face([431, 1444, 836, 501, 2078])
Face([1592, 74, 2287, 1765, 235])
Face([831, 483, 1933, 936, 1496])
Face([1319, 1864, 1740, 762, 1718])
Face([1313, 1153, 2260, 105, 1870])
Face([76, 601, 942, 2392, 493])
Face([592, 1785, 1663, 1424, 588])
Face([41, 2172, 1224, 978, 1733])
Face([161, 1938, 2194, 2245, 2044])
Face([245, 1309, 884, 1424, 1663])
Face([265, 469, 2103, 866, 511])
Face([649, 289, 1810, 323, 1044])
Face([402, 1588, 1014, 1057, 1604])
Face([2367, 1296, 1148, 401, 1237])
Face([1971, 974, 1460, 1569, 471])
Face([1633, 1378, 1408, 708, 539])
Face([92, 1130, 1135, 970, 1371])
Face([112, 1738, 893, 899, 1221])
Face([84, 417, 426, 1675, 591])
Face([139, 2082, 1143, 1145, 2244])
Face([537, 2196, 266, 1177, 518])
Face([1011, 1544, 1244, 872, 465])
Face([75, 322, 1684, 1160, 1095])
Face([695, 1098, 632, 1717, 1134])
Face([85, 975, 2021, 2317, 1251])
Face([958, 2243, 396, 1458, 1621])
Face([228, 1573, 1315, 1714, 335])
Face([952, 291, 2186, 1848, 987])
Face([1738, 996, 2178, 1727, 893])
Face([918, 1073, 195, 2242, 2266])
Face([1883, 1722, 1643, 1083, 1363])
Face([709, 899, 893, 1727, 548])
Face([1895, 1113, 461, 1537, 1509])
Face([27, 32, 2055, 1374, 2177])
Face([1882, 1928, 355, 2359, 1151])
Face([581, 1101, 544, 632, 1717])
Face([249, 1907, 1710, 2016, 447])
Face([140, 1776, 1107, 2376, 2083])
Face([1625, 705, 1289, 1104, 1022])
Face([1810, 323, 1299, 891, 1828])
Face([153, 474, 739, 1820, 935])
Face([102, 336, 976, 1606, 380])
Face([1956, 977, 1626, 1442, 1212])
Face([2113, 2304, 1865, 2091, 1169])
Face([578, 2338, 1168, 2064, 1789])
Face([1130, 342, 388, 932, 1135])
Face([342, 785, 1635, 1162, 388])
Face([69, 1592, 235, 1815, 2229])
Face([1128, 1952, 1636, 1187, 1817])
Face([1025, 1649, 2221, 2014, 1047])
Face([1585, 1067, 280, 2291, 1246])
Face([1514, 375, 1078, 458, 1263])
Face([218, 577, 428, 1283, 1914])
Face([2060, 584, 1995, 765, 1696])
Face([197, 1008, 1843, 1925, 956])
Face([2095, 1608, 627, 919, 1802])
Face([152, 2246, 2187, 2230, 2254])
Face([132, 1504, 208, 1295, 1418])
Face([36, 1044, 323, 1299, 407])
Face([59, 1223, 85, 1251, 823])
Face([569, 1120, 400, 2267, 1423])
Face([2200, 1210, 2298, 876, 2023])
Face([777, 243, 1721, 1964, 1960])
Face([261, 741, 525, 808, 1214])
Face([320, 2297, 1911, 1712, 367])
Face([682, 329, 2056, 671, 2306])
Face([1047, 481, 1490, 943, 2014])
Face([2076, 1808, 694, 1846, 612])
Face([15, 770, 2328, 1439, 2349])
Face([285, 2201, 889, 398, 2132])
Face([193, 1088, 375, 1514, 49])
Face([76, 601, 237, 1059, 812])
Face([325, 2032, 1043, 2213, 1597])
Face([1247, 2013, 2112, 743, 406])
Face([289, 1480, 1462, 1828, 1810])
Face([290, 688, 385, 357, 1614])
Face([1310, 472, 1861, 2123, 1109])
Face([1143, 512, 1322, 520, 1145])
Face([862, 2360, 1758, 1441, 1892])
Face([2366, 1844, 892, 406, 743])
Face([827, 979, 781, 35, 2332])
Face([733, 1400, 1610, 1503, 382])
Face([447, 2016, 1363, 1883, 646])
Face([139, 652, 767, 1694, 2244])
Face([1543, 1520, 833, 1979, 2370])
Face([2204, 1132, 1501, 1805, 475])
Face([251, 1275, 768, 1132, 2204])
Face([149, 320, 2297, 1586, 1567])
Face([47, 2236, 1401, 1161, 1422])
Face([2190, 308, 1002, 535, 1037])
Face([2046, 1538, 1436, 600, 432])
Face([1972, 842, 1671, 1558, 558])
Face([1306, 838, 370, 1891, 807])
Face([1144, 2216, 2281, 1778, 2212])
Face([982, 1889, 2257, 1826, 1178])
Face([772, 1465, 1332, 1602, 173])
Face([408, 849, 78, 1173, 2039])
Face([124, 1205, 213, 239, 273])
Face([671, 1442, 1212, 1180, 2306])
Face([282, 914, 1730, 1196, 2070])
Face([113, 881, 1653, 828, 794])
Face([69, 1592, 74, 830, 1106])
Face([48, 1072, 2004, 412, 572])
Face([2382, 2080, 1875, 1626, 977])
Face([1, 1208, 962, 851, 1015])
Face([246, 745, 449, 1392, 2042])
Face([691, 1279, 512, 1322, 2175])
Face([763, 1906, 530, 45, 1163])
Face([2244, 1145, 520, 2330, 1694])
Face([1887, 2208, 192, 1485, 906])
Face([122, 952, 291, 1209, 703])
Face([633, 2235, 1346, 969, 1414])
Face([223, 1948, 312, 790, 2373])
Face([312, 1729, 1376, 1402, 790])
Face([1222, 1522, 1721, 1964, 2379])
Face([62, 700, 1258, 2356, 527])
Face([270, 1360, 1782, 1913, 665])
Face([114, 424, 2057, 1816, 1388])
Face([1508, 1552, 536, 874, 1262])
Face([115, 986, 202, 860, 723])
Face([2334, 872, 1244, 954, 1533])
Face([22, 804, 990, 556, 1518])
Face([172, 1448, 1786, 2293, 885])
Face([206, 2233, 1519, 486, 667])
Face([105, 1469, 1548, 1126, 1870])
Face([826, 1865, 2304, 499, 1019])
Face([8, 576, 1150, 1796, 509])
Face([95, 328, 657, 413, 984])
Face([26, 2241, 1577, 1350, 54])
Face([1576, 1736, 877, 2199, 2051])
Face([730, 784, 466, 1273, 1554])
Face([212, 747, 377, 1236, 1495])
Face([360, 368, 815, 2054, 1301])
Face([41, 1707, 1286, 1370, 2172])
Face([2018, 2225, 384, 869, 1396])
Face([66, 1327, 1357, 1608, 2095])
Face([118, 1549, 86, 1737, 2126])
Face([1078, 458, 2265, 2358, 1886])
Face([731, 1, 1015, 915, 2155])
Face([296, 696, 714, 1853, 659])
Face([209, 1512, 984, 413, 635])
Face([1753, 2168, 980, 318, 2074])
Face([950, 1339, 930, 1792, 1391])
Face([131, 2037, 1706, 837, 2150])
Face([201, 2162, 697, 2355, 1662])
Face([2117, 1605, 1739, 1026, 1165])
Face([1668, 1358, 1207, 1218, 1759])
Face([1849, 2339, 311, 818, 685])
Face([147, 2277, 1687, 2202, 2181])
Face([701, 2249, 738, 2317, 2021])
Face([1116, 933, 596, 370, 838])
Face([1859, 2384, 1119, 1349, 1574])
Face([303, 907, 2282, 2342, 2094])
Face([407, 1299, 891, 1593, 1869])
Face([181, 574, 1666, 254, 484])
Face([2164, 904, 1496, 831, 1456])
Face([1851, 347, 198, 391, 374])
Face([200, 248, 2399, 562, 1507])
Face([925, 2362, 1830, 501, 836])
Face([713, 2264, 1611, 854, 967])
Face([188, 931, 1290, 334, 1645])
Face([927, 2084, 1986, 1527, 1702])
Face([696, 714, 2127, 912, 599])
Face([704, 1905, 806, 922, 2346])
Face([718, 2361, 887, 1929, 1003])
Face([1962, 824, 1321, 2290, 845])
Face([690, 2250, 974, 1460, 2314])
Face([2185, 306, 1764, 2007, 1206])
Face([390, 1243, 1686, 951, 2086])
Face([538, 227, 80, 1741, 964])
Face([960, 808, 525, 756, 1171])
Face([380, 1082, 1472, 1946, 1606])
Face([692, 581, 1717, 1134, 1318])
Face([931, 1290, 729, 1317, 52])
Face([1095, 1160, 955, 1548, 1126])
Face([1511, 1498, 1523, 595, 686])
Face([185, 448, 539, 708, 310])
Face([932, 1128, 1817, 970, 1135])
Face([2032, 2000, 1655, 1689, 1043])
Face([1985, 1394, 449, 1392, 1900])
Face([177, 1452, 1726, 2029, 1996])
