(0, 386, 451, 44, 53, 603)->[(-1-1*r5), (1-1*r5), 2, -4]
(0, 129, 541, 669, 456, 555, 44, 591, 369, 117, 603, 285)->[(-1-1*r5), (-1-1*r5), (1+1*r5), (-1-1*r5)]
(0, 451, 456, 44, 217, 442)->[-2, -2, 2, (0-2*r5)]
(0, 357, 521, 591, 91, 541)->[-2, (1-1*r5), 4, (-1-1*r5)]
(0, 386, 357, 282, 603, 541)->[(-1-1*r5), (-3+1*r5), (1+1*r5), (-1-1*r5)]
(0, 353, 386, 451, 611, 357, 581, 263, 707, 521, 586, 442)->[-2, 0, (1+1*r5), (-3-1*r5)]
(0, 456, 521, 591, 276, 442)->[(1-1*r5), -2, (1+1*r5), -4]
(7, 208, 209, 210, 316, 223)->[(-1-1*r5), (0-2*r5), 0, (1-1*r5)]
(197, 266, 268, 430, 19, 499)->[(0+2*r5), 0, (-1-1*r5), (1-1*r5)]
(516, 200, 430, 239, 663, 253)->[(1+1*r5), (3-1*r5), (-1-1*r5), (-1-1*r5)]
(580, 331, 299, 494, 241, 149)->[(3+1*r5), (-3+1*r5), 0, 2]
(196, 68, 716, 374, 695, 121)->[2, 0, (3-1*r5), (3+1*r5)]
(449, 515, 102, 73, 493, 589)->[(1+1*r5), 2, 4, (-1+1*r5)]
(644, 549, 109, 46, 309, 315)->[0, (-1-1*r5), (0+2*r5), (-1+1*r5)]
(111, 368, 113, 694, 30, 574)->[(-1-1*r5), 0, (1-1*r5), (0+2*r5)]
(296, 670, 211, 247, 251, 158)->[(3+1*r5), (-3+1*r5), 0, -2]
(67, 269, 303, 467, 532, 595)->[(1-1*r5), (1+1*r5), -4, -2]
(256, 321, 274, 281, 186, 284)->[(1+1*r5), (0-2*r5), 0, (-1+1*r5)]
(233, 369, 117, 603, 508, 607)->[(0-2*r5), -2, 2, -2]
(192, 486, 76, 527, 719, 660)->[-4, (-1+1*r5), (-1-1*r5), -2]
(513, 393, 686, 112, 208, 244)->[-2, (0-2*r5), -2, -2]
(225, 290, 10, 719, 254, 287)->[-4, (1-1*r5), (-1-1*r5), -2]
(227, 167, 330, 471, 473, 447)->[2, -4, (1+1*r5), (1-1*r5)]
(424, 170, 702, 48, 87, 414)->[4, 2, (-1+1*r5), (1+1*r5)]
(544, 8, 553, 204, 52, 538)->[-2, (0+2*r5), 2, -2]
(516, 202, 499, 436, 248, 378)->[(0+2*r5), 2, -2, -2]
(197, 358, 266, 499, 247, 24)->[(3+1*r5), 0, -2, (-3+1*r5)]
(552, 270, 273, 529, 405, 56)->[2, (1-1*r5), 4, (1+1*r5)]
(325, 135, 428, 145, 63, 287)->[-4, -2, (1-1*r5), (-1-1*r5)]
(705, 487, 295, 619, 243, 441)->[(-3+1*r5), (1+1*r5), (1+1*r5), (1+1*r5)]
(354, 16, 215, 409, 538, 319)->[0, (3+1*r5), (3-1*r5), -2]
(640, 545, 223, 690, 62, 543)->[-2, (-3-1*r5), 0, (3-1*r5)]
(320, 520, 648, 271, 239, 662)->[2, 2, (0-2*r5), -2]
(192, 388, 616, 712, 54, 502)->[(-1-1*r5), (-1+1*r5), -2, -4]
(396, 206, 14, 372, 600, 249)->[(1-1*r5), (1+1*r5), -4, 2]
(198, 297, 80, 146, 314, 475)->[(3-1*r5), (1+1*r5), (1+1*r5), (-1-1*r5)]
(386, 611, 586, 692, 313, 507)->[(-1-1*r5), (-1+1*r5), 2, -4]
(361, 426, 396, 505, 504, 25)->[(-1-1*r5), 2, -4, (-1+1*r5)]
(579, 175, 179, 280, 571, 95)->[(-1-1*r5), (-1+1*r5), 2, 4]
(67, 303, 467, 23, 407, 444)->[(-3+1*r5), (1+1*r5), (-1-1*r5), (-1-1*r5)]
(288, 14, 600, 249, 410, 191)->[0, (1+1*r5), (0-2*r5), (-1+1*r5)]
(224, 480, 45, 124, 568, 380)->[(1+1*r5), (1-1*r5), 2, -4]
(449, 105, 556, 304, 560, 216)->[4, 0, 4, 0]
(257, 324, 684, 174, 631, 57)->[(-3-1*r5), (1-1*r5), (1-1*r5), (-1+1*r5)]
(321, 136, 50, 151, 445, 511)->[(0+2*r5), (-1-1*r5), (1-1*r5), 0]
(417, 578, 164, 205, 281, 636)->[(-1+1*r5), (-3-1*r5), (1-1*r5), (-1+1*r5)]
(711, 203, 717, 177, 188, 701)->[0, (1-1*r5), (-1-1*r5), (0+2*r5)]
(512, 612, 458, 588, 152, 441)->[(-1+1*r5), 4, 2, (1+1*r5)]
(385, 134, 168, 12, 21, 469)->[-4, 0, 4, 0]
(195, 389, 302, 627, 123, 667)->[(-3-1*r5), (-1+1*r5), (-1+1*r5), (1-1*r5)]
(709, 74, 653, 271, 498, 28)->[2, 4, (-1-1*r5), (1-1*r5)]
(225, 194, 673, 267, 43, 59)->[-2, -2, (0-2*r5), -2]
(7, 10, 428, 686, 528, 435)->[-4, (-1-1*r5), -2, (1-1*r5)]
(551, 360, 75, 274, 120, 382)->[4, (-1-1*r5), 2, (-1+1*r5)]
(385, 708, 240, 569, 411, 446)->[(-1-1*r5), 2, 4, (1-1*r5)]
(513, 645, 267, 43, 59, 60)->[(1-1*r5), (-1-1*r5), -4, -2]
(512, 362, 619, 493, 437, 412)->[(-1+1*r5), (1+1*r5), 4, 2]
(228, 517, 260, 645, 592, 340)->[(3-1*r5), (-1-1*r5), (-1-1*r5), (-1-1*r5)]
(193, 454, 587, 689, 307, 118)->[(1-1*r5), -4, -2, (1+1*r5)]
(360, 299, 238, 494, 341, 149)->[(3+1*r5), (1-1*r5), (-1+1*r5), (-1+1*r5)]
(74, 269, 373, 600, 410, 191)->[0, 4, -4, 0]
(384, 293, 614, 688, 218, 127)->[-2, (1+1*r5), (1-1*r5), 4]
(362, 13, 463, 697, 342, 537)->[0, 4, 4, 0]
(705, 387, 295, 619, 537, 61)->[(1-1*r5), (1+1*r5), 4, 2]
(640, 416, 208, 210, 690, 223)->[-2, (-3-1*r5), 0, (-3+1*r5)]
(162, 514, 494, 48, 279, 185)->[(3+1*r5), (-1+1*r5), (-1+1*r5), (-1+1*r5)]
(644, 549, 46, 434, 563, 51)->[0, -2, (3+1*r5), (3-1*r5)]
(229, 72, 392, 687, 154, 379)->[(1+1*r5), 4, (1-1*r5), 2]
(546, 4, 677, 241, 114, 629)->[4, -2, (1-1*r5), (1+1*r5)]
(485, 646, 327, 625, 693, 472)->[-4, 4, 0, 0]
(160, 193, 328, 564, 252, 543)->[(-1-1*r5), -4, (1-1*r5), 2]
(544, 577, 8, 553, 697, 411)->[-2, 4, (1+1*r5), (1-1*r5)]
(455, 679, 237, 468, 598, 315)->[(1-1*r5), (0-2*r5), (1+1*r5), 0]
(192, 452, 527, 660, 213, 222)->[(0-2*r5), 2, -2, -2]
(608, 66, 72, 436, 404, 440)->[(0+2*r5), (1+1*r5), (1-1*r5), 0]
(482, 131, 706, 392, 81, 665)->[2, (1+1*r5), (1-1*r5), 4]
(517, 6, 393, 620, 429, 219)->[0, (0-2*r5), (1-1*r5), (-1-1*r5)]
(641, 710, 467, 407, 444, 351)->[(1-1*r5), 4, -2, (-1-1*r5)]
(332, 565, 408, 346, 188, 574)->[(1-1*r5), (1-1*r5), (1-1*r5), (3+1*r5)]
(135, 428, 112, 630, 316, 63)->[(-1-1*r5), (-1-1*r5), (-3+1*r5), (-1-1*r5)]
(391, 362, 13, 463, 26, 221)->[(-1+1*r5), (0+2*r5), (1+1*r5), 0]
(226, 293, 688, 628, 20, 218)->[(-1-1*r5), (1+1*r5), (-3+1*r5), (1+1*r5)]
(129, 209, 210, 369, 316, 285)->[(-1-1*r5), -4, (-1+1*r5), -2]
(42, 332, 307, 570, 188, 574)->[-2, -2, -2, (0+2*r5)]
(514, 238, 494, 304, 341, 185)->[(3+1*r5), 0, 2, (3-1*r5)]
(608, 162, 643, 524, 279, 185)->[(3+1*r5), 2, (3-1*r5), 0]
(514, 102, 424, 170, 48, 279)->[(0+2*r5), 2, 2, 2]
(110, 654, 115, 567, 568, 251)->[4, 0, 0, -4]
(32, 515, 420, 102, 493, 221)->[(1+1*r5), (1+1*r5), (1+1*r5), (3-1*r5)]
(398, 92, 244, 187, 60, 413)->[(1-1*r5), (0-2*r5), (-1-1*r5), 0]
(325, 135, 233, 106, 145, 53)->[(0-2*r5), (1-1*r5), 0, (-1-1*r5)]
(440, 498, 436, 404, 248, 378)->[4, (1+1*r5), -2, (1-1*r5)]
(455, 300, 626, 468, 308, 315)->[-2, -4, (1+1*r5), (-1+1*r5)]
(484, 165, 166, 520, 23, 253)->[(-1+1*r5), 2, (-1-1*r5), -4]
(486, 76, 532, 660, 86, 25)->[(-1-1*r5), 2, -4, (1-1*r5)]
(260, 107, 79, 632, 345, 219)->[2, (0-2*r5), -2, -2]
(673, 490, 522, 651, 84, 415)->[(-3+1*r5), 0, (-3-1*r5), -2]
(128, 323, 554, 471, 635, 639)->[(1+1*r5), -4, (-1+1*r5), -2]
(288, 676, 613, 582, 658, 377)->[2, 2, (0-2*r5), 2]
(37, 329, 269, 400, 373, 600)->[(1-1*r5), (0+2*r5), (-1-1*r5), 0]
(391, 71, 80, 215, 536, 318)->[2, (0+2*r5), 2, -2]
(97, 482, 687, 623, 85, 702)->[4, 2, (1-1*r5), (1+1*r5)]
(298, 557, 83, 563, 539, 540)->[(-1+1*r5), (1-1*r5), (3+1*r5), (1-1*r5)]
(647, 104, 559, 659, 596, 88)->[0, (-3+1*r5), -2, (-3-1*r5)]
(136, 360, 299, 341, 670, 479)->[(3+1*r5), -2, (3-1*r5), 0]
(167, 298, 275, 539, 540, 542)->[2, -2, (0+2*r5), -2]
(710, 712, 9, 213, 312, 58)->[(-1-1*r5), (1+1*r5), (-3+1*r5), (-1-1*r5)]
(705, 579, 487, 334, 243, 664)->[(1-1*r5), 2, (1+1*r5), 4]
(162, 580, 331, 494, 623, 48)->[(3+1*r5), (3-1*r5), 0, 2]
(485, 327, 395, 625, 20, 476)->[(-1-1*r5), (0+2*r5), 0, (-1+1*r5)]
(160, 257, 42, 301, 558, 111)->[-4, -2, (1-1*r5), (1+1*r5)]
(320, 133, 268, 658, 599, 666)->[(1+1*r5), (-1+1*r5), (0-2*r5), 0]
(657, 661, 633, 348, 381, 638)->[(-1+1*r5), (-1-1*r5), 0, (0+2*r5)]
(34, 327, 40, 628, 504, 90)->[-4, (1+1*r5), -2, (-1+1*r5)]
(578, 164, 118, 636, 317, 62)->[0, (-3-1*r5), (-3+1*r5), 2]
(421, 556, 83, 563, 184, 539)->[2, (-3+1*r5), (3+1*r5), 0]
(388, 106, 145, 53, 55, 313)->[-4, 0, 0, -4]
(70, 651, 595, 84, 86, 415)->[(1-1*r5), (-1+1*r5), (-3-1*r5), (1-1*r5)]
(583, 670, 211, 341, 158, 479)->[(3+1*r5), (1-1*r5), (-1+1*r5), (1-1*r5)]
(354, 261, 523, 566, 283, 28)->[(-1+1*r5), (3+1*r5), (1-1*r5), (1-1*r5)]
(137, 554, 171, 45, 431, 575)->[2, (-1-1*r5), (-1+1*r5), -4]
(137, 429, 431, 335, 573, 575)->[(-1+1*r5), (-1-1*r5), 0, (0-2*r5)]
(704, 141, 625, 52, 31, 319)->[-2, (3+1*r5), 0, (-3+1*r5)]
(36, 297, 553, 204, 116, 538)->[(1-1*r5), 4, 2, (-1-1*r5)]
(32, 643, 230, 71, 460, 402)->[4, (1+1*r5), 2, (1-1*r5)]
(260, 489, 107, 79, 699, 572)->[2, -4, (-1-1*r5), (1-1*r5)]
(99, 713, 716, 374, 183, 121)->[2, 0, (-3+1*r5), (3+1*r5)]
(34, 293, 327, 20, 628, 476)->[(-1-1*r5), 4, (1-1*r5), 2]
(385, 195, 708, 282, 507, 446)->[-4, (-1+1*r5), (1+1*r5), -2]
(2, 75, 273, 500, 184, 216)->[(1+1*r5), -2, 4, (-1+1*r5)]
(65, 259, 366, 142, 602, 220)->[(1+1*r5), -2, -4, (-1+1*r5)]
(168, 169, 531, 277, 667, 255)->[(-3-1*r5), 0, 2, (3-1*r5)]
(128, 323, 137, 554, 45, 503)->[(1+1*r5), (-1-1*r5), (3-1*r5), (-1-1*r5)]
(168, 12, 718, 531, 469, 255)->[(0-2*r5), 0, (1+1*r5), (-1+1*r5)]
(352, 548, 69, 18, 531, 95)->[(0-2*r5), 2, 2, 2]
(161, 353, 707, 678, 521, 347)->[0, 0, 4, -4]
(610, 241, 114, 629, 151, 220)->[(0+2*r5), -2, -2, 2]
(613, 133, 653, 15, 404, 154)->[(1+1*r5), (1+1*r5), (-1-1*r5), (3-1*r5)]
(356, 326, 682, 602, 122, 701)->[2, (1-1*r5), -4, (1+1*r5)]
(547, 677, 551, 683, 149, 22)->[4, -2, (-1+1*r5), (1+1*r5)]
(229, 392, 715, 655, 375, 154)->[2, (0+2*r5), -2, 2]
(448, 452, 302, 472, 153, 90)->[(-3-1*r5), 2, (-3+1*r5), 0]
(36, 9, 204, 242, 116, 692)->[-2, (1+1*r5), (-1+1*r5), -4]
(450, 453, 650, 492, 82, 501)->[(-1+1*r5), (1+1*r5), 0, (0-2*r5)]
(33, 644, 552, 109, 500, 309)->[(-1+1*r5), (-1-1*r5), 4, 2]
(390, 40, 329, 532, 660, 25)->[(-1-1*r5), (1+1*r5), (-1-1*r5), (-3+1*r5)]
(456, 555, 139, 591, 562, 276)->[(-3+1*r5), (-1-1*r5), (1+1*r5), (-1-1*r5)]
(644, 552, 270, 273, 500, 184)->[2, -2, (0+2*r5), 2]
(576, 486, 361, 426, 86, 25)->[(-1-1*r5), (-1+1*r5), (0-2*r5), 0]
(609, 578, 132, 338, 317, 62)->[0, (-3-1*r5), (3-1*r5), 2]
(162, 66, 580, 623, 24, 156)->[(3+1*r5), (-1+1*r5), (1-1*r5), (-1+1*r5)]
(38, 680, 685, 46, 308, 478)->[-2, -2, (0+2*r5), 2]
(707, 262, 521, 276, 442, 347)->[0, (1-1*r5), (1+1*r5), (0-2*r5)]
(674, 5, 103, 200, 397, 592)->[2, (1-1*r5), -4, (-1-1*r5)]
(613, 653, 410, 655, 375, 154)->[2, 4, (-1-1*r5), (-1+1*r5)]
(605, 587, 332, 590, 272, 381)->[(1-1*r5), (-1-1*r5), 0, (0+2*r5)]
(550, 199, 41, 77, 83, 443)->[(-1+1*r5), (-1+1*r5), (3+1*r5), (1-1*r5)]
(290, 325, 10, 428, 528, 287)->[(0-2*r5), -2, -2, -2]
(33, 552, 143, 464, 305, 309)->[(3-1*r5), (-1-1*r5), (1+1*r5), (1+1*r5)]
(103, 647, 108, 340, 573, 510)->[2, -2, -2, (0-2*r5)]
(549, 298, 557, 401, 51, 563)->[0, -2, (3+1*r5), (-3+1*r5)]
(450, 709, 166, 343, 283, 444)->[(-1+1*r5), 4, -2, (-1-1*r5)]
(416, 640, 593, 210, 278, 598)->[(1-1*r5), (-3-1*r5), (-1+1*r5), (1-1*r5)]
(672, 258, 104, 525, 596, 88)->[(1-1*r5), (1-1*r5), (1-1*r5), (-3-1*r5)]
(355, 685, 51, 212, 21, 344)->[-2, (-3+1*r5), (3+1*r5), 0]
(526, 144, 496, 601, 668, 126)->[(1-1*r5), (1-1*r5), (-3-1*r5), (-1+1*r5)]
(525, 145, 597, 54, 63, 287)->[(-1-1*r5), (1-1*r5), -2, -4]
(641, 450, 409, 283, 444, 351)->[0, (0+2*r5), (1-1*r5), (-1-1*r5)]
(391, 71, 13, 80, 634, 221)->[2, 4, (1+1*r5), (1-1*r5)]
(289, 585, 144, 147, 601, 668)->[(-3+1*r5), 0, (-3-1*r5), 2]
(165, 649, 714, 559, 501, 604)->[(-1+1*r5), (-1+1*r5), (1-1*r5), (-3-1*r5)]
(33, 642, 132, 143, 305, 638)->[(-1+1*r5), -4, 2, (1+1*r5)]
(512, 420, 362, 493, 26, 221)->[2, 4, (1+1*r5), (-1+1*r5)]
(64, 229, 261, 182, 189, 703)->[2, (3+1*r5), 0, (3-1*r5)]
(576, 194, 526, 496, 84, 668)->[-2, (-3+1*r5), (-3-1*r5), 0]
(136, 360, 274, 635, 382, 479)->[(0+2*r5), (-1-1*r5), (-1+1*r5), 0]
(35, 100, 550, 199, 41, 342)->[0, 2, (3+1*r5), (-3+1*r5)]
(161, 173, 77, 146, 119, 606)->[2, (-1+1*r5), 4, (-1-1*r5)]
(644, 421, 270, 434, 563, 184)->[(-1+1*r5), (1-1*r5), (3+1*r5), (-1+1*r5)]
(426, 396, 505, 147, 372, 249)->[-2, 2, (0-2*r5), 2]
(488, 398, 367, 406, 439, 126)->[0, (-1-1*r5), (0-2*r5), (-1+1*r5)]
(99, 231, 713, 81, 374, 246)->[(-1+1*r5), (-1+1*r5), (1-1*r5), (3+1*r5)]
(169, 176, 148, 277, 57, 255)->[(-3-1*r5), (1-1*r5), (-1+1*r5), (-1+1*r5)]
(452, 327, 40, 693, 472, 90)->[(0-2*r5), (1+1*r5), (1-1*r5), 0]
(383, 639, 403, 245, 278, 447)->[(-1+1*r5), (-3-1*r5), (-1+1*r5), (1-1*r5)]
(205, 639, 245, 632, 186, 383)->[2, (-3-1*r5), 0, (-3+1*r5)]
(398, 406, 439, 187, 60, 572)->[0, -4, -4, 0]
(323, 632, 186, 635, 445, 639)->[(1+1*r5), (0-2*r5), 0, (1-1*r5)]
(129, 555, 593, 210, 598, 285)->[-2, (0-2*r5), 2, -2]
(663, 649, 108, 654, 110, 567)->[(1+1*r5), 0, (1-1*r5), (0-2*r5)]
(495, 272, 465, 497, 408, 509)->[(1-1*r5), (1-1*r5), (-1+1*r5), (3+1*r5)]
(230, 423, 234, 492, 530, 318)->[(1+1*r5), (1+1*r5), (3-1*r5), (-1-1*r5)]
(672, 104, 616, 525, 207, 55)->[-2, 0, (-3+1*r5), (-3-1*r5)]
(421, 73, 41, 535, 506, 412)->[(-1+1*r5), (-1+1*r5), (3+1*r5), (-1+1*r5)]
(265, 364, 178, 152, 477, 703)->[0, (3+1*r5), (3-1*r5), 2]
(669, 591, 401, 344, 91, 541)->[-2, -2, (0+2*r5), -2]
(228, 5, 647, 659, 596, 691)->[0, (1-1*r5), (-1-1*r5), (0-2*r5)]
(353, 350, 611, 357, 624, 446)->[-2, (-1+1*r5), 4, (-1-1*r5)]
(544, 704, 364, 463, 16, 399)->[(-3+1*r5), (3+1*r5), 2, 0]
(488, 333, 144, 496, 406, 126)->[0, -2, (-3-1*r5), (3-1*r5)]
(2, 227, 167, 438, 471, 382)->[(1+1*r5), (-1-1*r5), (1+1*r5), (-3+1*r5)]
(425, 462, 626, 468, 308, 94)->[(-1-1*r5), (-1-1*r5), (1+1*r5), (3-1*r5)]
(203, 177, 307, 570, 188, 349)->[(1-1*r5), -2, (-1-1*r5), 4]
(672, 1, 258, 335, 88, 217)->[(-3+1*r5), -2, 0, (-3-1*r5)]
(64, 229, 39, 72, 379, 189)->[(1+1*r5), (0+2*r5), 0, (-1+1*r5)]
(387, 100, 41, 342, 535, 412)->[0, 2, (3+1*r5), (3-1*r5)]
(9, 204, 692, 312, 58, 125)->[(-1-1*r5), (1+1*r5), (3-1*r5), (-1-1*r5)]
(577, 295, 365, 399, 537, 61)->[-2, 4, (1+1*r5), (-1+1*r5)]
(482, 131, 231, 713, 236, 81)->[2, 2, -2, (0+2*r5)]
(322, 201, 301, 176, 250, 29)->[-4, -2, (-1+1*r5), (1+1*r5)]
(516, 649, 110, 310, 663, 253)->[(1+1*r5), (-1+1*r5), -2, -4]
(11, 464, 337, 49, 497, 529)->[0, (1-1*r5), (1+1*r5), (0+2*r5)]
(195, 708, 389, 507, 123, 125)->[(0-2*r5), 2, 2, -2]
(224, 606, 275, 347, 540, 542)->[2, (1-1*r5), 4, (-1-1*r5)]
(135, 233, 44, 369, 53, 603)->[-4, -2, (-1+1*r5), (-1-1*r5)]
(574, 42, 558, 111, 570, 30)->[(-1-1*r5), (1-1*r5), -2, 4]
(384, 675, 306, 150, 246, 157)->[(-3+1*r5), 2, 0, (3+1*r5)]
(449, 514, 102, 424, 427, 589)->[4, (-1+1*r5), (1+1*r5), 2]
(354, 319, 523, 409, 283, 351)->[0, (3+1*r5), (-3+1*r5), -2]
(550, 77, 173, 146, 634, 443)->[2, 2, (0+2*r5), -2]
(34, 293, 294, 37, 206, 476)->[-2, (0+2*r5), -2, 2]
(2, 227, 75, 500, 120, 382)->[(1+1*r5), (-1-1*r5), (1+1*r5), (3-1*r5)]
(131, 582, 232, 14, 655, 594)->[(3-1*r5), (1+1*r5), (-1-1*r5), (1+1*r5)]
(225, 457, 719, 597, 54, 287)->[(-1-1*r5), (-3+1*r5), (-1-1*r5), (-1-1*r5)]
(101, 422, 558, 656, 371, 631)->[-4, (1-1*r5), (-1-1*r5), 2]
(420, 39, 170, 588, 379, 189)->[(1+1*r5), 4, (-1+1*r5), 2]
(449, 514, 427, 238, 304, 216)->[(0+2*r5), 0, (1+1*r5), (-1+1*r5)]
(355, 557, 401, 51, 344, 91)->[(1-1*r5), (1-1*r5), (3+1*r5), (1-1*r5)]
(324, 548, 652, 277, 153, 190)->[(-3-1*r5), (3-1*r5), 0, 2]
(288, 289, 481, 70, 249, 191)->[0, 2, (-3-1*r5), (3-1*r5)]
(37, 294, 178, 476, 31, 159)->[(1-1*r5), (3+1*r5), (1-1*r5), (-1+1*r5)]
(384, 306, 150, 89, 218, 127)->[(1-1*r5), (1+1*r5), 0, (0+2*r5)]
(4, 519, 622, 657, 633, 348)->[2, (-1-1*r5), (1-1*r5), 4]
(680, 300, 464, 305, 433, 309)->[(-3+1*r5), (-1-1*r5), (1+1*r5), (1+1*r5)]
(98, 643, 172, 524, 185, 158)->[(3+1*r5), (-1+1*r5), (-1+1*r5), (1-1*r5)]
(226, 69, 264, 175, 20, 218)->[(-1-1*r5), (1+1*r5), (3-1*r5), (1+1*r5)]
(1, 335, 370, 88, 573, 575)->[(3-1*r5), -2, 0, (-3-1*r5)]
(67, 457, 76, 502, 696, 415)->[-2, (-1+1*r5), -4, (-1-1*r5)]
(128, 583, 211, 438, 380, 479)->[(0+2*r5), -2, 2, -2]
(547, 196, 683, 461, 405, 22)->[(1+1*r5), (1-1*r5), 2, 4]
(390, 710, 141, 213, 693, 312)->[(-1-1*r5), 4, (1-1*r5), -2]
(483, 68, 518, 374, 695, 157)->[(-1+1*r5), (-1+1*r5), (-1+1*r5), (3+1*r5)]
(483, 518, 458, 336, 695, 414)->[2, 2, 2, (0+2*r5)]
(480, 3, 138, 173, 119, 606)->[(1+1*r5), (3-1*r5), (1+1*r5), (-1-1*r5)]
(129, 456, 44, 621, 630, 217)->[-2, (-1-1*r5), (-1+1*r5), -4]
(193, 454, 328, 118, 92, 543)->[-2, (0-2*r5), -2, 2]
(483, 487, 458, 363, 336, 437)->[(-1+1*r5), 2, (1+1*r5), 4]
(228, 5, 103, 647, 592, 340)->[(-1+1*r5), -2, (-1-1*r5), -4]
(417, 205, 79, 311, 187, 636)->[(3-1*r5), (-3-1*r5), -2, 0]
(709, 520, 648, 74, 303, 271)->[(-1+1*r5), (1+1*r5), -4, -2]
(482, 706, 392, 687, 379, 702)->[(1+1*r5), (1+1*r5), (-3+1*r5), (1+1*r5)]
(167, 298, 330, 562, 275, 473)->[(-1+1*r5), (-1-1*r5), 4, -2]
(6, 620, 429, 621, 431, 335)->[0, -4, 0, -4]
(673, 194, 490, 267, 496, 84)->[(1-1*r5), (1-1*r5), (-3-1*r5), (1-1*r5)]
(363, 270, 529, 56, 506, 27)->[(-1+1*r5), 0, (0+2*r5), (1+1*r5)]
(260, 517, 429, 340, 345, 219)->[(-1+1*r5), -4, -2, (-1-1*r5)]
(3, 583, 105, 172, 304, 560)->[(0+2*r5), 0, (1+1*r5), (1-1*r5)]
(65, 359, 489, 107, 50, 699)->[(1+1*r5), (-1-1*r5), (-1-1*r5), (-3+1*r5)]
(518, 81, 374, 150, 246, 157)->[(3-1*r5), 2, 0, (3+1*r5)]
(134, 669, 425, 117, 344, 541)->[(-1-1*r5), -2, 4, (1-1*r5)]
(96, 637, 328, 371, 435, 413)->[(-1-1*r5), (-1-1*r5), (-1-1*r5), (3-1*r5)]
(384, 291, 614, 688, 694, 474)->[-2, 2, -2, (0+2*r5)]
(419, 584, 169, 148, 57, 508)->[(-3-1*r5), -2, (3-1*r5), 0]
(227, 237, 109, 78, 473, 447)->[(-1+1*r5), (0-2*r5), (1+1*r5), 0]
(417, 79, 439, 187, 572, 699)->[(-1+1*r5), (0-2*r5), (-1-1*r5), 0]
(11, 363, 334, 49, 529, 27)->[0, 0, 4, 4]
(416, 6, 593, 403, 245, 278)->[0, (-3-1*r5), (3-1*r5), -2]
(453, 234, 618, 432, 119, 475)->[2, 2, 2, (0-2*r5)]
(584, 209, 148, 534, 508, 94)->[(0-2*r5), (-1-1*r5), (-1+1*r5), 0]
(576, 70, 426, 84, 86, 668)->[-2, (3-1*r5), (-3-1*r5), 0]
(515, 105, 460, 173, 634, 443)->[(1+1*r5), 2, 4, (1-1*r5)]
(33, 642, 132, 78, 120, 284)->[2, (0-2*r5), 2, 2]
(386, 611, 357, 282, 507, 446)->[(-1-1*r5), (3-1*r5), (1+1*r5), (-1-1*r5)]
(484, 200, 520, 239, 662, 253)->[2, (-1+1*r5), -4, (-1-1*r5)]
(128, 45, 211, 503, 568, 380)->[4, -2, (-1+1*r5), (-1-1*r5)]
(73, 493, 589, 437, 506, 412)->[2, 2, (0+2*r5), 2]
(226, 548, 652, 368, 280, 190)->[(0-2*r5), (-1+1*r5), 0, (1+1*r5)]
(358, 136, 299, 151, 670, 511)->[(3+1*r5), -2, (-3+1*r5), 0]
(352, 12, 561, 181, 569, 61)->[(-1-1*r5), 2, 4, (-1+1*r5)]
(422, 361, 180, 470, 504, 505)->[-4, (-1+1*r5), (-1-1*r5), 2]
(387, 100, 292, 561, 212, 535)->[(1-1*r5), (-1+1*r5), (3+1*r5), (-1+1*r5)]
(483, 68, 495, 49, 664, 157)->[0, (3-1*r5), 2, (3+1*r5)]
(418, 590, 272, 433, 250, 605)->[-2, (-1-1*r5), (-1+1*r5), 4]
(96, 225, 194, 10, 59, 254)->[(-1-1*r5), -2, -4, (1-1*r5)]
(326, 519, 711, 682, 203, 701)->[(-1+1*r5), -2, (-1-1*r5), 4]
(549, 679, 298, 401, 562, 473)->[0, (-1-1*r5), (0+2*r5), (1-1*r5)]
(641, 710, 712, 9, 339, 407)->[-2, (1+1*r5), (1-1*r5), -4]
(67, 235, 23, 502, 407, 696)->[(1-1*r5), 2, (-1-1*r5), -4]
(164, 519, 622, 689, 633, 700)->[(-1+1*r5), -4, -2, (1+1*r5)]
(705, 387, 292, 561, 181, 61)->[-2, 2, (0+2*r5), 2]
(34, 40, 329, 396, 504, 25)->[(-1-1*r5), (1+1*r5), (-1-1*r5), (3-1*r5)]
(637, 454, 328, 398, 92, 413)->[-2, -4, (-1-1*r5), (-1+1*r5)]
(257, 324, 176, 277, 57, 190)->[(-3-1*r5), (-3+1*r5), 0, 2]
(576, 101, 486, 361, 17, 254)->[-4, 0, -4, 0]
(610, 580, 197, 358, 24, 156)->[(3+1*r5), 0, -2, (3-1*r5)]
(388, 616, 525, 145, 54, 55)->[(-1-1*r5), 0, (1-1*r5), (0-2*r5)]
(226, 652, 368, 688, 628, 470)->[-4, 2, (1-1*r5), (1+1*r5)]
(161, 678, 77, 347, 540, 606)->[(-1+1*r5), 0, (0+2*r5), (-1-1*r5)]
(707, 581, 263, 617, 432, 533)->[0, (3-1*r5), 2, (-3-1*r5)]
(672, 451, 263, 586, 207, 55)->[-2, 0, (3-1*r5), (-3-1*r5)]
(36, 198, 297, 553, 624, 314)->[(-3+1*r5), (1+1*r5), (1+1*r5), (-1-1*r5)]
(64, 608, 39, 72, 402, 440)->[4, 4, 0, 0]
(2, 167, 560, 438, 539, 542)->[(1+1*r5), -2, 4, (1-1*r5)]
(196, 143, 337, 405, 22, 661)->[2, -2, 2, (0+2*r5)]
(577, 708, 8, 376, 569, 411)->[(-1-1*r5), (1+1*r5), (1+1*r5), (-3+1*r5)]
(618, 654, 370, 533, 124, 604)->[2, 0, (3-1*r5), (-3-1*r5)]
(359, 296, 266, 47, 214, 511)->[(0+2*r5), -2, -2, -2]
(264, 175, 306, 243, 89, 218)->[-2, (1+1*r5), (-1+1*r5), 4]
(416, 393, 208, 690, 244, 311)->[(1-1*r5), (-3-1*r5), (1-1*r5), (1-1*r5)]
(681, 106, 302, 627, 123, 222)->[(-3-1*r5), (3-1*r5), 0, -2]
(448, 324, 684, 17, 180, 631)->[(-3-1*r5), 0, -2, (3-1*r5)]
(101, 422, 361, 17, 180, 631)->[(0-2*r5), 0, (-1-1*r5), (-1+1*r5)]
(427, 683, 461, 273, 405, 56)->[(1+1*r5), (-3+1*r5), (1+1*r5), (1+1*r5)]
(440, 423, 498, 566, 343, 248)->[(1+1*r5), 4, (1-1*r5), -2]
(673, 457, 522, 691, 696, 415)->[(1-1*r5), 0, (0-2*r5), (-1-1*r5)]
(129, 456, 139, 555, 621, 593)->[(1-1*r5), -4, 2, (-1-1*r5)]
(128, 438, 471, 635, 382, 479)->[4, (-1-1*r5), 2, (1-1*r5)]
(289, 70, 426, 147, 249, 668)->[(1-1*r5), (-1+1*r5), (-3-1*r5), (-1+1*r5)]
(295, 264, 265, 395, 365, 399)->[-2, (0+2*r5), 2, 2]
(258, 620, 112, 630, 93, 63)->[-2, (-1-1*r5), (1-1*r5), -4]
(386, 451, 586, 53, 55, 313)->[(-1-1*r5), 0, (-1+1*r5), (0-2*r5)]
(449, 515, 73, 105, 556, 443)->[(1+1*r5), (-1+1*r5), (0+2*r5), 0]
(132, 590, 305, 338, 317, 638)->[0, (0-2*r5), (-1+1*r5), (1+1*r5)]
(323, 137, 214, 503, 345, 510)->[(1+1*r5), (-1-1*r5), (-3+1*r5), (-1-1*r5)]
(516, 202, 110, 530, 310, 248)->[4, 2, (1-1*r5), (-1-1*r5)]
(290, 486, 527, 719, 17, 254)->[(0-2*r5), 0, (-1-1*r5), (1-1*r5)]
(546, 547, 331, 716, 85, 87)->[4, 0, 0, 4]
(615, 147, 372, 505, 474, 671)->[-2, (-1+1*r5), -4, (1+1*r5)]
(417, 459, 142, 439, 699, 700)->[2, -4, (-1-1*r5), (-1+1*r5)]
(289, 130, 585, 144, 377, 122)->[(3-1*r5), 0, (-3-1*r5), 2]
(98, 643, 230, 138, 460, 172)->[(0+2*r5), 2, 2, -2]
(647, 108, 559, 370, 88, 573)->[(-1+1*r5), (1-1*r5), (1-1*r5), (-3-1*r5)]
(673, 225, 457, 43, 691, 597)->[-2, (1-1*r5), -4, (-1-1*r5)]
(291, 99, 231, 717, 565, 246)->[0, (3-1*r5), -2, (3+1*r5)]
(256, 4, 677, 622, 629, 348)->[(1+1*r5), (-1-1*r5), (-3+1*r5), (1+1*r5)]
(641, 450, 650, 82, 116, 409)->[0, 4, 0, -4]
(484, 5, 522, 691, 659, 696)->[0, 0, -4, -4]
(419, 325, 233, 106, 681, 627)->[(-3-1*r5), (-3+1*r5), 0, -2]
(68, 495, 337, 49, 465, 497)->[0, (-3+1*r5), 2, (3+1*r5)]
(130, 259, 394, 491, 333, 666)->[2, (-3+1*r5), (-3-1*r5), 0]
(692, 507, 313, 58, 123, 125)->[-4, 2, (-1+1*r5), (-1-1*r5)]
(674, 359, 266, 430, 47, 19)->[4, (1-1*r5), (-1-1*r5), -2]
(484, 165, 235, 659, 23, 696)->[0, (-1+1*r5), (-1-1*r5), (0-2*r5)]
(259, 488, 682, 142, 602, 122)->[2, -2, (0-2*r5), 2]
(34, 37, 329, 396, 206, 600)->[-2, 4, (-1-1*r5), (-1+1*r5)]
(75, 427, 683, 238, 273, 216)->[4, (1-1*r5), (1+1*r5), 2]
(649, 108, 654, 559, 370, 604)->[2, 0, (-3+1*r5), (-3-1*r5)]
(65, 259, 394, 366, 19, 666)->[(1+1*r5), (1-1*r5), (0-2*r5), 0]
(616, 712, 235, 339, 502, 407)->[-2, 2, -2, (0-2*r5)]
(483, 487, 363, 334, 49, 664)->[0, (-1+1*r5), (1+1*r5), (0+2*r5)]
(131, 582, 231, 232, 236, 466)->[(-1+1*r5), 2, (-1-1*r5), 4]
(291, 614, 232, 372, 474, 671)->[(1-1*r5), 2, (-1-1*r5), 4]
(674, 489, 394, 397, 592, 155)->[2, -2, (0-2*r5), -2]
(3, 583, 560, 438, 380, 542)->[4, (1-1*r5), (1+1*r5), -2]
(546, 547, 677, 331, 241, 149)->[(0+2*r5), (1-1*r5), 0, (1+1*r5)]
(675, 495, 306, 179, 664, 157)->[(1-1*r5), (-1+1*r5), (-1+1*r5), (3+1*r5)]
(384, 675, 291, 565, 246, 694)->[(1-1*r5), (-1+1*r5), (1-1*r5), (3+1*r5)]
(195, 168, 169, 627, 667, 607)->[(-3-1*r5), 0, 2, (-3+1*r5)]
(544, 577, 463, 399, 697, 537)->[(1-1*r5), (0+2*r5), (1+1*r5), 0]
(425, 685, 462, 308, 469, 478)->[(-1-1*r5), -2, 4, (-1+1*r5)]
(7, 428, 686, 112, 208, 316)->[(-1-1*r5), -4, (1-1*r5), -2]
(32, 420, 102, 39, 170, 279)->[4, (1+1*r5), 2, (-1+1*r5)]
(7, 584, 174, 528, 435, 564)->[(0-2*r5), (-1-1*r5), (1-1*r5), 0]
(3, 105, 138, 172, 173, 460)->[4, (-1+1*r5), (1+1*r5), -2]
(708, 389, 646, 8, 376, 125)->[-4, (1+1*r5), 2, (1-1*r5)]
(390, 710, 141, 400, 467, 351)->[-2, (0+2*r5), -2, -2]
(4, 326, 519, 711, 657, 183)->[2, -2, -2, (0+2*r5)]
(6, 139, 621, 431, 593, 403)->[0, (0-2*r5), (-1+1*r5), (-1-1*r5)]
(201, 718, 698, 571, 478, 286)->[(-1-1*r5), (-3+1*r5), (1+1*r5), (1+1*r5)]
(579, 718, 181, 571, 286, 95)->[(-1-1*r5), (3-1*r5), (1+1*r5), (1+1*r5)]
(549, 679, 237, 109, 473, 315)->[0, -4, 4, 0]
(418, 322, 301, 250, 252, 605)->[(-1-1*r5), (-1-1*r5), (3-1*r5), (1+1*r5)]
(35, 550, 198, 13, 342, 697)->[0, (1+1*r5), (0+2*r5), (1-1*r5)]
(680, 11, 464, 433, 497, 698)->[(1-1*r5), -2, (1+1*r5), 4]
(7, 584, 209, 564, 534, 223)->[-4, -4, 0, 0]
(272, 433, 497, 698, 250, 509)->[-2, -2, 2, (0+2*r5)]
(450, 166, 492, 501, 310, 343)->[2, (1+1*r5), (1-1*r5), -4]
(356, 676, 582, 236, 466, 377)->[2, (-1+1*r5), -4, (1+1*r5)]
(201, 462, 718, 469, 478, 255)->[-4, (1-1*r5), (1+1*r5), 2]
(454, 203, 367, 689, 307, 349)->[(-3+1*r5), (-1-1*r5), (-1-1*r5), (1+1*r5)]
(224, 262, 171, 275, 276, 347)->[(-1+1*r5), -2, (1+1*r5), -4]
(197, 268, 366, 19, 599, 666)->[4, 0, -4, 0]
(351, 523, 141, 400, 31, 319)->[(1-1*r5), (3+1*r5), (1-1*r5), (1-1*r5)]
(64, 354, 261, 182, 566, 536)->[2, (3+1*r5), 0, (-3+1*r5)]
(615, 656, 177, 601, 570, 349)->[-2, (1-1*r5), -4, (1+1*r5)]
(709, 166, 520, 303, 23, 444)->[(3-1*r5), (1+1*r5), (-1-1*r5), (-1-1*r5)]
(226, 548, 69, 175, 280, 95)->[-4, 2, (-1+1*r5), (1+1*r5)]
(103, 663, 108, 47, 567, 510)->[(1+1*r5), (1-1*r5), -2, -4]
(98, 202, 110, 530, 115, 251)->[(0+2*r5), (-1+1*r5), 0, (-1-1*r5)]
(363, 589, 336, 437, 56, 506)->[2, (-1+1*r5), 4, (1+1*r5)]
(293, 294, 614, 206, 594, 127)->[(1-1*r5), 4, -2, (1+1*r5)]
(320, 481, 130, 491, 658, 666)->[2, (3-1*r5), (-3-1*r5), 0]
(320, 481, 648, 491, 651, 662)->[(-1+1*r5), (-1+1*r5), (-3-1*r5), (1-1*r5)]
(385, 12, 240, 561, 21, 569)->[(-1-1*r5), (-1+1*r5), (0+2*r5), 0]
(358, 296, 266, 247, 670, 511)->[(3+1*r5), (1-1*r5), (1-1*r5), (1-1*r5)]
(104, 616, 714, 235, 207, 339)->[(1-1*r5), (-1+1*r5), (1-1*r5), (-3-1*r5)]
(585, 717, 177, 466, 701, 671)->[0, 0, -4, 4]
(709, 498, 566, 343, 283, 28)->[2, (0+2*r5), -2, -2]
(159, 294, 715, 178, 477, 703)->[0, (3+1*r5), (-3+1*r5), 2]
(32, 608, 643, 39, 402, 279)->[(0+2*r5), (1+1*r5), (-1+1*r5), 0]
(610, 163, 366, 114, 602, 220)->[4, (1-1*r5), (-1-1*r5), 2]
(609, 383, 237, 78, 278, 447)->[(3-1*r5), (-3-1*r5), 2, 0]
(74, 653, 373, 375, 410, 28)->[(-1+1*r5), (0+2*r5), (-1-1*r5), 0]
(163, 356, 326, 140, 114, 602)->[(1+1*r5), (-3+1*r5), (-1-1*r5), (1+1*r5)]
(350, 35, 240, 624, 411, 446)->[-2, 2, (0+2*r5), -2]
(490, 394, 491, 333, 397, 155)->[(-1+1*r5), (1-1*r5), (-3-1*r5), (1-1*r5)]
(609, 578, 132, 78, 284, 383)->[(-1+1*r5), (-3-1*r5), (-1+1*r5), (-1+1*r5)]
(645, 267, 406, 155, 60, 572)->[0, (-1-1*r5), (0-2*r5), (1-1*r5)]
(385, 195, 134, 168, 282, 607)->[(0-2*r5), 0, (1+1*r5), (1-1*r5)]
(202, 524, 499, 436, 247, 24)->[(3+1*r5), (-1+1*r5), (1-1*r5), (1-1*r5)]
(228, 43, 691, 596, 597, 93)->[(1-1*r5), -2, (-1-1*r5), -4]
(322, 462, 626, 148, 534, 94)->[-4, (-1-1*r5), 2, (-1+1*r5)]
(321, 136, 274, 186, 635, 445)->[4, -4, 0, 0]
(706, 414, 170, 588, 379, 702)->[(1+1*r5), (1+1*r5), (3-1*r5), (1+1*r5)]
(130, 259, 488, 333, 144, 122)->[(-1+1*r5), (1-1*r5), (-3-1*r5), (-1+1*r5)]
(669, 425, 468, 117, 285, 94)->[(-1-1*r5), (-1-1*r5), (1+1*r5), (-3+1*r5)]
(292, 38, 434, 212, 535, 27)->[(-3+1*r5), 0, (3+1*r5), 2]
(640, 609, 455, 237, 598, 278)->[(-3+1*r5), (-3-1*r5), 2, 0]
(99, 711, 717, 565, 346, 188)->[0, (-3+1*r5), -2, (3+1*r5)]
(96, 10, 686, 435, 59, 413)->[(-1-1*r5), (-1-1*r5), (-1-1*r5), (-3+1*r5)]
(391, 364, 463, 16, 182, 26)->[(3-1*r5), (3+1*r5), 2, 0]
(612, 265, 441, 152, 89, 477)->[0, (0+2*r5), (-1+1*r5), (1+1*r5)]
(224, 262, 171, 45, 124, 575)->[2, -2, 2, (0-2*r5)]
(330, 554, 639, 403, 471, 447)->[2, (0-2*r5), 2, -2]
(332, 272, 465, 408, 346, 381)->[(-3+1*r5), -2, 0, (3+1*r5)]
(2, 556, 560, 184, 539, 216)->[(1+1*r5), (1-1*r5), (0+2*r5), 0]
(424, 695, 461, 336, 87, 414)->[(1+1*r5), (-1+1*r5), 2, 4]
(387, 362, 619, 342, 537, 412)->[0, (1+1*r5), (0+2*r5), (-1+1*r5)]
(290, 419, 325, 681, 684, 528)->[(-3-1*r5), (1-1*r5), (1-1*r5), (1-1*r5)]
(38, 685, 46, 434, 51, 212)->[(1-1*r5), (1-1*r5), (3+1*r5), (-1+1*r5)]
(224, 480, 3, 606, 380, 542)->[(1+1*r5), (-3+1*r5), (1+1*r5), (-1-1*r5)]
(292, 38, 11, 334, 27, 286)->[(1-1*r5), 0, (0+2*r5), (1+1*r5)]
(37, 523, 400, 373, 31, 159)->[(-3+1*r5), (3+1*r5), -2, 0]
(161, 432, 146, 119, 314, 475)->[(-1+1*r5), 2, (1+1*r5), -4]
(1, 707, 262, 263, 533, 442)->[0, (-3+1*r5), 2, (-3-1*r5)]
(256, 642, 677, 551, 22, 348)->[(1+1*r5), (-1-1*r5), (3-1*r5), (1+1*r5)]
(546, 713, 140, 716, 85, 183)->[(1+1*r5), 0, (1-1*r5), (0+2*r5)]
(581, 263, 617, 586, 207, 242)->[(1-1*r5), (-1+1*r5), (-1+1*r5), (-3-1*r5)]
(35, 100, 355, 199, 240, 350)->[(1-1*r5), (-1+1*r5), (3+1*r5), (1-1*r5)]
(353, 611, 36, 581, 624, 314)->[(1-1*r5), 2, (1+1*r5), -4]
(485, 389, 472, 646, 18, 376)->[(0-2*r5), (1+1*r5), (-1+1*r5), 0]
(368, 688, 470, 694, 474, 30)->[(-1-1*r5), (-1+1*r5), -2, 4]
(419, 584, 684, 174, 528, 57)->[(-3-1*r5), -2, (-3+1*r5), 0]
(164, 587, 689, 118, 633, 317)->[0, (0-2*r5), (1-1*r5), (1+1*r5)]
(657, 465, 661, 121, 346, 381)->[(3-1*r5), -2, 0, (3+1*r5)]
(706, 612, 518, 458, 588, 414)->[2, (1+1*r5), (-1+1*r5), 4]
(97, 482, 713, 236, 140, 85)->[(1+1*r5), (-1+1*r5), -2, 4]
(421, 73, 41, 556, 83, 443)->[2, (3-1*r5), (3+1*r5), 0]
(7, 328, 543, 686, 208, 690, 435, 244, 564, 92, 413, 223)->[(-1-1*r5), (-3-1*r5), -2, 0]
(320, 674, 200, 394, 491, 268, 397, 430, 239, 19, 662, 666)->[(1+1*r5), 0, (-3-1*r5), -2]
(484, 165, 5, 103, 200, 647, 649, 108, 559, 659, 663, 253)->[2, 0, (-1-1*r5), (-3-1*r5)]
(256, 321, 677, 551, 136, 360, 299, 241, 274, 149, 629, 151)->[(3+1*r5), (-1-1*r5), 0, 2]
(678, 521, 298, 91, 557, 591, 401, 562, 275, 276, 347, 540)->[0, -2, (3+1*r5), (-1-1*r5)]
(99, 68, 675, 495, 465, 565, 246, 374, 408, 121, 346, 157)->[0, 0, 0, (2+2*r5)]
(32, 449, 514, 515, 643, 102, 105, 172, 460, 304, 279, 185)->[(3+1*r5), 2, (1+1*r5), 0]
(33, 609, 132, 455, 300, 109, 78, 237, 305, 338, 309, 315)->[0, (-3-1*r5), (1+1*r5), 2]
(509, 605, 42, 332, 301, 111, 272, 113, 408, 250, 29, 574)->[(-1-1*r5), -2, 0, (3+1*r5)]
(516, 567, 296, 663, 202, 266, 110, 47, 430, 499, 247, 251)->[(3+1*r5), 0, -2, (-1-1*r5)]
(192, 67, 390, 710, 712, 76, 467, 532, 213, 502, 407, 660)->[(-1-1*r5), (1+1*r5), (-1-1*r5), (-1-1*r5)]
(321, 417, 107, 459, 205, 79, 50, 632, 281, 186, 699, 445)->[(1+1*r5), (-3-1*r5), -2, 0]
(419, 325, 135, 7, 233, 584, 428, 508, 528, 209, 369, 316)->[(-3-1*r5), (-1-1*r5), 0, -2]
(513, 260, 517, 645, 393, 219, 79, 244, 311, 187, 60, 572)->[0, (-3-1*r5), (-1-1*r5), -2]
(192, 290, 388, 325, 681, 106, 527, 719, 145, 54, 222, 287)->[(-3-1*r5), 0, -2, (-1-1*r5)]
(2, 227, 644, 549, 167, 298, 109, 563, 500, 184, 473, 539)->[2, (-1-1*r5), (3+1*r5), 0]
(608, 162, 66, 39, 72, 170, 623, 48, 687, 279, 379, 702)->[(3+1*r5), (1+1*r5), 0, 2]
(611, 36, 708, 8, 553, 204, 624, 692, 507, 411, 125, 446)->[(-1-1*r5), (1+1*r5), (1+1*r5), (-1-1*r5)]
(66, 133, 197, 268, 15, 499, 404, 436, 599, 24, 378, 156)->[(3+1*r5), 2, (-1-1*r5), 0]
(65, 610, 197, 358, 359, 266, 366, 50, 19, 151, 220, 511)->[(3+1*r5), -2, (-1-1*r5), 0]
(644, 38, 552, 680, 11, 46, 270, 464, 529, 434, 309, 27)->[0, -2, (3+1*r5), (1+1*r5)]
(483, 612, 518, 487, 458, 441, 306, 243, 150, 664, 89, 157)->[0, (1+1*r5), 2, (3+1*r5)]
(704, 354, 261, 319, 523, 364, 16, 703, 178, 182, 31, 159)->[0, (2+2*r5), 0, 0]
(193, 418, 545, 605, 587, 590, 338, 118, 252, 317, 62, 543)->[-2, (-3-1*r5), 0, (1+1*r5)]
(516, 709, 166, 520, 271, 239, 498, 310, 343, 248, 378, 253)->[(1+1*r5), (1+1*r5), (-1-1*r5), (-1-1*r5)]
(104, 457, 616, 235, 525, 696, 659, 596, 597, 54, 502, 691)->[-2, 0, (-1-1*r5), (-3-1*r5)]
(288, 289, 582, 232, 377, 585, 14, 466, 147, 372, 249, 671)->[0, 2, (-3-1*r5), (1+1*r5)]
(483, 196, 68, 363, 461, 336, 49, 337, 529, 405, 695, 56)->[2, 0, (1+1*r5), (3+1*r5)]
(36, 453, 581, 297, 617, 650, 432, 82, 242, 116, 314, 475)->[0, (1+1*r5), 2, (-3-1*r5)]
(576, 101, 422, 615, 361, 426, 526, 601, 656, 147, 505, 668)->[(-1-1*r5), 0, (-3-1*r5), 2]
(384, 226, 675, 175, 368, 113, 306, 179, 688, 694, 280, 218)->[(-1-1*r5), 2, 0, (3+1*r5)]
(67, 484, 520, 648, 522, 651, 303, 595, 662, 23, 696, 415)->[0, 2, (-3-1*r5), (-1-1*r5)]
(480, 98, 3, 583, 138, 172, 115, 211, 568, 251, 380, 158)->[(3+1*r5), 0, 2, (-1-1*r5)]
(3, 105, 606, 556, 77, 173, 560, 83, 539, 443, 540, 542)->[(1+1*r5), 0, (3+1*r5), -2]
(96, 290, 101, 10, 684, 174, 528, 17, 371, 435, 631, 254)->[(-3-1*r5), -2, (-1-1*r5), 0]
(128, 323, 296, 136, 511, 211, 214, 503, 635, 445, 670, 479)->[(3+1*r5), (-1-1*r5), 0, -2]
(519, 711, 203, 332, 587, 657, 689, 307, 633, 346, 188, 381)->[0, (-1-1*r5), -2, (3+1*r5)]
(512, 295, 265, 362, 619, 364, 537, 399, 463, 152, 441, 26)->[0, (3+1*r5), (1+1*r5), 2]
(134, 168, 169, 425, 462, 607, 148, 117, 469, 508, 94, 255)->[(-3-1*r5), -2, (1+1*r5), 0]
(448, 153, 419, 324, 169, 681, 684, 302, 627, 277, 57, 667)->[(-2-2*r5), 0, 0, 0]
(96, 194, 637, 267, 398, 526, 496, 406, 59, 60, 413, 126)->[-2, (-1-1*r5), (-3-1*r5), 0]
(352, 385, 195, 708, 389, 168, 12, 18, 531, 376, 569, 667)->[(-3-1*r5), 2, (1+1*r5), 0]
(225, 513, 287, 10, 43, 428, 686, 112, 597, 59, 93, 63)->[(-1-1*r5), (-1-1*r5), (-1-1*r5), (-1-1*r5)]
(515, 550, 73, 41, 362, 13, 493, 342, 634, 443, 412, 221)->[2, (1+1*r5), (3+1*r5), 0]
(636, 417, 700, 164, 454, 398, 367, 689, 118, 439, 187, 92)->[0, (-3-1*r5), (-1-1*r5), 2]
(37, 294, 715, 206, 14, 655, 594, 373, 375, 600, 410, 159)->[0, (3+1*r5), (-1-1*r5), 2]
(384, 131, 291, 614, 231, 232, 81, 594, 150, 246, 665, 127)->[0, (1+1*r5), -2, (3+1*r5)]
(416, 609, 578, 640, 205, 690, 245, 278, 311, 636, 62, 383)->[0, (-2-2*r5), 0, 0]
(514, 547, 424, 331, 427, 461, 238, 494, 48, 683, 149, 87)->[(3+1*r5), 0, 2, (1+1*r5)]
(355, 100, 421, 199, 41, 557, 434, 83, 51, 212, 563, 535)->[0, 0, (2+2*r5), 0]
(97, 482, 131, 676, 613, 582, 392, 236, 15, 655, 687, 154)->[(1+1*r5), (1+1*r5), (-1-1*r5), (1+1*r5)]
(97, 546, 163, 580, 610, 331, 140, 623, 241, 114, 85, 156)->[(3+1*r5), 0, -2, (1+1*r5)]
(544, 577, 704, 485, 646, 8, 395, 365, 399, 625, 52, 376)->[(-1-1*r5), (3+1*r5), 2, 0]
(544, 198, 391, 297, 553, 13, 463, 16, 80, 215, 697, 538)->[0, (3+1*r5), (1+1*r5), -2]
(705, 387, 292, 487, 363, 619, 334, 437, 535, 506, 27, 412)->[0, 2, (3+1*r5), (1+1*r5)]
(477, 706, 612, 229, 392, 715, 588, 152, 665, 379, 189, 703)->[2, (3+1*r5), 0, (1+1*r5)]
(323, 6, 137, 554, 429, 431, 403, 245, 632, 345, 219, 639)->[2, (-3-1*r5), 0, (-1-1*r5)]
(641, 351, 710, 9, 204, 141, 116, 52, 312, 409, 538, 319)->[-2, (3+1*r5), 0, (-1-1*r5)]
(512, 420, 102, 424, 170, 458, 588, 493, 589, 336, 437, 414)->[(1+1*r5), (1+1*r5), (1+1*r5), (1+1*r5)]
(567, 137, 108, 45, 654, 370, 503, 568, 124, 573, 510, 575)->[(1+1*r5), -2, 0, (-3-1*r5)]
(386, 195, 603, 233, 106, 627, 53, 507, 313, 282, 123, 607)->[(-3-1*r5), 0, 2, (-1-1*r5)]
(64, 229, 261, 72, 653, 498, 404, 566, 375, 440, 154, 28)->[(1+1*r5), (3+1*r5), -2, 0]
(640, 545, 455, 209, 210, 626, 468, 534, 598, 285, 94, 223)->[(-1-1*r5), (-3-1*r5), 2, 0]
(673, 228, 5, 645, 490, 267, 43, 397, 522, 592, 691, 155)->[0, -2, (-3-1*r5), (-1-1*r5)]
(34, 37, 390, 327, 40, 329, 141, 400, 625, 693, 476, 31)->[(-1-1*r5), (3+1*r5), -2, 0]
(230, 71, 138, 234, 460, 173, 80, 146, 119, 634, 475, 318)->[(1+1*r5), (1+1*r5), (1+1*r5), (-1-1*r5)]
(672, 1, 263, 104, 617, 714, 207, 559, 370, 533, 88, 604)->[0, 0, 0, (-2-2*r5)]
(33, 642, 551, 552, 75, 683, 143, 273, 500, 405, 22, 120)->[(1+1*r5), (-1-1*r5), (1+1*r5), (1+1*r5)]
(452, 389, 646, 472, 302, 213, 693, 312, 58, 123, 125, 222)->[(-3-1*r5), (1+1*r5), 0, -2]
(579, 11, 334, 495, 49, 497, 179, 664, 698, 571, 509, 286)->[-2, 0, (1+1*r5), (3+1*r5)]
(162, 580, 358, 299, 524, 670, 494, 341, 247, 24, 185, 158)->[(2+2*r5), 0, 0, 0]
(160, 257, 322, 584, 301, 174, 176, 148, 564, 534, 57, 252)->[(-3-1*r5), (-1-1*r5), 0, 2]
(288, 320, 481, 133, 613, 648, 74, 653, 271, 658, 410, 191)->[2, (1+1*r5), (-3-1*r5), 0]
(448, 452, 486, 40, 361, 527, 17, 180, 660, 504, 25, 90)->[(-3-1*r5), 2, (-1-1*r5), 0]
(255, 548, 201, 718, 176, 531, 277, 280, 571, 29, 190, 95)->[(-3-1*r5), 0, 2, (1+1*r5)]
(227, 447, 78, 639, 274, 471, 120, 186, 635, 284, 382, 383)->[(1+1*r5), (-3-1*r5), 2, 0]
(249, 70, 329, 426, 396, 269, 595, 532, 86, 600, 25, 191)->[-2, (1+1*r5), (-3-1*r5), 0]
(1, 262, 456, 139, 171, 621, 335, 431, 276, 217, 442, 575)->[0, (-1-1*r5), 2, (-3-1*r5)]
(608, 98, 643, 230, 423, 440, 202, 524, 402, 530, 436, 248)->[(3+1*r5), (1+1*r5), 0, -2]
(65, 259, 488, 489, 394, 333, 142, 406, 439, 155, 572, 699)->[2, (-1-1*r5), (-3-1*r5), 0]
(226, 548, 69, 485, 327, 652, 18, 20, 628, 472, 153, 90)->[(-3-1*r5), (1+1*r5), 0, 2]
(161, 353, 35, 198, 199, 550, 678, 77, 624, 146, 314, 350)->[0, 2, (3+1*r5), (-1-1*r5)]
(130, 259, 163, 356, 676, 366, 658, 666, 602, 599, 377, 122)->[(1+1*r5), 0, (-3-1*r5), 2]
(546, 547, 196, 4, 677, 716, 657, 661, 22, 183, 121, 348)->[(1+1*r5), -2, 0, (3+1*r5)]
(388, 616, 9, 586, 712, 207, 242, 339, 692, 55, 313, 58)->[(-1-1*r5), 2, 0, (-3-1*r5)]
(453, 649, 234, 618, 492, 110, 654, 530, 115, 501, 310, 604)->[(1+1*r5), 2, 0, (-3-1*r5)]
(576, 225, 194, 673, 486, 457, 76, 719, 84, 86, 254, 415)->[(-1-1*r5), 0, (-3-1*r5), -2]
(34, 293, 614, 396, 206, 688, 372, 628, 470, 504, 505, 474)->[(-1-1*r5), (1+1*r5), (-1-1*r5), (1+1*r5)]
(549, 679, 425, 685, 46, 401, 51, 308, 468, 344, 315, 669)->[-2, (-1-1*r5), (3+1*r5), 0]
(32, 64, 420, 71, 39, 391, 536, 402, 182, 221, 26, 189)->[(1+1*r5), (3+1*r5), 2, 0]
(674, 260, 103, 359, 489, 107, 47, 592, 340, 214, 345, 510)->[(1+1*r5), (-1-1*r5), (-1-1*r5), (-1-1*r5)]
(354, 450, 423, 650, 492, 566, 343, 536, 409, 215, 283, 318)->[2, (3+1*r5), 0, (-1-1*r5)]
(679, 330, 139, 555, 237, 593, 562, 403, 278, 598, 473, 447)->[0, (-3-1*r5), (1+1*r5), -2]
(258, 573, 228, 517, 647, 620, 429, 335, 340, 596, 88, 93)->[0, (-1-1*r5), -2, (-3-1*r5)]
(385, 355, 446, 357, 134, 240, 21, 344, 282, 91, 541, 350)->[(-1-1*r5), 0, (3+1*r5), -2]
(701, 488, 585, 682, 203, 367, 144, 177, 601, 122, 349, 126)->[0, -2, (-3-1*r5), (1+1*r5)]
(672, 258, 451, 135, 44, 525, 145, 53, 630, 55, 217, 63)->[(-1-1*r5), -2, 0, (-3-1*r5)]
(289, 130, 481, 70, 490, 491, 651, 333, 144, 496, 84, 668)->[0, 0, (-2-2*r5), 0]
(256, 578, 642, 164, 132, 622, 633, 348, 281, 284, 317, 638)->[2, (-3-1*r5), 0, (1+1*r5)]
(224, 161, 480, 707, 262, 618, 432, 533, 119, 347, 124, 606)->[2, 0, (1+1*r5), (-3-1*r5)]
(128, 224, 167, 330, 171, 554, 45, 275, 438, 471, 380, 542)->[(1+1*r5), (-1-1*r5), (1+1*r5), (-1-1*r5)]
(449, 421, 73, 427, 556, 589, 270, 273, 56, 506, 184, 216)->[(1+1*r5), 0, (3+1*r5), 2]
(352, 705, 579, 69, 295, 264, 365, 175, 243, 181, 61, 95)->[(-1-1*r5), (1+1*r5), (1+1*r5), (1+1*r5)]
(160, 193, 637, 454, 328, 42, 558, 656, 307, 371, 570, 349)->[(-1-1*r5), (-1-1*r5), (-1-1*r5), (1+1*r5)]
(2, 583, 360, 75, 238, 304, 560, 341, 438, 216, 382, 479)->[(3+1*r5), -2, (1+1*r5), 0]
(590, 143, 272, 305, 337, 433, 464, 465, 497, 661, 381, 638)->[0, (-1-1*r5), 2, (3+1*r5)]
(293, 294, 264, 265, 395, 178, 20, 89, 218, 476, 477, 127)->[-2, (3+1*r5), 0, (1+1*r5)]
(407, 641, 450, 165, 166, 714, 235, 82, 339, 501, 23, 444)->[0, (1+1*r5), -2, (-3-1*r5)]
(416, 129, 6, 393, 620, 621, 112, 208, 210, 593, 630, 316)->[-2, (-3-1*r5), 0, (-1-1*r5)]
(577, 35, 100, 387, 569, 240, 561, 697, 342, 537, 411, 61)->[-2, (1+1*r5), (3+1*r5), 0]
(291, 615, 574, 717, 177, 570, 565, 694, 474, 188, 30, 671)->[-2, 0, (-1-1*r5), (3+1*r5)]
(257, 324, 422, 631, 652, 558, 111, 368, 180, 470, 30, 190)->[(-3-1*r5), 0, -2, (1+1*r5)]
(322, 418, 680, 201, 300, 462, 433, 626, 308, 698, 250, 478)->[(-1-1*r5), (-1-1*r5), (1+1*r5), (1+1*r5)]
(700, 4, 326, 519, 682, 459, 142, 622, 114, 629, 602, 220)->[(1+1*r5), (-1-1*r5), (-1-1*r5), (1+1*r5)]
(482, 706, 518, 695, 713, 702, 716, 81, 85, 374, 87, 414)->[(1+1*r5), 2, 0, (3+1*r5)]
(709, 74, 523, 269, 303, 400, 467, 373, 444, 283, 28, 351)->[0, (3+1*r5), (-1-1*r5), -2]
(99, 356, 326, 231, 711, 713, 140, 236, 717, 466, 183, 701)->[2, 0, (-1-1*r5), (3+1*r5)]
(292, 478, 38, 12, 685, 718, 561, 212, 21, 181, 469, 286)->[(-1-1*r5), 0, (3+1*r5), 2]
(516, 268, 430, 239, 499, 378)->[4, (-1+1*r5), (-1-1*r5), -2]
(674, 103, 200, 430, 47, 663)->[(1+1*r5), (-3+1*r5), (-1-1*r5), (-1-1*r5)]
(610, 580, 358, 299, 241, 151)->[(3+1*r5), (1-1*r5), (1-1*r5), (-1+1*r5)]
(353, 357, 678, 521, 91, 350)->[(1-1*r5), 0, (0+2*r5), (-1-1*r5)]
(196, 68, 337, 465, 661, 121)->[(-1+1*r5), (1-1*r5), (-1+1*r5), (3+1*r5)]
(675, 113, 565, 694, 408, 574)->[-2, 0, (-3+1*r5), (3+1*r5)]
(98, 202, 524, 247, 251, 158)->[(3+1*r5), (3-1*r5), 0, -2]
(390, 329, 269, 400, 467, 532)->[-2, 4, (-1-1*r5), (1-1*r5)]
(256, 321, 459, 622, 629, 281)->[(1+1*r5), -4, (1-1*r5), 2]
(419, 169, 233, 627, 508, 607)->[(-3-1*r5), (1-1*r5), (-1+1*r5), (1-1*r5)]
(192, 457, 76, 719, 54, 502)->[(-1-1*r5), (3-1*r5), (-1-1*r5), (-1-1*r5)]
(331, 623, 48, 85, 87, 702)->[(0+2*r5), (-1+1*r5), 0, (1+1*r5)]
(552, 143, 464, 337, 529, 405)->[(-1+1*r5), -2, (1+1*r5), 4]
(512, 487, 458, 619, 437, 441)->[(3-1*r5), (1+1*r5), (1+1*r5), (1+1*r5)]
(640, 545, 609, 455, 338, 62)->[(1-1*r5), (-3-1*r5), (-1+1*r5), (-1+1*r5)]
(320, 133, 268, 271, 239, 378)->[(1+1*r5), 2, -4, (1-1*r5)]
(480, 618, 654, 115, 568, 124)->[(1+1*r5), 0, (-1+1*r5), (0-2*r5)]
(359, 107, 50, 214, 445, 511)->[4, (-1-1*r5), -2, (1-1*r5)]
(417, 164, 459, 622, 281, 700)->[2, (0-2*r5), -2, 2]
(512, 420, 588, 152, 26, 189)->[2, (0+2*r5), 2, 2]
(256, 642, 551, 274, 120, 284)->[(1+1*r5), -4, (-1+1*r5), 2]
(551, 360, 75, 683, 238, 149)->[(0+2*r5), -2, 2, 2]
(66, 72, 15, 687, 404, 154)->[4, (1+1*r5), -2, (-1+1*r5)]
(646, 141, 625, 52, 693, 312)->[(-1-1*r5), (0+2*r5), 0, (1-1*r5)]
(160, 193, 42, 301, 252, 605)->[(-1-1*r5), (-1-1*r5), (-3+1*r5), (1+1*r5)]
(448, 452, 681, 302, 527, 222)->[(-3-1*r5), (-1+1*r5), (1-1*r5), (1-1*r5)]
(608, 162, 66, 524, 436, 24)->[(3+1*r5), 2, (-3+1*r5), 0]
(706, 612, 518, 81, 150, 665)->[(-1+1*r5), (1+1*r5), 0, (0+2*r5)]
(416, 6, 393, 245, 311, 219)->[0, (-3-1*r5), (-3+1*r5), -2]
(92, 690, 244, 311, 187, 636)->[(-3+1*r5), (-3-1*r5), -2, 0]
(205, 79, 245, 311, 632, 219)->[(-1+1*r5), (-3-1*r5), (1-1*r5), (1-1*r5)]
(288, 289, 130, 481, 658, 377)->[(-1+1*r5), (-1+1*r5), (-3-1*r5), (-1+1*r5)]
(297, 650, 80, 215, 475, 318)->[(-1+1*r5), 4, 2, (-1-1*r5)]
(97, 66, 623, 15, 687, 156)->[(0+2*r5), 2, -2, 2]
(705, 579, 292, 334, 181, 286)->[-2, (-1+1*r5), 4, (1+1*r5)]
(704, 395, 625, 178, 476, 31)->[-2, (3+1*r5), 0, (3-1*r5)]
(133, 653, 271, 498, 404, 378)->[(1+1*r5), (1+1*r5), (-1-1*r5), (-3+1*r5)]
(676, 613, 133, 15, 658, 599)->[(1+1*r5), 2, -4, (-1+1*r5)]
(652, 628, 180, 470, 504, 90)->[(0-2*r5), 2, -2, 2]
(92, 690, 118, 636, 62, 543)->[(1-1*r5), (-3-1*r5), (1-1*r5), (-1+1*r5)]
(67, 76, 595, 532, 86, 415)->[-2, 2, (0-2*r5), -2]
(330, 139, 171, 554, 431, 403)->[(-1+1*r5), -4, 2, (-1-1*r5)]
(260, 645, 489, 592, 155, 572)->[(-1+1*r5), (-1-1*r5), -4, -2]
(99, 711, 657, 183, 121, 346)->[(-1+1*r5), (1-1*r5), (1-1*r5), (3+1*r5)]
(352, 12, 718, 531, 181, 95)->[-4, (-1+1*r5), (1+1*r5), 2]
(352, 69, 485, 365, 18, 376)->[-4, (1+1*r5), 2, (-1+1*r5)]
(321, 459, 50, 629, 151, 220)->[4, (-1-1*r5), -2, (-1+1*r5)]
(356, 585, 466, 377, 122, 701)->[(-1+1*r5), 0, (0-2*r5), (1+1*r5)]
(131, 392, 715, 655, 594, 665)->[(-1+1*r5), 4, -2, (1+1*r5)]
(611, 36, 581, 586, 242, 692)->[-2, 2, 2, (0-2*r5)]
(295, 264, 265, 441, 243, 89)->[(1-1*r5), 4, 2, (1+1*r5)]
(587, 590, 633, 317, 381, 638)->[0, -4, 0, 4]
(137, 429, 340, 345, 573, 510)->[2, (-1-1*r5), (1-1*r5), -4]
(544, 704, 16, 52, 538, 319)->[(1-1*r5), (3+1*r5), (-1+1*r5), (1-1*r5)]
(134, 425, 685, 21, 469, 344)->[(-1-1*r5), (1-1*r5), (0+2*r5), 0]
(526, 656, 601, 349, 637, 126)->[-2, -2, (0-2*r5), 2]
(134, 117, 282, 603, 541, 607)->[-4, (1-1*r5), (1+1*r5), -2]
(550, 198, 13, 80, 146, 634)->[(-1+1*r5), (1+1*r5), 4, -2]
(159, 261, 229, 715, 375, 703)->[(-1+1*r5), (3+1*r5), (1-1*r5), (-1+1*r5)]
(546, 4, 326, 140, 114, 183)->[(1+1*r5), (1-1*r5), -2, 4]
(421, 270, 434, 535, 506, 27)->[(3-1*r5), 0, (3+1*r5), 2]
(637, 454, 398, 367, 349, 126)->[(1-1*r5), (-1-1*r5), -4, 2]
(423, 492, 530, 310, 343, 248)->[(1+1*r5), (1+1*r5), (-3+1*r5), (-1-1*r5)]
(364, 182, 152, 26, 189, 703)->[(-1+1*r5), (3+1*r5), (-1+1*r5), (-1+1*r5)]
(679, 555, 591, 401, 562, 669)->[(1-1*r5), (-1-1*r5), 4, -2]
(490, 267, 333, 496, 406, 155)->[0, -2, (-3-1*r5), (-3+1*r5)]
(258, 620, 621, 335, 630, 217)->[(1-1*r5), (-1-1*r5), 0, (0-2*r5)]
(646, 8, 204, 52, 312, 125)->[(-1-1*r5), 4, (-1+1*r5), -2]
(257, 301, 111, 176, 29, 190)->[(0-2*r5), (1-1*r5), 0, (1+1*r5)]
(129, 135, 44, 369, 630, 316)->[(-1-1*r5), (-1-1*r5), (3-1*r5), (-1-1*r5)]
(567, 296, 211, 503, 568, 251)->[(0+2*r5), (1-1*r5), 0, (-1-1*r5)]
(513, 228, 517, 645, 43, 93)->[(-3+1*r5), (-1-1*r5), (-1-1*r5), (-1-1*r5)]
(33, 227, 109, 78, 500, 120)->[2, -4, (1+1*r5), (-1+1*r5)]
(288, 613, 582, 14, 655, 410)->[(-1+1*r5), (1+1*r5), -4, 2]
(96, 101, 526, 656, 371, 637)->[(-1-1*r5), -2, -4, (-1+1*r5)]
(548, 18, 531, 277, 153, 667)->[(-3-1*r5), (-1+1*r5), (-1+1*r5), (-1+1*r5)]
(69, 485, 264, 395, 365, 20)->[(-1-1*r5), 4, (-1+1*r5), 2]
(612, 665, 150, 89, 477, 127)->[0, 4, 0, 4]
(547, 196, 716, 461, 87, 695)->[(1+1*r5), 0, (-1+1*r5), (0+2*r5)]
(680, 300, 46, 308, 309, 315)->[(1-1*r5), (-1-1*r5), 4, 2]
(669, 679, 555, 468, 598, 285)->[-2, -4, (1+1*r5), (1-1*r5)]
(678, 199, 557, 77, 83, 540)->[(3-1*r5), 0, (3+1*r5), -2]
(452, 390, 40, 660, 213, 693)->[-4, (1+1*r5), -2, (1-1*r5)]
(35, 198, 553, 624, 697, 411)->[(1-1*r5), (1+1*r5), 4, -2]
(453, 234, 650, 492, 475, 318)->[2, (1+1*r5), (-1+1*r5), -4]
(32, 515, 71, 460, 634, 221)->[(1+1*r5), (1+1*r5), (1+1*r5), (-3+1*r5)]
(98, 230, 234, 138, 530, 115)->[4, 2, (-1+1*r5), (-1-1*r5)]
(484, 5, 200, 522, 397, 662)->[(-1+1*r5), 0, (0-2*r5), (-1-1*r5)]
(111, 368, 113, 280, 29, 190)->[-4, 0, 0, 4]
(355, 100, 240, 561, 212, 21)->[-2, (3-1*r5), (3+1*r5), 0]
(330, 139, 171, 562, 275, 276)->[(3-1*r5), (-1-1*r5), (1+1*r5), (-1-1*r5)]
(352, 577, 365, 376, 569, 61)->[(-1-1*r5), (1+1*r5), (1+1*r5), (3-1*r5)]
(96, 576, 194, 101, 526, 254)->[(-1-1*r5), (1-1*r5), (0-2*r5), 0]
(480, 234, 138, 618, 115, 119)->[(1+1*r5), (-1+1*r5), 2, -4]
(192, 388, 712, 213, 58, 222)->[-4, 2, (1-1*r5), (-1-1*r5)]
(583, 172, 304, 341, 185, 158)->[(3+1*r5), 0, 2, (-3+1*r5)]
(64, 440, 423, 402, 566, 536)->[(1+1*r5), (0+2*r5), 0, (1-1*r5)]
(354, 391, 16, 182, 215, 536)->[(-1+1*r5), (3+1*r5), (-1+1*r5), (1-1*r5)]
(1, 262, 370, 533, 124, 575)->[(-1+1*r5), (1-1*r5), (-1+1*r5), (-3-1*r5)]
(388, 106, 313, 58, 123, 222)->[(0-2*r5), (-1+1*r5), 0, (-1-1*r5)]
(448, 290, 681, 684, 527, 17)->[(-3-1*r5), 0, -2, (-3+1*r5)]
(424, 427, 461, 589, 336, 56)->[(1+1*r5), (3-1*r5), (1+1*r5), (1+1*r5)]
(453, 617, 618, 432, 533, 604)->[(-1+1*r5), (-1+1*r5), (-1+1*r5), (-3-1*r5)]
(513, 517, 393, 620, 112, 93)->[(1-1*r5), -4, -2, (-1-1*r5)]
(672, 1, 451, 263, 217, 442)->[(1-1*r5), (1-1*r5), (-1+1*r5), (-3-1*r5)]
(418, 300, 590, 305, 338, 433)->[(1-1*r5), -4, 2, (1+1*r5)]
(160, 328, 174, 371, 435, 564)->[-4, (-1-1*r5), -2, (-1+1*r5)]
(545, 223, 564, 534, 252, 543)->[(-1-1*r5), (0-2*r5), 0, (-1+1*r5)]
(291, 231, 232, 717, 466, 671)->[0, (-1+1*r5), (-1-1*r5), (0+2*r5)]
(641, 9, 82, 339, 242, 116)->[(1-1*r5), (1+1*r5), 0, (0-2*r5)]
(65, 674, 359, 489, 394, 19)->[(1+1*r5), -2, -4, (1-1*r5)]
(509, 201, 698, 250, 571, 29)->[(-1-1*r5), (1-1*r5), 2, 4]
(513, 686, 244, 59, 60, 413)->[-2, -4, (-1-1*r5), (1-1*r5)]
(161, 353, 707, 581, 432, 314)->[0, (-1+1*r5), (1+1*r5), (0-2*r5)]
(38, 680, 11, 698, 478, 286)->[-2, (1-1*r5), 4, (1+1*r5)]
(422, 615, 558, 656, 570, 30)->[(-1-1*r5), (-3+1*r5), (-1-1*r5), (1+1*r5)]
(165, 104, 714, 235, 559, 659)->[0, (3-1*r5), -2, (-3-1*r5)]
(97, 163, 356, 676, 140, 236)->[(1+1*r5), (3-1*r5), (-1-1*r5), (1+1*r5)]
(567, 296, 47, 214, 503, 510)->[4, -2, (1-1*r5), (-1-1*r5)]
(615, 585, 177, 147, 601, 671)->[(1-1*r5), 0, (0-2*r5), (1+1*r5)]
(294, 715, 594, 665, 477, 127)->[0, (0+2*r5), (1-1*r5), (1+1*r5)]
(617, 714, 207, 82, 339, 242)->[(-3+1*r5), 2, 0, (-3-1*r5)]
(578, 205, 281, 186, 284, 383)->[2, (-3-1*r5), 0, (3-1*r5)]
(648, 74, 269, 303, 595, 191)->[0, (1+1*r5), (0-2*r5), (1-1*r5)]
(488, 682, 142, 367, 439, 700)->[(-1+1*r5), (-1-1*r5), -4, 2]
(355, 678, 199, 557, 91, 350)->[(-3+1*r5), 0, (3+1*r5), -2]
(579, 175, 306, 179, 243, 664)->[-2, 2, 2, (0+2*r5)]
(209, 369, 117, 508, 285, 94)->[-4, (-1-1*r5), 2, (1-1*r5)]
(509, 113, 179, 280, 571, 29)->[(-1-1*r5), 0, (-1+1*r5), (0+2*r5)]
(545, 418, 322, 626, 534, 252)->[(-1-1*r5), -4, (-1+1*r5), 2]
(297, 650, 116, 215, 409, 538)->[0, (0+2*r5), (-1+1*r5), (-1-1*r5)]
(675, 495, 113, 179, 408, 509)->[-2, 0, (3-1*r5), (3+1*r5)]
(97, 163, 676, 15, 599, 156)->[4, (-1+1*r5), (-1-1*r5), 2]
(389, 302, 18, 472, 153, 667)->[(-3-1*r5), 2, (3-1*r5), 0]
(642, 143, 661, 22, 348, 638)->[2, (-1-1*r5), (-1+1*r5), 4]
(519, 682, 203, 367, 689, 700)->[(3-1*r5), (-1-1*r5), (-1-1*r5), (1+1*r5)]
(258, 525, 596, 597, 93, 63)->[-2, -2, -2, (0-2*r5)]
(165, 166, 649, 501, 310, 253)->[2, 2, -2, (0-2*r5)]
(545, 418, 455, 300, 338, 626)->[-2, (0-2*r5), 2, 2]
(481, 70, 648, 651, 595, 191)->[0, 2, (-3-1*r5), (-3+1*r5)]
(522, 490, 491, 651, 397, 662)->[(3-1*r5), 0, (-3-1*r5), -2]
(610, 163, 197, 366, 599, 156)->[(0+2*r5), 0, (-1-1*r5), (-1+1*r5)]
(453, 617, 714, 82, 501, 604)->[(3-1*r5), 2, 0, (-3-1*r5)]
(322, 201, 462, 176, 148, 255)->[(0-2*r5), -2, 2, 2]
(704, 265, 395, 364, 399, 178)->[(1-1*r5), (3+1*r5), (-1+1*r5), (-1+1*r5)]
(422, 615, 470, 505, 474, 30)->[(-1-1*r5), (3-1*r5), (-1-1*r5), (1+1*r5)]
(230, 423, 71, 402, 536, 318)->[(1+1*r5), 4, (-1+1*r5), -2]
(65, 459, 142, 50, 699, 220)->[(1+1*r5), (-1-1*r5), (-1-1*r5), (3-1*r5)]
(160, 257, 174, 558, 371, 631)->[(0-2*r5), -2, -2, 2]
(261, 523, 373, 375, 28, 159)->[(3-1*r5), (3+1*r5), -2, 0]
(193, 42, 587, 332, 307, 605)->[-2, (-1-1*r5), (1-1*r5), 4]
(448, 324, 652, 180, 153, 90)->[(-3-1*r5), (-1+1*r5), (1-1*r5), (-1+1*r5)]
(323, 107, 214, 632, 345, 445)->[(1+1*r5), -4, (1-1*r5), -2]
(614, 232, 206, 14, 594, 372)->[(-3+1*r5), (1+1*r5), (-1-1*r5), (1+1*r5)]
